#RA        DEC       MAG_G     MAG_I     ANGSEP    RPROJ     SNR       VTRUE       VSYS       VMEAS      VSYSERR    
 179.76483    0.26618   21.69538   21.46947    0.35519    0.19604   26.52765   -4.42981   -2.07451   -6.95281    2.00000
 179.96204   -0.00664   23.67751   23.24478    0.03854    0.02127    5.68312    5.85983   -5.13209   -1.34419    2.00000
 179.93906   -0.00336   22.28984   22.02514    0.06103    0.03368   16.45903   -4.08208   -0.97818   -3.99418    2.00000
 180.23003    0.22350   20.76691   20.35278    0.32072    0.17701   65.20176   -3.99714   -1.44775   -5.20070    2.00000
 179.97186    0.01762   23.21810   22.85599    0.03320    0.01833    8.03562    1.68291   -3.02399   -0.96456    2.00000
 180.02496   -0.03273   22.97164   22.64082    0.04117    0.02272    9.70925    1.95174    2.87208    7.41888    2.00000
 180.05852   -0.04145   23.15471   22.80096    0.07171    0.03958    8.46370   -1.06352    0.15800    3.28902    2.00000
 180.02011   -0.00256   22.71741   22.41403    0.02027    0.01119   11.82829    2.32036    0.78248    3.03569    2.00000
 180.06516    0.01359   22.84284   22.52611    0.06656    0.03674   10.60147    1.59890    3.04556    6.61599    2.00000
 179.97404    0.00122   22.46535   22.18648    0.02599    0.01434   14.53793    0.32940   -0.35002    0.96151    2.00000
 179.95865   -0.03123   21.65569   21.43120    0.05182    0.02860   27.53438    2.53710    3.54826    7.76518    2.00000
 179.84344    0.05485   23.79613   23.34290    0.16589    0.09156    5.18913   -0.58070    0.38108    5.39379    2.00000
 180.02151   -0.07159   18.06605   18.09163    0.07475    0.04126  273.19171   -0.91924   -0.79076   -1.72596    2.00000
 180.00793    0.01361   23.01904   22.68240    0.01575    0.00869    9.38583    0.15129    1.16159    2.73931    2.00000
 180.10313    0.03001   22.89239   22.57028    0.10741    0.05928   10.25791   -6.96525   -0.08456   -8.41327    2.00000
 179.97649    0.02526   22.80722   22.49432    0.03451    0.01905   10.87225    2.84294    1.75042    5.39059    2.00000
 180.00816   -0.06065   22.26413   22.00152    0.06120    0.03378   16.74035   -1.40329    3.97275    4.46601    2.00000
 180.03262    0.09669   22.94195   22.61445    0.10205    0.05632    9.91436   -1.47202    0.36872    1.31496    2.00000
 179.95134    0.02779   21.79904   21.56898    0.05603    0.03093   24.48763    5.60239   -0.41444    4.40395    2.00000
 180.29840    0.16075   22.89761   22.57493    0.33894    0.18707   10.22175    6.99119   -0.83200    4.95389    2.00000
 180.09917    0.09226   16.63230   15.83095    0.13544    0.07475  842.01367   -9.43629   -3.48410  -12.90346    2.00000
 179.98080    0.04704   21.03177   20.75670    0.05081    0.02804   47.99492    0.36996   -4.70097   -4.03256    2.00000
 179.89148    0.01492   23.50719   23.10209    0.10954    0.06046    6.40154   -3.58500    0.25259   -9.95630    2.00000
 180.06738   -0.04927   22.14876   21.89559    0.08348    0.04607   18.63076    1.84051    0.30686    1.49722    2.00000
 180.00410   -0.04296   21.42417   21.20169    0.04316    0.02382   33.57136    2.54676    0.07720    3.61555    2.00000
 180.91341   -0.70771   23.39076   23.00353    1.15548    0.63782    6.89772   -2.54348    1.23005    6.08240    2.00000
 179.92268    0.01651   22.98026   22.64838    0.07905    0.04363    9.65045   -4.50262    0.16986   -1.92706    2.00000
 179.94089    0.06409   21.62481   21.40148    0.08718    0.04812   28.31600   -2.35202   -2.78519   -5.59994    2.00000
 180.10745   -0.56118   20.95746   20.65062    0.57138    0.31536   51.97045    4.21547    1.78564    6.09084    2.00000
 179.99860    0.04494   21.83170   21.59960    0.04496    0.02482   23.93858    1.11573   -0.55004    0.63990    2.00000
 179.97781    0.01360   22.96020   22.63073    0.02601    0.01436    9.78778    0.21411   -0.89106   -1.92050    2.00000
 180.02638    0.02083   22.79974   22.48763    0.03361    0.01855   10.95192    2.34088    0.37265    2.22815    2.00000
 180.01015   -0.01583   22.46769   22.18861    0.01881    0.01038   14.51250   -0.46629    2.83190    0.98817    2.00000
 180.03351   -0.02988   23.56598   23.15182    0.04490    0.02478    6.15115    4.54282   -1.30558   -0.33764    2.00000
 179.91576    0.05057   23.14984   22.79673    0.09826    0.05423    8.49659    1.59500    2.59190    5.16395    2.00000
 180.01103   -0.03964   23.07061   22.72749    0.04114    0.02271    9.03517    0.96231    2.10028    2.79830    2.00000
 179.91820   -0.03114   21.18023   20.94031    0.08753    0.04831   41.11360    1.34842   -0.88341    0.48181    2.00000
 179.95232    0.01701   23.64955   23.22162    0.05063    0.02794    5.79973    2.55632   -0.41765   -5.23543    2.00000
 180.02333   -0.02686   22.06673   21.81902    0.03558    0.01964   20.00373    0.80283   -3.83940   -2.74608    2.00000
 180.13278    0.16042   23.37715   22.99200    0.20824    0.11493    6.97770   -2.33983   -0.10956    2.00926    2.00000
 180.04968   -0.02876   23.08981   22.74427    0.05742    0.03169    8.90463    0.82569    3.97183    5.12244    2.00000
 180.07355    0.00033   23.74112   23.29748    0.07354    0.04059    5.41783    5.71314   -1.29736    6.72722    2.00000
 179.83754   -0.07098   23.33361   22.95511    0.17728    0.09785    7.26466    3.21302    3.60736    7.80545    2.00000
 179.98949    0.00158   22.80971   22.49655    0.01064    0.00587   10.84570    3.40409   -1.27722    2.39855    2.00000
 180.07555   -0.07455   23.53422   23.12495    0.10613    0.05858    6.28641    1.12989   -1.12390    0.74889    2.00000
 179.97485   -0.00325   21.71654   21.48988    0.02535    0.01399   25.99072   -2.42499   -3.62725   -6.26315    2.00000
 179.99084    0.05475   22.59845   22.30724    0.05551    0.03064   13.09987    4.50809   -0.99101    3.91438    2.00000
 180.01768    0.06200   22.22815   21.96844    0.06447    0.03558   17.32430    5.15715    1.15778    7.15430    2.00000
 179.97446    0.07894   23.70744   23.26958    0.08297    0.04579    5.55827    6.88970    3.41724   13.22048    2.00000
 180.07883   -0.07422   22.77978   22.46979    0.10826    0.05975   11.16438   -6.49825   -0.35717   -3.58002    2.00000
 180.01901    0.02062   23.62382   23.20013    0.02804    0.01548    5.90794    5.02773    2.07990    7.46678    2.00000
 179.91573   -0.06936   21.36418   21.14040    0.10915    0.06024   35.18363    5.60473   -0.46963    5.74282    2.00000
 179.94101    0.01323   22.71990   22.41626    0.06046    0.03337   11.80173    0.26247   -2.21203   -2.65738    2.00000
 180.18251    0.30989   23.34177   22.96203    0.35964    0.19850    7.21086   -2.72589   -2.71150   -5.22270    2.00000
 180.01340    0.02352   23.05141   22.71070    0.02707    0.01494    9.16571   -0.03044    0.41172   -0.39383    2.00000
 180.05695    0.00377   22.51456   22.23133    0.05707    0.03150   14.00388   -7.32802   -1.09493   -7.80113    2.00000
 179.71062    0.12275   23.64631   23.21892    0.31434    0.17349    5.81335    4.21073    0.92138   13.18894    2.00000
 179.94710    0.00074   21.69802   21.47202    0.05290    0.02920   26.46053    1.12930   -0.58986   -0.65428    2.00000
 179.70969   -0.24454   22.79475   22.48317    0.37958    0.20950   11.00504    0.17585   -2.82856    0.66109    2.00000
 179.98579    0.04149   23.58205   23.16524    0.04386    0.02421    6.08359    1.18368   -1.95793   -6.59523    2.00000
 180.05072    0.06297   23.14022   22.78832    0.08085    0.04463    8.56195    4.39090   -1.55304   -0.02604    2.00000
 180.02885    0.10084   23.05621   22.71490    0.10489    0.05789    9.13308    0.52911    1.18426    1.71922    2.00000
 180.11826    0.00913   23.43962   23.04491    0.11860    0.06546    6.68938    3.60397    1.01382    4.19165    2.00000
 180.01169   -0.04656   23.77232   23.32325    0.04801    0.02650    5.28809    5.81360    2.38362   12.79912    2.00000
 179.97461   -0.02824   21.13803   20.89037    0.03797    0.02096   42.98513   -0.53711    0.07237   -0.63145    2.00000
 179.99220    0.09882   23.57080   23.15585    0.09913    0.05471    6.13088    2.35459   -0.08979    7.21470    2.00000
 180.01392   -0.01584   21.76153   21.53326    0.02108    0.01163   25.12819   -1.68725    2.79601    0.91987    2.00000
 180.07330    0.03405   22.15314   21.89960    0.08083    0.04461   18.55891    7.02623   -0.39449    6.85175    2.00000
 180.01717   -0.04474   22.75483   22.44748    0.04792    0.02645   11.42994   -0.33777   -1.17665   -1.08082    2.00000
 179.97354    0.06394   23.70370   23.26648    0.06920    0.03819    5.57388    0.84160    2.39447    4.42682    2.00000
 179.93938    0.01926   23.14742   22.79462    0.06361    0.03511    8.51300   -2.60522    2.78870   -2.78191    2.00000
 180.01778    0.00683   22.85327   22.53541    0.01904    0.01051   10.52914   -0.54454    2.57039    2.97392    2.00000
 179.83968    0.03708   23.68312   23.24943    0.16455    0.09082    5.65971   -0.69993   -2.92108   -9.85030    2.00000
 179.95773   -0.03769   20.83765   20.45316    0.05663    0.03126   60.02893    2.00888   -1.81084    0.08102    2.00000
 179.89845    0.04049   23.50179   23.09751    0.10933    0.06034    6.42457   -4.13229   -0.88579   -6.39949    2.00000
 180.14279   -0.13604   22.76730   22.45863    0.19722    0.10885   11.29716    0.68795   -0.17640    4.25329    2.00000
 179.98222    0.01407   23.65318   23.22464    0.02266    0.01251    5.78455    0.13720    1.05716    0.68749    2.00000
 180.05376    0.06884   23.60775   23.18671    0.08734    0.04820    5.97550   -1.02847   -3.58647   -4.95484    2.00000
 179.93689   -0.08166   22.00918   21.76544    0.10320    0.05696   20.96456   -1.63174   -1.99522   -3.82206    2.00000
 180.04613    0.08818   20.90907   20.57206    0.09951    0.05492   54.91464    1.37771    0.43879    1.84349    2.00000
 179.98944   -0.00457   22.92891   22.60283    0.01150    0.00635   10.00477   -4.37649   -0.05936   -8.27901    2.00000
 180.04871   -0.05731   23.80566   23.35076    0.07521    0.04151    5.14955   -0.94745   -0.55895   -7.71184    2.00000
 180.02875   -0.04071   23.83423   23.37435    0.04983    0.02750    5.03080   -2.06767    1.86994    4.09036    2.00000
 179.98683   -0.04984   21.83714   21.60470    0.05156    0.02846   23.84707   -1.73927   -2.76879   -4.92056    2.00000
 179.90926    0.01297   23.04421   22.70441    0.09166    0.05059    9.21467   -1.91543    2.13705    0.54882    2.00000
 180.01039   -0.03056   23.15471   22.80096    0.03228    0.01782    8.46370    5.20269   -0.55126    0.28539    2.00000
 180.02824   -0.01433   23.45314   23.05635    0.03167    0.01748    6.63182    0.93438   -1.70262   -0.98520    2.00000
 179.93927    0.06568   22.92108   22.59586    0.08945    0.04937   10.05901    2.88874   -1.93881    3.13370    2.00000
 179.92778    0.12627   21.24646   21.01542    0.14546    0.08028   38.47121    4.05017    2.48649    7.02849    2.00000
 180.00050   -0.00376   22.09226   21.84323    0.00379    0.00209   19.56971    0.05010    3.10148    3.48411    2.00000
 179.98734    0.03334   21.82626   21.59449    0.03566    0.01968   24.03009   -5.40359   -0.09423   -5.11351    2.00000
 179.99924   -0.06101   23.71119   23.27268    0.06102    0.03368    5.54267   -1.16924    0.42789   -2.80688    2.00000
 180.02437    0.03230   21.95985   21.71952    0.04046    0.02233   21.78814    2.81456   -3.45058   -0.86114    2.00000
 180.05481    0.08967   21.73242   21.50519    0.10509    0.05800   25.63148    2.00686   -0.34674    0.52400    2.00000
 180.04344    0.08837   21.49555   21.27462    0.09847    0.05435   31.65298    4.21006    0.78870    3.58889    2.00000
 179.88300    0.05384   21.54695   21.32664    0.12880    0.07109   30.28473    1.21906   -1.77068    0.41909    2.00000
 179.97450    0.00883   21.79088   21.56132    0.02698    0.01489   24.62489    1.95338    1.96300    5.12641    2.00000
 180.01471   -0.06732   22.59845   22.30724    0.06891    0.03803   13.09987    1.98202   -1.93832   -0.27230    2.00000
 180.01709    0.12226   23.51530   23.10895    0.12344    0.06813    6.36700    4.74241   -2.14134    0.41603    2.00000
 180.02292    0.00850   23.19372   22.83482    0.02444    0.01349    8.20027   -3.63133   -1.54637   -5.44361    2.00000
 180.06133   -0.02945   21.99548   21.75269    0.06803    0.03755   21.19333   -1.39961    2.43037   -0.82102    2.00000
 180.01312   -0.01176   22.98241   22.65027    0.01762    0.00972    9.63575    2.50853   -0.53527    2.23280    2.00000
 180.02747    0.06353   23.29822   22.92513    0.06921    0.03820    7.49782    3.07040   -1.22503    1.67528    2.00000
 179.96785    0.03921   22.91326   22.58888    0.05071    0.02799   10.11326   -3.03829   -0.11010   -1.07086    2.00000
 180.01102    0.02214   22.99103   22.65783    0.02473    0.01365    9.57694    0.23774   -2.55748   -4.06821    2.00000
 179.99377    0.00550   18.50450   17.92803    0.00831    0.00459  298.08795    2.04361    2.69263    4.73140    2.00000
 179.99644    0.01299   23.18884   22.83059    0.01347    0.00743    8.23320    5.17803   -3.45409    0.34204    2.00000
 179.99815   -0.11706   23.78184   23.33111    0.11708    0.06462    5.24851    0.69389    0.04004    7.41706    2.00000
 180.05069   -0.09376   23.40981   23.01967    0.10659    0.05883    6.81646   -5.40899   -0.29367   -7.30908    2.00000
 180.04887   -0.03065   22.88717   22.56563    0.05768    0.03184   10.29408    0.18838    1.18176    2.64345    2.00000
 179.87119   -0.11257   22.98241   22.65027    0.17107    0.09442    9.63575    0.47432   -1.75955    1.00077    2.00000
 179.86897   -0.04070   22.73487   22.42964    0.13719    0.07572   11.64239   -2.35482    1.53214   -1.18299    2.00000
 180.02306   -0.03531   23.62060   23.19744    0.04217    0.02328    5.92145    2.73699   -2.03928    4.12382    2.00000
 180.05891   -0.03663   22.22044   21.96136    0.06938    0.03829   17.45140    0.59688   -1.64043   -0.63281    2.00000
 180.00465    0.00879   22.69994   22.39842    0.00994    0.00549   12.01418    1.08847   -2.46542   -3.63181    2.00000
 180.02325    0.57453   22.76980   22.46086    0.57500    0.31737   11.27060   -2.11642    2.74167    1.52854    2.00000
 179.96803    0.06497   23.26686   22.89833    0.07241    0.03996    7.70632    4.17694   -0.29781    7.95744    2.00000
 179.90062    0.05864   21.39026   21.16705    0.11539    0.06369   34.48264   -0.90730   -0.72695   -1.85058    2.00000
 180.02005   -0.01679   22.23843   21.97789    0.02615    0.01443   17.15484    1.39283    0.32048    2.60964    2.00000
 180.01740    0.05725   23.17665   22.82001    0.05984    0.03303    8.31552    0.67529    1.67172    1.04358    2.00000
 180.02357    0.47430   21.47633   21.25499    0.47488    0.26210   32.16939    5.29070    3.32052    9.02779    2.00000
 180.10963   -0.13030   22.96948   22.63893    0.17028    0.09398    9.72395    0.28108   -0.64362   -3.92164    2.00000
 179.98483    0.01500   23.17421   22.81789    0.02133    0.01177    8.33198   -2.62849    0.21974   -5.97236    2.00000
 179.99393   -0.02552   23.81042   23.35469    0.02623    0.01448    5.12976   -1.46785   -2.72514   -6.73692    2.00000
 180.12711    0.03278   23.49638   23.09294    0.13127    0.07245    6.44760   -3.15704    2.54796   -2.70855    2.00000
 180.03928    0.04561   22.11916   21.86854    0.06019    0.03322   19.11575   -1.21873    1.61282    0.24349    2.00000
 179.97899    0.03175   22.07599   21.82775    0.03807    0.02101   19.84729   -0.52640    2.17045    2.19266    2.00000
 180.01234   -0.07708   23.82233   23.36452    0.07806    0.04309    5.08028    0.55179   -2.04305   -0.09883    2.00000
 179.98808   -0.04171   22.69994   22.39842    0.04338    0.02394   12.01418   -0.76505    1.50754   -0.01158    2.00000
 180.00134    0.01047   20.76835   20.35465    0.01055    0.00582   65.10534   -5.34125    1.75492   -3.46591    2.00000
 179.75401   -0.28635   21.87797   21.64297    0.37750    0.20835   23.16076   -3.07747   -2.65617   -5.64805    2.00000
 179.95386    0.06578   23.19859   22.83906    0.08035    0.04435    8.16734    3.16422    1.55058    5.38256    2.00000
 180.16989    0.15462   23.59008   23.17195    0.22972    0.12679    6.04981   -1.66555    1.08138    1.55423    2.00000
 179.95859   -0.20073   22.82723   22.51221    0.20496    0.11312   10.70962   -2.93183   -1.07308   -5.09177    2.00000
 179.99725    0.07111   23.11381   22.76525    0.07116    0.03928    8.74145    2.05743   -0.72662   -1.77369    2.00000
 179.81654    0.05650   23.80566   23.35076    0.19196    0.10595    5.14955   -2.03491    1.35115    0.27481    2.00000
 180.04123    0.04926   23.67938   23.24633    0.06424    0.03546    5.67531   -3.37023   -1.06121    4.96475    2.00000
 179.98293    0.06468   23.69248   23.25718    0.06689    0.03692    5.62070   -0.44692    2.23003    5.05159    2.00000
 180.10133    0.20276   23.36082   22.97817    0.22667    0.12511    7.08531   -1.21901    0.77575    0.42906    2.00000
 179.93535    0.01624   22.99965   22.66539    0.06666    0.03679    9.51814    4.09688    3.34276    7.78055    2.00000
 180.01263    0.08961   21.49732   21.27644    0.09049    0.04995   31.60526   -8.68801   -0.39631   -9.33530    2.00000
 180.03851    0.00564   23.79137   23.33897    0.03892    0.02148    5.20893    7.01789    0.47971   11.05837    2.00000
 179.98531   -0.00438   23.53152   23.12267    0.01533    0.00846    6.29792   -0.33471    2.96937    0.30128    2.00000
 179.94592   -0.02177   23.32272   22.94589    0.05829    0.03217    7.33640    2.11523   -1.98577   -1.29516    2.00000
 180.00671    0.01134   16.80798   16.03937    0.01318    0.00727  759.65570    5.29026   -0.50824    4.78263    2.00000
 179.97595    0.85023   22.41572   22.14108    0.85057    0.46948   15.07847    1.99743    2.20596    3.04351    2.00000
 179.97513   -0.01396   23.44773   23.05177    0.02852    0.01574    6.65484   -3.38923   -1.40906   -2.64552    2.00000
 179.72830    0.28892   21.31538   21.08885    0.39660    0.21890   36.53954   -9.56817    1.88297   -7.52033    2.00000
 180.00591    0.10270   22.99103   22.65783    0.10287    0.05678    9.57694   -0.55867   -1.77122   -0.13300    2.00000
 179.90311    0.06627   22.88196   22.56098    0.11739    0.06479   10.33024    7.03858   -4.30847    3.51234    2.00000
 180.03848   -0.01648   21.26078   21.03068    0.04185    0.02310   38.06978   -4.37229    3.43259   -0.82133    2.00000
 179.98296    0.04004   17.98037   17.87486    0.04352    0.02402  307.15536   -4.23616   -0.13163   -4.32384    2.00000
 180.09003   -0.03575   20.08094   19.59464    0.09686    0.05346  111.10483   -6.26115    2.35355   -3.91225    2.00000
 179.92686    0.01764   23.54503   23.13410    0.07524    0.04152    6.24035   -0.20608   -0.72246   -3.05665    2.00000
 179.85756    0.01620   21.72184   21.49498    0.14336    0.07912   25.85649    0.06197    0.87501   -0.10405    2.00000
 180.02531    0.04393   23.77232   23.32325    0.05071    0.02799    5.28809   -4.78684   -2.41352   -3.16571    2.00000
 179.94315    0.07179   19.16215   18.63036    0.09158    0.05055  202.52403   -1.09902    2.96538    1.85421    2.00000
 180.00813    0.00690   23.78899   23.33700    0.01067    0.00589    5.21882    1.65822   -2.16005   -3.62165    2.00000
 180.08029    0.01761   21.40852   21.18570    0.08220    0.04537   33.99195    7.18966   -0.21487    6.35531    2.00000
 179.98531    0.03548   22.72240   22.41849    0.03840    0.02120   11.77518   -4.07930    0.06238   -2.32493    2.00000
 180.02817   -0.02514   21.52220   21.30184    0.03776    0.02084   30.93708    0.24640    0.67782    0.58417    2.00000
 179.91882   -0.15586   23.78422   23.33307    0.17574    0.09699    5.23861    4.52392   -1.52002   -4.06624    2.00000
 180.07831    0.01679   22.30012   22.03459    0.08009    0.04421   16.34650    1.40735    0.98879    1.41185    2.00000
 179.99042    0.01281   22.59845   22.30724    0.01601    0.00883   13.09987    1.75784    2.63443    4.65709    2.00000
 179.88380    0.05824   21.04175   20.76985    0.12998    0.07174   47.50193   -0.59998    0.49922   -0.06141    2.00000
 179.94810   -0.01549   22.49581   22.21424    0.05416    0.02989   14.20733   -0.20543   -2.19662   -5.95676    2.00000
 179.96149   -0.53872   21.23376   21.00166    0.54010    0.29810   38.83314    0.89667    2.37225    3.35510    2.00000
 180.12024    0.00249   21.25269   21.02206    0.12026    0.06637   38.29648    4.59830    2.72568    7.31561    2.00000
 180.05655    0.01206   22.39412   22.12118    0.05782    0.03191   15.31545   -2.48115    2.41590   -0.78157    2.00000
 179.96370   -0.02736   22.71491   22.41180    0.04546    0.02509   11.85484    1.32611   -2.19930   -0.57015    2.00000
 180.09398    0.00281   21.13803   20.89037    0.09402    0.05189   42.98513    1.82390    0.61753    2.43993    2.00000
 180.11433    0.05476   20.86805   20.50266    0.12678    0.06997   57.51536    7.20030   -0.66535    6.89451    2.00000
 179.79936    0.15220   21.22968   20.99723    0.25184    0.13899   38.98037    6.33797    2.62210    8.59120    2.00000
 180.02406   -0.07028   23.03220   22.69392    0.07428    0.04100    9.29626    1.99965   -0.21182   -0.44700    2.00000
 179.99495   -0.04179   21.57225   21.35096    0.04210    0.02323   29.64489   -2.34528   -0.93472   -3.17967    2.00000
 180.55293    0.41186   23.83661   23.37632    0.68946    0.38054    5.02090   -4.00886    2.36711    8.21152    2.00000
 179.84489   -0.16551   23.34449   22.96433    0.22682    0.12519    7.19292   -0.67030    0.71561    1.83723    2.00000
 179.96008    0.03147   22.90543   22.58191    0.05083    0.02806   10.16750   -2.09727   -0.21153   -1.38628    2.00000
 179.94460   -0.00731   22.66365   22.36583    0.05589    0.03085   12.40220    3.17067   -2.71621    2.58096    2.00000
 179.98521    0.02290   22.37252   22.10128    0.02726    0.01504   15.55244    0.11003    3.00460    4.06074    2.00000
 179.97649    0.02976   21.46851   21.24699    0.03792    0.02093   32.37969    2.84301   -1.19047    1.46072    2.00000
 180.07637   -0.01204   23.08501   22.74007    0.07732    0.04267    8.93726   -1.64624   -0.96627   -3.81856    2.00000
 179.87218    0.10019   22.33411   22.06590    0.16241    0.08964   15.97374    3.57123    0.56811    3.59438    2.00000
 180.00562    0.06963   23.55314   23.14096    0.06986    0.03856    6.20581    0.01732    2.93261    5.26229    2.00000
 179.97733   -0.05979   23.19128   22.83271    0.06395    0.03529    8.21673    0.79402   -5.18021   -3.57273    2.00000
 179.97893    0.03054   21.64510   21.42099    0.03711    0.02048   27.80285   -0.02630    0.19872    1.08181    2.00000
 179.95126    0.06092   23.44503   23.04949    0.07801    0.04306    6.66636    1.01274   -1.49882   -7.16216    2.00000
 180.03059    0.01437   19.77121   19.27011    0.03380    0.01866  137.83846   -0.86817   -2.52338   -3.31573    2.00000
 180.05289   -0.07280   23.62221   23.19879    0.08999    0.04967    5.91469   -1.37941   -0.38029    0.48864    2.00000
 180.07816   -0.02470   22.52159   22.23773    0.08197    0.04524   13.92758   -1.07964   -4.74185   -4.95829    2.00000
 180.59824   -0.06585   22.56715   22.27912    0.60184    0.33218   13.43476    0.58931   -1.98868   -1.96168    2.00000
 180.09656   -0.07647   23.68686   23.25253    0.12317    0.06798    5.64410   -0.26215   -1.50295   -9.29526    2.00000
 180.08923    0.03162   21.93519   21.69655    0.09468    0.05226   22.19992    0.48813   -4.60844   -2.68625    2.00000
 180.00749    0.00095   22.57497   22.28615    0.00755    0.00417   13.35104    0.42477    0.12905   -0.77492    2.00000
 180.08614    0.05378   23.42070   23.02890    0.10154    0.05604    6.77002   -5.19033    0.42548   -4.46328    2.00000
 180.00237   -0.06366   22.51222   22.22919    0.06371    0.03516   14.02931    2.58631    0.56359    3.64158    2.00000
 180.02332    0.06205   23.03220   22.69392    0.06628    0.03658    9.29626   -5.59814   -3.35265   -7.07640    2.00000
 180.00700   -0.04830   22.85066   22.53309    0.04880    0.02694   10.54722    0.25101    2.43021    2.61409    2.00000
 179.88675    0.02174   23.57241   23.15719    0.11531    0.06364    6.12413    0.88992   -1.01156   -1.52321    2.00000
 180.01878   -0.02260   23.33361   22.95511    0.02939    0.01622    7.26466   -1.62397   -2.36629   -5.81354    2.00000
 179.99834    0.06910   23.68873   23.25408    0.06912    0.03815    5.63630   -1.87928    0.07129   -0.70472    2.00000
 179.94156   -0.01137   22.87935   22.55866    0.05953    0.03286   10.34832   -4.33723    0.40926   -4.05842    2.00000
 180.02126   -0.06686   22.68974   22.38927    0.07015    0.03872   12.12314   -0.31765   -1.73620   -5.05434    2.00000
 180.00487   -0.02521   23.56598   23.15182    0.02567    0.01417    6.15115    1.91549    1.88247    9.11050    2.00000
 179.95831   -0.00334   19.86131   19.36413    0.04182    0.02308  129.55247    0.16984    1.76660    1.86947    2.00000
 179.98466   -0.12276   22.80473   22.49209    0.12371    0.06828   10.89881    1.11262   -1.34097    1.51774    2.00000
 179.95741   -0.00493   22.43254   22.15657    0.04287    0.02366   14.89402   -0.61364    1.67606    0.24253    2.00000
 180.03539   -0.01991   23.70932   23.27113    0.04060    0.02241    5.55047    3.76764    2.03136    8.48018    2.00000
 179.97620    0.01676   21.91607   21.67869    0.02911    0.01607   22.52020   -1.18234    1.95206   -0.05861    2.00000
 180.02477    0.08507   22.98564   22.65311    0.08860    0.04890    9.61369    1.92536   -0.24727    0.82558    2.00000
 180.22110    0.21466   23.56125   23.14782    0.30816    0.17008    6.17127    1.08087   -1.25465    2.99698    2.00000
 180.02168    0.01149   23.43152   23.03805    0.02454    0.01355    6.72392   -1.80674   -1.94799   -6.67010    2.00000
 180.02756    0.01462   23.34721   22.96664    0.03120    0.01722    7.17499   -3.99106   -4.05744   -8.94629    2.00000
 180.08334   -0.00676   21.04923   20.77972    0.08362    0.04615   47.13220   -2.01902    0.19170   -2.31035    2.00000
 179.95651   -0.02950   22.62714   22.33302    0.05255    0.02900   12.79290    1.38550   -0.07806   -0.17585    2.00000
 179.98399    0.01752   21.85620   21.62256    0.02373    0.01310   23.52679   -0.40690   -2.88369   -2.05428    2.00000
 180.04610    0.01971   23.19859   22.83906    0.05012    0.02766    8.16734    3.30856   -0.86807    2.17363    2.00000
 180.00848    0.05566   22.62192   22.32834    0.05630    0.03107   12.84871   -0.10482    0.06159   -2.37102    2.00000
 180.04462   -0.02240   21.19051   20.95226    0.04992    0.02755   40.66595   -2.98839    3.47120    0.77445    2.00000
 180.04282    0.00711   22.86370   22.54471    0.04340    0.02395   10.45681    3.66030    0.05385    5.71494    2.00000
 179.98662   -0.00451   23.69809   23.26183    0.01412    0.00779    5.59729   -1.91484   -1.58874   -0.48811    2.00000
 180.04968   -0.02059   23.54233   23.13182    0.05379    0.02969    6.25187   -7.05170   -1.42334   -7.73507    2.00000
 180.05997   -0.03885   23.73177   23.28973    0.07146    0.03944    5.45684   -1.01988   -1.09354   -8.65638    2.00000
 180.03024    0.08173   23.61739   23.19476    0.08715    0.04810    5.93496    0.80613    2.72463    7.51643    2.00000
 180.00302    0.03902   22.93934   22.61213    0.03914    0.02160    9.93244   -0.59357    0.23236    2.74813    2.00000
 179.99435   -0.00877   23.82233   23.36452    0.01043    0.00575    5.08028   -5.56174   -0.27886   -6.03661    2.00000
 180.01389   -0.01769   23.07781   22.73378    0.02249    0.01241    8.98622    2.76846    0.32661    5.63958    2.00000
 179.98421    0.00034   21.62287   21.39961    0.01579    0.00872   28.36522   -6.26289    1.62225   -4.35514    2.00000
 179.98409    0.07229   22.52394   22.23987    0.07402    0.04085   13.90215   -1.13138    1.78854    2.66745    2.00000
 179.89793    0.07603   21.90246   21.66593    0.12727    0.07025   22.74897    0.51950    1.96220    3.20499    2.00000
 179.93604    0.34702   23.40165   23.01276    0.35287    0.19476    6.85129   -2.54772    1.91557   -5.56794    2.00000
 179.98488    0.03758   22.14108   21.88858    0.04051    0.02236   18.75650    4.24954    0.43247    4.07636    2.00000
 179.94946    0.13282   23.23029   22.86658    0.14210    0.07843    7.95329   -3.61906   -1.44165   -2.95907    2.00000
 179.92062    0.00929   23.72428   23.28353    0.07992    0.04411    5.48805   -1.34047   -3.05026  -11.09169    2.00000
 180.21120    0.01034   21.02928   20.75341    0.21144    0.11670   48.11816   -4.06053    0.07509   -3.85799    2.00000
 180.02626   -0.03202   22.79225   22.48094    0.04141    0.02286   11.03159    7.59492    1.35558    8.44386    2.00000
 179.96227    0.03741   21.96533   21.72462    0.05313    0.02932   21.69663    1.32316   -1.00130   -0.08481    2.00000
 180.03445    0.05908   23.35266   22.97125    0.06839    0.03774    7.13912    0.48749    0.03771    0.74483    2.00000
 179.78938    0.11313   22.49581   22.21424    0.23908    0.13195   14.20733   -5.79692    1.65203   -4.73886    2.00000
 179.98061    0.15318   21.87253   21.63787    0.15440    0.08522   23.25227    7.00106    1.73632    9.16395    2.00000
 180.01779   -0.07723   21.93245   21.69400    0.07926    0.04374   22.24568   -1.20048    0.39306   -0.66353    2.00000
 180.01047    0.04539   21.83987   21.60725    0.04658    0.02571   23.80132    3.65840   -5.02568   -2.91613    2.00000
 179.98363   -0.00598   23.21322   22.85176    0.01744    0.00963    8.06855   -3.20599   -1.48062   -7.64025    2.00000
 180.03802    0.10116   22.00370   21.76034    0.10807    0.05965   21.05607    0.84903    0.42132    1.30641    2.00000
 179.97194   -0.13691   23.46665   23.06778    0.13975    0.07713    6.57425    3.39184    1.43472    4.98323    2.00000
 180.05811    0.00036   23.55044   23.13868    0.05810    0.03207    6.21732   -1.73457    0.77593   -9.65335    2.00000
 180.03259   -0.01289   23.71680   23.27733    0.03506    0.01935    5.51926   -5.11417    3.53002    0.45643    2.00000
 180.00479    0.07034   20.36017   19.88998    0.07051    0.03891   90.90622   -0.20303   -0.74415   -0.76772    2.00000
 180.01131    0.02251   23.21322   22.85176    0.02519    0.01390    8.06855   -0.20804    2.25546   -1.09044    2.00000
 179.96053   -0.00282   17.89596   17.89846    0.03958    0.02185  303.13013    1.27734    3.27471    4.64209    2.00000
 180.05154   -0.07922   23.01904   22.68240    0.09451    0.05216    9.38583    3.03724    4.09764   11.12951    2.00000
 180.11336   -0.04143   22.43488   22.15871    0.12069    0.06661   14.86854    0.58995    0.30279   -1.04490    2.00000
 179.96117   -0.03770   23.69996   23.26338    0.05412    0.02987    5.58948    3.30194    0.16336   -2.02748    2.00000
 180.12035    0.01098   23.51530   23.10895    0.12084    0.06670    6.36700   -7.17071    2.66884   -1.31192    2.00000
 179.97333    0.02267   22.58019   22.29084    0.03501    0.01932   13.29522   -0.94173   -0.45771   -2.51894    2.00000
 179.97308   -0.06489   22.11697   21.86654    0.07025    0.03877   19.15168   -4.51221    0.09754   -5.01562    2.00000
 179.97562    0.04809   22.52862   22.24414    0.05392    0.02976   13.85129    1.72578   -0.28652    0.71337    2.00000
 180.01730   -0.03451   23.40709   23.01737    0.03861    0.02131    6.82807    7.26451    0.19748    3.04574    2.00000
 179.98038    0.04165   20.94462   20.63006    0.04604    0.02541   52.74084    1.78422   -3.53143   -1.74922    2.00000
 179.99918   -0.02030   21.13504   20.88675    0.02032    0.01121   43.12113    2.07949   -0.82435    0.67343    2.00000
 179.98399   -0.02064   23.31183   22.93666    0.02611    0.01441    7.40814    1.78775    0.22110    2.17055    2.00000
 180.00162    0.01126   23.03460   22.69602    0.01138    0.00628    9.27994  -10.80227    1.39242  -12.58218    2.00000
 180.03065   -0.10755   23.63667   23.21086    0.11184    0.06173    5.85389    1.36375    0.03135   -0.66176    2.00000
 180.16940    0.32520   22.20758   21.94954    0.36668    0.20238   17.66322    1.55059   -3.44054   -2.93683    2.00000
 180.03410   -0.05122   22.58541   22.29553    0.06154    0.03396   13.23941   -1.87102    2.27152    1.92341    2.00000
 180.05661    0.10681   23.49638   23.09294    0.12088    0.06672    6.44760    1.50430    1.31531   -0.93684    2.00000
 180.01529    0.01064   22.43488   22.15871    0.01863    0.01028   14.86854   -4.08582   -0.06654   -3.80568    2.00000
 180.02919   -0.03070   23.44233   23.04720    0.04236    0.02338    6.67787   -1.62110   -1.43557   -2.53335    2.00000
 180.01297   -0.01318   21.04674   20.77643    0.01849    0.01021   47.25544    0.86817   -3.32229   -2.64956    2.00000
 179.86786    0.09483   23.25955   22.89198    0.16265    0.08977    7.75571   -5.11096   -1.66258  -12.08898    2.00000
 180.11014    0.03480   23.29278   22.92052    0.11550    0.06375    7.53369   -6.26210   -2.78059   -7.01578    2.00000
 179.99863    0.04651   21.37983   21.15639    0.04653    0.02568   34.76304    0.90324   -1.94053   -1.09052    2.00000
 180.01439   -0.00143   22.60627   22.31427    0.01446    0.00798   13.01615   -5.35112   -0.86317   -4.75091    2.00000
 179.94012   -0.00401   22.55933   22.27209    0.06000    0.03312   13.51848    1.33226   -1.36286    1.22219    2.00000
 180.18698   -0.05274   22.22044   21.96136    0.19428    0.10723   17.45140   -0.67348    1.82798    1.77132    2.00000
 179.94411   -0.03804   22.84284   22.52611    0.06761    0.03732   10.60147   -2.59092   -0.19142   -2.57788    2.00000
 180.02448   -0.05215   21.78005   21.55112    0.05761    0.03179   24.80791   -1.02595   -2.03403   -4.17805    2.00000
 179.98466   -0.00628   23.39348   23.00584    0.01658    0.00915    6.88611    4.57107    1.43756    5.82142    2.00000
 179.94456    0.11288   18.19297   17.59116    0.12575    0.06941  355.54205   -4.50867    1.50597   -3.00654    2.00000
 180.00043    0.10915   23.66441   23.23394    0.10915    0.06024    5.73773   -4.52376    3.75497    1.32926    2.00000
 180.43318   -0.21050   20.26705   19.79095    0.48162    0.26582   97.67943    5.43168    4.48042    9.76650    2.00000
 179.96535   -0.07273   22.20758   21.94954    0.08056    0.04446   17.66322   -1.96723    3.65893    2.88725    2.00000
 179.97012    0.00108   21.83714   21.60470    0.02989    0.01650   23.84707    2.76762   -0.19021    1.52399    2.00000
 179.93188   -0.01462   23.57883   23.16256    0.06967    0.03845    6.09710    0.88531   -0.06126   -2.22646    2.00000
 179.96532   -0.00494   22.15095   21.89759    0.03503    0.01933   18.59483   -4.88729   -0.17581   -4.21730    2.00000
 180.05949   -0.01488   21.83170   21.59960    0.06132    0.03385   23.93858    1.18036   -0.99645   -0.62549    2.00000
 180.03473    0.01640   22.77728   22.46756    0.03840    0.02120   11.19093   -0.71583    1.08560   -0.13862    2.00000
 180.00874   -0.05496   23.22298   22.86023    0.05565    0.03072    8.00269    1.59916   -0.77900   -2.96673    2.00000
 179.97028    0.07670   19.49482   18.98119    0.08226    0.04540  163.72433   -5.75078   -1.08865   -6.90637    2.00000
 179.96640    0.01998   22.03384   21.78841    0.03909    0.02157   20.55278   -3.36618   -1.33725   -4.64168    2.00000
 180.02014    0.08408   23.17178   22.81577    0.08646    0.04772    8.34845    1.32560    1.45691    1.34592    2.00000
 180.04308    0.06424   21.59561   21.37342    0.07734    0.04269   29.05427    0.70917   -0.82959   -0.86590    2.00000
 180.02112   -0.02194   23.63024   23.20550    0.03045    0.01681    5.88091   -2.26842    2.38092    4.21018    2.00000
 179.99254   -0.10376   22.73737   22.43187    0.10403    0.05741   11.61584   -1.62414   -1.26945   -0.58655    2.00000
 180.07681    0.01479   23.03941   22.70021    0.07823    0.04318    9.24730    1.54503   -2.70715    2.21550    2.00000
 179.99002   -0.13385   22.81969   22.50547    0.13423    0.07408   10.76205   -2.33105   -0.92373   -2.02494    2.00000
 179.93517    0.11063   23.07061   22.72749    0.12823    0.07077    9.03517   -7.50872   -0.39686   -3.65858    2.00000
 179.76671    0.12020   23.29278   22.92052    0.26244    0.14485    7.53369   -0.84119   -0.11019   -3.20469    2.00000
 179.93925    0.18685   23.80089   23.34683    0.19647    0.10844    5.16934   -2.92903    0.96218   -0.93373    2.00000
 180.01186   -0.04179   22.13999   21.88758    0.04344    0.02398   18.77446    2.29553   -1.93287    1.03110    2.00000
 180.01965    0.02401   23.24248   22.87716    0.03102    0.01712    7.87097    0.57601    2.70705    0.60924    2.00000
 180.02313   -0.01744   22.69496   22.39396    0.02897    0.01599   12.06724   -0.54861    0.53238   -0.38860    2.00000
 180.02586    0.02087   23.34177   22.96203    0.03324    0.01835    7.21086   -3.51062   -2.41901    4.74149    2.00000
 179.99226   -0.02035   22.48409   22.20356    0.02176    0.01201   14.33448    7.38960   -0.71249    5.57826    2.00000
 179.93414    0.01426   22.05303   21.80627    0.06739    0.03719   20.23250   -1.17376   -2.25681   -3.77696    2.00000
 180.07306   -0.10682   23.32816   22.95050    0.12942    0.07143    7.30053   -5.01477    0.02173   -3.39372    2.00000
 179.98486    0.00277   23.22785   22.86446    0.01538    0.00849    7.96976   -1.66148    0.50539   -0.58906    2.00000
 180.04564   -0.15885   22.85588   22.53774    0.16527    0.09122   10.51106   -0.98311    0.17999   -3.38775    2.00000
 180.01218    0.02859   23.82709   23.36845    0.03107    0.01715    5.06049    2.04904    3.16439    3.10199    2.00000
 179.99542   -0.06433   22.00096   21.75779    0.06449    0.03560   21.10183    0.02589   -0.82804    0.34925    2.00000
 180.09517    0.04945   23.14262   22.79042    0.10725    0.05919    8.54564   -0.37115    1.03617   -1.18598    2.00000
 180.03838   -0.02333   22.35331   22.08359    0.04491    0.02479   15.76309    7.33644    1.76162    9.54201    2.00000
 180.05685   -0.06866   21.37200   21.14839    0.08915    0.04920   34.97333    0.32261   -0.73652   -0.65347    2.00000
 179.98921   -0.03108   23.24492   22.87928    0.03290    0.01816    7.85450   -3.72615   -1.39973   -3.08629    2.00000
 180.05247   -0.07789   21.31133   21.08454    0.09392    0.05184   36.65289   -2.39824    0.13449   -1.99384    2.00000
 179.99149    0.02399   21.76417   21.53581    0.02545    0.01405   25.08243   -1.91650    3.05703    2.47301    2.00000
 180.26709   -0.69587   22.18188   21.92592    0.74537    0.41141   18.08687   -2.02959   -0.25702   -2.24670    2.00000
 179.91058    0.03823   22.79225   22.48094    0.09724    0.05367   11.03159   -1.63566   -4.26593   -3.29076    2.00000
 179.97723   -0.03123   23.60454   23.18403    0.03865    0.02133    5.98901   -8.07399   -0.90336   -6.42806    2.00000
 180.01228   -0.02909   23.22785   22.86446    0.03158    0.01743    7.96976   -0.45513   -0.79523   -4.95861    2.00000
 180.11563   -0.00006   23.83185   23.37239    0.11563    0.06382    5.04069   -0.27264   -0.12583    2.18531    2.00000
 180.04141    0.02717   23.75088   23.30555    0.04953    0.02734    5.37716   -2.17758    0.41736  -11.67018    2.00000
 179.96971   -0.09091   21.47633   21.25499    0.09582    0.05289   32.16939   -3.06030    1.47410   -1.00740    2.00000
 179.97594   -0.06711   21.97903   21.73738    0.07129    0.03935   21.46786    2.52038   -1.55240    2.01842    2.00000
 180.01956   -0.00368   21.33560   21.11040    0.01990    0.01098   35.97279   -4.70005    1.54516   -2.87002    2.00000
 180.05170    0.02827   23.49098   23.08836    0.05891    0.03252    6.47062    1.49626   -2.21859   -7.36610    2.00000
 180.18028   -0.15079   21.42677   21.20436    0.23503    0.12972   33.50126    2.44785   -0.29343    0.96418    2.00000
 179.99203   -0.00759   23.08261   22.73797    0.01100    0.00607    8.95358    0.51053    0.10793    2.87498    2.00000
 179.90315   -0.25006   23.10901   22.76105    0.26816    0.14800    8.77409    1.67686    0.10389   -2.32764    2.00000
 180.05296   -0.02038   21.91607   21.67869    0.05674    0.03132   22.52020   -3.83773    3.82886   -0.65566    2.00000
 179.93083    0.03397   22.89500   22.57261    0.07706    0.04253   10.23983    6.42977    0.94192    9.17111    2.00000
 179.98711    0.07000   23.48827   23.08608    0.07118    0.03928    6.48214   -0.29021   -1.13600   -6.65567    2.00000
 179.97897    0.02165   21.63844   21.41458    0.03017    0.01665   27.97148    3.29185    3.03894    6.12248    2.00000
 180.00122   -0.04059   23.17421   22.81789    0.04061    0.02241    8.33198    2.70570   -3.15678   -3.32840    2.00000
 180.01878   -0.02008   18.16382   17.88066    0.02750    0.01518  306.16653   -2.71242   -0.87009   -3.57248    2.00000
 180.04349   -0.00031   23.58687   23.16926    0.04349    0.02400    6.06332   -1.19770   -1.68165   -4.81746    2.00000
 180.10211   -0.04744   23.49368   23.09065    0.11259    0.06214    6.45911   -0.53097    3.93413    4.73023    2.00000
 180.11214   -0.06202   23.79375   23.34094    0.12815    0.07073    5.19903   -4.69203   -3.03484  -12.43798    2.00000
 179.99203   -0.06202   22.93151   22.60515    0.06253    0.03451    9.98668    3.28197   -1.34719    2.27599    2.00000
 179.97081    0.12242   22.18445   21.92828    0.12585    0.06946   18.04451    1.06430   -0.05159    0.04977    2.00000
 180.01262    0.08752   22.19216   21.93537    0.08843    0.04880   17.91741   -2.28808    0.94143   -1.33780    2.00000
 179.91550   -0.08104   21.94341   21.70421    0.11709    0.06462   22.06266    4.26156   -0.77765    4.12931    2.00000
 180.28918    0.11909   22.58802   22.29787    0.31275    0.17262   13.21150   -1.38715   -1.94412   -3.86189    2.00000
 179.90549    0.00033   23.50719   23.10209    0.09451    0.05216    6.40154    1.44705    2.33027    4.28032    2.00000
 180.01776   -0.01260   22.14437   21.89158    0.02178    0.01202   18.70261   -3.67708   -0.66287   -4.20125    2.00000
 180.03777   -0.01246   22.22558   21.96608    0.03977    0.02195   17.36667   -1.77062    0.05875   -0.74444    2.00000
 179.76369   -0.23137   23.73551   23.29283    0.33071    0.18253    5.44123   -2.96091    3.17092   -0.14815    2.00000
 179.98615   -0.01010   23.30911   22.93436    0.01715    0.00946    7.42608   -0.47203    0.76690    0.32425    2.00000
 179.98904   -0.03920   21.73507   21.50774    0.04070    0.02246   25.58573   -0.05423    1.93392    0.61313    2.00000
 180.00333    0.09010   22.53097   22.24628    0.09016    0.04976   13.82586   -4.69515    2.79872   -3.31721    2.00000
 180.04810   -0.03623   22.70493   22.40288    0.06022    0.03324   11.96107   -3.62121    2.58666    0.26072    2.00000
 179.88921    0.09895   22.36532   22.09464    0.14854    0.08199   15.63143   -2.99203   -0.29565   -2.43248    2.00000
 180.01039   -0.03104   22.25899   21.99679    0.03274    0.01807   16.81592    4.65303   -4.32172    1.37269    2.00000
 180.01282   -0.02387   22.23843   21.97789    0.02709    0.01495   17.15484   -0.27465   -0.99221   -2.35536    2.00000
 179.95863    0.02322   21.79088   21.56132    0.04743    0.02618   24.62489    4.59634   -1.84419    3.81653    2.00000
 179.98079    0.04047   23.59972   23.18000    0.04480    0.02472    6.00928    2.86721   -0.32310    2.30046    2.00000
 179.69545    0.07809   23.76517   23.31735    0.31440    0.17353    5.31778   -6.54081   -2.73985   -7.36305    2.00000
 179.96864    0.07974   23.76755   23.31931    0.08569    0.04729    5.30789    0.84509   -1.29705    3.79948    2.00000
 180.12010    0.03050   23.80804   23.35273    0.12391    0.06839    5.13965   -0.97829    0.09590   -4.72555    2.00000
 180.05176   -0.01418   23.12582   22.77574    0.05366    0.02962    8.65986   -4.50132    0.41603   -5.95773    2.00000
 179.97806    0.04639   21.25269   21.02206    0.05132    0.02832   38.29648    3.03802    1.21917    4.69407    2.00000
 179.98183    0.06982   22.15533   21.90160    0.07214    0.03982   18.52298   -1.16128   -1.57565   -2.64751    2.00000
 180.15193    0.01918   23.49908   23.09523    0.15314    0.08452    6.43608   -5.11806    0.65722   -4.40652    2.00000
 179.96101   -0.04399   21.73507   21.50774    0.05879    0.03245   25.58573   -7.48977   -0.09109   -8.03894    2.00000
 179.96317   -0.02112   22.69496   22.39396    0.04246    0.02344   12.06724   -1.51871   -2.07399   -1.74745    2.00000
 179.94911    0.11379   22.76231   22.45417    0.12465    0.06880   11.35027    0.86992    0.19592    3.05664    2.00000
 179.95525    0.05136   19.59828   19.08900    0.06812    0.03760  153.80069   -1.98927    0.77081   -1.23097    2.00000
 180.01804    0.00084   23.82471   23.36649    0.01806    0.00997    5.07038    1.27654    2.77459   -3.11485    2.00000
 180.07259    0.05124   22.66365   22.36583    0.08885    0.04904   12.40220   -5.16745    2.22087   -2.32059    2.00000
 180.05164   -0.03669   21.47894   21.25765    0.06334    0.03496   32.09929   -2.09213    1.08633   -1.55223    2.00000
 179.98183    0.10157   22.50519   22.22278    0.10318    0.05695   14.10560   -0.67851   -1.11316   -2.36454    2.00000
 180.19637    0.00740   21.12758   20.87767    0.19651    0.10846   43.46112    4.51856   -2.44952    2.50748    2.00000
 180.04425   -0.01998   23.74674   23.30213    0.04855    0.02680    5.39442    1.80272    0.70039    7.67891    2.00000
 179.95045    0.37342   22.87153   22.55169    0.37669    0.20791   10.40257    0.53518   -1.56321   -1.33679    2.00000
 179.97353   -0.01801   23.36899   22.98509    0.03202    0.01768    7.03151   -1.60262   -4.39324   -8.54412    2.00000
 180.01453   -0.01823   23.61096   23.18939    0.02331    0.01287    5.96198   -4.39062    1.14508   -6.81289    2.00000
 180.00815   -0.11907   22.54737   22.26123    0.11935    0.06587   13.64784    2.51264    0.63666    4.32316    2.00000
 179.98152   -0.00164   22.04755   21.80116    0.01856    0.01024   20.32401   -1.77695   -2.84715   -3.25067    2.00000
 180.01768   -0.03395   22.06125   21.81392    0.03828    0.02113   20.09524   -5.44895   -0.61959   -5.64071    2.00000
 180.04457    0.09498   17.49507   16.91869    0.10491    0.05790  498.26025   -2.72423    0.43091   -2.29622    2.00000
 180.02313   -0.00016   23.40437   23.01506    0.02313    0.01277    6.83968   -2.99145   -2.31597   -6.07314    2.00000
 179.93501   -0.02166   22.69745   22.39619    0.06850    0.03781   12.04074    5.01147    1.90769    5.67290    2.00000
 179.98689    0.02402   22.37732   22.10570    0.02737    0.01511   15.49977   -4.24526    0.39395   -4.10330    2.00000
 179.90604   -0.05637   22.54268   22.25695    0.10957    0.06047   13.69870   -0.13204    2.59680    1.12018    2.00000
 179.92708   -0.18426   22.48878   22.20783    0.19816    0.10937   14.28362   -3.69637    2.32170   -1.34725    2.00000
 180.02248    0.07101   22.27184   22.00861    0.07449    0.04111   16.65595    0.71061   -0.41141    0.02168    2.00000
 180.06300    0.01845   23.70744   23.26958    0.06566    0.03624    5.55827   -5.05968   -4.21042   -8.42776    2.00000
 179.97508    0.06660   23.37443   22.98970    0.07111    0.03925    6.99564    0.35512    0.81294    1.72056    2.00000
 180.01828    0.00347   23.02980   22.69182    0.01861    0.01027    9.31257    1.38827    1.67750    0.28658    2.00000
 179.97552   -0.03685   16.74226   15.96158    0.04424    0.02442  788.36346    1.44384    2.69504    4.14510    2.00000
 180.00362   -0.00847   23.54503   23.13410    0.00921    0.00508    6.24035   -0.40903    2.28969   -4.47543    2.00000
 180.03638    0.05297   23.62382   23.20013    0.06427    0.03547    5.90794   -0.86749    1.27265   -3.74318    2.00000
 180.00275   -0.02283   23.09461   22.74846    0.02299    0.01269    8.87199    1.70748   -0.96899    1.40362    2.00000
 179.97908   -0.01201   20.85246   20.47644    0.02412    0.01331   58.82897   -3.32417   -0.67139   -3.94031    2.00000
 180.00320    0.00299   23.08741   22.74217    0.00438    0.00242    8.92095   -4.25455    2.04315   -7.96888    2.00000
 180.03690    0.16079   21.78543   21.55622    0.16497    0.09105   24.71640    1.35140   -0.92980   -0.46825    2.00000
 179.97557   -0.00314   23.58687   23.16926    0.02463    0.01359    6.06332    1.10204   -1.90425    1.58734    2.00000
 179.90089   -0.04406   22.32451   22.05705    0.10845    0.05986   16.07906    1.90975    1.68704    4.26454    2.00000
 179.84338   -0.06106   23.54503   23.13410    0.16810    0.09278    6.24035    2.22809    0.48154    1.65570    2.00000
 180.03574    0.01373   22.82219   22.50770    0.03828    0.02113   10.74471    2.53011    0.90331    3.58045    2.00000
 180.05609   -0.01347   22.49581   22.21424    0.05768    0.03184   14.20733    0.99143    0.13857    1.55132    2.00000
 180.01691   -0.00128   20.37631   19.90731    0.01694    0.00935   89.72091   -0.76725    0.76020    0.11772    2.00000
 180.02518   -0.04074   22.15424   21.90060    0.04789    0.02643   18.54094    0.17542   -0.18446   -1.33376    2.00000
 180.00793    0.01261   23.25223   22.88563    0.01490    0.00823    7.80511   -0.53480   -0.07520   -3.76549    2.00000
 179.93806   -0.04116   23.67189   23.24013    0.07436    0.04104    5.70652    2.65985   -4.42651   -1.24316    2.00000
 179.96484    0.00108   23.54773   23.13639    0.03517    0.01941    6.22884   -3.31218    0.77370    5.12577    2.00000
 180.04048    0.01364   23.79613   23.34290    0.04272    0.02358    5.18913   -2.42731   -0.80987    1.31257    2.00000
 179.99585    0.00414   23.60454   23.18403    0.00586    0.00323    5.98901    2.08847   -1.08256    3.96662    2.00000
 179.99873    0.03204   21.04424   20.77314    0.03206    0.01770   47.37869   -5.16699   -0.62847   -5.44150    2.00000
 180.02652   -0.00386   23.61739   23.19476    0.02680    0.01479    5.93496   -1.30508    1.89105   -3.77658    2.00000
 180.16023   -0.04886   23.37987   22.99431    0.16752    0.09246    6.95977   -4.87196   -0.78517   -1.22962    2.00000
 180.11691   -0.01254   23.80804   23.35273    0.11758    0.06490    5.13965   -0.40786    0.26953   13.57881    2.00000
 180.08276    0.10916   23.12342   22.77364    0.13699    0.07561    8.67618   -1.59769   -1.48125   -1.89378    2.00000
 179.91951   -0.10849   23.80089   23.34683    0.13509    0.07456    5.16934   -4.05356    0.49921   -7.54312    2.00000
 179.91190    0.12220   23.79375   23.34094    0.15065    0.08315    5.19903   -5.08765    3.19093    3.48082    2.00000
 179.29089    0.04716   23.19372   22.83482    0.71067    0.39226    8.20027    1.42203   -0.78317   -1.21043    2.00000
 180.01196   -0.00708   22.45831   22.18007    0.01390    0.00767   14.61423    5.08963    3.02195    9.64976    2.00000
 180.04375    0.13782   23.04901   22.70860    0.14460    0.07981    9.18203    0.09982   -1.84695   -6.35704    2.00000
 180.02579    0.04936   22.26156   21.99916    0.05569    0.03074   16.77356    6.64621    2.43747   10.67657    2.00000
 179.97153    0.01926   22.17160   21.91647    0.03438    0.01898   18.25633   -5.08346   -3.93764   -9.58361    2.00000
 179.98521   -0.04626   22.67409   22.37521    0.04856    0.02680   12.29058   -6.29723   -0.56668   -8.31375    2.00000
 180.04459    0.02539   22.29498   22.02987    0.05132    0.02832   16.40276   -0.04065    2.19771    2.58167    2.00000
 180.01207   -0.05299   22.85327   22.53541    0.05435    0.03000   10.52914   -0.83719   -0.21550    1.02955    2.00000
 180.02531    0.05325   23.76755   23.31931    0.05896    0.03254    5.30789    2.57978   -0.70856    7.60126    2.00000
 180.05215    0.05888   21.21108   20.97615    0.07866    0.04341   39.77065   -1.31613    3.82846    2.44650    2.00000
 180.00446   -0.00582   22.71491   22.41180    0.00733    0.00405   11.85484    3.25204   -1.87630    2.65699    2.00000
 179.99905    0.03960   23.12582   22.77574    0.03961    0.02186    8.65986   -3.96881   -2.06056   -6.40547    2.00000
 180.09389    0.25390   23.84138   23.38025    0.27070    0.14940    5.00111    1.34752   -0.33291   -2.22251    2.00000
 179.98129   -0.05889   23.57883   23.16256    0.06179    0.03410    6.09710   -9.47037    3.28454   -5.66653    2.00000
 180.01208   -0.14822   22.50050   22.21851    0.14871    0.08208   14.15646    6.18370   -5.53043    1.78630    2.00000
 179.98438    0.01912   23.55584   23.14325    0.02469    0.01363    6.19430   -0.66641    0.98272   -9.14353    2.00000
 180.05292   -0.03061   23.59329   23.17463    0.06113    0.03374    6.03630    1.41511    0.54183    3.65067    2.00000
 180.04108    0.00999   23.64309   23.21623    0.04227    0.02333    5.82687   -1.92596   -0.07409   -3.08090    2.00000
 180.12302    0.00937   23.74868   23.30374    0.12338    0.06810    5.38631    1.02995   -1.37724   -3.97352    2.00000
 180.01920    0.00310   22.13560   21.88357    0.01944    0.01073   18.84631    1.38224    3.05315    4.65941    2.00000
 180.01706    0.00226   23.27418   22.90468    0.01721    0.00950    7.65693   -4.06717    0.70264   -3.97668    2.00000
 180.11575    0.06375   23.54503   23.13410    0.13215    0.07293    6.24035   -0.81262    1.99107    4.31335    2.00000
 179.96761    0.00738   21.73242   21.50519    0.03323    0.01834   25.63148    3.90043   -0.96362    2.69684    2.00000
 180.01047    0.06147   22.36532   22.09464    0.06235    0.03441   15.63143    0.49837   -0.07310    2.12885    2.00000
 180.02637   -0.00051   22.70493   22.40288    0.02637    0.01455   11.96107    2.16304    0.80453    2.19211    2.00000
 180.07927    0.12375   23.14742   22.79462    0.14696    0.08111    8.51300    2.48002    1.10277   -0.12183    2.00000
 180.00362    0.00933   22.90543   22.58191    0.01001    0.00552   10.16750   -1.25567    2.64623    2.06314    2.00000
 179.98878    0.06354   23.15958   22.80519    0.06452    0.03561    8.43077    1.73123   -2.13852   -0.67004    2.00000
 179.94374   -0.35587   23.27661   22.90680    0.36029    0.19885    7.64046   -2.38035   -0.77679   -7.58854    2.00000
 180.00963   -0.05799   22.91065   22.58656    0.05879    0.03245   10.13134   -1.90664   -0.18498   -5.17278    2.00000
 180.00346   -0.03177   20.86726   20.50130    0.03196    0.01764   57.56636   -0.42299   -0.71292   -1.41917    2.00000
 180.06047   -0.00430   22.74734   22.44079    0.06063    0.03346   11.50961   -1.06189   -2.61483   -3.65532    2.00000
 179.90536    0.04254   21.06046   20.79452    0.10376    0.05727   46.57759    2.42020    2.33320    4.81609    2.00000
 180.01006   -0.00940   20.95642   20.64909    0.01376    0.00760   52.02782   -0.37039   -0.50523   -0.48306    2.00000
 179.81482   -0.14106   23.25223   22.88563    0.23279    0.12848    7.80511   -6.23419   -4.09650   -7.16075    2.00000
 179.95738    0.02466   22.29755   22.03223    0.04924    0.02717   16.37463   -2.40210   -0.13097   -2.34552    2.00000
 179.94267   -0.00507   23.50449   23.09980    0.05754    0.03176    6.41306    2.96640    0.85227    6.01091    2.00000
 180.05244    0.00946   23.56389   23.15006    0.05328    0.02941    6.16001    0.88259    2.18180    8.56729    2.00000
 179.91937    0.22011   21.57225   21.35096    0.23441    0.12938   29.64489    0.52540   -3.16432   -2.57639    2.00000
 179.95499    0.00680   23.37171   22.98739    0.04552    0.02512    7.01357    2.02095   -1.81446    0.14389    2.00000
 180.02010   -0.02369   23.68125   23.24788    0.03106    0.01714    5.66751    3.68927    3.59908   10.11399    2.00000
 181.09688   -0.33872   22.86892   22.54936    1.14798    0.63368   10.42065    7.14620    0.71173    5.80494    2.00000
 179.63721    0.11003   23.31455   22.93897    0.37911    0.20924    7.39021   -1.62092   -1.29510   -4.98152    2.00000
 179.91072   -0.05217   23.37987   22.99431    0.10341    0.05707    6.95977   -1.19510   -1.46201   -1.30805    2.00000
 180.05936   -0.09717   23.42070   23.02890    0.11386    0.06284    6.77002   -0.20628   -0.07054    0.29759    2.00000
 179.94482    0.21317   23.77946   23.32914    0.22019    0.12153    5.25841   -0.01082   -3.59833   -8.43179    2.00000
 180.01312    0.01984   23.70183   23.26493    0.02379    0.01313    5.58168   -0.41279   -0.54635   -2.53713    2.00000
 180.01913   -0.00736   21.04674   20.77643    0.02050    0.01131   47.25544   -2.22114    0.64093   -1.22855    2.00000
 179.98373    0.04191   23.75327   23.30752    0.04495    0.02481    5.36726    1.98549    2.76276    3.51037    2.00000
 179.98883    0.08586   23.65505   23.22619    0.08659    0.04779    5.77675    4.15673   -0.93778    0.66965    2.00000
 179.61909    0.47978   23.36626   22.98278    0.61260    0.33812    7.04944   -2.86859    0.81550   -2.43104    2.00000
 180.05463   -0.08187   23.55044   23.13868    0.09842    0.05432    6.21732   -2.40683    0.05519   -1.96683    2.00000
 180.03278    0.00786   21.48937   21.26831    0.03370    0.01860   31.81890   -0.15410    1.10027    2.19857    2.00000
 179.98293   -0.04713   22.29755   22.03223    0.05012    0.02766   16.37463   -3.83281    0.30813   -2.35339    2.00000
 179.98302   -0.02921   21.80449   21.57408    0.03379    0.01865   24.39612    2.09248    1.51571    2.69716    2.00000
 179.99232    0.03465   22.68452   22.38458    0.03549    0.01959   12.17895   -4.11065   -2.54734   -6.70404    2.00000
 180.07884    0.06425   20.85339   20.47790    0.10171    0.05613   58.75397    0.80166    1.07542    1.86305    2.00000
 179.91045   -0.00052   22.14437   21.89158    0.08956    0.04943   18.70261   -1.56216    1.26990    1.17391    2.00000
 179.96260   -0.00144   21.76946   21.54091    0.03743    0.02066   24.99092   -8.32130   -1.16535   -9.45595    2.00000
 179.92082    0.05621   22.82723   22.51221    0.09710    0.05359   10.70962   -0.66689    2.91680    0.45276    2.00000
 179.99213   -0.05578   23.64470   23.21757    0.05634    0.03109    5.82011    6.73685    0.86110    7.87960    2.00000
 180.84567    0.06381   22.21787   21.95899    0.84807    0.46810   17.49376    2.48112    3.14356    5.22204    2.00000
 180.04181   -0.06953   22.34611   22.07695    0.08113    0.04478   15.84208    4.02201   -3.23222    1.13568    2.00000
 179.97015   -0.00067   23.22541   22.86234    0.02986    0.01648    7.98622   -2.45183   -1.13669   -5.85656    2.00000
 180.03857   -0.01296   22.78726   22.47648    0.04069    0.02246   11.08471   -0.76269    1.46738   -0.03587    2.00000
 179.93855   -0.10915   22.71741   22.41403    0.12526    0.06913   11.82829    2.33489   -2.85945   -4.63484    2.00000
 180.11372   -0.00170   22.15643   21.90260    0.11373    0.06277   18.50502   -2.68664    1.53634   -3.67242    2.00000
 180.02380   -0.02371   22.56454   22.27678    0.03360    0.01854   13.46266   -3.61133   -1.89483   -6.62161    2.00000
 180.03925    0.08611   21.45286   21.23101    0.09463    0.05223   32.80028    3.84009    0.32856    4.33477    2.00000
 180.09126    0.14474   23.00934   22.67390    0.17111    0.09444    9.45199   -0.65113   -4.74880   -5.27458    2.00000
 179.96439   -0.01462   23.23517   22.87081    0.03849    0.02125    7.92036    3.12815   -5.10008   -6.23927    2.00000
 180.02827   -0.05457   22.96281   22.63305    0.06146    0.03392    9.76970    5.86164   -3.45059    0.76244    2.00000
 179.99303    0.00177   20.66982   20.23230    0.00720    0.00398   71.41095    0.01688   -1.05020   -1.33152    2.00000
 180.00484   -0.00693   21.92151   21.68379    0.00845    0.00466   22.42869   -2.92003    0.94856   -2.37959    2.00000
 179.98721    0.08852   21.70596   21.47967    0.08944    0.04936   26.25919   -2.14583    0.56447   -2.02603    2.00000
 179.99496    0.01743   23.51800   23.11123    0.01815    0.01002    6.35549   -0.46594   -1.75793   -5.67194    2.00000
 179.96228    0.02024   22.20244   21.94482    0.04281    0.02363   17.74795    0.82378   -1.45529   -2.98907    2.00000
 179.94533   -0.08615   20.92415   20.59666    0.10204    0.05632   53.99243    0.42128   -2.49665   -1.63642    2.00000
 179.97908   -0.06600   22.27698   22.01333    0.06924    0.03821   16.59969   -0.08776   -0.61610    0.64918    2.00000
 179.92319    0.03466   21.38243   21.15905    0.08428    0.04652   34.69294    1.50762   -3.42535   -1.58064    2.00000
 180.19150   -0.41967   23.57883   23.16256    0.46130    0.25461    6.09710    2.92954    1.77469    6.58607    2.00000
 180.00725    0.08875   21.90246   21.66593    0.08905    0.04915   22.74897    1.48720    0.87756    2.29423    2.00000
 179.96289   -0.07170   23.74487   23.30058    0.08073    0.04456    5.40222   -4.87161   -0.36765   -7.69558    2.00000
 180.23900    0.12043   23.52881   23.12038    0.26763    0.14771    6.30943    9.55770   -4.35830    5.68858    2.00000
 179.98534   -0.02073   23.05381   22.71280    0.02539    0.01401    9.14940   -2.17167    3.51203    2.35034    2.00000
 179.99727   -0.09406   21.11264   20.85953    0.09410    0.05193   44.14109   -4.85798    1.17131   -3.72666    2.00000
 180.09959    0.04021   23.71680   23.27733    0.10741    0.05928    5.51926    0.65921   -1.61052   -3.69482    2.00000
 179.96814   -0.04679   22.39172   22.11897    0.05660    0.03124   15.34178    1.97415   -1.17103   -0.52162    2.00000
 180.16232   -0.03098   21.23013   20.99773    0.16525    0.09120   38.96196   -0.05534    2.08318    1.80925    2.00000
 179.93935    0.11008   23.51800   23.11123    0.12569    0.06937    6.35549    2.85907   -1.98735    0.24668    2.00000
 180.00938   -0.04331   22.57237   22.28381    0.04431    0.02446   13.37894    4.21155    0.93283    5.84315    2.00000
 180.03564   -0.07440   23.32816   22.95050    0.08250    0.04554    7.30053    5.25944    0.23753    9.43907    2.00000
 179.98325    0.01729   23.15715   22.80307    0.02407    0.01329    8.44724   -5.19046   -0.78727   -6.68147    2.00000
 179.99767   -0.03680   21.63649   21.41271    0.03687    0.02035   28.02069   -1.79198    1.09319   -1.39137    2.00000
 180.08904   -0.02145   20.51618   20.05835    0.09158    0.05055   80.37489    0.41488   -0.82667   -0.14569    2.00000
 180.01271   -0.02117   21.58588   21.36406    0.02469    0.01363   29.30036   -4.79099    0.95538   -2.96345    2.00000
 180.03111    0.00572   21.40069   21.17771    0.03163    0.01746   34.20225    1.57607   -3.11953   -1.23935    2.00000
 179.99968   -0.06727   21.21365   20.97913    0.06727    0.03713   39.65874    0.87877    0.00986    0.96067    2.00000
 180.01501    0.12987   23.04661   22.70651    0.13074    0.07216    9.19835    1.79170   -1.25980   -0.71828    2.00000
 180.05585    0.06625   23.05141   22.71070    0.08665    0.04782    9.16571    0.93292    0.58801    3.49651    2.00000
 179.97356   -0.00222   23.73551   23.29283    0.02653    0.01464    5.44123   -7.36085   -3.39366  -12.49611    2.00000
 179.98338   -0.00731   22.45831   22.18007    0.01815    0.01002   14.61423    2.31458    0.76172    3.23575    2.00000
 180.01012   -0.01039   21.37983   21.15639    0.01450    0.00800   34.76304    3.20422    4.36236    7.67683    2.00000
 180.03522    0.04936   22.98780   22.65500    0.06064    0.03347    9.59899   -0.39451    0.26689   -0.60924    2.00000
 180.01939    0.00600   23.08021   22.73588    0.02031    0.01121    8.96990   -4.14136    0.24217   -4.57277    2.00000
 179.91696    0.02516   23.79137   23.33897    0.08676    0.04789    5.20893   -1.10534    4.12980    2.87353    2.00000
 179.99680    0.01359   21.94067   21.70166    0.01396    0.00771   22.10842   -2.16963   -4.27299   -6.20912    2.00000
 180.01378    0.02785   22.93934   22.61213    0.03107    0.01715    9.93244   -1.64016    0.01850   -2.34993    2.00000
 179.99677   -0.01002   21.29718   21.06946    0.01053    0.00581   37.04962   -0.98645    3.03107    2.30870    2.00000
 179.99597   -0.08274   23.56125   23.14782    0.08283    0.04572    6.17127   -2.22251   -3.48921   -1.99799    2.00000
 179.97281    0.57805   23.17665   22.82001    0.57869    0.31940    8.31552   -3.67777   -3.73623   -5.46671    2.00000
 179.98204    0.04177   23.68125   23.24788    0.04547    0.02510    5.66751   -2.92425    2.42613    1.01726    2.00000
 179.60915    0.26317   21.13355   20.88493    0.47119    0.26007   43.18912   -4.79670   -1.30354   -5.32998    2.00000
 179.96503    0.02368   23.74674   23.30213    0.04223    0.02331    5.39442   12.96628    3.17277   20.53383    2.00000
 180.13139    0.00091   22.06947   21.82158    0.13140    0.07252   19.95797    0.87075    5.51626    7.33873    2.00000
 180.13545   -0.01673   22.83501   22.51914    0.13648    0.07533   10.65572   -1.20567    0.67277   -1.12810    2.00000
 180.07088   -0.01088   21.76946   21.54091    0.07170    0.03957   24.99092    2.61462   -2.25062    0.88149    2.00000
 180.06369    0.00182   23.59169   23.17329    0.06372    0.03517    6.04306   -2.99884    0.67708    0.37242    2.00000
 180.18864    0.01843   21.99000   21.74758    0.18955    0.10462   21.28484   -0.92223   -3.05927   -3.81480    2.00000
 179.98061    0.03092   23.64309   23.21623    0.03650    0.02015    5.82687    2.99773    0.78747    3.89171    2.00000
 180.00835    0.05106   22.61149   22.31896    0.05173    0.02855   12.96034   -1.50402    1.28819    1.28229    2.00000
 179.92191    0.07120   20.87599   20.51627    0.10569    0.05833   57.00538   -2.60789    1.07834   -1.04402    2.00000
 179.91837   -0.00644   22.83762   22.52146    0.08188    0.04519   10.63763   -2.49209   -2.23235   -4.45412    2.00000
 180.10246   -0.03528   23.77946   23.32914    0.10836    0.05981    5.25841    2.53953    0.37304   -0.70726    2.00000
 180.02654   -0.00537   21.36157   21.13773    0.02708    0.01495   35.25373    0.51318    0.12175    0.50955    2.00000
 180.03566    0.00353   23.45044   23.05406    0.03583    0.01978    6.64333    0.38704    2.35912    2.24103    2.00000
 180.11790   -0.11645   23.03460   22.69602    0.16572    0.09146    9.27994    0.37731    0.90260    4.44708    2.00000
 180.01274    0.03793   23.71867   23.27888    0.04002    0.02209    5.51146   -2.32717    2.64564    0.84442    2.00000
 179.99889    0.00021   23.55584   23.14325    0.00114    0.00063    6.19430   -6.08986   -0.42539   -7.96209    2.00000
 179.99657    0.03096   23.61257   23.19074    0.03115    0.01719    5.95523    1.98231    0.20506    5.75399    2.00000
 179.87390    0.10627   21.65304   21.42864    0.16491    0.09102   27.60150    0.59953    4.50507    5.74966    2.00000
 180.01270   -0.04173   22.79974   22.48763    0.04362    0.02407   10.95192   -2.09830   -1.53297   -3.74806    2.00000
 179.98085    0.06913   21.32549   21.09962    0.07174    0.03959   36.25617   -3.79088    1.94086   -1.29410    2.00000
 180.34586   -0.01849   22.69745   22.39619    0.34635    0.19116   12.04074    6.44888    1.15936    7.56055    2.00000
 179.98776    0.06592   23.70932   23.27113    0.06704    0.03700    5.55047   -1.97822    0.52511   -6.07709    2.00000
 179.92107    0.01986   22.39172   22.11897    0.08139    0.04492   15.34178   -3.65715   -1.53138   -6.73589    2.00000
 180.00964    0.01909   23.13542   22.78413    0.02138    0.01180    8.59459    4.25861    2.56472    9.76141    2.00000
 179.97862    0.00854   23.59972   23.18000    0.02302    0.01271    6.00928    2.59861   -0.89472   -0.47116    2.00000
 179.97411   -0.03951   21.57420   21.35283    0.04724    0.02608   29.59567    4.39494    1.07992    5.25024    2.00000
 180.02327    0.01647   23.82947   23.37042    0.02851    0.01574    5.05059    0.74393    1.11172    1.50213    2.00000
 180.01462   -0.06227   22.70743   22.40511    0.06396    0.03530   11.93451   -1.02714    0.48462   -0.74230    2.00000
 180.12988   -0.10011   22.92630   22.60050    0.16399    0.09051   10.02285    2.39867   -0.60923    2.60604    2.00000
 180.07104   -0.02208   22.12245   21.87155    0.07440    0.04106   19.06186   -3.04873    0.60968   -1.28168    2.00000
 180.05704    0.07271   21.59172   21.36967    0.09241    0.05100   29.15271   -0.55053   -0.83829   -0.34418    2.00000
 179.98386   -0.01764   23.51530   23.10895    0.02391    0.01320    6.36700   -1.67222    0.38240   -2.59665    2.00000
 180.01276   -0.08427   23.33633   22.95742    0.08523    0.04704    7.24673    5.30849   -0.00837    3.55401    2.00000
 180.10445   -0.09122   21.00008   20.71338    0.13868    0.07654   49.61816   -3.99823   -0.43453   -4.38383    2.00000
 179.76515   -0.17945   23.01688   22.68051    0.29557    0.16313    9.40053   -3.06544   -4.12398   -8.56697    2.00000
 180.09999   -0.08382   22.67930   22.37990    0.13047    0.07201   12.23476    1.40656   -0.18783    3.30477    2.00000
 180.15514   -0.18412   20.67453   20.23797    0.24076    0.13288   71.11876    2.80255   -1.71805    1.35495    2.00000
 180.00098   -0.00459   23.40981   23.01967    0.00469    0.00259    6.81646    3.13693   -0.94342    4.59273    2.00000
 180.04614   -0.05877   23.58205   23.16524    0.07472    0.04124    6.08359   -2.02157   -1.94533    2.90223    2.00000
 179.94962    0.00271   23.83185   23.37239    0.05047    0.02785    5.04069    3.39248    0.52070   -0.64301    2.00000
 180.21124   -0.20226   23.37987   22.99431    0.29246    0.16142    6.95977    2.88039   -1.81919   -0.05846    2.00000
 179.93867   -0.03680   22.34131   22.07253    0.07152    0.03947   15.89474   -0.74078    1.65702    1.66059    2.00000
 180.04526    0.00797   22.20501   21.94718    0.04595    0.02536   17.70559   -3.54442   -1.40717   -5.83497    2.00000
 179.92999    0.03110   22.24357   21.98262    0.07661    0.04228   17.07011   -0.22645    1.87916    1.98619    2.00000
 180.06071    0.02301   23.29006   22.91822    0.06492    0.03583    7.55162    2.90427    0.43035    0.93151    2.00000
 179.98703   -0.00377   16.93414   16.18501    0.01351    0.00746  711.82977    6.07747   -0.81716    5.26624    2.00000
 180.02176    0.03644   23.76517   23.31735    0.04244    0.02342    5.31778   -3.29484    0.21480   -3.04064    2.00000
 180.16052    0.04609   23.56389   23.15006    0.16701    0.09218    6.16001    1.42590   -3.02296   -1.06470    2.00000
 180.02364    0.05294   16.90552   16.21755    0.05797    0.03200  701.14514   -2.40086   -1.53639   -3.94889    2.00000
 180.21928   -0.24248   21.23467   21.00264    0.32693    0.18044   38.80729   -4.88115   -0.95170   -6.33600    2.00000
 180.03362   -0.02037   23.07781   22.73378    0.03930    0.02169    8.98622   -6.86004    3.50884   -5.53526    2.00000
 180.07816   -0.02620   21.61508   21.39213    0.08243    0.04549   28.56209   -0.50566   -2.83054   -3.60183    2.00000
 180.00294   -0.05770   22.64800   22.35177    0.05777    0.03189   12.56964    5.52699    2.10148    4.76024    2.00000
 179.94838   -0.20143   22.91326   22.58888    0.20794    0.11477   10.11326    3.70401   -0.42853    6.33159    2.00000
 180.08185   -0.10282   21.22922   20.99674    0.13142    0.07253   38.99879   -4.37955    3.54126   -0.66902    2.00000
 179.91177    0.04741   21.77476   21.54601    0.10016    0.05528   24.89941   -4.87547   -0.05129   -4.34257    2.00000
 180.01974   -0.00644   23.06821   22.72539    0.02077    0.01147    9.05149    3.43184   -0.78694    4.86913    2.00000
 180.00539    0.05195   21.57420   21.35283    0.05223    0.02883   29.59567    1.79210   -2.53768   -1.53046    2.00000
 179.96500   -0.02123   23.29278   22.92052    0.04094    0.02260    7.53369   -3.81026    1.84915   -8.62681    2.00000
 179.97227    0.05526   21.33560   21.11040    0.06182    0.03412   35.97279   -6.79729    0.83335   -5.65545    2.00000
 179.95552    0.01665   23.40437   23.01506    0.04750    0.02622    6.83968    0.06735    1.26419   -2.42214    2.00000
 180.06276   -0.12673   21.64510   21.42099    0.14142    0.07805   27.80285    0.74352    1.04933    2.37840    2.00000
 180.00819   -0.00374   23.76041   23.31342    0.00900    0.00497    5.33757   -3.11982    4.37431    2.45237    2.00000
 179.99593    0.06321   21.71390   21.48733    0.06334    0.03496   26.05784   -5.01215   -1.14207   -5.63899    2.00000
 180.02534   -0.08255   23.18884   22.83059    0.08635    0.04766    8.23320   -6.82027    1.81700   -7.82475    2.00000
 180.01328    0.03684   21.58004   21.35845    0.03917    0.02162   29.44802   -4.14540    1.86055   -1.37325    2.00000
 179.93956    0.20308   23.30639   22.93205    0.21188    0.11694    7.44401   -4.63643   -0.13016   -5.60592    2.00000
 180.02322    0.06130   22.40612   22.13224    0.06556    0.03618   15.18380    2.91307   -2.38727   -0.06225    2.00000
 179.93356   -0.04024   22.87413   22.55401    0.07767    0.04287   10.38449    0.71519    0.08949    1.98799    2.00000
 180.01071   -0.00339   22.77229   22.46309    0.01124    0.00620   11.24404   -1.60583    2.41702   -0.37574    2.00000
 180.01196   -0.01045   22.85327   22.53541    0.01588    0.00876   10.52914    3.55283    2.75698    4.04640    2.00000
 180.02281    0.04534   22.66887   22.37052    0.05076    0.02801   12.34639   -0.80567    2.05478   -1.75737    2.00000
 180.02603    0.02448   23.56919   23.15450    0.03573    0.01972    6.13764    2.12551    0.53251    3.03962    2.00000
 180.01430    0.02707   23.07781   22.73378    0.03062    0.01690    8.98622   -3.10549    0.95649   -2.92093    2.00000
 179.97099    0.02894   22.77978   22.46979    0.04098    0.02262   11.16438   -1.41218    1.90494   -0.16613    2.00000
 180.04675   -0.05382   23.62060   23.19744    0.07129    0.03935    5.92145    0.88866   -1.13074    5.82534    2.00000
 179.99214    0.00828   23.33361   22.95511    0.01141    0.00630    7.26466    6.87568   -2.98274    2.45735    2.00000
 179.87907   -0.13905   20.52724   20.07035    0.18427    0.10170   79.75640    7.42686    3.52126   10.94610    2.00000
 180.01358    0.08014   23.15715   22.80307    0.08129    0.04486    8.44724   -4.32420   -2.10590   -9.58117    2.00000
 180.15872   -0.20856   22.46066   22.18220    0.26208    0.14465   14.58880   -4.06687   -0.42016   -3.91134    2.00000
 179.88292    0.00515   23.12582   22.77574    0.11719    0.06468    8.65986   -0.68978    0.24712    0.19746    2.00000
 179.96321   -0.07664   23.37443   22.98970    0.08501    0.04692    6.99564   -2.05189    1.73496    4.47597    2.00000
 180.01463   -0.09058   20.48744   20.02715    0.09175    0.05064   81.98295    0.09952    2.08921    2.23526    2.00000
 179.94743   -0.00020   21.64510   21.42099    0.05257    0.02902   27.80285   -2.83221   -1.02347   -3.91822    2.00000
 180.09042    0.02450   23.35810   22.97586    0.09368    0.05170    7.10325    1.60629   -0.40961    3.22893    2.00000
 180.02119    0.03948   21.91879   21.68124    0.04481    0.02473   22.47445    4.28898    3.72685    8.19859    2.00000
 180.03096    0.00034   23.32544   22.94819    0.03096    0.01709    7.31847   -2.37720    0.87938   -1.05523    2.00000
 180.03894   -0.14273   23.76755   23.31931    0.14795    0.08166    5.30789   -0.88558    1.09681   -3.18596    2.00000
 180.00252    0.01992   22.77479   22.46533    0.02008    0.01108   11.21749    2.93812   -1.80208    2.34988    2.00000
 179.92735   -0.07521   22.01740   21.77310    0.10456    0.05771   20.82730   -0.05829   -0.68187    0.20117    2.00000
 180.15160    0.03482   23.18884   22.83059    0.15555    0.08585    8.23320    1.08866    1.79908    3.03613    2.00000
 180.04288    0.05849   23.39892   23.01045    0.07252    0.04003    6.86289   -8.16455   -3.42844  -10.51838    2.00000
 179.97668    0.00510   22.93151   22.60515    0.02386    0.01317    9.98668   -5.32435    1.92517   -3.76906    2.00000
 179.97040   -0.02565   22.26413   22.00152    0.03917    0.02162   16.74035   -2.04253    1.95245    0.40521    2.00000
 180.10214   -0.00360   23.09221   22.74637    0.10220    0.05641    8.88831    2.59963   -0.92493    2.19617    2.00000
 179.99603   -0.03592   22.51456   22.23133    0.03613    0.01994   14.00388    4.11667   -3.04538    2.07040    2.00000
 180.01363   -0.00511   23.07781   22.73378    0.01456    0.00804    8.98622    1.47280    4.27688    4.62317    2.00000
 179.97263    0.00592   23.66441   23.23394    0.02802    0.01546    5.73773    1.01489    1.80264   -1.36039    2.00000
 179.99454    0.09378   23.45314   23.05635    0.09394    0.05185    6.63182    1.52776   -1.40713   -2.78152    2.00000
 180.21565   -0.00599   23.36626   22.98278    0.21574    0.11907    7.04944   -6.05407   -2.16963   -4.43858    2.00000
 180.04672    0.02472   22.47003   22.19075    0.05285    0.02917   14.48707   -2.36593   -0.22877   -1.82534    2.00000
 180.01964   -0.10134   23.10421   22.75686    0.10323    0.05697    8.80672    3.45237   -2.36205   -1.33818    2.00000
 180.11380   -0.16530   17.92679   17.90464    0.20068    0.11076  302.07718   -2.14978    2.49814    0.29481    2.00000
 180.05905    0.02905   22.39652   22.12339    0.06581    0.03632   15.28912   -1.68808    3.30522    0.05918    2.00000
 179.96309    0.01201   23.15227   22.79884    0.03881    0.02142    8.48017    1.45829    1.45471    3.91466    2.00000
 180.02229    0.10415   22.54503   22.25909    0.10651    0.05879   13.67327    1.86248   -0.46868    0.96002    2.00000
 180.09625    0.05523   22.60106   22.30959    0.11098    0.06125   13.07197   -6.16097    2.90176   -2.94870    2.00000
 179.96687    0.05498   23.30911   22.93436    0.06419    0.03543    7.42608   -0.63714    0.09449    0.27049    2.00000
 179.99837   -0.01415   23.80804   23.35273    0.01424    0.00786    5.13965   -3.63075    0.77506    1.00377    2.00000
 180.00294    0.01554   22.11009   21.86018    0.01582    0.00873   19.26570    4.88184    0.45581    6.38546    2.00000
 179.90491   -0.04126   22.88457   22.56331    0.10366    0.05721   10.31216   -2.13576   -1.03324    0.17730    2.00000
 179.93971   -0.03171   23.79851   23.34487    0.06812    0.03760    5.17924    2.21518   -2.60878   -7.96395    2.00000
 179.96175    0.07828   23.50179   23.09751    0.08712    0.04808    6.42457    4.41402    3.63481    5.55266    2.00000
 179.96051    0.03255   22.87413   22.55401    0.05118    0.02825   10.38449   -5.48654   -0.48510   -4.59482    2.00000
 180.07610    0.00331   23.55314   23.14096    0.07616    0.04204    6.20581   -1.06053    3.43497   -1.33692    2.00000
 180.01292   -0.01462   22.18959   21.93301    0.01952    0.01077   17.95978   -2.21758   -2.74392   -5.90101    2.00000
 179.98734   -0.05346   23.71680   23.27733    0.05494    0.03032    5.51926   -0.70965   -4.17964   -9.85923    2.00000
 179.89418   -0.04097   23.60132   23.18134    0.11348    0.06263    6.00252    2.81560   -0.35282    1.75596    2.00000
 179.91806   -0.00807   19.48808   18.97416    0.08234    0.04544  164.50188   -1.41471    1.46326   -0.08653    2.00000
 179.98103   -0.04605   23.78899   23.33700    0.04981    0.02749    5.21882   -3.54869   -1.42729   -7.04708    2.00000
 179.96185   -0.02795   22.44191   22.16512    0.04730    0.02610   14.79225   -0.36334    2.27648    0.99060    2.00000
 180.11844    0.00942   22.23329   21.97317    0.11882    0.06558   17.23957    3.85876   -1.73183    2.69488    2.00000
 180.01509    0.02920   23.01042   22.67484    0.03287    0.01814    9.44464    1.14150   -2.36670   -3.11365    2.00000
 179.96739    0.00291   21.55668   21.33599    0.03274    0.01807   30.03864   -4.00091    7.70134    4.20500    2.00000
 179.98758   -0.00525   22.24100   21.98026    0.01348    0.00744   17.11248    2.01220    0.51925    2.84833    2.00000
 180.03613   -0.01974   23.37171   22.98739    0.04118    0.02273    7.01357    0.82090    0.72016    2.35712    2.00000
 179.98950    0.00996   23.15227   22.79884    0.01447    0.00799    8.48017    6.48764   -1.57776    1.20954    2.00000
 179.68433    0.04031   22.64018   22.34474    0.31823    0.17564   12.65337    1.29541    1.42768    1.34835    2.00000
 179.99541   -0.02249   22.06947   21.82158    0.02296    0.01267   19.95797    8.13190   -1.70313    6.47968    2.00000
 180.01585   -0.02012   21.88886   21.65318    0.02562    0.01414   22.97774    6.22776    2.45367   10.06089    2.00000
 179.95142   -0.05826   22.57497   22.28615    0.07586    0.04187   13.35104    1.46500   -1.23239   -1.38861    2.00000
 180.11008    0.10393   23.17178   22.81577    0.15139    0.08355    8.34845    5.21549    3.38976   12.98555    2.00000
 179.94164    0.01684   23.53692   23.12724    0.06074    0.03352    6.27489    1.09570    2.42107    3.87672    2.00000
 180.00845    0.01420   23.73925   23.29593    0.01653    0.00912    5.42563   -1.84476   -0.37113   -9.57997    2.00000
 179.97540   -0.00888   22.73737   22.43187    0.02614    0.01443   11.61584   -1.22973   -1.25146   -2.68893    2.00000
 180.04253   -0.01509   23.30095   22.92744    0.04511    0.02490    7.47988    3.84888    2.31621    7.08634    2.00000
 180.05302    0.06067   22.27698   22.01333    0.08058    0.04447   16.59969   -4.78636    2.91974   -0.85433    2.00000
 180.78824   -0.13736   22.46769   22.18861    0.80011    0.44163   14.51250   -7.54126    0.51439   -7.63607    2.00000
 180.01984    0.00624   22.67409   22.37521    0.02080    0.01148   12.29058   -1.64784   -0.36195   -3.46622    2.00000
 179.98019   -0.05700   23.54233   23.13182    0.06035    0.03331    6.25187   -0.24682    0.98251    3.83177    2.00000
 179.99252   -0.00968   22.55206   22.26550    0.01223    0.00675   13.59698    8.89713   -1.99710   10.04059    2.00000
 180.00488    0.02917   23.30095   22.92744    0.02958    0.01632    7.47988    0.69684    0.22206   -0.17071    2.00000
 179.98466    0.03457   21.36418   21.14040    0.03782    0.02087   35.18363   -1.79739   -2.45377   -3.48942    2.00000
 180.03754   -0.01188   22.71990   22.41626    0.03937    0.02173   11.80173   -0.75649   -1.98202   -4.34451    2.00000
