#RA        DEC       MAG_G     MAG_I     ANGSEP    RPROJ     SNR       VTRUE       VSYS       VMEAS      VSYSERR    
 179.95992    0.09114   23.82947   23.37042    0.09956    0.05495    5.05059   -3.23721   -1.92471   -6.93100    2.00000
 179.97551    0.01987   23.04421   22.70441    0.03153    0.01740    9.21467    1.35155    2.03026    3.81074    2.00000
 180.26051   -0.43561   22.33411   22.06590    0.50757    0.28014   15.97374   -0.50871   -0.62951   -1.20405    2.00000
 179.95100    0.06170   23.51530   23.10895    0.07879    0.04348    6.36700   -4.79578    2.03528   -5.96232    2.00000
 179.88637   -0.18167   23.62060   23.19744    0.21428    0.11827    5.92145   -2.53633    2.27493    1.78748    2.00000
 179.97673    0.26388   23.19859   22.83906    0.26490    0.14620    8.16734   -2.83576    0.46827   -6.76891    2.00000
 180.00708   -0.02490   22.67148   22.37286    0.02589    0.01429   12.31848   -1.50745   -0.83248   -1.75234    2.00000
 179.95818    0.10765   17.92629   17.52503    0.11549    0.06374  366.82123   -3.61188    2.42688   -1.14613    2.00000
 179.95172    0.07201   19.64391   19.13684    0.08670    0.04785  149.58466    3.81394    1.92996    5.87690    2.00000
 180.10382    0.00912   23.77470   23.32521    0.10422    0.05752    5.27820    1.92755    4.32610    5.73354    2.00000
 179.90266    0.03374   22.82219   22.50770    0.10301    0.05685   10.74471    0.41275   -1.72794    1.64133    2.00000
 179.99103   -0.00130   22.35331   22.08359    0.00907    0.00501   15.76309    1.41110    1.13502    4.07361    2.00000
 179.99791   -0.04241   22.94716   22.61910    0.04246    0.02344    9.87819    4.57324    0.57628    3.79338    2.00000
 180.07822    0.33215   23.23517   22.87081    0.34124    0.18834    7.92036   -0.18392    0.31238    0.83338    2.00000
 179.98183   -0.02847   21.12310   20.87223    0.03378    0.01864   43.66511   -5.86361   -2.39456   -7.96037    2.00000
 180.05165   -0.03683   22.22558   21.96608    0.06344    0.03501   17.36667    2.31612   -1.80508    1.23470    2.00000
 179.96564    0.01921   23.20835   22.84753    0.03937    0.02173    8.10148    1.11329   -0.75797    3.74173    2.00000
 179.98756    0.06948   20.92199   20.59315    0.07058    0.03896   54.12417    3.72283   -5.05423   -1.15137    2.00000
 179.97122    0.05129   22.37732   22.10570    0.05881    0.03246   15.49977    6.26216    0.74944    8.49929    2.00000
 179.99083    0.30253   22.49347   22.21210    0.30267    0.16705   14.23276    3.66576    1.09782    6.20215    2.00000
 180.00087    0.04215   22.18702   21.93064    0.04216    0.02327   18.00214   -1.22085   -0.63790   -1.88532    2.00000
 180.06400    0.06053   22.08452   21.83586    0.08808    0.04862   19.70189    0.77191   -1.59202   -0.14988    2.00000
 180.03062    0.09966   22.65844   22.36115    0.10425    0.05754   12.45802    3.28301    2.78038    7.26929    2.00000
 179.90831   -0.13598   23.64791   23.22026    0.16401    0.09052    5.80660    2.94443   -0.57926   -1.27042    2.00000
 180.13503   -0.08300   21.08129   20.82143    0.15850    0.08748   45.56904    2.33587   -0.15368    2.77430    2.00000
 179.79813    0.07313   20.10666   19.62173    0.21471    0.11850  109.25267   -1.19279    0.49363   -0.57531    2.00000
 180.07838   -0.06485   23.23029   22.86658    0.10173    0.05615    7.95329    5.17447    0.34180    1.06288    2.00000
 180.01991   -0.11336   23.41253   23.02198    0.11510    0.06353    6.80485    4.65545    0.40486    4.05723    2.00000
 179.73656    0.52996   20.82931   20.44006    0.59183    0.32666   60.70390   -5.28079    0.36319   -4.53683    2.00000
 179.98383   -0.01275   23.32816   22.95050    0.02060    0.01137    7.30053   -0.24544    1.47271   -1.56699    2.00000
 180.02473   -0.00598   23.26686   22.89833    0.02545    0.01405    7.70632    0.07194   -1.46639    2.53901    2.00000
 179.98447    0.01897   23.29550   22.92283    0.02452    0.01353    7.51575    2.60187   -0.39811    0.37350    2.00000
 180.01147   -0.01482   23.65505   23.22619    0.01875    0.01035    5.77675   -1.08269   -1.18910   -0.51374    2.00000
 180.02472   -0.03813   23.61257   23.19074    0.04544    0.02508    5.95523    4.80267    1.93039    6.57151    2.00000
 179.92043    0.06339   23.01150   22.67579    0.10173    0.05615    9.43729    1.54398    1.17188    4.18373    2.00000
 179.99464    0.00157   23.53962   23.12953    0.00558    0.00308    6.26338    1.79564    1.48054    7.37289    2.00000
 179.83495    0.37844   21.12310   20.87223    0.41287    0.22788   43.66511   -4.23279   -1.37317   -5.77203    2.00000
 179.97998   -0.07772   23.73177   23.28973    0.08026    0.04430    5.45684    0.31057    2.75372    2.78501    2.00000
 180.00983    0.02350   22.89761   22.57493    0.02547    0.01406   10.22175    1.64804   -0.74685    2.16346    2.00000
 179.98317    0.03033   21.29313   21.06515    0.03469    0.01915   37.16297   -1.00407   -1.23011   -1.65394    2.00000
 179.85329   -0.05157   22.69994   22.39842    0.15552    0.08584   12.01418   -1.08833   -4.73989   -4.37232    2.00000
 179.90532    0.01869   23.05861   22.71700    0.09651    0.05326    9.11676    0.00623    0.78898   -0.85658    2.00000
 180.03304   -0.06340   22.00918   21.76544    0.07149    0.03946   20.96456   -2.32072    0.12429   -0.92795    2.00000
 180.09698    0.01996   23.32000   22.94358    0.09902    0.05465    7.35434    0.80089    2.74891    7.19921    2.00000
 179.77635    0.07814   22.21272   21.95427    0.23691    0.13076   17.57849    3.21098    0.47759    3.20054    2.00000
 179.96472   -0.00865   22.61671   22.32365    0.03632    0.02005   12.90453    0.50617   -3.47312   -4.49835    2.00000
 180.04523   -0.01675   23.76517   23.31735    0.04823    0.02662    5.31778   -0.98979   -0.42775   -1.09261    2.00000
 180.12354   -0.05237   21.30527   21.07808    0.13417    0.07405   36.82292    1.56716    0.09143    2.29424    2.00000
 179.84517    0.01057   22.96020   22.63073    0.15519    0.08565    9.78778   -2.91792    0.88491   -0.55450    2.00000
 179.98708   -0.01690   21.98451   21.74248    0.02128    0.01175   21.37635    3.48293   -3.07945    0.84566    2.00000
 180.06049    0.07031   23.02500   22.68763    0.09274    0.05118    9.34521    2.26756   -0.52630    3.18135    2.00000
 180.02972   -0.02645   21.20594   20.97017    0.03979    0.02196   39.99447    1.34043   -0.54362    1.27548    2.00000
 180.00351    0.04014   22.17417   21.91883    0.04029    0.02224   18.21397   -1.38527   -0.53357   -1.63858    2.00000
 180.09892   -0.00810   23.15958   22.80519    0.09926    0.05478    8.43077   -0.54537    0.05145   -1.40303    2.00000
 180.10066   -0.33719   23.77708   23.32718    0.35189    0.19422    5.26830   -2.73264   -2.66824   -5.62840    2.00000
 180.03172    0.03378   22.73238   22.42741    0.04634    0.02558   11.66895   -0.99165   -0.02287    0.03896    2.00000
 178.79385   -0.25827   22.04207   21.79606    1.23348    0.68089   20.41551   11.35030    3.30530   15.38942    2.00000
 180.10568    0.01730   22.34131   22.07253    0.10710    0.05911   15.89474   -1.86327    0.53234    0.14960    2.00000
 179.98459   -0.01464   22.39892   22.12560    0.02126    0.01173   15.26279   -6.86410    0.44562   -6.75412    2.00000
 180.09412   -0.01313   23.29550   22.92283    0.09503    0.05245    7.51575    0.90698    1.16908    2.43672    2.00000
 179.98085   -0.05656   22.23586   21.97553    0.05971    0.03296   17.19721    2.45350   -1.73087    0.96399    2.00000
 180.10635    0.07540   20.85773   20.48497    0.13037    0.07195   58.38962   -2.46598    2.04229   -0.67012    2.00000
 180.05965   -0.05032   22.16849   21.91362    0.07804    0.04307   18.30743    5.93783    0.31347    5.45128    2.00000
 179.97050    0.06095   23.57562   23.15987    0.06771    0.03737    6.11062   -3.29999   -0.95494   -5.98446    2.00000
 180.01736   -0.03242   23.79613   23.34290    0.03678    0.02030    5.18913   -0.79664   -1.28998   -6.05336    2.00000
 180.04807    0.00620   23.61096   23.18939    0.04846    0.02675    5.96198    0.27382    0.02865   -4.50107    2.00000
 179.97833    0.02897   23.18640   22.82847    0.03617    0.01996    8.24966   -4.76344    2.01622   -4.24007    2.00000
 180.01756   -0.00247   22.68713   22.38693    0.01773    0.00979   12.15104    6.45546    1.33179    7.28641    2.00000
 179.85791    0.14449   23.15471   22.80096    0.20265    0.11185    8.46370    0.53880    1.17123   -0.56771    2.00000
 179.97980   -0.06213   23.11381   22.76525    0.06533    0.03606    8.74145    0.54411    3.36754    5.23552    2.00000
 180.02969    0.09341   23.40981   23.01967    0.09801    0.05410    6.81646   -1.10645   -0.03191   -1.14962    2.00000
 180.00862    0.13672   23.31183   22.93666    0.13699    0.07561    7.40814   -3.10316   -4.09562  -12.16762    2.00000
 180.07251   -0.02278   23.28462   22.91361    0.07601    0.04195    7.58749    4.05355    2.08907    3.21562    2.00000
 179.98018   -0.00708   23.71306   23.27423    0.02104    0.01161    5.53487   -0.53088    3.62532   -0.41322    2.00000
 180.02579    0.11693   23.59329   23.17463    0.11974    0.06609    6.03630    1.79911    0.11704   -3.72591    2.00000
 180.03540    0.05904   23.60454   23.18403    0.06884    0.03800    5.98901   -2.86805   -3.40073   -8.82374    2.00000
 179.99023   -0.02713   23.74674   23.30213    0.02883    0.01591    5.39442   -1.72320    0.40591   -6.26665    2.00000
 179.90625   -0.07097   23.16934   22.81366    0.11758    0.06490    8.36491   -1.06776   -3.72782   -2.22459    2.00000
 179.94707   -0.02786   22.34131   22.07253    0.05981    0.03301   15.89474    3.07816   -1.62390    3.36976    2.00000
 180.08437    0.05221   23.23517   22.87081    0.09922    0.05476    7.92036   -2.19089    3.36724   -1.34556    2.00000
 180.08334    0.00889   17.96554   18.00254    0.08382    0.04626  285.46304   -5.29179   -2.27953   -7.55672    2.00000
 180.02998   -0.02641   22.04755   21.80116    0.03995    0.02205   20.32401   -0.06158   -0.85875   -1.39353    2.00000
 180.03542   -0.00479   22.60106   22.30959    0.03574    0.01973   13.07197   -0.42944    0.97524    1.63662    2.00000
 180.05167   -0.01059   21.81809   21.58684    0.05274    0.02911   24.16735    4.25227    1.17689    5.49046    2.00000
 180.01161   -0.05386   22.30771   22.04157    0.05510    0.03041   16.26338   -0.64698   -2.03745   -2.17171    2.00000
 180.19489    0.64179   22.32691   22.05926    0.67072    0.37020   16.05273  -10.99184   -6.11034  -15.61288    2.00000
 179.99213    0.00343   23.30911   22.93436    0.00859    0.00474    7.42608    2.10464   -0.60235   -0.04429    2.00000
 180.04279   -0.07139   22.69994   22.39842    0.08323    0.04593   12.01418   -2.83868   -1.08644   -5.27183    2.00000
 180.00932    0.04297   22.47003   22.19075    0.04397    0.02427   14.48707   -0.77850   -0.80405   -1.29405    2.00000
 179.92397    0.01427   22.86109   22.54239    0.07735    0.04269   10.47490   -5.39535   -2.09613   -7.37305    2.00000
 180.01595    0.00657   23.82709   23.36845    0.01725    0.00952    5.06049    1.06453   -1.53099   -3.69150    2.00000
 180.01309    0.15330   23.77470   23.32521    0.15386    0.08492    5.27820    0.96636    1.73236   -0.58977    2.00000
 179.94682   -0.01434   23.71867   23.27888    0.05507    0.03039    5.51146    5.51210   -5.26610    0.40022    2.00000
 179.97035   -0.00184   23.03701   22.69811    0.02970    0.01639    9.26362   -2.05425    2.99539    2.65078    2.00000
 179.98282   -0.04382   22.00096   21.75779    0.04707    0.02598   21.10183   -0.99927    2.08133    0.57166    2.00000
 179.98624   -0.07287   22.12245   21.87155    0.07416    0.04093   19.06186    0.04218   -0.14729    0.31448    2.00000
 180.02711   -0.10676   22.24614   21.98498    0.11015    0.06080   17.02775   -3.85851    0.57308   -3.22903    2.00000
 180.05440   -0.06696   22.76481   22.45640    0.08627    0.04761   11.32371    4.59351    3.36553    9.19968    2.00000
 179.93439    0.16398   22.93934   22.61213    0.17662    0.09748    9.93244   -6.92555   -0.86771   -7.92673    2.00000
 180.03671   -0.08656   23.71867   23.27888    0.09402    0.05189    5.51146    4.69438    0.55096    5.22863    2.00000
 180.13680   -0.08016   23.78899   23.33700    0.15855    0.08751    5.21882    5.06256   -0.22862   12.33250    2.00000
 179.99635   -0.03654   22.04481   21.79861    0.03672    0.02027   20.36976    0.70811   -3.39025   -2.82745    2.00000
 179.88591   -0.11476   23.14502   22.79252    0.16182    0.08931    8.52932   -1.33548    2.58404    3.04269    2.00000
 179.96649    0.03485   21.84259   21.60980    0.04835    0.02668   23.75556   -1.94541   -1.66457   -5.52240    2.00000
 179.96788    0.06960   23.73925   23.29593    0.07666    0.04231    5.42563   -1.55583   -4.16332   -2.41744    2.00000
 180.04272   -0.00150   21.61897   21.39587    0.04275    0.02360   28.46366   -3.30674   -0.87419   -4.75768    2.00000
 179.86153   -0.00574   23.16446   22.80942    0.13859    0.07649    8.39784    1.08505    0.32256    1.83679    2.00000
 180.03188   -0.02806   23.56919   23.15450    0.04246    0.02344    6.13764   -1.33708   -0.47974    0.97158    2.00000
 180.00218   -0.01425   23.25711   22.88986    0.01442    0.00796    7.77218    1.02880   -3.99380   -5.24155    2.00000
 180.04308   -0.10238   20.87440   20.51355    0.11107    0.06130   57.10737    4.15903   -1.06059    3.18007    2.00000
 180.01512    0.03817   22.06947   21.82158    0.04106    0.02266   19.95797    4.26596   -1.41104    3.11515    2.00000
 179.95474    0.01691   23.72054   23.28043    0.04831    0.02666    5.50366   -4.77197   -0.40196   -1.03033    2.00000
 180.19701    0.00192   22.30526   22.03932    0.19702    0.10874   16.29024    1.98729    0.91545    4.64144    2.00000
 179.97562    0.07164   23.06341   22.72119    0.07568    0.04177    9.08412    5.76971   -2.61389    5.24923    2.00000
 180.05949    0.01060   21.87253   21.63787    0.06043    0.03336   23.25227    3.57148   -0.37212    4.33800    2.00000
 179.96947   -0.00707   23.72616   23.28508    0.03135    0.01730    5.48025    3.25332   -0.49045    3.04856    2.00000
 179.85046   -0.03004   16.75311   15.97455    0.15253    0.08418  783.03870   -5.07441    4.58301   -0.48956    2.00000
 180.01578    0.02245   23.13062   22.77993    0.02745    0.01515    8.62723    1.09573    1.16783    3.23130    2.00000
 179.96706    0.03297   22.77229   22.46309    0.04661    0.02573   11.24404   -3.76921   -2.34305   -5.34495    2.00000
 180.02448    0.01788   22.67148   22.37286    0.03030    0.01672   12.31848   -0.05613    1.04875    3.26841    2.00000
 180.01843   -0.01166   22.19473   21.93773    0.02181    0.01204   17.87505    3.69036    2.21041    6.34737    2.00000
 180.06673   -0.03194   23.22298   22.86023    0.07397    0.04082    8.00269    0.90115   -2.10099   -2.63767    2.00000
 179.99301   -0.10141   23.11622   22.76735    0.10165    0.05611    8.72513   -0.61187   -1.32647   -1.77000    2.00000
 179.76584   -0.33182   22.17417   21.91883    0.40613    0.22415   18.21397   -5.50616   -2.45092   -8.01895    2.00000
 180.03979   -0.01319   22.88457   22.56331    0.04192    0.02314   10.31216    5.08967   -0.25678    5.43962    2.00000
 179.86935    0.14686   22.02014   21.77565    0.19656    0.10849   20.78155    1.07120    3.96392    5.17748    2.00000
 179.90607   -0.05084   22.98887   22.65594    0.10682    0.05895    9.59164   -2.46657   -0.05866   -3.92279    2.00000
 180.00916   -0.02216   22.83501   22.51914    0.02397    0.01323   10.65572   -3.10631   -0.81010   -3.65147    2.00000
 179.97070    0.09202   20.93708   20.61776    0.09657    0.05330   53.20195   -9.25765   -1.81112  -11.06141    2.00000
 180.04742    0.01412   23.26198   22.89410    0.04948    0.02731    7.73925   -5.14707    4.26299   -0.52258    2.00000
 180.09229   -0.02481   23.43692   23.04263    0.09557    0.05275    6.70090   -4.50557    2.55351    2.46125    2.00000
 179.95734   -0.03309   23.67002   23.23858    0.05399    0.02980    5.71433   -4.60082   -1.84229   -6.61558    2.00000
 179.89375   -0.07990   21.92151   21.68379    0.13294    0.07337   22.42869    2.26337   -2.93161    0.42899    2.00000
 180.03227    0.03558   22.51690   22.23346    0.04803    0.02651   13.97845   -2.81344   -0.40466   -3.61167    2.00000
 180.00266    0.05231   22.91847   22.59353    0.05238    0.02891   10.07709   -0.17931    2.92906    1.82636    2.00000
 179.99249    0.01612   23.55854   23.14554    0.01778    0.00981    6.18278   -4.32931   -0.96074   -6.55942    2.00000
 180.04633    0.04683   22.61671   22.32365    0.06586    0.03635   12.90453    0.03250   -2.01426   -0.77673    2.00000
 180.06728   -0.05785   23.69809   23.26183    0.08873    0.04897    5.59729    3.93863    2.68918    9.21896    2.00000
 179.99727    0.02109   22.74734   22.44079    0.02127    0.01174   11.50961    5.41405   -4.00514    0.57161    2.00000
 179.99776   -0.05270   22.88717   22.56563    0.05275    0.02911   10.29408   -1.50857    2.59445   -0.40501    2.00000
 180.02245   -0.00301   20.88710   20.53532    0.02265    0.01250   56.29140   -3.47959   -3.89791   -7.34948    2.00000
 179.85936    0.04174   23.36082   22.97817    0.14671    0.08097    7.08531   -3.67305   -1.15731    1.87608    2.00000
 179.91982   -0.02709   22.87935   22.55866    0.08465    0.04672   10.34832   -0.62150    1.08053    0.78451    2.00000
 180.07361   -0.08047   22.71990   22.41626    0.10906    0.06019   11.80173    8.08614   -1.74430    8.40386    2.00000
 179.95180    0.03542   23.76279   23.31538    0.05983    0.03302    5.32768   -0.75473    0.46874    4.91988    2.00000
 179.99599    0.01316   23.00396   22.66917    0.01376    0.00760    9.48874   -5.46151   -4.00580   -7.00352    2.00000
 179.91908    0.03979   21.55863   21.33786    0.09016    0.04976   29.98942   -1.03534   -2.20214   -3.23775    2.00000
 180.03059    0.03894   23.05381   22.71280    0.04951    0.02733    9.14940   -3.12696   -0.85026   -4.65709    2.00000
 179.93684    0.00234   21.86980   21.63532    0.06320    0.03488   23.29802    2.17263   -1.86427    0.94423    2.00000
 180.13957   -0.01849   21.78543   21.55622    0.14079    0.07771   24.71640    4.15961   -3.35754    1.44983    2.00000
 180.06940   -0.15900   20.90907   20.57206    0.17348    0.09575   54.91464    1.95923    0.96309    2.72673    2.00000
 179.97308    0.08422   22.21787   21.95899    0.08841    0.04880   17.49376   -1.12042   -1.19427   -1.02847    2.00000
 179.99191    0.00369   22.43722   22.16085    0.00888    0.00490   14.84311    0.45367   -0.51633    1.23051    2.00000
 180.05556   -0.02208   23.27418   22.90468    0.05979    0.03300    7.65693   -5.47375   -0.17461   -8.05916    2.00000
 180.04050   -0.02013   22.50519   22.22278    0.04522    0.02496   14.10560   -1.03123    3.81667    3.23543    2.00000
 180.04784   -0.08823   21.83714   21.60470    0.10036    0.05539   23.84707    4.38954    1.48609    5.84456    2.00000
 180.01979    0.03403   23.65505   23.22619    0.03937    0.02173    5.77675   -1.76966    1.62556    1.01886    2.00000
 179.95844   -0.01847   21.22650   20.99379    0.04548    0.02510   39.10928    2.89831   -2.62303    0.78730    2.00000
 180.22450   -0.06857   21.32751   21.10178    0.23475    0.12957   36.19949    0.39055   -0.03755   -0.00491    2.00000
 180.01030   -0.10034   23.75565   23.30949    0.10087    0.05567    5.35737    0.73260   -1.16826    0.18960    2.00000
 179.20219   -0.67787   22.91587   22.59121    1.04689    0.57787   10.09518   -6.39573   -1.19988   -8.33821    2.00000
 180.00281    0.02271   22.78976   22.47871    0.02288    0.01263   11.05815    0.66690    2.17059    1.50876    2.00000
 179.96922   -0.02838   22.75483   22.44748    0.04185    0.02310   11.42994    0.32343    1.32281    2.51426    2.00000
 180.10658    0.06590   23.37987   22.99431    0.12532    0.06917    6.95977    1.86726    0.41423    0.08397    2.00000
 179.97043    0.02187   18.05724   17.94633    0.03678    0.02030  294.96658   -4.93381    0.19645   -4.73182    2.00000
 179.96916    0.02204   23.64309   23.21623    0.03791    0.02092    5.82687   -8.53104   -1.33890   -9.50709    2.00000
 179.94620    0.00494   22.96493   22.63494    0.05403    0.02982    9.75504    6.01286    0.82599    8.13443    2.00000
 179.98219   -0.09886   22.10776   21.85797    0.10045    0.05544   19.30536   -2.79656   -5.46574   -9.36632    2.00000
 180.00278    0.00602   17.96558   17.99368    0.00663    0.00366  286.89117    3.40413    1.05875    4.49984    2.00000
 179.95840   -0.02388   22.99965   22.66539    0.04797    0.02647    9.51814   -0.37629   -0.30267    1.34484    2.00000
 180.00140   -0.00254   21.38504   21.16172    0.00290    0.00160   34.62284   -3.54120    3.51958    0.02920    2.00000
 180.02899    0.08518   23.64470   23.21757    0.08997    0.04966    5.82011   -4.32918   -1.96453   -7.27086    2.00000
 179.93488    0.09067   23.47476   23.07464    0.11164    0.06161    6.53971    3.81205    1.63680    5.76408    2.00000
 179.99326   -0.09525   20.77697   20.36588    0.09549    0.05270   64.52678   -0.16413    0.86045    0.25482    2.00000
 180.00665   -0.02371   23.13062   22.77993    0.02463    0.01359    8.62723    2.47730   -1.64758   -3.03697    2.00000
 179.99626    0.04769   22.42772   22.15214    0.04784    0.02640   14.94681   -1.24821   -2.66198   -4.94469    2.00000
 179.96075    0.03767   22.71990   22.41626    0.05440    0.03002   11.80173    0.36858    0.30083    2.68823    2.00000
 179.90486    0.04612   23.67189   23.24013    0.10573    0.05835    5.70652   -0.83031   -1.23738   -4.16464    2.00000
 179.88924    0.00977   23.77708   23.32718    0.11119    0.06137    5.26830    0.45278   -0.92683    1.84008    2.00000
 180.03400   -0.04841   20.94677   20.63358    0.05915    0.03265   52.60910   -5.50467    0.93218   -4.68512    2.00000
 180.01886    0.03796   21.50621   21.28551    0.04239    0.02339   31.36662    0.19145    1.33958    1.63355    2.00000
 179.79002    0.08023   22.46769   22.18861    0.22478    0.12406   14.51250   -0.52196    1.00784   -1.00978    2.00000
 180.07454    0.01578   22.91326   22.58888    0.07619    0.04205   10.11326    3.08939    1.31247    1.98431    2.00000
 179.96683    0.04827   22.89761   22.57493    0.05857    0.03233   10.22175    4.46853   -3.16039    2.43363    2.00000
 180.06371   -0.10535   23.63506   23.20952    0.12311    0.06795    5.86065   -6.33581   -1.18098  -17.72821    2.00000
 180.01625   -0.16668   23.78184   23.33111    0.16747    0.09243    5.24851   -1.75993   -3.06607   -2.36782    2.00000
 179.90176   -0.00678   22.57758   22.28849    0.09847    0.05435   13.32313   -0.21698    0.20080   -2.54482    2.00000
 180.08984   -0.02608   23.54773   23.13639    0.09356    0.05164    6.22884   -0.65314   -0.93539   -4.51895    2.00000
 179.90372    0.00314   22.96841   22.63799    0.09634    0.05317    9.73130   -3.23755   -2.39347   -1.42268    2.00000
 179.99718   -0.00533   21.59561   21.37342    0.00602    0.00333   29.05427    5.36998   -0.48429    4.48204    2.00000
 179.96783   -0.00951   23.64631   23.21892    0.03355    0.01852    5.81335    1.31823    2.09039    4.82756    2.00000
 179.99036    0.16067   21.75094   21.52305    0.16096    0.08884   25.31120    5.31456    2.68526    8.35297    2.00000
 180.01772    0.03837   20.78846   20.38085    0.04226    0.02332   63.75538    2.74624    3.54761    6.21139    2.00000
 180.00871    0.05114   23.53962   23.12953    0.05187    0.02863    6.26338    0.88676    2.68802    2.04816    2.00000
 179.99084    0.04027   23.46395   23.06550    0.04130    0.02279    6.58576    3.74406    3.35831    5.27371    2.00000
 179.99023   -0.01223   22.32931   22.06148    0.01565    0.00864   16.02640   -1.15171    1.40165   -0.56154    2.00000
 179.98250   -0.11480   23.49368   23.09065    0.11613    0.06409    6.45911   -1.91410    2.64689   -0.93100    2.00000
 179.96996    0.01327   21.08875   20.83050    0.03285    0.01813   45.22905    2.93829    0.58607    3.88992    2.00000
 180.01288   -0.00538   23.11381   22.76525    0.01396    0.00771    8.74145    1.37832   -0.21546   -0.39816    2.00000
 179.46346   -0.27931   21.78816   21.55877    0.60490    0.33387   24.67064   -6.47253    3.06158   -3.50119    2.00000
 180.14783   -0.03049   21.27898   21.05007    0.15093    0.08330   37.55970    0.53045    2.52128    3.16416    2.00000
 180.20303    0.09717   22.06947   21.82158    0.22509    0.12423   19.95797    5.09920   -2.32333    1.97597    2.00000
 179.91133    0.00341   23.31728   22.94128    0.08873    0.04897    7.37227   -0.62703   -0.76306    0.32427    2.00000
 179.94885    0.00191   22.92630   22.60050    0.05119    0.02825   10.02285    2.97638    0.98557    3.09435    2.00000
 180.03381    0.03295   22.82723   22.51221    0.04721    0.02605   10.70962   -0.32778   -1.36474   -0.68905    2.00000
 179.96194   -0.07343   22.71990   22.41626    0.08271    0.04565   11.80173   -0.81362   -1.72360   -4.23705    2.00000
 180.01814    0.00205   23.48557   23.08379    0.01825    0.01007    6.49365    3.81751    4.07613    9.89599    2.00000
 180.04034   -0.02520   23.77232   23.32325    0.04757    0.02626    5.28809   -2.19313    0.25051   -7.92379    2.00000
 179.96806    0.06496   22.58280   22.29318    0.07238    0.03995   13.26732  -12.17687    2.11725   -9.33650    2.00000
 179.98741   -0.01045   23.74674   23.30213    0.01636    0.00903    5.39442   -0.38609   -0.98680   -0.51686    2.00000
 180.00159    0.01467   21.60729   21.38464    0.01475    0.00814   28.75897   -6.78563    1.74157   -5.27432    2.00000
 179.95787    0.01400   23.50449   23.09980    0.04439    0.02450    6.41306   -2.78238   -1.74228   -6.72064    2.00000
 180.19138   -0.60897   23.30095   22.92744    0.63833    0.35232    7.47988  -11.25243    0.61696  -10.50597    2.00000
 179.94313    0.06012   22.13122   21.87956    0.08276    0.04568   18.91816   -5.92161    2.57847   -3.60867    2.00000
 180.08046   -0.12992   23.83185   23.37239    0.15282    0.08434    5.04069   -1.72232   -3.74663   -6.93130    2.00000
 179.99843    0.04944   23.01258   22.67673    0.04946    0.02730    9.42994    0.93972    4.08481    4.54662    2.00000
 180.06345    0.03694   20.54714   20.09196    0.07341    0.04052   78.64313    1.70349   -2.20326   -0.27860    2.00000
 180.00713    0.04489   22.53800   22.25268    0.04546    0.02509   13.74957    1.72537   -0.07060    1.71378    2.00000
 179.98737    0.02912   23.69060   23.25563    0.03175    0.01752    5.62850    1.28270    2.23274    5.37158    2.00000
 179.98671   -0.01925   22.60366   22.31193    0.02339    0.01291   13.04406   -1.01594   -2.33641   -4.59344    2.00000
 180.03526   -0.03190   23.56125   23.14782    0.04755    0.02624    6.17127    2.59522   -0.08048    4.64075    2.00000
 180.06773   -0.01600   23.03460   22.69602    0.06959    0.03841    9.27994   -0.24798    2.56822    3.26641    2.00000
 180.03651    0.06000   23.69248   23.25718    0.07024    0.03877    5.62070    4.17466   -1.35228   -2.78635    2.00000
 179.94600   -0.07691   21.73242   21.50519    0.09397    0.05186   25.63148   -0.21082   -0.78460    0.28310    2.00000
 179.79089    0.06009   22.55933   22.27209    0.21757    0.12008   13.51848    5.93299   -1.36986    5.13201    2.00000
 180.06973    0.07667   22.92108   22.59586    0.10365    0.05720   10.05901   -0.51659    0.99769   -0.10103    2.00000
 180.13393    0.15220   23.33905   22.95972    0.20273    0.11189    7.22879   -0.60874    3.14250    3.48187    2.00000
 179.89944   -0.04129   23.31183   22.93666    0.10869    0.05999    7.40814   -3.14794   -2.17818  -12.43566    2.00000
 179.99155    0.06454   22.37972   22.10791    0.06509    0.03592   15.47344    3.54535   -0.57020    3.53203    2.00000
 179.67592    0.31830   22.46769   22.18861    0.45425    0.25071   14.51250   -1.88947   -1.96232   -3.21619    2.00000
 180.04541    0.04086   21.94889   21.70931    0.06108    0.03371   21.97115    0.22584   -0.09649   -0.20305    2.00000
 180.04108    0.02359   23.59329   23.17463    0.04736    0.02614    6.03630    0.98728   -1.35220   -1.24132    2.00000
 180.02625    0.09746   22.01192   21.76799    0.10093    0.05571   20.91881    1.09834   -3.18826   -1.99985    2.00000
 180.03377    0.06950   23.51260   23.10666    0.07727    0.04264    6.37852   -2.86419   -1.89117   -5.93738    2.00000
 180.01961    0.04308   23.42070   23.02890    0.04733    0.02612    6.77002    4.72697   -0.62292    2.55521    2.00000
 179.90555    0.00131   21.76417   21.53581    0.09446    0.05214   25.08243   -1.98235    0.47064   -1.94117    2.00000
 179.99709   -0.01262   21.74036   21.51284    0.01295    0.00715   25.49422   -4.74214    2.28323   -2.19698    2.00000
 179.98555    0.06091   23.46935   23.07007    0.06260    0.03455    6.56273   -1.72631   -0.48491    2.18132    2.00000
 180.03447    0.01116   19.82069   19.32167    0.03624    0.02000  133.29436    2.13763    3.68989    5.90338    2.00000
 179.95128    0.06732   22.70992   22.40734    0.08310    0.04586   11.90796    4.17830   -1.87208    2.14396    2.00000
 180.03708    0.07513   23.57241   23.15719    0.08378    0.04624    6.12413    0.42115   -4.17647   -2.45923    2.00000
 179.88525    0.07714   23.03701   22.69811    0.13826    0.07631    9.26362    1.85694    1.54660    6.00856    2.00000
 180.06256    0.00737   21.22333   20.99035    0.06300    0.03477   39.23820    8.10232   -1.59558    7.10782    2.00000
 179.97119   -0.03547   21.51864   21.29821    0.04570    0.02522   31.03254   -1.43984    0.53458   -1.42262    2.00000
 180.06097   -0.00108   23.38804   23.00123    0.06099    0.03366    6.90933    1.47820    3.07249    1.89913    2.00000
 180.07129    0.02522   22.85848   22.54006    0.07562    0.04173   10.49298   -5.66854   -3.78151  -10.79049    2.00000
 179.97713    0.01518   23.12822   22.77783    0.02745    0.01515    8.64354   -3.16671   -1.65852   -5.35551    2.00000
 180.03770   -0.05464   21.24510   21.01394    0.06638    0.03664   38.50999    3.58912    3.85646    7.00364    2.00000
 179.97981    0.02259   22.83240   22.51682    0.03030    0.01672   10.67380   -2.96736   -0.11455   -6.74370    2.00000
 179.98540   -0.00299   22.85066   22.53309    0.01492    0.00823   10.54722   -2.49481   -1.48535   -2.88347    2.00000
 179.97198    0.06016   23.67564   23.24323    0.06637    0.03663    5.69092    5.12683   -1.66756   -3.91812    2.00000
 179.99161    0.01285   23.28734   22.91591    0.01535    0.00847    7.56956    1.63059   -4.73583   -5.63022    2.00000
 180.02841   -0.01304   22.04755   21.80116    0.03126    0.01726   20.32401    4.78100    4.74132    9.18422    2.00000
 179.97256    0.00814   21.80721   21.57663    0.02861    0.01579   24.35037   -0.75104    0.87209   -1.40845    2.00000
 180.04230   -0.43613   19.02326   18.48234    0.43818    0.24184  219.37267    1.00779   -1.01127   -0.00244    2.00000
 180.06706   -0.01228   22.98995   22.65689    0.06818    0.03763    9.58429   -1.92975    0.73087   -3.68934    2.00000
 179.95895    0.09034   23.81756   23.36059    0.09923    0.05477    5.10007   -1.40220   -0.45547   -3.15969    2.00000
 180.01894   -0.02321   21.04050   20.76821    0.02996    0.01653   47.56356    2.81298   -1.29114    0.72274    2.00000
 179.95981    0.00187   23.45854   23.06092    0.04023    0.02220    6.60879    3.75820    4.70304    5.85469    2.00000
 179.97011    0.01121   23.39076   23.00353    0.03192    0.01762    6.89772    0.66538    5.38143    8.43629    2.00000
 180.05934    0.16427   22.91587   22.59121    0.17466    0.09640   10.09518   -1.08495   -0.42455   -3.54763    2.00000
 180.01579    0.01488   23.01258   22.67673    0.02170    0.01198    9.42994   -2.05384    2.33044   -0.12225    2.00000
 179.94937    0.00440   22.45831   22.18007    0.05082    0.02805   14.61423   -3.15407   -1.31815   -4.63716    2.00000
 179.85732   -0.06154   23.39348   23.00584    0.15539    0.08577    6.88611    5.93226    0.65493   10.68664    2.00000
 180.14819   -0.01726   22.07599   21.82775    0.14919    0.08234   19.84729   -3.45802    2.42157   -1.82861    2.00000
 180.25687   -0.01475   23.62864   23.20415    0.25729    0.14200    5.88767    1.82973   -0.92810   -0.69557    2.00000
 179.97147    0.01794   22.34611   22.07695    0.03371    0.01861   15.84208   -0.99013   -1.74372   -3.42849    2.00000
 180.09677   -0.00026   23.72990   23.28818    0.09677    0.05341    5.46464   -6.00518   -2.56142  -10.27424    2.00000
 180.06245    0.05211   21.43721   21.21502    0.08134    0.04489   33.22087    3.88011   -2.25727    1.59940    2.00000
 179.91953    0.13035   22.87413   22.55401    0.15319    0.08455   10.38449    0.43084   -3.97380   -3.79846    2.00000
 179.98048    0.03382   23.18153   22.82424    0.03905    0.02155    8.28259   -0.48961    1.55727    2.75651    2.00000
 179.98544   -0.00263   23.79375   23.34094    0.01480    0.00817    5.19903   -1.63652    0.62562    1.66689    2.00000
 179.99486    0.18001   21.56057   21.33974    0.18009    0.09939   29.94020    4.95029   -1.64015    3.21689    2.00000
 179.97064   -0.03685   23.08021   22.73588    0.04712    0.02601    8.96990   -1.77228    0.18432   -1.95751    2.00000
 180.01424   -0.04527   22.95760   22.62840    0.04746    0.02619    9.80587    2.31446   -0.94213    2.35718    2.00000
 180.09427   -0.07437   22.61671   22.32365    0.12007    0.06627   12.90453   -3.25955    0.54837   -2.40811    2.00000
 179.99196    0.00832   23.23517   22.87081    0.01157    0.00638    7.92036    1.31590    1.28539    2.06726    2.00000
 179.87067   -0.09364   21.57420   21.35283    0.15967    0.08812   29.59567   -7.95763    0.36805   -6.77353    2.00000
 179.95016   -0.01863   23.18640   22.82847    0.05321    0.02937    8.24966   -1.12876   -2.81856   -4.23563    2.00000
 180.04330   -0.06109   22.88196   22.56098    0.07488    0.04133   10.33024    0.77425    2.42299    2.75988    2.00000
 180.12854   -0.25772   23.30367   22.92975    0.28800    0.15895    7.46195   -1.27598   -0.56827   -3.19759    2.00000
 180.11574   -0.22509   21.79904   21.56898    0.25310    0.13969   24.48763    3.10650    3.14277    5.17003    2.00000
 179.98460   -0.02785   18.00265   17.90500    0.03182    0.01756  302.01471   -5.45595    0.49763   -4.92390    2.00000
 180.02409    0.06078   23.16690   22.81154    0.06538    0.03609    8.38138    0.43476    5.00589    1.00200    2.00000
 180.05719    0.00479   23.04181   22.70231    0.05739    0.03168    9.23099    1.03325    1.85012    1.33584    2.00000
 180.03499   -0.11742   22.26413   22.00152    0.12252    0.06762   16.74035   -3.48225   -2.58186   -5.68917    2.00000
 179.90472   -0.03313   22.45597   22.17793    0.10088    0.05568   14.63966   -0.20501   -0.00405    0.83819    2.00000
 180.02888   -0.01272   23.40709   23.01737    0.03156    0.01742    6.82807    1.63942    1.53297    2.00508    2.00000
 179.99553    0.01567   23.36899   22.98509    0.01630    0.00900    7.03151   -1.13267   -1.13733   -3.05998    2.00000
 179.89180   -0.15312   22.90282   22.57958    0.18749    0.10348   10.18559    5.03545   -6.14682    0.60482    2.00000
 179.96371    0.00182   23.73364   23.29128    0.03634    0.02006    5.44904   -4.17377   -0.61076   -2.78721    2.00000
 180.00642    0.01665   21.34369   21.11902    0.01785    0.00985   35.74609   -3.23472    2.97973   -0.52262    2.00000
 179.93231   -0.12173   23.55854   23.14554    0.13929    0.07687    6.18278   -0.71475    0.72194   -2.74530    2.00000
 180.04482    0.15230   22.51690   22.23346    0.15875    0.08762   13.97845    2.00545   -1.53533    1.45493    2.00000
 180.00803    0.03867   23.71867   23.27888    0.03950    0.02180    5.51146    1.63763   -1.93914   -3.26687    2.00000
 179.96796   -0.08488   23.76993   23.32128    0.09073    0.05008    5.29799    6.30698   -2.06736    2.18540    2.00000
 180.04588    0.08362   20.78702   20.37898    0.09538    0.05264   63.85181    3.64170    3.14178    6.93949    2.00000
 179.95209    0.01864   21.76417   21.53581    0.05142    0.02838   25.08243   -0.88771   -1.59938   -1.84838    2.00000
 180.02478   -0.04965   21.57225   21.35096    0.05549    0.03063   29.64489   -0.33942    0.68622    0.97023    2.00000
 179.93716    0.01311   21.85347   21.62001    0.06419    0.03543   23.57255    1.58603    0.52113    2.36863    2.00000
 179.75587    0.08555   22.63496   22.34005    0.25868    0.14277   12.70918    1.10264   -1.26896   -1.23293    2.00000
 179.89255   -0.16504   22.27441   22.01097    0.19694    0.10870   16.62782    1.05123   -0.74171   -0.43975    2.00000
 179.93616   -0.00681   23.05861   22.71700    0.06421    0.03544    9.11676    2.10024    3.89902   12.01283    2.00000
 179.90910    0.06161   23.52611   23.11809    0.10981    0.06061    6.32095    9.39816    1.66984   12.55490    2.00000
 180.01935    0.10009   22.08064   21.83217    0.10195    0.05627   19.76798    2.13634    0.96390    5.82455    2.00000
 180.01839   -0.12001   21.26280   21.03283    0.12142    0.06701   38.01310   -2.47879   -3.65911   -6.43944    2.00000
 179.97139    0.07154   23.58044   23.16390    0.07705    0.04253    6.09035    1.94887   -1.13964    0.99097    2.00000
 180.02206    0.05294   22.30012   22.03459    0.05735    0.03165   16.34650   -0.96137   -0.17109   -1.14101    2.00000
 180.00261    0.04999   23.30095   22.92744    0.05006    0.02763    7.47988    0.38836    1.22215    5.45800    2.00000
 180.04597   -0.02894   21.22968   20.99723    0.05432    0.02998   38.98037   -3.61778   -1.59144   -4.11963    2.00000
 180.07237    0.06876   23.14022   22.78832    0.09983    0.05510    8.56195    3.52956    0.25775    4.82358    2.00000
 179.97227    0.00880   22.50753   22.22492    0.02909    0.01606   14.08017   -1.53872   -2.95793   -3.92807    2.00000
 179.93645   -0.02622   21.85892   21.62511    0.06875    0.03795   23.48104    1.15652   -0.39708    1.17251    2.00000
 179.90848    0.00734   22.29498   22.02987    0.09181    0.05067   16.40276   -1.58935    1.13804   -1.34581    2.00000
 179.94276   -0.03018   23.76755   23.31931    0.06471    0.03571    5.30789   -3.57456   -1.43380   -4.81201    2.00000
 180.06416   -0.03747   23.37987   22.99431    0.07431    0.04101    6.95977    2.97327   -0.77179   -2.18467    2.00000
 180.03328    0.04690   23.70932   23.27113    0.05751    0.03174    5.55047   -1.02197   -1.38039   -4.18513    2.00000
 180.01576   -0.00960   23.11381   22.76525    0.01845    0.01019    8.74145    0.98095   -1.92327   -3.90704    2.00000
 180.01562   -0.03387   22.43254   22.15657    0.03730    0.02059   14.89402    1.07370   -3.44019   -1.38046    2.00000
 179.98466    0.10518   23.09941   22.75266    0.10630    0.05867    8.83936   -0.15222    0.47069    2.22821    2.00000
 180.00330   -0.01037   22.89761   22.57493    0.01088    0.00601   10.22175    1.03800    0.90803   -2.76545    2.00000
 180.10265   -0.02182   22.88196   22.56098    0.10494    0.05792   10.33024   -1.66798    1.61084   -0.48368    2.00000
 179.92575   -0.00943   20.86170   20.49177    0.07484    0.04131   58.03898   -1.02667    1.68653    0.68738    2.00000
 180.18468   -0.19295   22.65583   22.35880    0.26709    0.14742   12.48592   -3.19992   -2.07726   -4.93823    2.00000
 180.03198    0.01074   23.27918   22.90900    0.03375    0.01863    7.62329   -3.05617   -6.36560   -8.00505    2.00000
 179.87550    0.02359   23.19372   22.83482    0.12670    0.06993    8.20027   -5.63709    3.94082   -7.46193    2.00000
 180.06000    0.04576   21.52042   21.30002    0.07545    0.04164   30.98481   -0.18757    0.50723   -0.87546    2.00000
 180.02284    0.02270   22.90022   22.57726    0.03220    0.01777   10.20367   -6.60620    2.24764   -1.50956    2.00000
 180.14967    0.03031   22.51456   22.23133    0.15272    0.08429   14.00388    0.25799    0.53612    1.16690    2.00000
 180.02641   -0.02487   21.45286   21.23101    0.03627    0.02002   32.80028   -3.08230   -0.14168   -2.93522    2.00000
 179.96388   -0.02023   23.53962   23.12953    0.04140    0.02285    6.26338   -0.48659   -3.37864   -6.21642    2.00000
 180.37740    0.04837   23.62382   23.20013    0.38048    0.21000    5.90794    0.50149    0.28222   -3.41080    2.00000
 179.99287   -0.02943   22.21787   21.95899    0.03027    0.01671   17.49376    0.47000    1.66879    1.36209    2.00000
 180.36693   -0.01844   21.84531   21.61235    0.36739    0.20277   23.70981    5.18025    1.63951    7.19557    2.00000
 180.04710    0.00632   22.69745   22.39619    0.04752    0.02623   12.04074    0.51354    0.53253    1.22521    2.00000
 180.03552    0.00772   22.27698   22.01333    0.03636    0.02007   16.59969    0.21482   -0.34515    0.34912    2.00000
 180.02611   -0.03211   23.67002   23.23858    0.04138    0.02284    5.71433   -0.29681    0.56814    3.36380    2.00000
 179.99112   -0.03605   22.87674   22.55634    0.03712    0.02049   10.36640   -6.76129    0.56569   -5.16932    2.00000
 180.04201    0.04866   23.22785   22.86446    0.06429    0.03548    7.96976    3.22750   -1.05206    2.38656    2.00000
 180.06606   -0.13818   21.72448   21.49754    0.15316    0.08453   25.78938    3.85653    2.59780    6.57430    2.00000
 179.68781    0.10383   20.85932   20.48769    0.32901    0.18159   58.24936   -8.29138    1.22206   -7.20364    2.00000
 179.90768   -0.11271   22.79974   22.48763    0.14569    0.08041   10.95192   -0.11580   -5.01966   -3.66793    2.00000
 179.99039    0.05335   23.27174   22.90256    0.05421    0.02992    7.67339   -7.22409   -0.34953   -7.88641    2.00000
 180.08586   -0.09882   22.17931   21.92356    0.13091    0.07225   18.12924    5.46558    0.84224    6.08081    2.00000
 179.88191   -0.01711   23.21566   22.85388    0.11932    0.06586    8.05208   -2.81077   -1.64960   -3.57900    2.00000
 180.05232   -0.01850   21.12758   20.87767    0.05550    0.03063   43.46112    0.62766   -4.23434   -4.23307    2.00000
 179.96080   -0.04120   22.44191   22.16512    0.05687    0.03139   14.79225   -2.03927    1.03547   -0.96031    2.00000
 179.85762   -0.06221   23.54503   23.13410    0.15538    0.08576    6.24035   -1.71650    5.03688    0.98361    2.00000
 180.00533    0.01916   21.13803   20.89037    0.01989    0.01098   42.98513   -0.46184    2.62917    1.80001    2.00000
 180.01276   -0.03872   22.25642   21.99443    0.04076    0.02250   16.85829   -4.16763    2.36515   -2.16557    2.00000
 180.10271    0.11175   22.97810   22.64649    0.15178    0.08377    9.66515    0.79324    0.74408    1.47503    2.00000
 180.02600    0.01067   20.08094   19.59464    0.02811    0.01551  111.10483    2.93474    1.97364    4.81424    2.00000
 180.09514   -0.09634   22.85327   22.53541    0.13540    0.07473   10.52914   -3.72682   -0.54842   -7.29416    2.00000
 180.03598   -0.04057   23.04901   22.70860    0.05423    0.02993    9.18203    3.81670   -2.34917    2.58377    2.00000
 179.98936   -0.03558   23.63185   23.20684    0.03714    0.02050    5.87416   -0.33321    4.15634    0.37071    2.00000
 179.97862   -0.34791   21.84259   21.60980    0.34857    0.19239   23.75556   11.87940   -2.08197   10.30667    2.00000
 180.00592   -0.03643   23.26930   22.90045    0.03691    0.02037    7.68986    0.50963   -2.29497   -1.06819    2.00000
 180.05891   -0.05946   22.86631   22.54704    0.08370    0.04619   10.43873   -1.63490   -2.39192   -2.65222    2.00000
 180.07512    0.07833   23.65318   23.22464    0.10853    0.05990    5.78455   -0.80508    0.01339   -1.15868    2.00000
 180.15906    0.01130   23.16690   22.81154    0.15945    0.08801    8.38138   -2.18237   -1.12033   -3.50070    2.00000
 180.16193   -0.03432   23.79137   23.33897    0.16551    0.09135    5.20893   -1.98552    2.83675    1.85487    2.00000
 180.05225   -0.13847   22.68191   22.38224    0.14800    0.08168   12.20686    0.39114    2.09578    4.11798    2.00000
 180.02632    0.04119   23.28190   22.91130    0.04888    0.02698    7.60543    1.04154    0.36232   -3.68049    2.00000
 180.01741    0.00876   22.13122   21.87956    0.01949    0.01076   18.91816    3.98154   -1.17938    4.64185    2.00000
 179.93822    0.07667   22.76481   22.45640    0.09846    0.05434   11.32371    6.49140   -1.47696    3.51874    2.00000
 180.36053   -0.30923   22.84023   22.52379    0.47498    0.26216   10.61955   -3.10637   -0.31527   -4.00785    2.00000
 180.07384   -0.06222   20.32327   19.85037    0.09656    0.05329   93.61550    2.15365    0.58999    3.03609    2.00000
 180.04959   -0.04797   23.50449   23.09980    0.06900    0.03808    6.41306    0.27592   -4.56481   -5.08494    2.00000
 179.96083    0.12004   23.02980   22.69182    0.12627    0.06969    9.31257   -0.35381    0.98279    4.37037    2.00000
 179.96643    0.04796   23.27174   22.90256    0.05855    0.03231    7.67339    3.96754    0.95734    3.67577    2.00000
 179.98917    0.08536   22.51456   22.23133    0.08604    0.04749   14.00388    4.60422    0.59022    6.56166    2.00000
 180.08191    0.03938   23.50990   23.10437    0.09089    0.05016    6.39003    2.90092   -2.74717   -6.48585    2.00000
 179.94814    0.04415   23.01581   22.67957    0.06811    0.03759    9.40788   -1.43933   -1.43060   -7.50228    2.00000
 180.00502   -0.00187   22.82723   22.51221    0.00535    0.00295   10.70962   -1.99844   -2.13876   -5.09718    2.00000
 180.05803   -0.01969   23.53422   23.12495    0.06128    0.03382    6.28641   -2.45325   -3.16680   -3.65946    2.00000
 180.03934    0.09153   22.90022   22.57726    0.09963    0.05499   10.20367    2.45313    1.58574    2.84039    2.00000
 180.02071   -0.00625   21.52308   21.30274    0.02162    0.01194   30.91322   -3.64671    0.89528   -2.66768    2.00000
 179.97079    0.04743   22.96948   22.63893    0.05570    0.03074    9.72395   -0.46884   -2.25879    0.06326    2.00000
 180.01033   -0.03391   23.56125   23.14782    0.03545    0.01957    6.17127    0.66888    0.70558   -1.66441    2.00000
 179.81422   -0.12222   23.34721   22.96664    0.22237    0.12273    7.17499   -1.25546    1.13695   -3.33196    2.00000
 179.35252   -0.21679   19.63705   19.12964    0.68280    0.37687  150.21930   -4.37877    0.63038   -3.78777    2.00000
 180.09483    0.10883   23.24248   22.87716    0.14435    0.07967    7.87097    2.63692   -2.90013    1.71024    2.00000
 179.99631    0.03565   21.69538   21.46947    0.03584    0.01978   26.52765    2.34836   -0.28468    2.64198    2.00000
 179.93004    0.03435   23.64470   23.21757    0.07794    0.04302    5.82011   -3.29657    0.82070    1.22179    2.00000
 180.07088    0.07334   22.47472   22.19502    0.10200    0.05629   14.43621   -0.75120   -2.51426   -3.88481    2.00000
 179.97043   -0.02369   23.35538   22.97356    0.03788    0.02091    7.12118    1.67867    0.82710    4.56789    2.00000
 180.05487   -0.08114   20.98032   20.68430    0.09795    0.05406   50.70825   -2.30302    1.16376   -1.25087    2.00000
 180.08107   -0.04597   23.40437   23.01506    0.09320    0.05144    6.83968    2.11500   -2.74035    3.06778    2.00000
 179.93488    0.25227   22.59845   22.30724    0.26054    0.14380   13.09987    1.58040    1.41468    4.35862    2.00000
 179.93143   -0.02651   22.49347   22.21210    0.07352    0.04058   14.23276    1.78653    1.54972    4.86651    2.00000
 180.04967    0.01701   21.88613   21.65063    0.05250    0.02897   23.02350    1.87273    0.93472    2.70415    2.00000
 180.00215    0.05272   23.02980   22.69182    0.05276    0.02912    9.31257   -2.91848   -1.24665   -5.92020    2.00000
 179.94836    0.05570   22.16191   21.90761    0.07595    0.04192   18.41520   -2.39718    2.25400    0.71146    2.00000
 180.11685   -0.12377   23.81280   23.35666    0.17022    0.09395    5.11986   10.29723   -2.63025    1.18241    2.00000
 179.97910    0.01514   23.76993   23.32128    0.02581    0.01425    5.29799    5.21301   -0.68093    1.59271    2.00000
 180.09164   -0.00526   21.94889   21.70931    0.09180    0.05067   21.97115   -0.62786   -3.25812   -4.11679    2.00000
 180.14700    0.02039   21.92698   21.68891    0.14842    0.08191   22.33690    2.38592    1.54509    3.18310    2.00000
 179.98308   -0.01253   22.54268   22.25695    0.02105    0.01162   13.69870    6.28588   -2.65576    3.62627    2.00000
 180.03987   -0.05862   23.75565   23.30949    0.07090    0.03913    5.35737   11.90317   -3.59241    3.66435    2.00000
 179.96085    0.01955   23.59972   23.18000    0.04377    0.02416    6.00928   -3.07053   -1.05961   -5.61543    2.00000
 179.98973    0.06851   22.96281   22.63305    0.06928    0.03823    9.76970   -0.53100    0.97582   -0.03247    2.00000
 180.03038    0.01819   22.28470   22.02042    0.03541    0.01954   16.51529    2.09123    1.40004    3.07308    2.00000
 179.98740    0.00808   23.22541   22.86234    0.01497    0.00826    7.98622    2.65320   -3.87294   -3.03845    2.00000
 180.00317    0.03386   21.03925   20.76656    0.03400    0.01877   47.62518    0.26904   -5.47797   -5.86813    2.00000
 180.01656    0.09483   21.44242   21.22035    0.09626    0.05313   33.08067   -1.44949   -0.49693   -1.73426    2.00000
 180.06561    0.02207   23.41253   23.02198    0.06924    0.03821    6.80485    0.65603   -2.99575    1.01339    2.00000
 179.89333    0.04867   23.73925   23.29593    0.11726    0.06472    5.42563   -4.21984    1.89607   -0.10446    2.00000
 179.98000   -0.00194   22.79724   22.48540    0.02009    0.01109   10.97848   -2.72270    3.42419    0.93033    2.00000
 180.04997    0.00122   22.84023   22.52379    0.04998    0.02759   10.61955    1.25466   -1.21923    0.95586    2.00000
 179.98065    0.02761   22.88978   22.56796    0.03371    0.01861   10.27600    7.36549   -1.83096    5.49354    2.00000
 180.01096    0.00123   21.94889   21.70931    0.01102    0.00608   21.97115    3.12035    0.13547    3.53093    2.00000
 179.94141   -0.04411   23.20591   22.84541    0.07335    0.04048    8.11794   -3.57258    1.14198   -3.30672    2.00000
 180.00406   -0.07213   19.17254   18.64132    0.07224    0.03987  201.31172    6.44482    1.01540    7.42761    2.00000
 180.10654   -0.04058   23.14502   22.79252    0.11400    0.06292    8.52932    0.49287    1.73024   -2.49778    2.00000
 179.98334    0.06984   23.02277   22.68567    0.07180    0.03963    9.36039    0.82447   -1.29552    0.42487    2.00000
 179.96687    0.02198   22.83501   22.51914    0.03975    0.02194   10.65572   -1.18529   -0.41485   -3.19538    2.00000
 179.93959    0.31675   22.92630   22.60050    0.32246    0.17797   10.02285   -0.41477   -0.93411    0.67348    2.00000
 179.85551    0.06045   22.64540   22.34943    0.15662    0.08644   12.59755    0.35984   -2.57444   -1.75481    2.00000
 180.00639    0.00418   23.73925   23.29593    0.00765    0.00422    5.42563   -3.53108   -0.10944   -5.19459    2.00000
 180.03555   -0.03926   23.72241   23.28198    0.05296    0.02923    5.49585    0.42109    2.51939    5.14685    2.00000
 179.90656    0.04812   22.14657   21.89359    0.10510    0.05801   18.66668    0.32176   -1.63273    0.39278    2.00000
 180.02924    0.02778   23.80804   23.35273    0.04033    0.02226    5.13965   -2.59806    4.95623    0.13653    2.00000
 180.05453   -0.02525   23.06581   22.72329    0.06009    0.03317    9.06781    1.07479    3.16024    3.86946    2.00000
 180.01889   -0.04444   23.50179   23.09751    0.04828    0.02665    6.42457    6.31849    1.34631    9.35012    2.00000
 180.04594   -0.00756   21.69008   21.46437    0.04656    0.02570   26.66188   -1.47206   -1.14915   -3.08626    2.00000
 179.99655   -0.01269   22.88196   22.56098    0.01315    0.00726   10.33024   -4.21356   -1.10910   -4.07121    2.00000
 180.20126   -0.43977   22.11164   21.86166    0.48363    0.26693   19.23918    0.29555   -0.11514   -0.00955    2.00000
 180.06271   -0.08246   21.57420   21.35283    0.10361    0.05718   29.59567   -1.91702    0.25862   -0.30308    2.00000
 180.05760   -0.02419   23.50990   23.10437    0.06248    0.03448    6.39003   -5.97103    0.12828   -7.09992    2.00000
 179.92879   -0.00677   23.26686   22.89833    0.07155    0.03949    7.70632    1.77373    0.45942    4.66413    2.00000
 179.95432   -0.03356   23.10661   22.75895    0.05668    0.03128    8.79040   -2.54191    0.09925   -5.02995    2.00000
 179.98135   -0.05103   23.32000   22.94358    0.05433    0.02999    7.35434    2.00295    1.17775    3.90368    2.00000
 180.04198    0.04012   23.62542   23.20147    0.05806    0.03205    5.90118    1.15937    0.65829   -6.46471    2.00000
 180.40552    0.06609   22.87413   22.55401    0.41086    0.22676   10.38449    0.77755    1.08812    1.58076    2.00000
 179.82072   -0.01116   23.74112   23.29748    0.17963    0.09914    5.41783   -2.43810    0.63127   -4.57910    2.00000
 180.00082   -0.03437   22.48644   22.20570    0.03438    0.01898   14.30905    0.76598   -0.26176    3.67283    2.00000
 179.96835   -0.03046   23.74868   23.30374    0.04392    0.02424    5.38631    0.31401   -0.22418    1.48822    2.00000
 180.00995    0.00776   23.75565   23.30949    0.01262    0.00697    5.35737    2.79345    1.97431   -2.78284    2.00000
 180.30379   -0.18111   23.79613   23.34290    0.35367    0.19520    5.18913    1.07347   -3.21719   -7.80935    2.00000
 180.00464    0.01383   22.65061   22.35412    0.01459    0.00805   12.54174    4.18802   -1.14614    1.01408    2.00000
 180.01575   -0.04930   23.41525   23.02428    0.05176    0.02857    6.79324    1.59617   -3.98231  -10.53965    2.00000
 179.97659   -0.01766   23.82947   23.37042    0.02932    0.01618    5.05059    0.62398    2.32791    2.39981    2.00000
 179.96646    0.02045   22.14657   21.89359    0.03928    0.02168   18.66668   -2.37078   -0.56854   -2.91804    2.00000
 179.80138   -0.15549   23.29006   22.91822    0.25224    0.13922    7.55162    8.52642   -2.02258   11.02410    2.00000
 179.99451    0.01950   23.70183   23.26493    0.02025    0.01118    5.58168    3.30009   -1.32183    4.04922    2.00000
 179.97838   -0.07000   22.97595   22.64460    0.07326    0.04043    9.67985   -2.56691   -2.81484   -5.54177    2.00000
 179.80055   -0.07738   23.63506   23.20952    0.21394    0.11808    5.86065   -3.17885   -0.67269   -2.48989    2.00000
 179.99564   -0.04398   22.69745   22.39619    0.04420    0.02440   12.04074   -1.19097   -1.52138   -3.74786    2.00000
 180.09883    0.01774   22.59845   22.30724    0.10041    0.05542   13.09987    6.07548    1.59954    8.12563    2.00000
 179.98212    0.14349   21.16095   20.91792    0.14460    0.07981   41.95295   15.03876    0.32150   15.71189    2.00000
 179.97018   -0.01230   21.68479   21.45926    0.03225    0.01780   26.79611   -4.61897    2.52288   -1.36999    2.00000
 179.98524    0.05221   23.13542   22.78413    0.05426    0.02995    8.59459   -0.13518    1.42211   -1.35075    2.00000
 179.93286   -0.09244   20.25768   19.78104    0.11425    0.06306   98.35675    3.66199    0.20340    4.00680    2.00000
 180.00690   -0.05534   21.72713   21.50009    0.05577    0.03078   25.72299    2.17143   -0.42183    0.67634    2.00000
 180.03276   -0.02421   23.59169   23.17329    0.04074    0.02248    6.04306    2.73924    0.01782    6.96571    2.00000
 179.91528   -0.01407   21.10667   20.85227    0.08588    0.04740   44.41308   -2.02797    1.21692   -0.98046    2.00000
 180.01785    0.05074   22.98672   22.65405    0.05379    0.02969    9.60634    0.88626   -1.23725    4.06856    2.00000
 180.02238   -0.02338   21.89430   21.65828    0.03237    0.01786   22.88624   -2.76991    1.49771   -2.36399    2.00000
 180.07742   -0.05853   21.99822   21.75524    0.09706    0.05357   21.14758   -0.24507    1.12616    1.35856    2.00000
 180.02135    0.01337   21.95985   21.71952    0.02519    0.01390   21.78814    1.51495    1.96567    3.07083    2.00000
 179.98146   -0.01364   23.46125   23.06321    0.02302    0.01271    6.59727    3.29852   -2.87198   -2.80391    2.00000
 179.97859   -0.01320   21.10070   20.84501    0.02515    0.01388   44.68507   -3.85142    0.67785   -3.31621    2.00000
 179.77768    0.11645   20.68394   20.24931    0.25097    0.13852   70.53436    2.27090   -0.79297    1.39733    2.00000
 180.04855   -0.10723   23.41253   23.02198    0.11771    0.06497    6.80485    0.90109    1.91571    4.51227    2.00000
 179.74059    0.09100   22.39172   22.11897    0.27492    0.15173   15.34178   -3.38610    0.01992   -1.88575    2.00000
 180.03201   -0.05703   23.14022   22.78832    0.06541    0.03610    8.56195   -3.75505    1.98216    0.25088    2.00000
 179.98135   -0.09368   22.70743   22.40511    0.09552    0.05272   11.93451   -0.53080   -1.26908    0.02862    2.00000
 180.05244    0.02862   23.46935   23.07007    0.05975    0.03298    6.56273    0.49477   -0.84210   -3.86806    2.00000
 179.95386    0.03975   23.56598   23.15182    0.06090    0.03361    6.15115    2.12588    1.62909    7.95361    2.00000
 179.99652   -0.06821   22.97918   22.64744    0.06830    0.03770    9.65780   -3.88834   -0.70217   -7.47159    2.00000
 180.01633   -0.02422   22.39892   22.12560    0.02921    0.01612   15.26279    3.29786    3.03482    6.57122    2.00000
 179.97426    0.06913   23.73551   23.29283    0.07376    0.04071    5.44123   -5.98537    3.08261   -6.39327    2.00000
 179.98785   -0.06694   22.73986   22.43410    0.06803    0.03755   11.58928    1.97717    1.53190    1.81687    2.00000
 179.92178    0.00744   22.26156   21.99916    0.07856    0.04336   16.77356   -5.59172   -1.36829   -5.95120    2.00000
 179.99008   -0.02477   22.76231   22.45417    0.02669    0.01473   11.35027   -1.95951   -0.78458   -1.91835    2.00000
 179.94775   -0.02239   23.83423   23.37435    0.05685    0.03137    5.03080    1.20117    2.42099   -3.42932    2.00000
 179.98318   -0.00293   23.18640   22.82847    0.01706    0.00942    8.24966    4.43635    0.01833    4.34725    2.00000
 180.02354   -0.01732   21.28302   21.05438    0.02923    0.01614   37.44635    2.40713    1.00795    4.24726    2.00000
 180.18550   -0.17074   22.83501   22.51914    0.25211    0.13915   10.65572   -0.15692   -1.79203   -4.28776    2.00000
 180.01579   -0.05372   23.59169   23.17329    0.05600    0.03091    6.04306    0.32581    0.26920   -0.94554    2.00000
 179.97318    0.04862   22.67148   22.37286    0.05553    0.03065   12.31848    0.17534   -0.79515   -4.48521    2.00000
 180.01251    0.00052   21.55473   21.33412    0.01252    0.00691   30.08785   -1.20852   -2.08605   -2.93714    2.00000
 179.95715   -0.28901   23.24004   22.87504    0.29217    0.16126    7.88743    2.31168   -4.28177    1.30973    2.00000
 179.98076    0.15004   23.63506   23.20952    0.15127    0.08349    5.86065   -1.40537   -0.30581    1.56807    2.00000
 179.80888    0.03961   21.58977   21.36780    0.19518    0.10772   29.20193   -1.10319   -2.07968   -2.57323    2.00000
 180.02119    0.13924   22.65322   22.35646    0.14085    0.07774   12.51383   -3.57469   -2.32350   -3.71517    2.00000
 180.02264    0.02877   23.28462   22.91361    0.03662    0.02021    7.58749    1.07598    2.00218    4.21178    2.00000
 179.98286    0.00547   21.14400   20.89763    0.01798    0.00993   42.71314    1.93842   -2.70443   -0.57527    2.00000
 179.92313   -0.06666   22.26670   22.00388    0.10176    0.05616   16.71221   -3.55689   -0.77244   -2.08884    2.00000
 180.04269   -0.10705   22.56193   22.27443    0.11525    0.06361   13.49057    0.01694   -0.38881    2.10547    2.00000
 179.98370    0.06483   23.00072   22.66634    0.06685    0.03690    9.51079    6.43537   -2.41008    7.34228    2.00000
 179.89156    0.09093   23.05141   22.71070    0.14152    0.07811    9.16571   -0.36560    1.28968   -3.67344    2.00000
 179.96410   -0.03040   21.40852   21.18570    0.04704    0.02596   33.99195   -3.05987   -1.22913   -4.56432    2.00000
 180.05539   -0.09508   23.02500   22.68763    0.11004    0.06073    9.34521    4.89718   -1.67347    5.28678    2.00000
 180.02090    0.04293   22.35811   22.08801    0.04775    0.02636   15.71042    1.35706   -2.43527   -2.44546    2.00000
 180.07272    0.06804   22.24357   21.98262    0.09959    0.05496   17.07011   -1.65385    0.39221   -1.49466    2.00000
 180.02379   -0.00623   17.91247   17.28551    0.02459    0.01357  416.46954   -2.03670   -0.60774   -2.63306    2.00000
 179.87505    0.08120   22.80722   22.49432    0.14901    0.08224   10.87225    0.28143    0.30656    2.89261    2.00000
 179.92339    0.04873   23.09221   22.74637    0.09080    0.05011    8.88831   -1.04848    1.81601    0.84076    2.00000
 179.96123    0.01014   22.82979   22.51449    0.04008    0.02212   10.69188    1.02122   -2.30756    0.78276    2.00000
 179.86720    0.12121   22.33411   22.06590    0.17980    0.09923   15.97374    2.04970   -2.27351    0.06034    2.00000
 179.94576   -0.05857   23.84138   23.38025    0.07983    0.04406    5.00111   -1.15743    1.55838    5.49810    2.00000
 179.97545   -0.00540   20.98032   20.68430    0.02514    0.01387   50.70825    3.61599   -1.41956    2.35326    2.00000
 179.94608    0.08308   23.17421   22.81789    0.09904    0.05466    8.33198   -2.64842   -1.81228   -5.21578    2.00000
 180.02071    0.13211   23.07541   22.73168    0.13372    0.07380    9.00254   -0.26187    0.28044    0.59198    2.00000
 179.96191    0.05929   23.57401   23.15853    0.07047    0.03889    6.11737   -1.19666   -1.31355   -1.99876    2.00000
 179.98746   -0.00029   18.03541   17.77140    0.01254    0.00692  324.80066    2.93929    0.37302    3.25322    2.00000
 180.46475    0.60014   22.93151   22.60515    0.75905    0.41896    9.98668   -1.49882   -1.09157   -3.72316    2.00000
 180.05774    0.01278   23.57562   23.15987    0.05914    0.03264    6.11062    0.54065   -0.16715    3.24370    2.00000
 179.96220   -0.02935   23.80327   23.34880    0.04785    0.02641    5.15945    2.59241    0.10066    6.41619    2.00000
 180.01692   -0.00796   23.59811   23.17866    0.01869    0.01032    6.01603    5.53899    2.17041    4.46080    2.00000
 179.97733    0.00498   22.80473   22.49209    0.02321    0.01281   10.89881    1.51602    6.02506    6.67070    2.00000
 180.00774    0.01087   22.12903   21.87756    0.01334    0.00736   18.95409   -0.53088    0.51998    0.04075    2.00000
 180.03148   -0.00482   22.55206   22.26550    0.03185    0.01758   13.59698   -0.53015   -2.05452   -1.19835    2.00000
 179.95541    0.13461   23.65880   23.22929    0.14180    0.07826    5.76114   -0.78185   -2.76229   -3.84128    2.00000
 179.96095    0.05162   22.99534   22.66161    0.06472    0.03572    9.54754    1.91964   -1.01889   -1.92419    2.00000
 180.01755   -0.07482   23.62703   23.20281    0.07685    0.04241    5.89443   -4.09087   -3.01128   -7.58598    2.00000
 180.01770    0.05637   23.79851   23.34487    0.05908    0.03261    5.17924   -1.51477   -0.90287   -1.95722    2.00000
 179.92542    0.09161   22.99103   22.65783    0.11813    0.06520    9.57694    0.71674   -1.12070    0.00142    2.00000
 180.03696    0.04929   23.04901   22.70860    0.06160    0.03400    9.18203   -2.82256    3.27773    1.18691    2.00000
 180.06744    0.03921   23.03941   22.70021    0.07801    0.04306    9.24730   -3.83512   -1.43921   -5.00768    2.00000
 179.98643    0.03133   23.54233   23.13182    0.03414    0.01884    6.25187   -3.01746   -0.39855  -10.37555    2.00000
 180.07632   -0.00009   23.83661   23.37632    0.07633    0.04213    5.02090    0.30948   -0.96878   -1.79626    2.00000
 180.06441   -0.21326   23.24492   22.87928    0.22278    0.12296    7.85450    0.20296   -0.69681    0.55794    2.00000
 179.54495    0.09368   23.41798   23.02659    0.46458    0.25642    6.78163   -5.72747   -0.07639   -4.88080    2.00000
 179.95259   -0.02920   21.55668   21.33599    0.05568    0.03073   30.03864    0.60476    2.24136    3.40741    2.00000
 180.01215    0.00674   23.73177   23.28973    0.01389    0.00767    5.45684   -4.29549   -0.48394   -2.99357    2.00000
 180.00606   -0.03982   23.59329   23.17463    0.04028    0.02223    6.03630   -3.25202   -0.74603   -5.49593    2.00000
 180.02283    0.02254   21.46068   21.23900    0.03208    0.01770   32.58998   -3.75214    2.27424   -1.29355    2.00000
 180.01132   -0.01031   22.18959   21.93301    0.01531    0.00845   17.95978    3.44016    3.07471    7.04333    2.00000
 179.98718    0.01164   23.40165   23.01276    0.01731    0.00956    6.85129   -4.03892   -2.72953   -8.21292    2.00000
 179.98569    0.02474   23.41798   23.02659    0.02859    0.01578    6.78163   -1.25651    0.52281   -1.59129    2.00000
 179.93867    0.04539   22.24871   21.98734    0.07630    0.04211   16.98538    1.41159    1.23417    3.05713    2.00000
 179.93307   -0.32519   22.82979   22.51449    0.33201    0.18324   10.69188   -0.46964    0.35571    2.19445    2.00000
 180.10384   -0.05763   23.29006   22.91822    0.11875    0.06554    7.55162    4.88342   -3.79009    2.08718    2.00000
 179.93378    0.02195   20.82468   20.43279    0.06976    0.03850   61.07889    0.32209    2.32940    2.58638    2.00000
 180.04922   -0.03752   23.27918   22.90900    0.06189    0.03416    7.62329    5.06737    1.15484    5.57436    2.00000
 179.64415   -0.28918   23.20103   22.84118    0.45853    0.25308    8.15087   -2.90358   -1.22112   -5.73715    2.00000
 179.99937   -0.00561   21.76153   21.53326    0.00564    0.00312   25.12819   -3.37268   -2.16848   -5.54033    2.00000
 179.93227    0.09501   22.54972   22.26336    0.11668    0.06440   13.62241   -7.50831    0.72493   -5.83444    2.00000
 179.92274    0.05500   23.01473   22.67862    0.09483    0.05234    9.41523    6.19198   -1.67710    2.95215    2.00000
 179.86316    0.00769   21.46851   21.24699    0.13705    0.07564   32.37969    0.32902    3.49956    3.73371    2.00000
 180.01891   -0.03355   22.23843   21.97789    0.03852    0.02126   17.15484   -1.29512   -2.38960   -2.68701    2.00000
 179.93295    0.03655   22.21529   21.95663    0.07635    0.04214   17.53613    2.84761    0.82195    3.43248    2.00000
 179.94194    0.09688   19.87946   19.38318    0.11294    0.06234  127.87343   -1.30884   -2.13678   -3.45357    2.00000
 180.03036    0.05902   19.56680   19.05619    0.06637    0.03663  156.69238   -0.55867    0.62360   -0.06167    2.00000
 180.01762   -0.04351   22.78477   22.47425    0.04694    0.02591   11.11126   -0.03414   -0.42341    0.97736    2.00000
 179.96259    0.00870   23.65131   23.22309    0.03842    0.02120    5.79235   -0.78889   -1.13475   -4.83549    2.00000
 180.06091    0.06383   23.62542   23.20147    0.08824    0.04870    5.90118   -4.85279    1.96061   -0.35079    2.00000
 180.00240    0.01726   21.07830   20.81780    0.01743    0.00962   45.70504   -2.88773   -0.75259   -4.07915    2.00000
 179.93924   -0.04748   21.40330   21.18037    0.07711    0.04256   34.13215    1.50398    1.22562    3.00365    2.00000
 179.92892    0.06701   23.16202   22.80731    0.09769    0.05391    8.41431    0.34896    1.51075    6.19716    2.00000
 180.04126    0.25533   18.18911   17.88113    0.25865    0.14275  306.08615    0.46356   -0.79398   -0.30620    2.00000
 179.97005   -0.04501   23.36082   22.97817    0.05407    0.02984    7.08531   -1.75585    0.92144   -0.10534    2.00000
 180.02988   -0.01428   21.99548   21.75269    0.03312    0.01828   21.19333   -2.74120    1.08268   -2.57639    2.00000
 180.02457    0.04945   17.28548   16.58954    0.05521    0.03047  584.84125    1.77863    5.36067    7.14487    2.00000
 179.96114    0.02105   23.59329   23.17463    0.04420    0.02440    6.03630    3.20769   -0.90439    0.58994    2.00000
 180.05688    0.09274   22.12683   21.87555    0.10880    0.06005   18.99001    2.65116    0.46774    4.06748    2.00000
 179.99483    0.00033   23.19372   22.83482    0.00519    0.00286    8.20027   -5.65459    0.68465  -10.75354    2.00000
 180.00378    0.03545   22.06399   21.81647    0.03565    0.01968   20.04948   -1.10248    1.59866    0.47051    2.00000
 180.02588    0.02813   21.91063   21.67359    0.03823    0.02110   22.61171    4.69954   -0.57795    5.24730    2.00000
 180.05495   -0.04003   23.13062   22.77993    0.06798    0.03752    8.62723    7.88440    0.90849    9.58843    2.00000
 180.02153   -0.01833   22.58541   22.29553    0.02827    0.01560   13.23941   -0.87190   -0.43795   -0.96212    2.00000
 179.89281    0.23706   22.79225   22.48094    0.26017    0.14359   11.03159    0.03189   -0.14351    2.46990    2.00000
 179.98123   -0.06985   23.70932   23.27113    0.07233    0.03992    5.55047   -0.65390   -4.60547   -7.08910    2.00000
 180.02467   -0.02508   23.56919   23.15450    0.03518    0.01942    6.13764    3.04463    1.50178    4.52333    2.00000
 180.04649   -0.03379   23.81280   23.35666    0.05748    0.03172    5.11986   -0.39961    0.03669    2.36641    2.00000
 180.03293    0.00953   23.35538   22.97356    0.03428    0.01892    7.12118   -3.08471   -3.05616   -6.45424    2.00000
 180.02765   -0.02113   19.75772   19.25605    0.03480    0.01921  139.07776    4.49670   -2.21641    2.29015    2.00000
 179.97913   -0.01898   23.45044   23.05406    0.02822    0.01558    6.64333   -2.46720    1.20968   -1.02608    2.00000
 180.05403   -0.15697   21.58393   21.36219    0.16601    0.09162   29.34958   -2.03995   -4.95116   -6.80063    2.00000
 179.96487    0.03010   22.99857   22.66445    0.04626    0.02553    9.52549    2.22978    0.66473    1.74962    2.00000
 179.92188   -0.21109   23.15715   22.80307    0.22509    0.12423    8.44724   -4.71959    1.68076   -3.80682    2.00000
 180.05048    0.10413   22.97487   22.64366    0.11572    0.06387    9.68720   -2.81924   -1.90515   -5.70725    2.00000
 179.99809   -0.07482   23.37715   22.99200    0.07484    0.04131    6.97770  -10.15755    0.02292  -13.66225    2.00000
 180.06538    0.07857   22.43722   22.16085    0.10221    0.05641   14.84311    3.77861   -0.74437    3.80090    2.00000
 179.73228   -0.18003   23.79613   23.34290    0.32262    0.17806    5.18913    6.46178    3.02109    6.15414    2.00000
 180.00284    0.03073   22.14985   21.89659    0.03086    0.01703   18.61279   -0.74311    1.98130    2.15771    2.00000
 179.89462   -0.08083   22.97702   22.64555    0.13280    0.07330    9.67250    1.36837   -0.31591   -1.26468    2.00000
 180.04662   -0.03112   23.24004   22.87504    0.05605    0.03093    7.88743    0.73580    0.95496    0.36316    2.00000
 179.97316    0.04448   23.51260   23.10666    0.05195    0.02867    6.37852    3.02677    1.13990    3.17518    2.00000
 180.00984   -0.04364   23.72428   23.28353    0.04473    0.02469    5.48805   -1.01891    1.36266    1.99942    2.00000
 180.01801   -0.02073   22.93934   22.61213    0.02746    0.01516    9.93244   -3.05635    1.82099    0.81707    2.00000
 179.87775    0.00915   21.97629   21.73482    0.12259    0.06766   21.51361   -2.02223   -0.68837   -3.05603    2.00000
 179.94017    0.01358   22.14985   21.89659    0.06135    0.03386   18.61279   -0.92501   -0.12899    0.17406    2.00000
 179.97148    0.00385   23.48017   23.07922    0.02878    0.01588    6.51668   -2.02028    0.53728   -6.12769    2.00000
 180.00948    0.02316   22.53097   22.24628    0.02502    0.01381   13.82586   -2.12926   -1.55682    1.05767    2.00000
 180.06697   -0.15287   23.32000   22.94358    0.16690    0.09211    7.35434    1.05385   -1.75657   -4.62965    2.00000
 180.04973   -0.01480   23.46665   23.06778    0.05189    0.02864    6.57425    1.01222    0.10034   -3.06928    2.00000
 180.00742   -0.01415   23.80327   23.34880    0.01598    0.00882    5.15945   -3.93404    1.47354    5.46033    2.00000
 179.74812    0.09574   21.16995   20.92837    0.26945    0.14872   41.56125   -1.90082   -1.51136   -3.61573    2.00000
 179.98555    0.11630   21.69273   21.46692    0.11719    0.06468   26.59476    6.13074    0.95154    7.04910    2.00000
 179.94563   -0.06518   23.76041   23.31342    0.08488    0.04684    5.33757    2.33733    0.50178    1.28818    2.00000
 179.94704   -0.03005   22.52394   22.23987    0.06089    0.03361   13.90215    1.09743   -1.57971   -0.55108    2.00000
 179.95329    0.02909   23.35538   22.97356    0.05502    0.03037    7.12118    0.97972    1.49371    5.74890    2.00000
 179.95322    0.11860   22.62714   22.33302    0.12749    0.07036   12.79290    4.62532   -0.30873    5.28561    2.00000
 180.07590    0.07400   23.15715   22.80307    0.10601    0.05851    8.44724    0.88597   -2.20492   -3.27562    2.00000
 179.96558   -0.02984   21.12907   20.87949    0.04556    0.02514   43.39312    3.81177    0.80021    4.55429    2.00000
 179.97118    0.01961   23.19372   22.83482    0.03487    0.01924    8.20027   -2.54749    2.45928   -4.12410    2.00000
 180.08746    0.02538   19.79371   19.29355    0.09106    0.05026  135.77295    0.23382    2.73854    3.05773    2.00000
 180.13985    0.02788   22.73238   22.42741    0.14260    0.07870   11.66895   -2.16195   -0.49202   -5.19240    2.00000
 179.99091   -0.12587   20.01869   19.52933    0.12620    0.06965  115.57204    0.39151   -3.91839   -3.48636    2.00000
 180.00569   -0.00319   23.43152   23.03805    0.00652    0.00360    6.72392   -4.46474    0.34638   -2.73342    2.00000
 180.07649    0.01791   22.03658   21.79096    0.07856    0.04336   20.50702    3.63215   -1.39443    1.98189    2.00000
 180.02438    0.00366   23.54233   23.13182    0.02466    0.01361    6.25187    4.46877    0.37503    2.65704    2.00000
 179.97705    0.10501   17.94308   17.97746    0.10749    0.05933  289.65701   -2.90971   -2.95744   -5.87237    2.00000
 179.93051    0.09772   23.48557   23.08379    0.11991    0.06618    6.49365   -4.56991   -2.14955    1.74095    2.00000
 179.95891    0.08719   23.52071   23.11352    0.09639    0.05320    6.34397   -1.63858    0.25833   -3.34826    2.00000
 179.99483   -0.00973   23.24736   22.88139    0.01102    0.00608    7.83804    3.21572   -1.69762    4.13480    2.00000
 179.94785    0.07420   22.70992   22.40734    0.09070    0.05006   11.90796   -1.29990    2.25758    2.69769    2.00000
 180.00459    0.03125   23.17909   22.82212    0.03158    0.01743    8.29905   -0.26832   -3.62194   -4.34919    2.00000
 180.03741   -0.08345   23.13302   22.78203    0.09146    0.05048    8.61091   -3.41614   -1.42818   -3.55264    2.00000
 179.97124   -0.00838   23.53152   23.12267    0.02996    0.01653    6.29792   -4.02679   -1.03200   -8.01675    2.00000
 179.98946   -0.02056   21.30527   21.07808    0.02311    0.01275   36.82292   -4.00009    0.79052   -3.79384    2.00000
 179.96149    0.05045   22.77978   22.46979    0.06347    0.03503   11.16438    1.34690   -0.85544    1.16373    2.00000
 179.99617    0.04406   22.43488   22.15871    0.04423    0.02441   14.86854   -3.78994   -3.66609   -6.43385    2.00000
 180.16620   -0.00774   23.48017   23.07922    0.16638    0.09183    6.51668    5.80335    2.07542    8.75348    2.00000
 180.33838   -0.13198   22.97164   22.64082    0.36321    0.20046    9.70925   -0.98306   -0.51393   -1.94016    2.00000
 180.03854    0.02642   22.92108   22.59586    0.04674    0.02580   10.05901    2.93198   -0.34818    1.47197    2.00000
 180.24049    0.50356   23.40165   23.01276    0.55805    0.30801    6.85129   -2.21305   -1.20966   -3.96963    2.00000
 179.99406   -0.01972   23.64149   23.21489    0.02060    0.01137    5.83362    2.86140    1.79366    2.98001    2.00000
 180.02042    0.01164   21.88069   21.64552    0.02350    0.01297   23.11501    1.50124   -2.69817   -0.90104    2.00000
 180.00589    0.08342   23.60614   23.18537    0.08363    0.04616    5.98225   -0.07534   -0.68994    4.49080    2.00000
 180.00143   -0.01393   23.55314   23.14096    0.01400    0.00773    6.20581   -4.32435   -3.18123  -13.30509    2.00000
 179.95821   -0.06328   21.92698   21.68891    0.07583    0.04185   22.33690   -1.72784   -0.56476   -2.50042    2.00000
 179.97815    0.00012   22.27955   22.01569    0.02185    0.01206   16.57155    2.33559    1.70572    2.66246    2.00000
 179.95982    0.01116   23.09941   22.75266    0.04170    0.02302    8.83936   -2.27392   -2.02421   -6.93379    2.00000
 179.97490    0.00742   22.09846   21.84912    0.02618    0.01445   19.46397    4.33415   -1.07253    2.74688    2.00000
 179.94795    0.02420   23.50449   23.09980    0.05740    0.03168    6.41306   -3.25983   -1.41345   -7.68803    2.00000
 179.97923   -0.07258   19.05894   18.52044    0.07549    0.04166  214.67940    1.69567    4.56393    6.30521    2.00000
 180.00272    0.00352   23.80804   23.35273    0.00445    0.00246    5.13965    4.22489   -2.25949    1.50694    2.00000
 180.14333    0.00891   22.48644   22.20570    0.14360    0.07925   14.30905   -2.07766   -2.46830   -5.58572    2.00000
 180.10350   -0.13712   23.49638   23.09294    0.17179    0.09482    6.44760    7.90978    1.48931   10.86933    2.00000
 179.93683    0.18741   22.80722   22.49432    0.19777    0.10915   10.87225    3.57577   -1.07174    3.86863    2.00000
 180.04926   -0.10256   23.04901   22.70860    0.11378    0.06280    9.18203   -2.75931   -1.83816   -5.38545    2.00000
 180.04243   -0.00079   22.15095   21.89759    0.04245    0.02343   18.59483   -4.83857   -1.80355   -6.85443    2.00000
 180.03494   -0.04389   21.25471   21.02421    0.05610    0.03096   38.23980   -2.10767    0.53416   -0.72542    2.00000
 180.02792    0.07460   21.02429   20.74683    0.07966    0.04397   48.36465   -1.97525   -1.20204   -2.81837    2.00000
 179.97446    0.04107   22.27698   22.01333    0.04836    0.02669   16.59969   -0.29311   -1.96230   -2.49378    2.00000
 180.06145    0.00519   21.43982   21.21768    0.06167    0.03403   33.15077   -4.26605   -1.50199   -5.69380    2.00000
 179.96014    0.02167   23.69435   23.25873    0.04537    0.02504    5.61289   -0.70935    0.89648   10.68626    2.00000
 179.96494   -0.01297   22.28727   22.02278    0.03739    0.02064   16.48716   -0.16836    3.25081    2.84161    2.00000
 180.02289    0.04078   21.77476   21.54601    0.04676    0.02581   24.89941   -3.74907    6.16961    2.18337    2.00000
 180.06718    0.05895   23.68686   23.25253    0.08938    0.04933    5.64410   -3.26419    1.59909    1.00181    2.00000
 179.98210   -0.04346   23.51530   23.10895    0.04700    0.02594    6.36700   -1.28454   -3.35360   -1.21551    2.00000
 180.01530   -0.01534   23.73177   23.28973    0.02166    0.01196    5.45684    1.12029   -1.79914   -0.85712    2.00000
 179.99606   -0.00105   22.87153   22.55169    0.00407    0.00225   10.40257   -2.54067   -1.12229   -3.21121    2.00000
 180.08183   -0.01071   23.52881   23.12038    0.08253    0.04555    6.30943   -5.02916    1.71388   -1.93218    2.00000
 180.04266    0.02674   21.97903   21.73738    0.05035    0.02779   21.46786    3.65294    1.61161    5.73479    2.00000
 179.86307    0.01693   22.71741   22.41403    0.13798    0.07615   11.82829  -10.35660    1.99837   -5.45610    2.00000
 180.06941   -0.02596   23.12582   22.77574    0.07411    0.04090    8.65986    1.39514    1.38661    3.54003    2.00000
 180.21272    0.21610   22.65844   22.36115    0.30323    0.16736   12.45802   -3.01571    4.35298    2.84082    2.00000
 179.94183    0.01760   20.92954   20.60545    0.06078    0.03354   53.66306    4.30962   -0.63342    3.43483    2.00000
 180.13467   -0.00922   23.08261   22.73797    0.13499    0.07450    8.95358   -7.04475    3.58398   -1.50330    2.00000
 180.01735   -0.01411   20.96057   20.65521    0.02236    0.01234   51.79833    1.64452   -1.98300   -0.09861    2.00000
 179.97929   -0.02006   22.92630   22.60050    0.02883    0.01591   10.02285    0.00705    0.89705    1.92612    2.00000
 180.02122   -0.04539   18.02543   18.00872    0.05011    0.02766  284.61157    4.08308   -0.98515    3.09505    2.00000
 180.02222   -0.01768   22.10776   21.85797    0.02838    0.01567   19.30536    1.43148   -2.14462    0.14126    2.00000
 179.99779    0.00801   23.72616   23.28508    0.00831    0.00459    5.48025   -2.11815   -1.53807   -0.85430    2.00000
 179.99333    0.02343   23.52881   23.12038    0.02436    0.01345    6.30943   -0.84379    2.35820    8.60169    2.00000
 179.97691   -0.11316   20.86170   20.49177    0.11549    0.06374   58.03898    1.51817    0.32164    2.24413    2.00000
 179.97266   -0.00071   21.63455   21.41084    0.02736    0.01510   28.06991   -1.15570    0.19831   -1.41962    2.00000
 179.94730    0.05234   23.34721   22.96664    0.07428    0.04100    7.17499   -3.75737    1.70858    0.54717    2.00000
 180.00533   -0.07470   23.64955   23.22162    0.07489    0.04134    5.79973   -0.54869    1.85839    1.58363    2.00000
 179.87282   -0.05995   21.65833   21.43375    0.14060    0.07760   27.46727    4.47408    0.32525    4.15551    2.00000
 179.99509    0.03014   21.58393   21.36219    0.03054    0.01686   29.34958   -0.53640   -1.16230   -2.70930    2.00000
 180.33162   -0.37444   21.74300   21.51540    0.50017    0.27606   25.44846   -1.47151   -2.40153   -4.13190    2.00000
 179.99658    0.11033   21.72977   21.50264    0.11038    0.06092   25.67723   -3.34674   -3.52587   -6.60146    2.00000
 179.92989    0.10060   23.29006   22.91822    0.12262    0.06768    7.55162    0.77978   -1.51511    0.23548    2.00000
 180.25726    0.00596   23.79613   23.34290    0.25734    0.14203    5.18913   -0.24430   -1.28625   -5.47480    2.00000
 179.72301    0.15530   20.86170   20.49177    0.31756    0.17527   58.03898   -4.64416    1.07662   -3.42857    2.00000
 180.03279   -0.07193   22.24871   21.98734    0.07905    0.04363   16.98538   -3.43385   -1.04038   -4.55896    2.00000
 179.99869    0.02936   23.19372   22.83482    0.02939    0.01622    8.20027    1.82682    2.65777    4.76195    2.00000
 180.08983    0.07171   23.42070   23.02890    0.11495    0.06344    6.77002    5.23002   -4.92179    2.23257    2.00000
 180.01616    0.00705   22.85588   22.53774    0.01763    0.00973   10.51106    3.31848    0.95313    4.86204    2.00000
 179.82657   -0.16630   21.53197   21.31182    0.24028    0.13262   30.67459   -1.82080   -0.74371   -3.45919    2.00000
