#RA        DEC       MAG_G     MAG_I     ANGSEP    RPROJ     SNR       VTRUE       VSYS       VMEAS      VSYSERR    
 179.94463    0.00687   23.47476   23.07464    0.05579    0.03079    6.53971    1.26363    0.39086   -5.43086    2.00000
 180.00864    0.16162   23.67564   23.24323    0.16185    0.08933    5.69092    0.82469   -0.35711    0.30211    2.00000
 179.99483   -0.08646   23.57401   23.15853    0.08661    0.04780    6.11737    0.88489    1.30103    2.45690    2.00000
 180.04205    0.02637   21.07681   20.81598    0.04964    0.02740   45.77304    1.06316   -0.95669   -0.29038    2.00000
 180.04630   -0.02920   21.78816   21.55877    0.05473    0.03021   24.67064   -0.12139    2.48667    2.56168    2.00000
 180.03885    0.10574   23.20591   22.84541    0.11265    0.06217    8.11794    2.65804   -0.19740    3.82094    2.00000
 179.98840   -0.02242   17.92686   17.90441    0.02524    0.01393  302.11588    0.25137   -0.91956   -0.64627    2.00000
 179.88174    0.07481   22.79974   22.48763    0.13993    0.07723   10.95192   -0.20612   -0.93139   -1.36902    2.00000
 179.91318   -0.01816   22.33891   22.07032    0.08871    0.04896   15.92108   -6.98672   -1.04046  -10.07510    2.00000
 180.02325    0.00670   23.70370   23.26648    0.02420    0.01336    5.57388   -0.01243   -0.23773   -1.18766    2.00000
 180.02727    0.04077   22.44425   22.16725    0.04905    0.02707   14.76681   -1.64063    0.92633   -1.10260    2.00000
 179.98882   -0.02721   22.46769   22.18861    0.02942    0.01624   14.51250    5.28999   -1.18285    5.67996    2.00000
 180.12309    0.24068   21.38504   21.16172    0.27033    0.14920   34.62284    7.00888    2.79645    9.68770    2.00000
 180.01726   -0.00027   20.22486   19.74638    0.01726    0.00953  100.72737   -4.02337    0.83304   -3.14277    2.00000
 180.21716   -0.09321   22.65061   22.35412    0.23632    0.13043   12.54174    1.33213    1.27380    3.76346    2.00000
 180.01259   -0.01009   21.92698   21.68891    0.01613    0.00890   22.33690    2.80727   -3.45781    0.63713    2.00000
 179.99815   -0.26404   21.30931   21.08239    0.26405    0.14574   36.70957  -10.57308    2.77266   -8.57449    2.00000
 179.98193    0.03671   22.43957   22.16298    0.04092    0.02258   14.81768   -2.17782   -1.89502   -5.10495    2.00000
 180.01981    0.09453   22.35811   22.08801    0.09658    0.05331   15.71042   -3.84092   -0.57192   -3.79081    2.00000
 180.01077    0.00307   23.15715   22.80307    0.01120    0.00618    8.44724    1.13251    0.64135   -0.69833    2.00000
 180.02657    0.01548   22.70743   22.40511    0.03074    0.01697   11.93451   -4.13136    0.22219   -2.71772    2.00000
 180.00668   -0.02325   22.50519   22.22278    0.02419    0.01335   14.10560    2.15669   -0.18349    2.57504    2.00000
 179.96706    0.03238   22.05851   21.81137    0.04619    0.02549   20.14099    1.06942   -2.49933   -2.43089    2.00000
 179.99440   -0.01419   23.83661   23.37632    0.01526    0.00842    5.02090   -0.41813    0.22398   -2.96254    2.00000
 179.95895    0.02003   21.12459   20.87404    0.04567    0.02521   43.59711   -1.19498   -2.90304   -4.39407    2.00000
 180.05568   -0.03235   22.44191   22.16512    0.06439    0.03554   14.79225    4.62262   -0.80873    5.58744    2.00000
 179.98807    0.01068   22.14766   21.89459    0.01602    0.00884   18.64872    3.90647   -0.06674    3.63112    2.00000
 179.91675   -0.02528   23.45584   23.05863    0.08701    0.04802    6.62030   -2.98789   -2.43015   -0.67992    2.00000
 180.02312   -0.00432   22.93934   22.61213    0.02351    0.01298    9.93244    3.28192   -2.62467    0.55980    2.00000
 180.07681   -0.01552   21.86980   21.63532    0.07837    0.04325   23.29802   -0.85570    2.40095    0.63188    2.00000
 180.04849   -0.04115   21.73507   21.50774    0.06361    0.03511   25.58573   -4.05673   -0.31562   -3.07858    2.00000
 179.98862   -0.01709   20.90907   20.57206    0.02053    0.01133   54.91464   -3.20036    0.30143   -2.70260    2.00000
 180.02000   -0.00392   23.78184   23.33111    0.02039    0.01126    5.24851   -2.00168   -0.21904   -1.70727    2.00000
 180.02142    0.04555   23.78422   23.33307    0.05034    0.02778    5.23861   -2.25733    0.61726   -6.80789    2.00000
 179.98273   -0.02800   23.14742   22.79462    0.03290    0.01816    8.51300   -1.13652    0.99428    2.39492    2.00000
 179.90375   -0.02405   21.09174   20.83413    0.09922    0.05476   45.09306    1.83306   -0.51361    1.59351    2.00000
 180.03493   -0.00857   22.68974   22.38927    0.03597    0.01985   12.12314   -4.49142   -1.54832   -5.84098    2.00000
 179.98509   -0.03280   22.58802   22.29787    0.03603    0.01989   13.21150    0.39719    0.32795   -2.09293    2.00000
 180.02789    0.05535   21.98177   21.73993    0.06198    0.03421   21.42210   -4.10132   -3.36832   -7.87664    2.00000
 179.97433   -0.00726   23.73364   23.29128    0.02667    0.01472    5.44904   -3.39532    1.18139   -7.30543    2.00000
 180.05646    0.02964   22.74984   22.44302    0.06376    0.03519   11.48305   -6.32835   -0.43625   -6.88496    2.00000
 180.01593    0.08258   22.94977   22.62143    0.08410    0.04642    9.86011   -1.29974    4.74211    7.04579    2.00000
 180.01501    0.11987   23.81280   23.35666    0.12081    0.06668    5.11986   -1.32020    0.81949    0.54385    2.00000
 179.53888    0.16433   22.80223   22.48986    0.48953    0.27019   10.92537   -3.99410    0.88252   -4.97505    2.00000
 180.01376   -0.02911   23.53962   23.12953    0.03220    0.01777    6.26338    0.03562   -0.85429   -7.46223    2.00000
 180.04462   -0.01200   23.67938   23.24633    0.04620    0.02550    5.67531   -7.45226   -0.07820   -3.50536    2.00000
 179.97086    0.02232   23.42881   23.03577    0.03670    0.02026    6.73544    3.77224   -3.45463   -2.99403    2.00000
 179.97369    0.04396   23.14022   22.78832    0.05123    0.02827    8.56195    0.15105   -2.05502   -3.67983    2.00000
 180.04836    0.01831   23.81042   23.35469    0.05171    0.02854    5.12976   -3.17982    1.53819    0.17852    2.00000
 179.88271   -0.09090   23.17178   22.81577    0.14839    0.08190    8.34845    2.97262    0.09916    1.84265    2.00000
 179.94099    0.01733   22.55933   22.27209    0.06149    0.03394   13.51848   -1.44649    1.79807    0.74397    2.00000
 180.13036    0.01215   22.40612   22.13224    0.13093    0.07226   15.18380    1.74152   -1.95648    0.27495    2.00000
 180.08498    0.00338   21.49643   21.27553    0.08504    0.04694   31.62912    2.49575    0.83983    3.00525    2.00000
 180.05978    0.12473   23.81994   23.36256    0.13832    0.07634    5.09017   -1.78951   -3.79734   -1.15361    2.00000
 180.01286   -0.04063   22.16301   21.90861    0.04262    0.02352   18.39724    0.19426   -1.13703   -1.60692    2.00000
 180.00494    0.00750   22.66365   22.36583    0.00898    0.00496   12.40220   -2.76930   -0.46464   -1.13334    2.00000
 179.98950    0.00136   23.13302   22.78203    0.01059    0.00585    8.61091   -1.85268   -0.11879    0.29795    2.00000
 179.98978    0.01865   23.14984   22.79673    0.02127    0.01174    8.49659    2.13110    2.99205    7.68829    2.00000
 179.99014   -0.02944   22.01192   21.76799    0.03105    0.01714   20.91881    4.23975   -1.02923    2.17660    2.00000
 180.00157   -0.07734   22.33891   22.07032    0.07735    0.04269   15.92108   -1.45228    0.76463    0.00335    2.00000
 180.01591   -0.01237   21.90518   21.66849    0.02015    0.01112   22.70322    3.19274   -0.87631    2.48983    2.00000
 180.04762   -0.01067   23.42070   23.02890    0.04880    0.02694    6.77002   -5.62744   -1.39227   -4.08945    2.00000
 180.08043    0.03941   23.83423   23.37435    0.08957    0.04943    5.03080   -3.10502    0.23092   -1.97956    2.00000
 179.98280   -0.01613   23.41798   23.02659    0.02358    0.01301    6.78163   -3.33292    2.22854   -3.14699    2.00000
 180.00243    0.07971   22.75233   22.44525    0.07975    0.04402   11.45650   -3.52127    0.72766   -2.47862    2.00000
 179.99142    0.13997   22.50753   22.22492    0.14024    0.07740   14.08017   -2.32266   -4.50121   -5.59275    2.00000
 180.09985   -0.15299   23.45314   23.05635    0.18270    0.10084    6.63182    1.85203   -0.14535    3.53770    2.00000
 179.98138   -0.04756   21.74300   21.51540    0.05107    0.02819   25.44846   -3.24731   -0.49643   -4.31765    2.00000
 179.89700    0.05609   23.62542   23.20147    0.11728    0.06473    5.90118    0.08598   -0.48208    1.18492    2.00000
 179.99898    0.01097   23.80089   23.34683    0.01102    0.00608    5.16934    0.19662   -2.71508   -5.50428    2.00000
 180.00224    0.07490   22.38452   22.11234    0.07493    0.04136   15.42078   -1.91371    1.84515    1.34363    2.00000
 179.99997    0.06859   22.86370   22.54471    0.06859    0.03786   10.45681   -2.18346   -3.62918   -4.52243    2.00000
 180.06963   -0.12068   22.42292   22.14772    0.13932    0.07690   14.99947    1.26893    0.88717    3.53854    2.00000
 179.96222   -0.15864   22.09381   21.84470    0.16308    0.09001   19.54328    1.40709    2.18074    5.14143    2.00000
 180.07440    0.05839   23.65318   23.22464    0.09458    0.05220    5.78455    1.70007    2.74148   -4.62422    2.00000
 180.00650    0.02409   21.60145   21.37903    0.02495    0.01377   28.90662   -2.24656   -0.49652   -2.89218    2.00000
 180.02924    0.01132   22.93151   22.60515    0.03135    0.01730    9.98668    3.74408   -1.36325    1.49617    2.00000
 179.99205    0.01202   23.22541   22.86234    0.01441    0.00795    7.98622    1.68063    1.53430    4.86919    2.00000
 180.03513    0.02403   23.30367   22.92975    0.04256    0.02349    7.46195   -3.41763    2.16778   -0.87334    2.00000
 179.90440    0.16677   22.87153   22.55169    0.19222    0.10609   10.40257    0.82105    1.31429   -0.25481    2.00000
 179.94395   -0.00943   23.24004   22.87504    0.05683    0.03137    7.88743   -0.65438   -0.29664   -3.10629    2.00000
 179.97292    0.00115   20.66512   20.22663    0.02710    0.01496   71.70315    5.89179    2.18809    8.01789    2.00000
 180.01334   -0.02597   23.66254   23.23239    0.02920    0.01611    5.74554   -0.58637   -1.95114    0.19401    2.00000
 180.56580   -0.07508   23.29006   22.91822    0.57075    0.31502    7.55162  -13.31955    1.34369  -10.93406    2.00000
 179.85880   -0.05739   17.95446   17.33166    0.15243    0.08413  406.70493    0.21654   -0.84773   -0.61126    2.00000
 180.09621   -0.07439   23.22054   22.85811    0.12161    0.06712    8.01915   -2.85789    1.73805   -2.44093    2.00000
 179.91560    0.02215   23.68686   23.25253    0.08725    0.04815    5.64410   -2.45762    1.44522    7.16382    2.00000
 179.91760   -0.13378   23.30095   22.92744    0.15712    0.08672    7.47988    2.12793    1.71329    2.80223    2.00000
 179.98759   -0.05620   21.58199   21.36032    0.05756    0.03177   29.39880    2.02994   -1.21402    1.05187    2.00000
 179.79015    0.17712   22.92108   22.59586    0.27460    0.15156   10.05901    1.50810   -1.64925   -1.52049    2.00000
 180.07860   -0.12996   18.05423   17.62279    0.15188    0.08383  350.14774   -6.42344    2.67146   -3.74282    2.00000
 180.04642    0.00967   22.75483   22.44748    0.04741    0.02617   11.42994    1.23109    0.32043   -0.76642    2.00000
 179.97305    0.02671   22.33891   22.07032    0.03795    0.02094   15.92108   -3.71800   -1.65264   -4.85368    2.00000
 180.08768    0.10837   22.59323   22.30256    0.13940    0.07694   13.15569   -5.36581   -4.63098   -9.99164    2.00000
 179.85019    0.00342   23.78184   23.33111    0.14985    0.08271    5.24851    5.30030   -1.87068    3.74345    2.00000
 179.92184    0.06539   21.45025   21.22834    0.10191    0.05625   32.87038    0.38198   -3.40618   -3.10965    2.00000
 180.00574    0.02156   23.63506   23.20952    0.02231    0.01231    5.86065    3.03296    2.51176    2.47167    2.00000
 180.18600    0.18459   23.50179   23.09751    0.26205    0.14463    6.42457    5.95958    1.86206    5.96569    2.00000
 179.99265   -0.00404   23.62221   23.19879    0.00840    0.00463    5.91469   -5.14685   -2.57132   -9.18167    2.00000
 179.99852    0.07270   22.90543   22.58191    0.07271    0.04013   10.16750    3.00058   -0.95414    3.66012    2.00000
 180.01129    0.04599   23.79137   23.33897    0.04736    0.02614    5.20893    0.25945    1.99235    5.29190    2.00000
 180.01761    0.00986   23.12342   22.77364    0.02018    0.01114    8.67618   -0.86873    0.83803   -0.76717    2.00000
 180.04416   -0.06370   21.57225   21.35096    0.07751    0.04278   29.64489    1.06057   -2.49750   -1.00282    2.00000
 179.99503    0.03701   23.69809   23.26183    0.03734    0.02061    5.59729   -7.65348    2.00699  -11.74017    2.00000
 180.00021    0.00426   23.14742   22.79462    0.00426    0.00235    8.51300   -0.84350   -2.33529   -1.20753    2.00000
 180.20248   -0.19308   21.31538   21.08885    0.27978    0.15442   36.53954   -3.11758    2.65692   -0.81105    2.00000
 179.98894   -0.12996   23.40709   23.01737    0.13043    0.07199    6.82807    4.94094   -1.42641    6.57139    2.00000
 180.02850   -0.03546   23.09701   22.75056    0.04549    0.02511    8.85567    2.59765    2.26026    3.96022    2.00000
 179.92825   -0.05037   22.55682   22.26984    0.08765    0.04838   13.54530    0.48880    0.77372    1.42021    2.00000
 180.03046   -0.02299   22.93412   22.60748    0.03816    0.02106    9.96860    2.81173    2.24394    5.22813    2.00000
 180.06941   -0.06967   23.32000   22.94358    0.09834    0.05428    7.35434    0.09990    2.75997   -2.78135    2.00000
 180.08354    0.15100   22.31251   22.04600    0.17257    0.09524   16.21072    4.55597   -2.86078    2.31389    2.00000
 179.98503    0.01276   23.51800   23.11123    0.01967    0.01086    6.35549   -0.66749   -1.77717   -3.61342    2.00000
 180.03922   -0.01584   22.89761   22.57493    0.04229    0.02334   10.22175    4.37447    0.54675    3.63608    2.00000
 179.91891   -0.02339   22.56454   22.27678    0.08439    0.04658   13.46266    0.42158    1.94859    1.40321    2.00000
 180.04475   -0.00034   23.46935   23.07007    0.04476    0.02470    6.56273    0.97656    0.05840    3.92078    2.00000
 179.97231   -0.32842   23.25467   22.88774    0.32958    0.18191    7.78864    2.27426    1.26521    7.18642    2.00000
 179.95232    0.00824   23.75803   23.31145    0.04839    0.02671    5.34747   -2.26410   -1.14556   -5.54722    2.00000
 180.01991    0.16558   21.10816   20.85409    0.16677    0.09204   44.34508   -3.75877   -0.54194   -4.43153    2.00000
 179.96114    0.03302   23.15958   22.80519    0.05100    0.02815    8.43077   -2.00269   -2.15484   -4.39107    2.00000
 179.92415    0.01580   21.93519   21.69655    0.07748    0.04276   22.19992    6.15363   -1.56775    3.49853    2.00000
 179.96509    0.13020   21.20079   20.96420    0.13480    0.07440   40.21830    1.78456    4.65332    6.28753    2.00000
 179.99901    0.00292   22.17931   21.92356    0.00308    0.00170   18.12924   -2.66034    0.69071   -1.76637    2.00000
 179.99094   -0.01356   23.16934   22.81366    0.01631    0.00900    8.36491   -3.59163    1.24406   -7.31616    2.00000
 179.98354   -0.01462   23.70557   23.26803    0.02202    0.01215    5.56608   -1.80652   -2.26495   -5.77839    2.00000
 179.94713   -0.03608   17.96212   17.58837    0.06401    0.03533  356.01746    1.18716    0.17964    1.35410    2.00000
 180.27396   -0.33011   22.02836   21.78330    0.42898    0.23677   20.64429    0.98358    1.51338    2.48700    2.00000
 180.01762   -0.04019   23.81042   23.35469    0.04388    0.02422    5.12976    1.71347   -1.37717   -1.92760    2.00000
 180.09889    0.00256   23.51260   23.10666    0.09893    0.05460    6.37852   -3.99717    4.11895   -1.84829    2.00000
 180.04469   -0.03791   22.38692   22.11455    0.05861    0.03235   15.39445    2.01190   -1.94766   -0.56473    2.00000
 180.03104   -0.06188   23.45854   23.06092    0.06922    0.03821    6.60879   -2.05574    0.22880   -0.31451    2.00000
 179.95883   -0.18641   22.79724   22.48540    0.19091    0.10537   10.97848    1.35679    4.17093    4.85756    2.00000
 179.96539   -0.02540   21.29111   21.06300    0.04293    0.02370   37.21965    2.16612   -2.86461   -1.71781    2.00000
 179.98540    0.01692   22.83240   22.51682    0.02235    0.01233   10.67380    3.82700    0.32799    5.13026    2.00000
 179.88692    0.07883   21.40591   21.18304    0.13784    0.07608   34.06205    3.19398    1.74698    4.68808    2.00000
 179.92305   -0.00206   18.08276   17.83040    0.07697    0.04248  314.73856   -1.10570    3.75636    2.69198    2.00000
 179.97620   -0.00848   22.65844   22.36115    0.02526    0.01394   12.45802    1.83366   -2.54401    0.15536    2.00000
 179.97401   -0.05111   22.88196   22.56098    0.05734    0.03165   10.33024   -6.25073    0.32271   -9.27714    2.00000
 179.94606    0.05760   21.05672   20.78958    0.07891    0.04355   46.76246    0.39557    0.92804    0.81493    2.00000
 179.97270    0.01926   23.06821   22.72539    0.03341    0.01844    9.05149    7.44303   -2.17629    8.55768    2.00000
 179.95569   -0.04735   17.96575   17.99300    0.06485    0.03579  287.00723   -2.12910   -1.64150   -3.82167    2.00000
 179.90134    0.01859   21.66098   21.43630    0.10040    0.05541   27.40015    2.00536    0.19308    1.86208    2.00000
 179.96700    0.00539   23.48017   23.07922    0.03345    0.01846    6.51668    3.66493    1.67248    8.00330    2.00000
 179.88770    0.05718   23.53152   23.12267    0.12603    0.06956    6.29792   -0.74484    0.70559   -0.15606    2.00000
 180.05341    0.04283   22.88978   22.56796    0.06846    0.03779   10.27600   -2.43481   -1.11601   -2.91279    2.00000
 180.04002    0.01190   22.19987   21.94246    0.04177    0.02305   17.79032   -3.59842   -3.10492   -5.92183    2.00000
 179.99625    0.04286   22.63757   22.34240    0.04302    0.02374   12.68127   -3.81899   -1.90715   -5.81836    2.00000
 180.07550   -0.05130   22.50050   22.21851    0.09128    0.05038   14.15646   -1.25387   -1.95574   -3.95044    2.00000
 180.04327    0.05176   22.71990   22.41626    0.06747    0.03724   11.80173    1.63080    1.60815    3.60306    2.00000
 179.89310    0.09616   22.57497   22.28615    0.14379    0.07936   13.35104    4.13753   -0.37271    4.07368    2.00000
 179.86516   -0.01358   22.33411   22.06590    0.13552    0.07480   15.97374   -5.10603   -0.95844   -6.70398    2.00000
 179.91510    0.23264   22.16191   21.90761    0.24765    0.13668   18.41520   -4.29404    0.61399   -2.20441    2.00000
 180.03236   -0.09820   22.31011   22.04378    0.10339    0.05706   16.23705   -1.26206    1.16157    0.72429    2.00000
 180.76186    0.04494   22.47472   22.19502    0.76318    0.42124   14.43621    3.10999   -1.33384    2.16362    2.00000
 179.95996    0.03892   23.04181   22.70231    0.05584    0.03082    9.23099    5.39555   -2.17297    2.88972    2.00000
 179.96419   -0.05107   23.72241   23.28198    0.06238    0.03443    5.49585    2.50118    0.13230    2.05282    2.00000
 180.07710    0.24019   23.13542   22.78413    0.25227    0.13923    8.59459    3.92012   -2.23447   -0.62939    2.00000
 180.20326   -0.29243   23.62703   23.20281    0.35613    0.19656    5.89443    0.44598    2.96250    4.14679    2.00000
 179.96097   -0.00219   22.30269   22.03696    0.03909    0.02157   16.31837    3.28663    1.63352    4.50475    2.00000
 180.02057    0.06917   22.61149   22.31896    0.07217    0.03983   12.96034   -1.67183    1.64725    1.74850    2.00000
 180.14738   -0.02867   21.60145   21.37903    0.15014    0.08287   28.90662   -2.16960    2.61633   -0.33459    2.00000
 180.04054   -0.10387   20.09827   19.61288    0.11151    0.06154  109.85761   -8.36906    2.10755   -6.20330    2.00000
 180.11124    0.03289   22.29241   22.02751    0.11600    0.06402   16.43089    1.73732   -1.65341    1.39416    2.00000
 180.00076    0.01797   23.24979   22.88351    0.01798    0.00993    7.82157   -5.40171    1.38274   -6.75935    2.00000
 179.97379    0.01910   22.92630   22.60050    0.03243    0.01790   10.02285   -3.35282    2.38790   -1.04706    2.00000
 179.96957   -0.00497   23.50449   23.09980    0.03083    0.01702    6.41306   -0.81716    0.21820   -2.39435    2.00000
 180.01353    0.06741   21.54500   21.32477    0.06875    0.03795   30.33394    1.26484   -0.43254    0.13123    2.00000
 180.01495    0.08422   23.48557   23.08379    0.08553    0.04721    6.49365    8.61956   -2.46126    7.74408    2.00000
 180.02565    0.00556   23.25711   22.88986    0.02624    0.01448    7.77218    0.41698    0.98417   -3.24730    2.00000
 180.01118   -0.03613   22.87935   22.55866    0.03782    0.02087   10.34832   -3.14025    1.79448   -1.78688    2.00000
 179.99303   -0.02784   20.60423   20.15597    0.02870    0.01584   75.34418   -3.65713    1.92852   -1.88800    2.00000
 180.02217    0.02654   23.20591   22.84541    0.03459    0.01909    8.11794   -4.81523   -5.44536   -8.43069    2.00000
 179.99753    0.10837   22.97918   22.64744    0.10840    0.05983    9.65780   -3.37458   -0.97664   -4.89612    2.00000
 180.00368   -0.03439   21.37983   21.15639    0.03459    0.01909   34.76304    0.87606   -0.31908   -0.16172    2.00000
 179.94576    0.00985   22.72240   22.41849    0.05513    0.03043   11.77518   -1.51870   -1.18474   -1.99868    2.00000
 179.99380   -0.01818   17.13005   16.48507    0.01920    0.01060  613.29639    0.10483   -1.63188   -1.52359    2.00000
 180.07362   -0.05014   23.49098   23.08836    0.08907    0.04916    6.47062    3.64313   -1.76016    3.87105    2.00000
 179.97406   -0.04748   23.08501   22.74007    0.05411    0.02986    8.93726   -1.86860    2.73420   -2.28471    2.00000
 180.00368    0.00116   22.54972   22.26336    0.00386    0.00213   13.62241    2.22623    2.33658    5.30502    2.00000
 180.00226    0.00152   23.34177   22.96203    0.00273    0.00151    7.21086    0.46097   -0.75518    5.67586    2.00000
 180.00447   -0.01678   22.41572   22.14108    0.01736    0.00958   15.07847    5.92613    1.09156    3.85512    2.00000
 180.04944    0.00661   22.28213   22.01806    0.04988    0.02753   16.54342    3.80370    1.23825    6.91192    2.00000
 179.92192   -0.08060   23.64791   23.22026    0.11222    0.06194    5.80660   -2.78801    1.75315   -2.41866    2.00000
 180.00249    0.05329   23.02500   22.68763    0.05335    0.02944    9.34521   -0.84191    0.65780   -0.77826    2.00000
 179.96091    0.02091   22.46535   22.18648    0.04433    0.02447   14.53793    0.02504    1.92996   -0.80123    2.00000
 180.07494    0.12984   23.61257   23.19074    0.14991    0.08274    5.95523    0.26458    0.15547    4.72841    2.00000
 180.24609   -0.02720   23.60614   23.18537    0.24760    0.13666    5.98225    5.13199   -0.80388    6.24493    2.00000
 179.99632   -0.00605   22.57497   22.28615    0.00708    0.00391   13.35104    0.53265   -2.81023   -0.58356    2.00000
 179.97253   -0.00498   20.62275   20.17714    0.02792    0.01541   74.25331   -1.08558   -0.50314   -1.79904    2.00000
 180.00748   -0.00246   23.01365   22.67768    0.00786    0.00434    9.42258   -1.37882    0.62374   -1.22596    2.00000
 180.05119   -0.21361   22.12683   21.87555    0.21966    0.12123   18.99001   -0.26868    2.09135    1.40571    2.00000
 180.01646   -0.03502   23.25223   22.88563    0.03870    0.02136    7.80511    0.09903   -0.34400   -1.05678    2.00000
 180.00510    0.02512   21.05173   20.78301    0.02563    0.01415   47.00895   -4.86255   -0.66681   -6.25218    2.00000
 180.01263   -0.02924   22.81720   22.50324    0.03185    0.01758   10.77940    5.18415   -3.36196    3.27620    2.00000
 179.98424    0.00343   21.07681   20.81598    0.01613    0.00890   45.77304   -5.81833    0.50324   -5.10504    2.00000
 180.06660   -0.02237   22.81720   22.50324    0.07026    0.03878   10.77940    6.13376    0.36953    6.11213    2.00000
 179.93352    0.07438   23.14262   22.79042    0.09977    0.05506    8.54564    3.41251    0.36381    0.19575    2.00000
 179.98412   -0.00953   23.77470   23.32521    0.01852    0.01022    5.27820    4.06659   -3.09674    3.00439    2.00000
 180.02490   -0.03253   23.01258   22.67673    0.04097    0.02261    9.42994   -0.56799   -2.45176    1.32550    2.00000
 180.04895   -0.03549   23.05141   22.71070    0.06046    0.03337    9.16571    0.56595    2.30321    2.55658    2.00000
 180.07861   -0.07733   23.34721   22.96664    0.11028    0.06087    7.17499    2.31069   -1.70154    2.07362    2.00000
 179.90794    0.03701   23.48557   23.08379    0.09922    0.05476    6.49365    1.00420    2.68048    3.08326    2.00000
 180.00233   -0.04477   22.08684   21.83807    0.04483    0.02475   19.66224    0.82988    0.88967    0.50945    2.00000
 179.94064   -0.00386   20.94031   20.62303    0.05947    0.03282   53.00433   -4.14504   -2.64867   -6.79571    2.00000
 180.03069   -0.05488   22.71491   22.41180    0.06288    0.03471   11.85484   -0.11306   -1.53563   -2.35643    2.00000
 180.14436   -0.02324   22.80971   22.49655    0.14622    0.08070   10.84570    0.95862    0.62757    1.32797    2.00000
 180.06889    0.09876   23.40437   23.01506    0.12041    0.06646    6.83968    5.04849   -1.17700   -0.83783    2.00000
 180.02823   -0.06923   21.73771   21.51029    0.07477    0.04127   25.53997   -3.28480   -1.11295   -5.51938    2.00000
 180.11006   -0.08034   23.53422   23.12495    0.13627    0.07521    6.28641   -1.53350    1.73208    0.18076    2.00000
 180.05409   -0.08045   23.36082   22.97817    0.09695    0.05351    7.08531   -1.42948    2.78924    5.32079    2.00000
 180.10747    0.14641   23.15471   22.80096    0.18162    0.10024    8.46370   -1.90446   -3.81796   -4.18923    2.00000
 179.99126   -0.14079   22.39892   22.12560    0.14106    0.07785   15.26279   -2.59786    0.71285   -2.37162    2.00000
 179.96178   -0.01157   23.41525   23.02428    0.03994    0.02204    6.79324   -1.21942    0.12592   -1.61438    2.00000
 180.14841    0.02588   23.54233   23.13182    0.15065    0.08315    6.25187   -0.93407   -0.58492   -3.11708    2.00000
 179.92516    0.01506   22.38212   22.11012    0.07635    0.04214   15.44711   -2.99681    1.64891   -0.19401    2.00000
 179.75636    0.09812   21.10816   20.85409    0.26264    0.14496   44.34508   -9.68400    0.43830   -9.39485    2.00000
 180.12779    0.07156   21.12459   20.87404    0.14646    0.08084   43.59711   -2.96461    1.45274   -1.58219    2.00000
 180.01987   -0.05788   23.19616   22.83694    0.06120    0.03378    8.18380   -0.58301   -3.61361   -6.34005    2.00000
 179.94402   -0.00282   22.43254   22.15657    0.05605    0.03093   14.89402   -1.92717    0.37958   -0.83147    2.00000
 179.97409    0.01073   23.17909   22.82212    0.02804    0.01548    8.29905   -0.43273    1.69963   -2.32770    2.00000
 179.99576   -0.07908   23.75803   23.31145    0.07919    0.04371    5.34747   -2.01227    0.16498   -0.61792    2.00000
 180.19801   -0.01796   23.75088   23.30555    0.19883    0.10974    5.37716   -3.55791   -1.34795   -4.88286    2.00000
 180.02570    0.00694   21.03177   20.75670    0.02661    0.01469   47.99492   -0.72548    5.90922    5.70901    2.00000
 179.99622    0.02453   23.68125   23.24788    0.02482    0.01370    5.66751    1.85651   -0.78672    0.66582    2.00000
 179.83957    0.16794   17.98139   17.99320    0.23225    0.12819  286.97147   -1.62208    2.55183    0.97908    2.00000
 180.00644    0.06430   23.57562   23.15987    0.06462    0.03567    6.11062    5.81655   -0.58575    7.81611    2.00000
 179.99132    0.09708   21.18923   20.95076    0.09747    0.05380   40.72191   -3.57349   -5.56259   -8.83065    2.00000
 179.98891    0.04614   23.80327   23.34880    0.04746    0.02619    5.15945    1.60557   -0.00177   -3.12680    2.00000
 180.01076   -0.03234   22.02014   21.77565    0.03408    0.01881   20.78155   -2.03282   -2.40673   -5.23039    2.00000
 179.90585    0.08323   23.59490   23.17597    0.12566    0.06936    6.02954    1.04122   -0.34268   -0.29434    2.00000
 180.11659   -0.01951   23.45044   23.05406    0.11822    0.06525    6.64333   -4.48096   -0.98411   -3.82756    2.00000
 179.97913   -0.01068   22.33411   22.06590    0.02345    0.01294   15.97374   -6.26668    1.21758   -5.77495    2.00000
 180.01956   -0.03797   23.28734   22.91591    0.04272    0.02358    7.56956   -3.27757   -0.14684    0.39813    2.00000
 180.07275   -0.03660   23.72241   23.28198    0.08145    0.04495    5.49585   -4.89081   -1.15271   -7.23208    2.00000
 180.03107   -0.07045   21.63844   21.41458    0.07700    0.04250   27.97148   -2.42416    0.24113   -1.45136    2.00000
 180.27718    0.16529   23.71867   23.27888    0.32272    0.17812    5.51146    1.41606    1.10193    1.10628    2.00000
 180.07220   -0.06526   21.80176   21.57153    0.09733    0.05372   24.44187   -3.74989   -0.52093   -4.00169    2.00000
 180.01633   -0.00950   23.16446   22.80942    0.01889    0.01042    8.39784    1.20166    0.62356    0.46216    2.00000
 179.92520    0.16138   23.52611   23.11809    0.17787    0.09817    6.32095    0.66872   -3.45976   -4.60034    2.00000
 180.10753    0.01752   22.25128   21.98971    0.10895    0.06013   16.94302    5.49713    0.25192    4.50767    2.00000
 180.00716    0.04493   23.50179   23.09751    0.04549    0.02511    6.42457   -6.74131   -2.01763   -5.11090    2.00000
 179.98064    0.02368   20.36247   19.89246    0.03059    0.01688   90.73689   -0.07126   -3.02123   -2.87875    2.00000
 179.84009   -0.06590   23.82233   23.36452    0.17296    0.09546    5.08028    3.64031    1.03175    7.00410    2.00000
 179.98257    0.02454   23.72990   23.28818    0.03010    0.01661    5.46464    0.82026   -2.62947    1.18595    2.00000
 180.03906    0.04877   22.32211   22.05484    0.06249    0.03449   16.10540    1.49437    1.32325    2.80639    2.00000
 179.96770    0.10177   18.56040   17.98832    0.10678    0.05893  287.80505   -5.53259   -1.67575   -7.27604    2.00000
 180.00574    0.03265   21.66098   21.43630    0.03315    0.01830   27.40015   -0.42048   -3.34130   -3.88547    2.00000
 180.18723   -0.13420   22.01466   21.77055    0.23036    0.12714   20.87306    4.18488    1.12445    5.27080    2.00000
 180.02185   -0.03087   23.52071   23.11352    0.03782    0.02087    6.34397    5.22915    2.12088    9.69854    2.00000
 179.98831    0.03931   23.34449   22.96433    0.04102    0.02264    7.19292   -0.31983    1.16700    1.54141    2.00000
 179.95705   -0.02691   23.15715   22.80307    0.05069    0.02798    8.44724    1.63989    0.24371    0.27746    2.00000
 179.97643    0.06264   23.62864   23.20415    0.06693    0.03694    5.88767    0.26992   -5.27880    1.88975    2.00000
 179.99171   -0.03872   22.48409   22.20356    0.03960    0.02185   14.33448   -1.51650    0.35245    0.35184    2.00000
 180.06406    0.02178   23.73551   23.29283    0.06765    0.03734    5.44123    1.95626   -0.72025   -3.36393    2.00000
 180.13181   -0.05121   22.00918   21.76544    0.14140    0.07804   20.96456    4.82584   -1.12708    2.27990    2.00000
 180.26323   -0.09422   23.74300   23.29903    0.27959    0.15431    5.41002   -0.10687   -3.22585   -4.88631    2.00000
 179.90501    0.10439   23.39348   23.00584    0.14114    0.07790    6.88611    3.59100   -1.45086    7.33489    2.00000
 180.08362    0.02569   22.30269   22.03696    0.08748    0.04828   16.31837   -2.27009   -3.91019   -8.64376    2.00000
 179.96805   -0.01084   22.83762   22.52146    0.03374    0.01862   10.63763    0.33901   -0.04916   -1.96360    2.00000
 179.93079    0.52704   22.45363   22.17580    0.53156    0.29339   14.66509   -0.21978    0.17884   -1.80990    2.00000
 179.98398    0.02435   23.48287   23.08150    0.02915    0.01609    6.50517   -0.56983    0.17106    0.04558    2.00000
 179.92934   -0.02406   23.33633   22.95742    0.07465    0.04120    7.24673   -0.72617   -1.77304   -2.34825    2.00000
 180.08347    0.09258   21.47633   21.25499    0.12465    0.06880   32.16939   -5.73641    1.67732   -2.88603    2.00000
 179.72964   -0.13419   21.40591   21.18304    0.30182    0.16658   34.06205    1.18287    2.95795    3.69386    2.00000
 180.07881    0.05454   23.47746   23.07693    0.09585    0.05290    6.52819   -0.71941    1.07138   -2.70111    2.00000
 179.73512    0.36803   22.08839   21.83954    0.45343    0.25027   19.63580    6.31625   -2.51767    3.88214    2.00000
 179.98322    0.00871   23.64631   23.21892    0.01891    0.01044    5.81335   -1.37797   -0.73115   -2.53662    2.00000
 180.02592   -0.00572   22.30012   22.03459    0.02655    0.01465   16.34650   -3.73592    1.26328   -2.60969    2.00000
 180.06422    0.10804   22.27441   22.01097    0.12569    0.06937   16.62782    0.82889    0.98698    2.45565    2.00000
 180.09042   -0.00419   20.65884   20.21907    0.09052    0.04996   72.09275   -0.68396   -0.95814   -1.71247    2.00000
 180.04396    0.12255   21.39026   21.16705    0.13019    0.07186   34.48264    2.33975   -0.22046    1.89675    2.00000
 179.97044    0.01701   23.25955   22.89198    0.03409    0.01882    7.75571   -2.53968    0.09525   -1.63370    2.00000
 180.02505   -0.00644   21.06296   20.79780    0.02586    0.01427   46.45434   -4.62956    2.37627   -2.27215    2.00000
 179.88951   -0.03005   23.16934   22.81366    0.11450    0.06320    8.36491    2.41389   -3.05842    1.39837    2.00000
 179.95375   -0.05016   21.98177   21.73993    0.06822    0.03765   21.42210    1.57573    0.20018    2.56336    2.00000
 179.95042   -0.00306   23.48827   23.08608    0.04967    0.02741    6.48214    7.30366   -0.22006   11.23724    2.00000
 180.02518   -0.06133   23.67377   23.24168    0.06629    0.03659    5.69872    0.93410    2.57743   -3.46285    2.00000
 179.49144   -0.12112   21.43460   21.21235    0.52278    0.28854   33.29097   -2.93758    0.94412   -2.07587    2.00000
 179.97057   -0.11925   21.89158   21.65573    0.12282    0.06779   22.93199   -0.77314   -0.14051   -1.03796    2.00000
 180.05063    0.04828   23.05381   22.71280    0.06996    0.03861    9.14940    5.46222   -0.59335    6.04611    2.00000
 180.04488    0.03057   23.83661   23.37632    0.05430    0.02997    5.02090   -0.44273   -0.20678    3.02295    2.00000
 179.94789   -0.10432   22.83240   22.51682    0.11661    0.06436   10.67380    4.12278   -1.64827    0.82949    2.00000
 179.97592   -0.01634   22.66365   22.36583    0.02909    0.01606   12.40220    4.16619   -1.12554    3.67474    2.00000
 179.92226   -0.00938   18.92546   18.37831    0.07832    0.04323  233.70180    3.43050    0.41611    3.86404    2.00000
 180.04849   -0.01117   21.09174   20.83413    0.04976    0.02746   45.09306    5.64508    2.78083    7.61988    2.00000
 179.96750   -0.15004   22.20244   21.94482    0.15352    0.08473   17.74795    6.22291    2.12558    7.67764    2.00000
 179.96869   -0.00548   21.88341   21.64807    0.03178    0.01754   23.06925    4.12343    0.81783    4.32280    2.00000
 179.82043   -0.06988   22.69496   22.39396    0.19268    0.10635   12.06724  -13.20081   -0.47301  -12.05479    2.00000
 179.99043    0.01722   23.39348   23.00584    0.01970    0.01087    6.88611   -2.23231    4.25550   -1.12176    2.00000
 180.00195   -0.00751   23.66067   23.23084    0.00776    0.00428    5.75334   -0.82442   -0.48637    2.27780    2.00000
 180.02266   -0.13272   23.65318   23.22464    0.13464    0.07431    5.78455    1.51738    1.02547    0.54868    2.00000
 179.83914    0.08662   23.66815   23.23703    0.18270    0.10084    5.72213   -2.34425    3.32604    5.52265    2.00000
 180.12515   -0.00518   23.37987   22.99431    0.12527    0.06914    6.95977    3.96291   -1.22223    4.54778    2.00000
 180.02985   -0.01577   22.76481   22.45640    0.03375    0.01863   11.32371    3.59343   -2.02357    2.06990    2.00000
 180.01039    0.02787   23.76279   23.31538    0.02974    0.01642    5.32768   -2.76699   -0.24331   -9.11744    2.00000
 180.00781    0.02089   23.83423   23.37435    0.02231    0.01231    5.03080   -3.39847    1.53306   -2.38482    2.00000
 179.93529    0.00508   21.58977   21.36780    0.06491    0.03583   29.20193   -0.49424    0.04254   -1.10805    2.00000
 179.93886   -0.07124   21.51065   21.29004    0.09388    0.05181   31.24731   -2.63533   -0.01165   -2.15233    2.00000
 179.97624   -0.01074   22.16739   21.91262    0.02608    0.01439   18.32539   -5.89853   -0.64619   -5.11516    2.00000
 179.96915    0.01705   20.68394   20.24931    0.03525    0.01945   70.53436   -3.15250   -0.90758   -3.99145    2.00000
 180.04227   -0.04503   22.45128   22.17366    0.06175    0.03408   14.69052    6.00822   -1.32801    3.24030    2.00000
 180.05180   -0.02117   20.75830   20.34156    0.05596    0.03088   65.78031    0.24060    0.08354    0.61637    2.00000
 179.94582    0.00849   21.98177   21.73993    0.05484    0.03027   21.42210   -1.51383   -0.18257   -4.16752    2.00000
 180.00517    0.08669   23.36899   22.98509    0.08684    0.04793    7.03151   -0.39220   -2.22463    0.56678    2.00000
 179.97398    0.02219   23.27418   22.90468    0.03419    0.01887    7.65693   -2.00730    5.07148    4.41333    2.00000
 180.00618    0.01306   23.20103   22.84118    0.01445    0.00797    8.15087   -5.24925   -0.71652   -9.82243    2.00000
 179.95149   -0.02249   23.54773   23.13639    0.05347    0.02951    6.22884   -4.44420    2.46042   -3.63659    2.00000
 179.98096   -0.01083   23.29278   22.92052    0.02192    0.01210    7.53369   -1.40777   -4.16558   -4.36962    2.00000
 179.88327   -0.01719   21.65039   21.42609    0.11799    0.06512   27.66861   -1.84490   -2.28122   -4.79464    2.00000
 180.15143    0.05025   23.17909   22.82212    0.15955    0.08806    8.29905   -4.02761   -0.22341   -2.91813    2.00000
 179.97908    0.03289   23.12822   22.77783    0.03898    0.02151    8.64354   -0.58289    2.00730   -2.23980    2.00000
 179.84018   -0.07268   19.75322   19.25137    0.17557    0.09690  139.49086   -1.65383    4.04273    2.30790    2.00000
 180.04250    0.03869   23.75327   23.30752    0.05747    0.03172    5.36726    0.99294   -0.03847    0.43270    2.00000
 180.01094    0.08029   23.47206   23.07236    0.08103    0.04472    6.55122   -5.01368    1.41592   -7.32517    2.00000
 180.02621   -0.05563   23.75088   23.30555    0.06150    0.03394    5.37716   -1.07884   -2.20554   -2.26805    2.00000
 180.05038   -0.03250   23.67564   23.24323    0.05995    0.03309    5.69092    2.33103    1.24939   -0.73677    2.00000
 180.04651   -0.02929   23.48827   23.08608    0.05497    0.03034    6.48214    0.67681   -1.88474    0.99107    2.00000
 179.97865   -0.01466   21.99548   21.75269    0.02589    0.01429   21.19333    0.81944    2.31460    3.37133    2.00000
 179.96288    0.04822   22.49347   22.21210    0.06085    0.03359   14.23276    0.98777    1.28042    1.50361    2.00000
 180.00490    0.05901   22.04481   21.79861    0.05922    0.03268   20.36976   -0.44325   -0.33098   -1.34822    2.00000
 180.02246    0.02602   22.62453   22.33068    0.03437    0.01897   12.82081   -0.65634    4.78529    2.94314    2.00000
 180.12749   -0.08479   22.99965   22.66539    0.15310    0.08450    9.51814    0.00150    1.76674    4.29788    2.00000
 179.96867    0.02805   23.11141   22.76315    0.04204    0.02321    8.75777    2.06613   -3.29047   -0.30610    2.00000
 180.03809    0.05114   21.41634   21.19370    0.06376    0.03519   33.78166   -1.88336   -0.96001   -1.90573    2.00000
 179.96587   -0.03124   23.63827   23.21221    0.04627    0.02554    5.84713   -5.24413   -1.44155   -3.76969    2.00000
 179.96477   -0.04163   22.18445   21.92828    0.05454    0.03010   18.04451   -4.16890   -1.35510   -6.34962    2.00000
 180.03320   -0.06259   22.98133   22.64933    0.07086    0.03911    9.64310    4.44602    3.43911    7.18731    2.00000
 180.03059   -0.01931   22.10311   21.85355    0.03617    0.01996   19.38466    0.99529    1.30492    2.79596    2.00000
 180.02211   -0.02239   23.68125   23.24788    0.03147    0.01737    5.66751   -2.80927   -0.76362   -0.80968    2.00000
 179.98302   -0.09278   22.96493   22.63494    0.09432    0.05206    9.75504   -1.62104    1.07750    2.42023    2.00000
 179.96010    0.02232   20.08555   19.59948    0.04572    0.02524  110.77392    2.32449   -0.85292    1.30711    2.00000
 179.96010    0.00630   23.36354   22.98047    0.04040    0.02230    7.06738    2.32754    3.43505    5.78400    2.00000
 179.97681   -0.00860   18.35714   17.76910    0.02473    0.01365  325.19327   -1.18723    0.62460   -0.60105    2.00000
 179.98936   -0.00987   21.68744   21.46181    0.01451    0.00801   26.72900   -3.50667    1.95245   -1.52187    2.00000
 179.97572   -0.02437   23.15227   22.79884    0.03440    0.01898    8.48017   12.10845    1.07803   18.38746    2.00000
 180.00719   -0.05420   23.68686   23.25253    0.05468    0.03018    5.64410    2.12247   -0.51881   -3.82021    2.00000
 180.01418    0.03394   22.88457   22.56331    0.03678    0.02030   10.31216    3.89723    0.66635    2.31442    2.00000
 179.94992    0.03407   22.03658   21.79096    0.06057    0.03343   20.50702   -5.03199   -0.42607   -5.34773    2.00000
 179.96492   -0.15124   22.01192   21.76799    0.15525    0.08569   20.91881    2.57572    0.64766    3.00387    2.00000
 179.97971    0.01218   23.78660   23.33504    0.02367    0.01306    5.22872    1.51589   -2.96289   -1.45604    2.00000
 179.90823    0.12935   22.78477   22.47425    0.15859    0.08753   11.11126   -4.85026   -4.52445   -9.07658    2.00000
 180.07597   -0.04943   19.65077   19.14404    0.09063    0.05002  148.95003   -2.19015   -2.14840   -4.29980    2.00000
 180.03960    0.02112   23.62221   23.19879    0.04487    0.02477    5.91469    4.70425    1.27066    7.08755    2.00000
 180.30310   -0.04801   23.49368   23.09065    0.30688    0.16938    6.45911   -3.27740    2.97066   -1.60859    2.00000
 180.03723    0.02392   23.80089   23.34683    0.04425    0.02442    5.16934   -1.45477   -0.06044   -6.33852    2.00000
 179.97195    0.08052   20.81913   20.42405    0.08527    0.04706   61.52888    2.41488    0.97582    3.75450    2.00000
 180.01694   -0.02583   22.19216   21.93537    0.03088    0.01705   17.91741   -0.53229   -0.71729   -1.81864    2.00000
 180.03262    0.01200   22.25642   21.99443    0.03476    0.01919   16.85829    3.81306   -4.30118   -0.27170    2.00000
 179.88554   -0.04080   22.90543   22.58191    0.12150    0.06706   10.16750    3.45404   -1.49424    4.27576    2.00000
 179.93800   -0.01006   21.40330   21.18037    0.06281    0.03466   34.13215   -0.42599    1.47491    2.05899    2.00000
 180.02287   -0.03348   21.69538   21.46947    0.04055    0.02238   26.52765    1.50782    2.23368    3.56453    2.00000
 180.01762   -0.01910   23.21810   22.85599    0.02599    0.01434    8.03562    1.46577    0.76608    8.34003    2.00000
 179.90430    0.11343   21.43982   21.21768    0.14840    0.08191   33.15077    2.19836    0.55272    2.16576    2.00000
 179.99770   -0.05418   22.84805   22.53076    0.05423    0.02993   10.56531   -2.76792    0.98250    0.69479    2.00000
 180.00719   -0.01528   21.46590   21.24433    0.01688    0.00932   32.44979   -0.35665    0.37772   -0.09532    2.00000
 180.06749    0.01589   23.45044   23.05406    0.06934    0.03827    6.64333   -3.53908   -4.39403   -7.41094    2.00000
 179.97720    0.07920   22.70244   22.40065    0.08241    0.04549   11.98763    3.41541    2.23217    6.24655    2.00000
 179.80405    0.06541   23.50179   23.09751    0.20658    0.11402    6.42457    4.00255   -1.58007   -2.00708    2.00000
 180.06758   -0.02670   22.47941   22.19929    0.07266    0.04010   14.38535   -0.84278    1.35621    0.41826    2.00000
 179.95380   -0.01408   22.69496   22.39396    0.04831    0.02666   12.06724   -2.05781   -0.70877   -2.39752    2.00000
 180.00545   -0.00608   23.78660   23.33504    0.00817    0.00451    5.22872    4.32581    1.25264    2.06405    2.00000
 179.90068   -0.03647   23.34994   22.96895    0.10580    0.05839    7.15705   -3.03734    1.20406    1.51706    2.00000
 180.03694    0.00780   23.06821   22.72539    0.03776    0.02084    9.05149   -3.30766   -2.58127   -6.11158    2.00000
 179.93260   -0.00677   22.12354   21.87255    0.06774    0.03739   19.04390    4.37793   -0.38453    4.46562    2.00000
 180.00287    0.00137   23.24492   22.87928    0.00318    0.00176    7.85450    2.27313    3.15700    3.64762    2.00000
 179.95998   -0.02508   21.51775   21.29730    0.04723    0.02607   31.05640   -6.48451    0.94523   -5.55145    2.00000
 179.97696    0.54782   22.21272   21.95427    0.54830    0.30263   17.57849   -1.90169    0.73437   -2.12823    2.00000
 180.03773   -0.01379   23.83661   23.37632    0.04018    0.02218    5.02090   -1.80510    0.05479   -0.84130    2.00000
 179.88052    0.03014   23.33088   22.95280    0.12322    0.06801    7.28260    3.55148   -0.65711    6.04239    2.00000
 180.00793    0.00320   21.59172   21.36967    0.00856    0.00473   29.15271    3.93738   -0.78165    2.44421    2.00000
 179.94612   -0.04029   23.63024   23.20550    0.06728    0.03714    5.88091   -5.10970   -1.20617   -5.71311    2.00000
 180.03693   -0.02470   22.41572   22.14108    0.04443    0.02452   15.07847   -1.36256   -2.74834   -4.67588    2.00000
 180.00574    0.01707   23.44773   23.05177    0.01801    0.00994    6.65484   -3.31969   -0.35169   -4.29860    2.00000
 179.99573   -0.03361   21.33156   21.10609    0.03388    0.01870   36.08614   -0.38051    0.84468    0.53435    2.00000
 180.00531   -0.01791   23.33905   22.95972    0.01868    0.01031    7.22879    4.34358   -2.41772    0.28432    2.00000
 180.02351    0.04077   20.99904   20.71185    0.04707    0.02598   49.67553   -2.49131    1.71497   -0.31890    2.00000
 179.97246    0.04399   23.44233   23.04720    0.05190    0.02864    6.67787   -0.53817   -1.14524   -2.00786    2.00000
 179.91908   -0.09525   20.81449   20.41678    0.12498    0.06898   61.90386   -3.05306    2.40096   -0.73698    2.00000
 179.99429   -0.01301   22.98026   22.64838    0.01421    0.00784    9.65045   -2.17369    1.19715   -0.96878    2.00000
 179.82605    0.11501   21.48415   21.26298    0.20854    0.11510   31.95910   -2.18405   -1.59120   -3.63368    2.00000
 180.01944    0.01280   22.95760   22.62840    0.02327    0.01285    9.80587   -3.74599    2.01962   -5.40175    2.00000
 180.01682   -0.00523   23.75088   23.30555    0.01760    0.00972    5.37716    0.05543    3.67752    1.89819    2.00000
 179.88205    0.26233   21.48415   21.26298    0.28763    0.15875   31.95910    2.54077   -0.43833    1.77528    2.00000
 180.01390   -0.04799   22.87935   22.55866    0.04996    0.02757   10.34832    0.74923   -1.18607   -0.97204    2.00000
 180.00410   -0.03180   18.88643   18.33677    0.03206    0.01770  239.42386   -1.74914   -2.93570   -4.76763    2.00000
 180.15254    0.45444   22.01192   21.76799    0.47936    0.26457   20.91881    3.03199    0.55514    5.12105    2.00000
 180.05563   -0.01699   23.66067   23.23084    0.05816    0.03210    5.75334   -1.99837    2.59060    1.42276    2.00000
 179.99162    0.01997   22.14547   21.89258    0.02165    0.01195   18.68465   -4.69484    2.57666   -2.12865    2.00000
 179.91382    0.17640   21.95985   21.71952    0.19632    0.10835   21.78814   -3.00800   -1.09587   -3.04663    2.00000
 179.98056   -0.00505   23.43422   23.04034    0.02009    0.01109    6.71241   -1.66718   -3.50906   -6.98131    2.00000
 180.06371    0.00881   23.52881   23.12038    0.06432    0.03550    6.30943    3.89907    0.17170    7.09375    2.00000
 180.07272    0.01487   22.59584   22.30490    0.07423    0.04097   13.12778    4.03009   -1.82867    2.64822    2.00000
 179.98973    0.04413   23.82947   23.37042    0.04530    0.02500    5.05059    2.90048   -1.50395    1.54053    2.00000
 179.93633   -0.00514   21.21879   20.98511    0.06388    0.03526   39.43491   -2.37250   -0.99980   -3.44493    2.00000
 179.91074    0.04550   21.71654   21.48988    0.10020    0.05530   25.99072   -0.28958   -0.87535   -1.41992    2.00000
 180.05650   -0.05203   20.87043   20.50674    0.07682    0.04240   57.36236    1.41812   -5.82676   -5.05552    2.00000
 179.98972    0.00421   22.88717   22.56563    0.01111    0.00613   10.29408   -3.95169    1.61726   -4.36281    2.00000
 179.98254    0.01012   22.49113   22.20997    0.02018    0.01114   14.25819    5.02576   -2.75335    0.63213    2.00000
 180.04813    0.18595   23.10661   22.75895    0.19207    0.10601    8.79040   -3.55235    0.53669   -8.24301    2.00000
 179.95163   -0.16855   22.98995   22.65689    0.17536    0.09678    9.58429    3.88652    2.80353    8.48616    2.00000
 179.45216   -0.53986   22.65322   22.35646    0.76914    0.42453   12.51383    3.53442   -1.17387    2.36605    2.00000
 180.08656    0.06194   21.63844   21.41458    0.10644    0.05874   27.97148   -2.20570    2.28566    0.24375    2.00000
 180.00185    0.03590   22.49581   22.21424    0.03594    0.01984   14.20733   -0.06925    2.47031    1.60322    2.00000
 179.99071   -0.01323   23.24248   22.87716    0.01617    0.00893    7.87097    6.23696   -1.87170    3.67779    2.00000
 180.25545   -0.07537   23.83423   23.37435    0.26633    0.14700    5.03080    0.83372   -2.94657    3.56447    2.00000
 179.96158    0.01020   21.09622   20.83957    0.03975    0.02194   44.88907    1.32353   -4.58429   -3.65596    2.00000
 179.76076    0.29149   21.43982   21.21768    0.37709    0.20813   33.15077    0.70656    0.75168    1.27931    2.00000
 179.97456    0.00238   23.60132   23.18134    0.02556    0.01411    6.00252   -3.93361    2.33631   -2.04082    2.00000
 180.49142   -0.01178   22.23586   21.97553    0.49157    0.27132   17.19721    0.22406    1.42988    0.63021    2.00000
 180.07449    0.02319   22.99318   22.65972    0.07801    0.04306    9.56224    0.88401   -2.12315    0.05195    2.00000
 180.06013    0.10346   19.82519   19.32636    0.11966    0.06605  132.88126    3.35893   -2.64814    0.65892    2.00000
 179.99225    0.02869   22.00918   21.76544    0.02972    0.01640   20.96456    2.84203   -0.54006    1.72526    2.00000
 180.01408    0.07696   23.00288   22.66823    0.07824    0.04318    9.49609    2.19177   -1.41577    4.36681    2.00000
 180.00571    0.05514   21.26684   21.03714    0.05544    0.03060   37.89975    1.82662    1.67928    4.28063    2.00000
 179.98630   -0.03259   21.65039   21.42609    0.03535    0.01951   27.66861    1.85847   -1.81694   -0.21155    2.00000
 180.02094   -0.01361   22.93673   22.60980    0.02497    0.01378    9.95052    3.72584    0.15460    3.95656    2.00000
 180.02911   -0.01281   23.61418   23.19208    0.03181    0.01756    5.94847   -2.17629   -3.14368   -6.51589    2.00000
 180.02654    0.05374   21.19051   20.95226    0.05994    0.03308   40.66595   -4.56048    3.74297   -0.42020    2.00000
 180.09525   -0.00623   23.75088   23.30555    0.09545    0.05268    5.37716   -0.92900   -2.62220   -8.72376    2.00000
 180.04341   -0.00623   22.94977   22.62143    0.04386    0.02421    9.86011   -1.79237    1.31919   -0.46978    2.00000
 180.02390    0.07293   23.70183   23.26493    0.07675    0.04236    5.58168   -1.72369   -0.36869    6.18415    2.00000
 180.07097    0.00385   23.46935   23.07007    0.07108    0.03923    6.56273    0.64698    2.56134    3.72267    2.00000
 180.07666   -0.02021   22.17674   21.92119    0.07928    0.04376   18.17160   -1.57721    1.34896    0.97195    2.00000
 180.08479   -0.03167   23.76517   23.31735    0.09052    0.04996    5.31778   -3.72184    4.77594   -0.49174    2.00000
 180.09628    0.04638   23.18640   22.82847    0.10688    0.05899    8.24966    1.20461    0.91056   -1.01050    2.00000
 180.01756   -0.04172   23.13542   22.78413    0.04527    0.02498    8.59459   -2.85168    0.90986   -1.58097    2.00000
 180.01506   -0.03556   23.33088   22.95280    0.03862    0.02132    7.28260   -0.14667    0.78055   -0.79886    2.00000
 180.01176   -0.00236   23.32000   22.94358    0.01200    0.00662    7.35434    1.52754    0.94211    7.17722    2.00000
 180.03812    0.00456   23.69622   23.26028    0.03839    0.02119    5.60509    1.93817   -1.04812    6.09313    2.00000
 179.98196    0.03338   23.83900   23.37828    0.03795    0.02094    5.01101    2.19506    1.47561    0.47845    2.00000
 179.77287    0.32747   22.99318   22.65972    0.39853    0.21996    9.56224    8.16912   -1.24164    7.39073    2.00000
 180.02206    0.02292   22.01466   21.77055    0.03181    0.01756   20.87306   -0.85188   -1.89873   -3.02347    2.00000
 179.95209    0.03139   23.64955   23.22162    0.05729    0.03162    5.79973    2.83552    3.62385    7.30587    2.00000
 180.03670    0.04471   21.78543   21.55622    0.05783    0.03192   24.71640   -5.51905    1.77915   -2.79276    2.00000
 179.72195   -0.20255   23.72428   23.28353    0.34400    0.18987    5.48805    9.13804    1.02065   13.48395    2.00000
 180.07190   -0.10933   22.57497   22.28615    0.13085    0.07222   13.35104   -0.86232   -2.27533   -2.22751    2.00000
 179.87556   -0.18374   23.20103   22.84118    0.22192    0.12248    8.15087   -2.24046   -2.83067   -5.62249    2.00000
 179.99545    0.03916   21.84803   21.61490    0.03942    0.02176   23.66405    2.35170    2.29465    4.16211    2.00000
 179.97693    0.10102   22.78477   22.47425    0.10362    0.05719   11.11126    2.33274   -1.59181   -1.72915    2.00000
 180.10493   -0.02968   18.43760   17.85599    0.10905    0.06019  310.37473   -2.81778   -2.33662   -5.18710    2.00000
 179.98129    0.01911   23.61578   23.19342    0.02674    0.01476    5.94172   -1.26755   -2.13302   -4.51348    2.00000
 179.99728    0.06548   23.14742   22.79462    0.06553    0.03617    8.51300    5.66272    2.05799    4.56150    2.00000
 180.01189    0.02961   21.94615   21.70676    0.03191    0.01761   22.01691    1.41954    0.71718    2.35376    2.00000
 180.00552    0.03650   22.70743   22.40511    0.03692    0.02038   11.93451   -2.03679    2.57127    0.55264    2.00000
 180.00938   -0.00484   22.96020   22.63073    0.01055    0.00582    9.78778    3.70521   -2.42659    0.09844    2.00000
 179.92281    0.05405   22.32211   22.05484    0.09424    0.05201   16.10540    2.36692   -2.95684   -2.08380    2.00000
 180.04158   -0.01282   23.55044   23.13868    0.04352    0.02402    6.21732    5.43785   -2.93538   -1.44793    2.00000
 179.95024   -0.00327   20.89028   20.54076    0.04987    0.02752   56.08741   -0.82653   -1.16130   -1.70729    2.00000
 179.99586   -0.00528   23.23517   22.87081    0.00671    0.00370    7.92036    4.79697   -0.47645    3.84179    2.00000
 180.03755    0.07047   23.63024   23.20550    0.07985    0.04407    5.88091    1.72319   -2.18822   -2.01857    2.00000
 179.84763    0.10731   23.59490   23.17597    0.18637    0.10286    6.02954   -0.51373    1.44149    1.58038    2.00000
 179.83313    0.15815   21.76946   21.54091    0.22991    0.12689   24.99092   -1.67090    2.33469    0.65422    2.00000
 179.96854    0.01097   23.71306   23.27423    0.03333    0.01840    5.53487    4.43026    2.02561   13.53581    2.00000
 179.93951    0.02290   22.86892   22.54936    0.06467    0.03569   10.42065   -4.17586    0.82018   -2.35385    2.00000
 179.96234   -0.03626   21.45025   21.22834    0.05228    0.02885   32.87038   -5.23152    0.91245   -3.66020    2.00000
 179.93295    0.04714   23.82233   23.36452    0.08196    0.04523    5.08028    2.61986   -0.41595    0.55544    2.00000
 179.97902    0.06893   21.76946   21.54091    0.07205    0.03977   24.99092   -0.80279   -0.81130   -1.62605    2.00000
 179.93234   -0.06292   23.35810   22.97586    0.09238    0.05099    7.10325    2.13798   -1.58400   -1.65246    2.00000
 180.03992    0.00619   23.18153   22.82424    0.04038    0.02229    8.28259   -1.23823    3.48252    3.63846    2.00000
 180.04250    0.00340   23.50990   23.10437    0.04263    0.02353    6.39003    1.74337   -0.39231    5.08799    2.00000
 179.97878    0.01812   22.22044   21.96136    0.02790    0.01540   17.45140   -6.48120    2.32893   -5.18225    2.00000
 180.25941   -0.24341   22.70244   22.40065    0.35574    0.19634   11.98763    1.68567    1.15489    6.42524    2.00000
 179.99713    0.12764   23.10181   22.75476    0.12767    0.07046    8.82304    6.86207    0.80581    8.37044    2.00000
 180.04362    0.01986   23.76041   23.31342    0.04793    0.02645    5.33757   -2.66136   -1.13570   -3.01379    2.00000
 180.00201   -0.04158   23.09701   22.75056    0.04163    0.02297    8.85567   -1.79216    1.71263   -0.88384    2.00000
 180.03082   -0.07443   22.39892   22.12560    0.08056    0.04446   15.26279    2.98903   -1.25349    3.34364    2.00000
 179.97324   -0.03075   22.27184   22.00861    0.04076    0.02250   16.65595   -0.50448   -1.81362   -2.12016    2.00000
 180.02934   -0.05064   23.52071   23.11352    0.05853    0.03231    6.34397    1.20989   -3.44949   -1.96955    2.00000
 179.93137    0.07340   22.77978   22.46979    0.10049    0.05546   11.16438   -0.91112   -0.02077   -1.69165    2.00000
 179.96690    0.00599   23.80566   23.35076    0.03362    0.01856    5.14955    1.21683    3.16414   -5.41202    2.00000
 179.91679    0.00812   21.94615   21.70676    0.08361    0.04614   22.01691   -2.15495    1.11921   -1.54174    2.00000
 179.88370    0.00902   22.82979   22.51449    0.11665    0.06438   10.69188   -4.90893    0.05755   -5.28303    2.00000
 179.82701    0.00931   23.74112   23.29748    0.17324    0.09561    5.41783   -0.80490   -2.61017   -6.86401    2.00000
 179.99026    0.00913   23.64631   23.21892    0.01336    0.00737    5.81335   -3.59708    0.23702   -0.83406    2.00000
 180.03021   -0.03092   21.95437   21.71441    0.04322    0.02386   21.87965   -0.79892    0.66684   -0.13238    2.00000
 179.85715    0.68335   22.57758   22.28849    0.69812    0.38533   13.32313    6.26541   -2.55018    3.83734    2.00000
 179.89642    0.00469   22.69496   22.39396    0.10367    0.05722   12.06724    1.15259    0.47761    0.21833    2.00000
 180.01707   -0.00327   23.60454   23.18403    0.01739    0.00960    5.98901   -0.88800    4.80747    1.28093    2.00000
 180.01189    0.02300   21.36939   21.14573    0.02589    0.01429   35.04343    0.51298   -0.40768    0.75412    2.00000
 180.03583   -0.04439   22.42292   22.14772    0.05705    0.03149   14.99947    0.02733   -1.18172   -0.78869    2.00000
 180.01466    0.01875   21.15445   20.91033    0.02381    0.01314   42.23740   -2.94768    0.44665   -2.80746    2.00000
 179.99069    0.00606   22.78477   22.47425    0.01111    0.00613   11.11126    0.34031   -1.50969    2.09082    2.00000
 179.93452    0.08915   22.66105   22.36349    0.11061    0.06105   12.43011   -1.82573    0.89373    2.45662    2.00000
 179.84377    0.18756   23.68499   23.25098    0.24411    0.13473    5.65191    0.43882    1.63061    3.93848    2.00000
 180.11447   -0.07713   20.85432   20.47936    0.13803    0.07618   58.67898   -5.93752    2.72532   -2.99997    2.00000
 180.07179   -0.23058   22.18959   21.93301    0.24150    0.13329   17.95978   -3.77832    2.46327   -0.68491    2.00000
 180.06476   -0.06165   23.39076   23.00353    0.08942    0.04935    6.89772   -0.53071    2.39245    5.04250    2.00000
 179.94659   -0.00066   22.85327   22.53541    0.05341    0.02948   10.52914    0.70235   -4.51515   -8.35860    2.00000
 179.92545   -0.05093   21.41113   21.18837    0.09029    0.04983   33.92186   -0.01193    2.60136    2.79672    2.00000
 179.96498   -0.06140   21.59367   21.37154    0.07068    0.03901   29.10349   -4.38940    0.18844   -4.64698    2.00000
 179.97490    0.06739   23.56125   23.14782    0.07191    0.03969    6.17127    2.78952   -1.11240    0.64506    2.00000
 180.01312    0.00455   21.51953   21.29912    0.01389    0.00767   31.00867   -2.24385   -2.20487   -4.38076    2.00000
 179.84312    0.04496   23.21078   22.84964    0.16319    0.09007    8.08501   -0.22400   -0.05811    1.24131    2.00000
 180.00684   -0.01280   21.01805   20.73861    0.01451    0.00801   48.67277    0.80107    2.25927    2.73191    2.00000
 179.97549   -0.04994   22.81221   22.49878    0.05563    0.03070   10.81914   -4.21505    4.46672    2.61023    2.00000
 180.02583   -0.03910   22.90804   22.58423    0.04686    0.02587   10.14942    1.33067    3.38980    4.04818    2.00000
 179.88538   -0.01027   22.28727   22.02278    0.11509    0.06352   16.48716    0.15888    0.13675   -0.45686    2.00000
 179.98677   -0.02791   23.29006   22.91822    0.03088    0.01705    7.55162    2.98201    3.71176    8.60669    2.00000
 179.73190    0.16635   23.59972   23.18000    0.31550    0.17414    6.00928   -3.42749   -0.52000   -4.02752    2.00000
 179.97191    0.05033   23.62060   23.19744    0.05763    0.03181    5.92145   -3.08918    5.38801    3.76689    2.00000
 179.98073   -0.01025   23.20347   22.84329    0.02183    0.01205    8.13441    3.06024    2.10369    3.50816    2.00000
 179.94298    0.02319   23.29006   22.91822    0.06155    0.03397    7.55162   -0.48821    0.06788    1.12718    2.00000
 179.80637   -0.15627   23.28190   22.91130    0.24883    0.13734    7.60543   -0.94356    0.60037   -2.04317    2.00000
 179.96198    0.02368   23.27418   22.90468    0.04480    0.02472    7.65693   -1.52120    0.29378   -8.78330    2.00000
 180.05765   -0.02792   21.71654   21.48988    0.06405    0.03535   25.99072   -1.96888   -1.01128   -3.58002    2.00000
 180.04936    0.02516   23.57883   23.16256    0.05540    0.03058    6.09710    0.38565   -0.63896    1.77297    2.00000
 179.85789   -0.06796   21.15445   20.91033    0.15751    0.08693   42.23740    5.46566   -4.43189    1.37366    2.00000
 179.89394    0.09691   22.90282   22.57958    0.14367    0.07930   10.18559    0.17037   -3.33871   -5.38698    2.00000
 180.06990    0.00789   23.78660   23.33504    0.07034    0.03882    5.22872    3.44124    0.34390    6.57272    2.00000
 179.99532    0.03074   23.08981   22.74427    0.03110    0.01716    8.90463   -1.49548   -4.15315   -2.69975    2.00000
 179.95187   -0.04434   21.37200   21.14839    0.06543    0.03611   34.97333   -5.06570    0.96814   -4.60911    2.00000
 179.95444   -0.07271   22.25385   21.99207    0.08581    0.04736   16.90065   -1.81152    0.69541   -1.56462    2.00000
 180.01176    0.01640   22.79724   22.48540    0.02018    0.01114   10.97848   -4.43660   -0.16423   -4.91566    2.00000
 179.91006    0.12909   17.97268   17.75321    0.15733    0.08684  327.90326    0.03831   -2.34804   -2.30835    2.00000
 179.93173   -0.04370   23.70744   23.26958    0.08106    0.04474    5.55827    0.03124    2.21945    1.51535    2.00000
 179.97903    0.00383   22.49347   22.21210    0.02132    0.01177   14.23276   -0.56701   -1.12524   -0.00925    2.00000
 179.99918   -0.04487   23.11381   22.76525    0.04487    0.02477    8.74145   -1.81367   -3.06878   -0.55017    2.00000
 180.00127    0.04673   23.50449   23.09980    0.04675    0.02580    6.41306   11.10922   -1.75693   12.07720    2.00000
 180.01163    0.00740   23.24736   22.88139    0.01379    0.00761    7.83804    2.99829    1.04116   -0.89224    2.00000
 180.05280   -0.01160   22.99965   22.66539    0.05406    0.02983    9.51814    3.20256    5.95075   13.18055    2.00000
 180.07889   -0.05169   22.03658   21.79096    0.09431    0.05205   20.50702   -0.26592    1.81259    1.78631    2.00000
 179.98376    0.07698   22.26927   22.00624    0.07867    0.04342   16.68408   -2.14182    0.86252   -0.75580    2.00000
 179.96465   -0.12949   22.33171   22.06369    0.13423    0.07408   16.00007   -1.06614    0.82325   -0.91736    2.00000
 179.68950   -0.02617   23.49638   23.09294    0.31160    0.17198    6.44760    3.03273    0.11333    3.26484    2.00000
 180.15088    0.07834   23.68873   23.25408    0.17000    0.09383    5.63630   -1.09701   -1.15719   -5.67557    2.00000
 180.01961    0.00694   21.79360   21.56387    0.02080    0.01148   24.57914   -1.03183   -0.26899   -1.34131    2.00000
 180.05132    0.01807   20.85773   20.48497    0.05441    0.03003   58.38962   -1.86685   -1.11137   -3.01196    2.00000
 179.95164   -0.07516   23.15227   22.79884    0.08937    0.04932    8.48017    1.25933   -1.27577   -3.17537    2.00000
 179.94304   -0.02800   23.48557   23.08379    0.06347    0.03503    6.49365   -0.89832   -2.44283   -1.00632    2.00000
 179.93263   -0.14811   23.42341   23.03119    0.16271    0.08980    6.75847   -0.73043    0.68658    4.23565    2.00000
 180.03618    0.04623   23.04421   22.70441    0.05871    0.03240    9.21467    0.51926   -2.82189   -1.80343    2.00000
 179.91858    0.03211   23.54503   23.13410    0.08753    0.04831    6.24035    5.27379   -1.00828    2.51947    2.00000
 179.98026   -0.07045   22.87153   22.55169    0.07317    0.04038   10.40257    0.39928   -2.70948   -0.08237    2.00000
 179.67969   -0.27109   23.45314   23.05635    0.41963    0.23161    6.63182   -8.44938    1.82905   -8.71561    2.00000
 179.99947   -0.03307   23.68686   23.25253    0.03308    0.01826    5.64410    0.30414   -3.16909   -3.15637    2.00000
 179.60338    0.20548   22.97702   22.64555    0.44669    0.24654    9.67250   -7.78320    2.16639   -4.95615    2.00000
 180.01332    0.02381   20.90691   20.56854    0.02728    0.01506   55.04639    0.87633   -1.21836   -0.41832    2.00000
 179.98300   -0.00594   22.24357   21.98262    0.01801    0.00994   17.07011    0.39010    1.12311    2.34132    2.00000
 179.99202   -0.00599   23.07541   22.73168    0.00998    0.00551    9.00254   -2.89286    5.29083    4.44500    2.00000
 180.00607    0.03252   23.74300   23.29903    0.03308    0.01826    5.41002    0.29960   -1.23498   -0.54664    2.00000
 180.06598    0.00458   22.30771   22.04157    0.06614    0.03651   16.26338   -0.23950   -0.47896   -1.85590    2.00000
 179.96008   -0.02643   23.12102   22.77154    0.04787    0.02642    8.69250    3.11691   -2.60839    1.58896    2.00000
 180.01678    0.01908   23.71119   23.27268    0.02542    0.01403    5.54267   -2.25884    3.06056    6.07381    2.00000
 179.97424   -0.02506   22.22044   21.96136    0.03593    0.01983   17.45140    7.99148   -0.03343    9.83940    2.00000
 180.00414   -0.03970   22.50050   22.21851    0.03991    0.02203   14.15646   -4.48252   -1.57996   -6.19769    2.00000
 179.97893    0.06183   22.42532   22.14993    0.06532    0.03605   14.97314   -1.77711   -0.81859    0.36831    2.00000
 180.03844   -0.06431   22.16410   21.90961    0.07492    0.04135   18.37928   -9.28148   -0.94112  -10.07716    2.00000
 179.97508   -0.04608   22.24614   21.98498    0.05238    0.02891   17.02775    0.50537   -2.01635   -1.07388    2.00000
 180.21686   -0.08667   20.87758   20.51899    0.23353    0.12889   56.90338    3.15543   -1.01491    1.93755    2.00000
 180.02835    0.08488   22.86109   22.54239    0.08949    0.04939   10.47490    2.46703   -1.01669   -2.36244    2.00000
 180.03368    0.01549   20.82468   20.43279    0.03707    0.02046   61.07889   -2.98947    2.54254   -0.51510    2.00000
 180.26208    0.29702   20.51839   20.06075    0.39612    0.21863   80.25119    4.06181    0.20381    4.18742    2.00000
 179.89317   -0.07432   23.01365   22.67768    0.13014    0.07183    9.42258   -1.13436   -2.12976   -6.59888    2.00000
 180.05881   -0.00573   22.21529   21.95663    0.05908    0.03261   17.53613   -1.38549    0.89672   -0.62668    2.00000
 180.09135    0.01838   21.79088   21.56132    0.09320    0.05144   24.62489   -3.76535   -2.06188   -5.39423    2.00000
 180.13142    0.34699   23.83423   23.37435    0.37104    0.20479    5.03080    1.42200   -1.51133   -0.02333    2.00000
 179.97693   -0.04981   22.54268   22.25695    0.05489    0.03030   13.69870   -0.44679   -2.83617   -3.47898    2.00000
 179.97221   -0.01210   23.40709   23.01737    0.03031    0.01673    6.82807    0.96470    1.27557    1.12991    2.00000
 180.04478   -0.09706   23.34721   22.96664    0.10689    0.05900    7.17499    2.79619    1.16990    4.13683    2.00000
 179.99783   -0.05137   22.02562   21.78075    0.05142    0.02838   20.69004    0.15392    0.00517    1.79187    2.00000
 180.00221   -0.03051   21.00215   20.71645    0.03059    0.01688   49.50341    2.33103   -1.95264    0.19770    2.00000
 180.01765    0.15330   22.24614   21.98498    0.15432    0.08517   17.02775   -1.78838    1.80801    1.27051    2.00000
 179.83864    0.12402   23.58205   23.16524    0.20351    0.11232    6.08359    1.58740    1.46712    0.22971    2.00000
 179.95769   -0.08762   23.30095   22.92744    0.09730    0.05370    7.47988   -0.20689   -0.29071   -0.52361    2.00000
 180.51414    0.12739   23.39892   23.01045    0.52970    0.29236    6.86289   -7.06805   -0.21957   -8.41297    2.00000
 179.96078    0.09775   23.35266   22.97125    0.10532    0.05813    7.13912    1.41366   -0.73544    4.75313    2.00000
 180.08704    0.14020   23.69060   23.25563    0.16502    0.09108    5.62850    2.04835   -0.77020   -3.30352    2.00000
 180.05597    0.07256   23.70744   23.26958    0.09164    0.05058    5.55827    1.39937   -0.65066    1.65528    2.00000
 179.98904    0.12361   23.57080   23.15585    0.12409    0.06849    6.13088   -1.14971    0.92705    4.47866    2.00000
 180.15746   -0.08772   23.16202   22.80731    0.18024    0.09948    8.41431   -1.61997   -1.16308   -7.74383    2.00000
 179.99069    0.18498   22.66626   22.36818    0.18521    0.10222   12.37430   -1.02006   -0.31408   -2.06330    2.00000
 180.05051    0.04698   21.99000   21.74758    0.06898    0.03807   21.28484   -0.39869    1.05778   -0.16886    2.00000
 180.05634    0.02540   21.92698   21.68891    0.06179    0.03410   22.33690    0.20565    2.41188    2.13055    2.00000
 180.03700    0.01634   23.56759   23.15316    0.04045    0.02232    6.14439    2.81139   -2.38789    0.56780    2.00000
 179.87354   -0.11683   22.81720   22.50324    0.17217    0.09503   10.77940    0.45751    0.28777   -1.06662    2.00000
 180.01120    0.01687   22.57237   22.28381    0.02025    0.01118   13.37894   -5.27721    0.99288   -3.49223    2.00000
 179.92352    0.02790   23.51530   23.10895    0.08140    0.04493    6.36700    3.37976    2.38787    9.10575    2.00000
 179.99678    0.08665   20.83302   20.44588    0.08671    0.04786   60.40391   -4.57066    2.98335   -1.73142    2.00000
 180.04619    0.01921   23.33088   22.95280    0.05002    0.02761    7.28260    0.61408   -0.54902   -1.34136    2.00000
 179.91519   -0.02845   21.69008   21.46437    0.08945    0.04937   26.66188   -3.93500    2.38016   -1.46671    2.00000
 180.02901    0.01979   23.82709   23.36845    0.03512    0.01938    5.06049    1.13917   -0.67654    3.87061    2.00000
 180.04942    0.13627   22.24871   21.98734    0.14496    0.08000   16.98538    3.49627   -1.21979    2.28884    2.00000
 179.98975    0.00046   22.09536   21.84618    0.01027    0.00567   19.51684    1.49116    0.11002    3.19473    2.00000
 180.01764    0.00765   22.56976   22.28146    0.01923    0.01061   13.40685   -2.70050    0.07621   -3.56098    2.00000
 180.02859   -0.09865   22.54972   22.26336    0.10271    0.05669   13.62241   -7.38555    0.45797   -8.62484    2.00000
 180.15366    0.16138   22.56715   22.27912    0.22283    0.12298   13.43476    9.26796   -0.30441    8.80613    2.00000
 180.03163    0.02643   22.94456   22.61678    0.04122    0.02275    9.89627    1.29922   -0.80545   -2.77704    2.00000
 179.98080    0.00968   23.40437   23.01506    0.02150    0.01187    6.83968    1.13177   -2.57957   -2.85174    2.00000
 179.98331   -0.00152   23.73738   23.29438    0.01675    0.00925    5.43343   -0.05296   -0.49385   -2.03540    2.00000
 179.89722    0.04478   23.54503   23.13410    0.11211    0.06187    6.24035   -2.05313   -1.40362    0.36788    2.00000
 180.07677    0.00787   22.75483   22.44748    0.07716    0.04259   11.42994    5.15896    2.10134    9.38962    2.00000
 179.94373    0.11121   23.00396   22.66917    0.12464    0.06879    9.48874   -3.79141   -1.40951   -5.45964    2.00000
 180.09846   -0.18563   22.87935   22.55866    0.21013    0.11598   10.34832   -3.75082    0.55530   -6.38868    2.00000
 180.04172   -0.08614   22.78976   22.47871    0.09571    0.05282   11.05815   -1.69618   -1.02092   -1.92511    2.00000
 180.02191   -0.00231   21.69008   21.46437    0.02203    0.01216   26.66188    4.06736    1.62574    6.10638    2.00000
 179.98216   -0.00032   22.99426   22.66067    0.01783    0.00984    9.55489    1.53848    0.49254    5.24495    2.00000
 179.93474   -0.00295   23.80089   23.34683    0.06533    0.03606    5.16934   -2.89100   -1.43341   -8.96166    2.00000
 180.01369    0.04174   23.72803   23.28663    0.04392    0.02424    5.47245    0.41513   -0.47108   -4.23766    2.00000
 180.31184   -0.13461   21.38243   21.15905    0.33965    0.18746   34.69294    1.22999    0.02142    0.97416    2.00000
 179.97707    0.03139   21.61313   21.39026    0.03887    0.02146   28.61131    5.18240    0.96177    5.22517    2.00000
 179.95625   -0.02686   22.09071   21.84175    0.05133    0.02833   19.59615   -5.20422   -2.51259   -7.13933    2.00000
 180.02357   -0.03391   22.23329   21.97317    0.04130    0.02279   17.23957   -4.39479   -1.69554   -5.15931    2.00000
 179.99916    0.00072   23.42881   23.03577    0.00110    0.00061    6.73544    4.37410    0.32394    3.52952    2.00000
 180.10661   -0.08730   23.21566   22.85388    0.13780    0.07606    8.05208    4.69787   -2.23067    1.03654    2.00000
 180.00887    0.01122   23.29822   22.92513    0.01429    0.00789    7.49782    1.99597   -0.75711   -1.03365    2.00000
 179.93559    0.00026   23.12582   22.77574    0.06440    0.03555    8.65986   -1.46218    0.61677    2.49423    2.00000
 180.06544   -0.05768   20.92846   20.60369    0.08723    0.04815   53.72893   -0.64761    2.28352    1.45696    2.00000
 180.05772   -0.09459   22.66105   22.36349    0.11081    0.06116   12.43011    2.63152   -2.83783   -2.88669    2.00000
 180.13448    0.19395   22.73737   22.43187    0.23601    0.13026   11.61584    3.09423    0.03935    7.09932    2.00000
 179.98326   -0.06649   21.90791   21.67104    0.06856    0.03784   22.65746   -2.91739    2.27968   -1.29357    2.00000
 180.02484    0.02810   22.67409   22.37521    0.03750    0.02070   12.29058    2.43432    0.80205    2.04425    2.00000
 180.04019   -0.13169   21.09025   20.83231    0.13769    0.07599   45.16106   -3.95631    2.26998   -1.53806    2.00000
 180.11205   -0.00123   22.72739   22.42295    0.11204    0.06184   11.72206   -1.22786   -1.00111   -4.10676    2.00000
 180.05463   -0.10851   23.47206   23.07236    0.12148    0.06705    6.55122    0.09365    0.30377   -2.27729    2.00000
 180.05428   -0.09442   21.57420   21.35283    0.10891    0.06011   29.59567   -5.07368    3.10355   -2.02115    2.00000
 179.91969   -0.23103   23.14984   22.79673    0.24459    0.13500    8.49659   -6.55086    3.88823   -3.36435    2.00000
 180.05765    0.01762   21.32145   21.09532    0.06028    0.03327   36.36952   -0.77635   -0.92690   -0.38894    2.00000
 180.02592   -0.02516   23.48017   23.07922    0.03613    0.01994    6.51668    2.54530   -0.62697   -1.14127    2.00000
 180.04230    0.11300   23.14262   22.79042    0.12065    0.06659    8.54564   -2.10470    0.66225    1.68613    2.00000
 180.00478    0.00534   23.40981   23.01967    0.00717    0.00396    6.81646    2.41953   -1.01687    1.97000    2.00000
 179.96181    0.01545   22.95499   22.62608    0.04121    0.02274    9.82395   -6.61717   -3.76148   -9.60591    2.00000
 179.98587   -0.00969   21.52308   21.30274    0.01713    0.00946   30.91322    2.37274   -0.35020    2.62880    2.00000
 180.01192   -0.15378   23.72054   23.28043    0.15424    0.08513    5.50366    0.17684   -1.61438   -8.19881    2.00000
 179.96944   -0.03637   21.54111   21.32102    0.04751    0.02622   30.43238   -2.26284   -0.22648   -2.92864    2.00000
 180.12482    0.08202   23.32000   22.94358    0.14936    0.08243    7.35434   -1.27525   -0.28358    0.72171    2.00000
 179.95502   -0.08171   23.65505   23.22619    0.09327    0.05148    5.77675   -3.43470   -0.64209   -9.58957    2.00000
 180.00014    0.02388   23.02119   22.68429    0.02388    0.01318    9.37113   -1.42312   -2.95663   -3.59125    2.00000
 180.08499    0.10902   22.50987   22.22705    0.13823    0.07629   14.05474   -5.48939   -2.59572   -7.44181    2.00000
 180.02995    0.01624   23.63667   23.21086    0.03408    0.01881    5.85389    4.39771   -0.01792    7.38688    2.00000
 179.98863   -0.02623   22.67930   22.37990    0.02859    0.01578   12.23476    5.39937   -0.61963    5.74205    2.00000
 180.01910    0.01155   22.62192   22.32834    0.02232    0.01232   12.84871   -6.56587   -1.94172   -6.52156    2.00000
 180.10803   -0.05370   23.12102   22.77154    0.12064    0.06658    8.69250   -0.32078   -3.41208   -0.61849    2.00000
 179.95319   -0.08237   21.93245   21.69400    0.09474    0.05229   22.24568   -0.56712   -1.12557   -1.93483    2.00000
 180.00278    0.00420   21.07544   20.81426    0.00504    0.00278   45.83775    0.15957    1.18392    1.58268    2.00000
 179.91586   -0.03361   23.23273   22.86869    0.09060    0.05000    7.93683    4.19332   -0.66414    5.85522    2.00000
 180.04489    0.16204   22.22301   21.96372    0.16814    0.09280   17.40903   -4.51403   -0.92353   -7.32266    2.00000
 179.98698   -0.01381   20.07172   19.58497    0.01897    0.01047  111.76664    1.20911   -0.90768    0.22341    2.00000
 179.98248    0.12522   22.97379   22.64271    0.12644    0.06978    9.69455    2.11851    2.46398    3.75966    2.00000
 179.96274    0.03326   21.13504   20.88675    0.04995    0.02757   43.12113    0.58838    3.71094    4.17348    2.00000
 180.48814   -0.09531   21.95985   21.71952    0.49736    0.27451   21.78814   -3.88708   -2.32608   -5.35314    2.00000
 180.07170   -0.00518   20.58703   20.13632    0.07189    0.03968   76.35713   -6.27306    3.63622   -2.59501    2.00000
 180.01794    0.01394   23.51260   23.10666    0.02273    0.01254    6.37852    0.73303   -1.57463   -2.61084    2.00000
 180.15517   -0.00064   23.02277   22.68567    0.15516    0.08564    9.36039    5.36197   -2.57308   -1.15989    2.00000
 180.10098    0.08028   23.73177   23.28973    0.12901    0.07120    5.45684    2.43605    2.95133   14.52227    2.00000
 180.00175   -0.06490   22.96625   22.63610    0.06492    0.03583    9.74600    4.48890   -3.77749   -0.99742    2.00000
 180.12129    0.03480   23.45044   23.05406    0.12618    0.06964    6.64333    0.65499   -2.01383    0.36710    2.00000
 179.99927    0.04446   22.54503   22.25909    0.04447    0.02454   13.67327    2.68593    0.19510    3.86605    2.00000
 180.02477    0.21611   23.57241   23.15719    0.21753    0.12006    6.12413    1.03610    1.26665    2.29377    2.00000
 179.99677    0.04544   21.79904   21.56898    0.04556    0.02514   24.48763    1.08711    0.01680    0.44780    2.00000
 179.99857    0.01297   23.01904   22.68240    0.01305    0.00720    9.38583    3.29921    0.93981    6.24179    2.00000
 180.01270    0.00047   22.65583   22.35880    0.01270    0.00701   12.48592    2.70693    0.29380    3.52615    2.00000
 179.98242    0.00827   23.46665   23.06778    0.01943    0.01072    6.57425    4.44506   -0.91963    5.34321    2.00000
 179.99200   -0.00540   20.58306   20.13178    0.00964    0.00532   76.59089   -2.80140    1.78517   -1.05720    2.00000
 179.93211    0.06612   23.08501   22.74007    0.09477    0.05230    8.93726    0.03193    2.89132    2.23799    2.00000
 179.96326   -0.07482   22.70992   22.40734    0.08335    0.04600   11.90796   -0.07226    2.48510    3.81834    2.00000
 179.99942   -0.00640   23.13302   22.78203    0.00643    0.00355    8.61091   -1.93102   -0.65976   -1.99556    2.00000
 180.02859   -0.01345   23.55044   23.13868    0.03159    0.01744    6.21732   -3.93053    1.13879   -1.50693    2.00000
 180.00746   -0.04091   23.82233   23.36452    0.04159    0.02295    5.08028    4.29770   -3.96146    0.39735    2.00000
 180.01086    0.00515   22.19473   21.93773    0.01202    0.00664   17.87505   -2.32847    2.26744   -0.71831    2.00000
 180.02367   -0.03310   23.84138   23.38025    0.04069    0.02246    5.00111    3.01202    0.33833   -7.13386    2.00000
 179.97218    0.07137   21.84803   21.61490    0.07659    0.04227   23.66405   -3.22118   -1.65875   -5.12678    2.00000
 180.04787    0.06840   22.88717   22.56563    0.08348    0.04607   10.29408   -1.03946    2.46989    3.83979    2.00000
 179.87267    0.00160   22.18959   21.93301    0.12735    0.07029   17.95978   -1.51495    1.29232   -1.92607    2.00000
 180.00349    0.01226   23.59651   23.17732    0.01275    0.00704    6.02279    1.83505    2.85551   10.35937    2.00000
 180.01607    0.04714   23.35266   22.97125    0.04981    0.02749    7.13912    2.21247   -3.11126   -0.49868    2.00000
 180.04649    0.02640   23.82471   23.36649    0.05347    0.02951    5.07038    1.82354   -1.26511   -4.45432    2.00000
 180.07278   -0.04911   23.34449   22.96433    0.08780    0.04846    7.19292    3.26040    2.54073    8.76104    2.00000
 180.01494   -0.03111   22.35331   22.08359    0.03451    0.01905   15.76309   -0.69232    2.06393    1.60362    2.00000
 179.99905    0.12234   21.19694   20.95972    0.12234    0.06752   40.38617   -0.83161   -1.01849   -2.09366    2.00000
 179.86577    0.06756   23.65131   23.22309    0.15027    0.08294    5.79235   -5.80754    0.48523   -3.51697    2.00000
 180.06133    0.00040   22.42292   22.14772    0.06132    0.03385   14.99947   -1.73107    0.11455   -1.83663    2.00000
 179.95937   -0.01483   23.43962   23.04491    0.04326    0.02388    6.68938   -3.36230    0.78632   -4.68767    2.00000
 179.97818    0.01922   20.68865   20.25498    0.02908    0.01605   70.24216   -4.59994   -0.50888   -4.95769    2.00000
 180.01442   -0.07248   22.12354   21.87255    0.07390    0.04079   19.04390   -2.33233    1.19424   -1.24408    2.00000
 180.01901    0.08571   21.95437   21.71441    0.08779    0.04845   21.87965    1.25417    2.47679    3.67144    2.00000
 180.00316   -0.16490   22.73737   22.43187    0.16493    0.09103   11.61584   -0.11393   -0.80239   -1.77318    2.00000
 179.99393    0.01360   22.93151   22.60515    0.01489    0.00822    9.98668   -3.45088   -2.74468   -6.89965    2.00000
 179.95898    0.01331   22.22558   21.96608    0.04312    0.02380   17.36667    6.32162   -3.08237    3.84378    2.00000
 179.96680   -0.06023   22.47706   22.19715    0.06878    0.03796   14.41078    3.73671   -5.61944   -0.60365    2.00000
 179.99207    0.02650   22.68713   22.38693    0.02766    0.01527   12.15104   -2.37708    1.05500   -0.84942    2.00000
 180.04437   -0.00986   21.65039   21.42609    0.04546    0.02509   27.66861   -4.45455    2.02835   -1.82907    2.00000
 179.99921    0.01872   22.58280   22.29318    0.01873    0.01034   13.26732   -0.69665   -1.33773   -4.56388    2.00000
 180.01459    0.01774   21.44242   21.22035    0.02296    0.01267   33.08067   -8.44894    2.01185   -5.85277    2.00000
 180.60413   -0.39224   22.97271   22.64177    0.72029    0.39756    9.70190    2.53735   -1.75969    2.16729    2.00000
 179.98376   -0.02721   22.72739   22.42295    0.03168    0.01749   11.72206    0.75021    3.42908    3.77165    2.00000
 179.88844   -0.00336   22.64279   22.34708    0.11160    0.06159   12.62546   -7.29274    1.31952   -1.93141    2.00000
 180.02222    0.04328   23.74868   23.30374    0.04865    0.02685    5.38631    2.38910    2.30859    0.12762    2.00000
 179.90395   -0.00237   23.51800   23.11123    0.09607    0.05303    6.35549    3.26725   -2.13714    1.26324    2.00000
 179.84111    0.36894   23.51260   23.10666    0.40170    0.22171    6.37852   -8.13342   -1.48322  -16.01925    2.00000
 180.10303   -0.07624   21.45807   21.23634    0.12816    0.07074   32.66008    0.84734   -1.12883    0.01956    2.00000
 180.03477   -0.03133   18.11003   17.84769    0.04680    0.02583  311.78989    1.29461    0.05280    1.36810    2.00000
 180.02509    0.00156   21.38765   21.16438    0.02513    0.01387   34.55274   -1.27718   -2.90567   -3.01050    2.00000
 180.02959   -0.02458   23.28734   22.91591    0.03847    0.02123    7.56956   -5.06758    2.18585    3.00074    2.00000
 179.94762   -0.07146   23.25955   22.89198    0.08860    0.04890    7.75571    4.80455   -3.10296    9.58096    2.00000
 180.00984   -0.07655   21.14400   20.89763    0.07718    0.04260   42.71314   -0.50559    3.17210    2.95559    2.00000
 180.00665   -0.03355   21.04549   20.77478    0.03421    0.01888   47.31706   -1.24828    1.43407    0.32371    2.00000
 179.96686   -0.01622   22.80473   22.49209    0.03690    0.02036   10.89881   -3.64700    3.99765   -3.09513    2.00000
 180.10631   -0.01855   23.80804   23.35273    0.10792    0.05956    5.13965   -8.45922   -1.01136  -10.13031    2.00000
 179.87834   -0.22677   21.06171   20.79616    0.25734    0.14203   46.51597   -6.04598   -0.28664   -6.22895    2.00000
 180.01141   -0.03205   20.58570   20.13480    0.03403    0.01878   76.43505    4.59201   -1.62474    3.07494    2.00000
 180.04778   -0.02345   20.76117   20.34530    0.05322    0.02937   65.58746    1.42879    0.30657    1.71787    2.00000
 180.04422   -0.02074   21.80176   21.57153    0.04884    0.02696   24.44187    3.15417   -3.15285   -0.48214    2.00000
 179.99321   -0.01739   19.68278   19.17764    0.01867    0.01030  145.98836    0.39261   -0.50376   -0.12091    2.00000
 179.88284    0.06168   21.12310   20.87223    0.13240    0.07307   43.66511    3.90622   -3.56353    0.35568    2.00000
 180.06506   -0.02054   22.03932   21.79351    0.06822    0.03765   20.46127   -2.25097    1.96304    0.34857    2.00000
 179.94946   -0.02819   22.22044   21.96136    0.05786    0.03193   17.45140   -6.10800    5.15155    0.51870    2.00000
 180.05276    0.06349   23.34994   22.96895    0.08255    0.04556    7.15705   -2.20111    0.63092   -5.72860    2.00000
 179.94167   -0.01871   21.47633   21.25499    0.06127    0.03382   32.16939   -0.85837   -2.33641   -3.29201    2.00000
 179.95599   -0.09932   23.37443   22.98970    0.10863    0.05996    6.99564    0.71380    0.83974    1.73186    2.00000
 180.05896    0.08013   22.70244   22.40065    0.09949    0.05491   11.98763   -4.78847   -2.85473   -9.30157    2.00000
 179.99806   -0.09134   20.39706   19.92960    0.09136    0.05042   88.19694    1.96292   -2.92671   -1.29538    2.00000
 179.90105   -0.08436   22.96948   22.63893    0.13004    0.07177    9.72395   -1.49343    1.45935    2.82884    2.00000
 180.01285    0.09204   21.90518   21.66849    0.09293    0.05129   22.70322    0.04990   -2.75689   -3.58165    2.00000
 180.02541    0.00244   23.71119   23.27268    0.02552    0.01408    5.54267    0.59997    0.94584    2.52535    2.00000
 180.03268    0.01799   21.50532   21.28460    0.03731    0.02059   31.39049    1.36524   -1.29571   -0.08145    2.00000
 180.00323    0.05560   23.02119   22.68429    0.05569    0.03074    9.37113    2.50708    0.80033    2.92770    2.00000
 180.01572    0.01481   21.69538   21.46947    0.02160    0.01192   26.52765    1.01524   -1.37813   -0.69579    2.00000
 179.99454   -0.09292   23.46395   23.06550    0.09308    0.05137    6.58576   -4.60595    1.45769   -2.58063    2.00000
 179.97585   -0.01368   22.57237   22.28381    0.02776    0.01532   13.37894   -1.97510    1.22284   -2.06572    2.00000
