#RA        DEC       MAG_G     MAG_I     ANGSEP    RPROJ     SNR       VTRUE       VSYS       VMEAS      VSYSERR    
 179.98698   -0.00464   23.30367   22.92975    0.01381    0.00762    7.46195   -0.15918   -2.69633   -7.48248    2.00000
 180.00987    0.12307   20.82468   20.43279    0.12347    0.06815   61.07889    3.85389    1.67186    5.70982    2.00000
 179.88609   -0.13084   23.53692   23.12724    0.17348    0.09575    6.27489    0.86099   -0.48266   -3.69481    2.00000
 179.92291   -0.02612   22.29755   22.03223    0.08139    0.04492   16.37463    3.30153   -0.76001    2.13680    2.00000
 179.91348    0.02287   23.55044   23.13868    0.08949    0.04939    6.21732    2.55176    3.16611    5.21430    2.00000
 180.29126    0.16676   22.73986   22.43410    0.33562    0.18524   11.58928   -4.12587    0.32764   -5.78672    2.00000
 179.99982   -0.13904   21.12907   20.87949    0.13904    0.07674   43.39312   -3.77156    0.06120   -3.42990    2.00000
 179.78572    0.02151   21.56057   21.33974    0.21536    0.11886   29.94020   -2.44128    1.22027   -1.43169    2.00000
 179.95470   -0.00864   23.05141   22.71070    0.04613    0.02546    9.16571   -3.77589    0.11234   -5.10502    2.00000
 180.14394   -0.31465   22.37732   22.10570    0.34601    0.19097   15.49977   -0.79751    2.00671   -1.25087    2.00000
 180.11032   -0.22312   22.69745   22.39619    0.24891    0.13738   12.04074    2.94234   -0.98763   -0.17942    2.00000
 180.08459   -0.01890   21.68479   21.45926    0.08669    0.04785   26.79611   -1.03293   -3.36119   -4.14969    2.00000
 179.98085    0.08305   22.59323   22.30256    0.08523    0.04704   13.15569    5.50843   -1.94773    5.36345    2.00000
 179.97531   -0.05940   23.49368   23.09065    0.06433    0.03550    6.45911    0.49499    0.47114    4.98694    2.00000
 180.00027    0.01838   22.26670   22.00388    0.01838    0.01014   16.71221   -5.31293    1.44140   -6.77003    2.00000
 180.00955    0.01012   20.33711   19.86522    0.01391    0.00768   92.59952    0.03612   -0.94163   -1.16625    2.00000
 180.35709    0.02843   23.42611   23.03348    0.35821    0.19771    6.74695   -0.61347    1.07584    4.68225    2.00000
 180.00447   -0.01884   20.78128   20.37149    0.01937    0.01069   64.23751   -3.68186   -1.92981   -5.63666    2.00000
 179.99442    0.00973   21.84803   21.61490    0.01121    0.00619   23.66405   -4.99913    3.96161   -1.59332    2.00000
 179.82329    0.29324   22.02562   21.78075    0.34237    0.18896   20.69004    1.31510   -1.71719   -1.08006    2.00000
 180.03009    0.00109   23.51530   23.10895    0.03011    0.01662    6.36700   -1.68839   -2.92891   -3.52125    2.00000
 180.09959    0.13758   22.72489   22.42072    0.16985    0.09375   11.74862   -4.62731   -1.73332   -8.99229    2.00000
 180.04039    0.02021   23.73551   23.29283    0.04516    0.02493    5.44123   -1.36628    4.62204   -0.14069    2.00000
 180.00414   -0.01003   22.54737   22.26123    0.01084    0.00599   13.64784   -0.91667   -0.18220   -0.83058    2.00000
 179.97015    0.08017   20.24830   19.77114    0.08555    0.04722   99.03407   -2.68967    1.21762   -1.42553    2.00000
 179.99968    0.08610   21.65569   21.43120    0.08611    0.04752   27.53438   -1.03677    0.46654    0.38322    2.00000
 180.08662   -0.01110   21.34571   21.12117    0.08734    0.04820   35.68941   -6.71077   -0.71324   -7.55079    2.00000
 180.03152    0.00790   23.65505   23.22619    0.03251    0.01794    5.77675   -2.87155   -0.26916   -6.43513    2.00000
 180.00516   -0.02493   22.93673   22.60980    0.02545    0.01405    9.95052    0.68320   -1.16355   -2.03103    2.00000
 179.97401   -0.15305   23.06341   22.72119    0.15524    0.08568    9.08412   -0.00809    1.63953    0.34409    2.00000
 180.03722    0.08612   22.65583   22.35880    0.09382    0.05178   12.48592    3.44983   -1.66008    3.99874    2.00000
 179.84933    0.00950   23.76517   23.31735    0.15097    0.08332    5.31778    0.75559    0.41136    0.10456    2.00000
 179.95921    0.02999   23.45584   23.05863    0.05062    0.02794    6.62030    1.04825   -2.59352   -1.83905    2.00000
 179.98808    0.01578   22.87674   22.55634    0.01977    0.01091   10.36640    1.86619    0.03255    1.05568    2.00000
 180.06137   -0.01098   23.06341   22.72119    0.06235    0.03441    9.08412    0.44380   -0.43032    1.76330    2.00000
 180.00780   -0.01033   23.25955   22.89198    0.01294    0.00714    7.75571   -1.58319    0.60575   -1.44524    2.00000
 180.03435   -0.05199   21.98177   21.73993    0.06231    0.03439   21.42210   -0.85982    0.16667   -0.23313    2.00000
 180.04861   -0.03152   22.40852   22.13445    0.05794    0.03198   15.15746   -3.57152    0.14325   -4.42295    2.00000
 179.95386    0.03937   22.02836   21.78330    0.06066    0.03348   20.64429   -3.59781   -0.04349   -3.53249    2.00000
 179.96222   -0.00173   21.77211   21.54346    0.03782    0.02087   24.94517   -4.23991    0.17846   -4.98719    2.00000
 180.01659    0.01459   21.36939   21.14573    0.02209    0.01219   35.04343    0.16955   -2.67844   -2.64389    2.00000
 180.03099    0.07002   22.45363   22.17580    0.07657    0.04226   14.66509   -0.53558   -0.17659    0.92257    2.00000
 179.95229   -0.02143   23.16202   22.80731    0.05231    0.02887    8.41431    1.85839   -0.20206    2.89288    2.00000
 179.99632    0.02603   23.82709   23.36845    0.02629    0.01451    5.06049   -0.28829   -5.59935   -7.89386    2.00000
 179.85825    0.00035   23.43422   23.04034    0.14175    0.07823    6.71241   -2.52951    0.41924   -1.69577    2.00000
 180.19604    0.01786   22.74984   22.44302    0.19685    0.10865   11.48305    4.50701    0.48759    4.97560    2.00000
 180.03709    0.03613   23.65318   23.22464    0.05179    0.02858    5.78455    3.48001    0.25197    2.64334    2.00000
 179.91060    0.08017   23.33905   22.95972    0.12008    0.06628    7.22879   -3.24159    1.97430    0.41081    2.00000
 180.10321    0.11165   23.76993   23.32128    0.15204    0.08392    5.29799   -5.05832   -6.07331  -12.97937    2.00000
 180.00081    0.02185   21.54305   21.32290    0.02187    0.01207   30.38316   -0.37983    1.91236    2.07664    2.00000
 180.09805   -0.00187   23.63988   23.21355    0.09808    0.05413    5.84038   -1.96105    0.52247    2.15680    2.00000
 179.70177    0.05375   22.79475   22.48317    0.30305    0.16726   11.00504    0.97109    1.26062    3.07804    2.00000
 179.97281    0.04060   23.79851   23.34487    0.04887    0.02697    5.17924    7.51082    0.49632    2.02258    2.00000
 180.00558   -0.22183   22.92891   22.60283    0.22190    0.12247   10.00477   -6.82361   -0.61978   -8.28714    2.00000
 180.18198    0.06579   23.41253   23.02198    0.19351    0.10680    6.80485   -3.71228   -2.63041   -3.32967    2.00000
 180.04916   -0.01667   23.26930   22.90045    0.05191    0.02865    7.68986   -1.92032    0.91849    2.10922    2.00000
 180.02422    0.00859   23.13062   22.77993    0.02570    0.01418    8.62723    3.42585   -0.39170    5.30391    2.00000
 180.04494   -0.01141   23.52881   23.12038    0.04637    0.02559    6.30943    0.36486    2.01219    1.74111    2.00000
 179.95015   -0.07091   22.62192   22.32834    0.08668    0.04784   12.84871   -0.65290   -0.01970   -1.58708    2.00000
 180.29990    0.03786   22.33651   22.06811    0.30228    0.16683   15.94741   -2.78158   -1.26185   -3.94832    2.00000
 180.24384   -0.02403   20.93492   20.61424    0.24501    0.13523   53.33370    2.33926    2.51652    4.85523    2.00000
 180.17316   -0.24081   22.76231   22.45417    0.29659    0.16370   11.35027   -1.49967   -0.94317   -3.56886    2.00000
 179.96547   -0.00613   23.02012   22.68335    0.03507    0.01936    9.37848   -4.67356    2.28866   -1.88708    2.00000
 179.91261   -0.08060   23.57241   23.15719    0.11888    0.06561    6.12413   -1.88545    0.98749   -0.74095    2.00000
 180.16795   -0.02392   22.29498   22.02987    0.16965    0.09363   16.40276    0.80150   -3.53082   -2.42169    2.00000
 180.00433   -0.03863   22.21529   21.95663    0.03887    0.02146   17.53613   -2.62689   -1.97916   -3.46198    2.00000
 180.04826   -0.08411   23.78660   23.33504    0.09697    0.05352    5.22872   -1.01249   -0.66686    1.07348    2.00000
 180.00636   -0.04053   21.92424   21.68635    0.04103    0.02265   22.38294   -2.53414   -0.27675   -2.05081    2.00000
 179.90614   -0.06316   23.38532   22.99892    0.11312    0.06243    6.92390   -6.30551   -2.13868  -14.12813    2.00000
 180.00481    0.04954   21.90791   21.67104    0.04977    0.02747   22.65746   -0.30618    1.69688    0.18687    2.00000
 179.84744   -0.06023   21.62871   21.40522    0.16400    0.09052   28.21757   -3.23323    3.67570    1.61353    2.00000
 179.97420    0.01973   23.49368   23.09065    0.03248    0.01793    6.45911   -4.90422   -2.85673   -9.35425    2.00000
 179.65413    0.06463   21.70861   21.48223    0.35185    0.19420   26.19207   -4.11407    2.20121   -1.09172    2.00000
 179.83733    0.02995   20.90476   20.56503    0.16540    0.09129   55.17813    1.32657    2.49478    3.43948    2.00000
 180.08865    0.06895   23.50179   23.09751    0.11231    0.06199    6.42457   -6.12096    1.30097    1.32682    2.00000
 180.07852   -0.03174   23.50449   23.09980    0.08470    0.04675    6.41306    4.83463   -0.08092    4.82422    2.00000
 180.00739   -0.00993   20.31158   19.83799    0.01238    0.00683   94.46215    0.23127    0.11255    0.22971    2.00000
 179.93948   -0.01155   22.45597   22.17793    0.06160    0.03400   14.63966    0.08073    0.52199    0.33272    2.00000
 179.97318    0.02186   23.82233   23.36452    0.03460    0.01910    5.08028    3.04570   -2.62048   -7.94460    2.00000
 180.01413    0.06858   21.30324   21.07592    0.07002    0.03865   36.87959  -10.41487   -3.58750  -14.05995    2.00000
 180.00594    0.06036   23.50179   23.09751    0.06065    0.03347    6.42457    6.09154   -3.54591    0.90558    2.00000
 179.98486    0.00542   22.47941   22.19929    0.01607    0.00887   14.38535   -4.10284   -1.73479   -5.61717    2.00000
 180.00188    0.03774   17.42873   16.75116    0.03778    0.02085  542.32770   -5.50818   -2.06750   -7.60138    2.00000
 179.90536    0.01953   22.96020   22.63073    0.09663    0.05333    9.78778    1.62968    1.44742    3.19062    2.00000
 180.02985    0.05828   22.51690   22.23346    0.06548    0.03614   13.97845   -1.98739   -0.13190   -2.83882    2.00000
 180.02042   -0.03990   23.74112   23.29748    0.04482    0.02474    5.41783    1.06926   -0.14732    0.22752    2.00000
 180.07498    0.09728   23.04901   22.70860    0.12282    0.06779    9.18203    5.38276   -2.50965    0.88709    2.00000
 179.97307    0.36500   23.82947   23.37042    0.36600    0.20200    5.05059   -3.08325   -1.98967   -3.23055    2.00000
 180.09502   -0.07067   21.40069   21.17771    0.11842    0.06536   34.20225   -2.15570    0.47023   -2.25607    2.00000
 180.04369   -0.03376   22.13122   21.87956    0.05521    0.03047   18.91816    0.99107    0.11040    0.77672    2.00000
 179.80785   -0.05817   22.79974   22.48763    0.20077    0.11081   10.95192    0.34478    1.31949   -1.27908    2.00000
 180.18268   -0.05746   22.94195   22.61445    0.19150    0.10569    9.91436    0.43065   -0.19091    0.00673    2.00000
 180.01010   -0.00750   22.46535   22.18648    0.01258    0.00694   14.53793    1.65238    1.27527    1.68317    2.00000
 179.95361   -0.11201   21.62871   21.40522    0.12124    0.06691   28.21757    4.82641   -4.23018    2.34502    2.00000
 180.11407    0.02562   21.49157   21.27056    0.11691    0.06453   31.75970    3.37736   -1.12118    2.28794    2.00000
 179.98097   -0.01686   22.37732   22.10570    0.02543    0.01404   15.49977    1.00894   -1.25959   -0.85682    2.00000
 179.98622   -0.00627   21.12907   20.87949    0.01514    0.00836   43.39312    2.54666    0.45370    3.17254    2.00000
 179.90141    0.12307   22.91065   22.58656    0.15769    0.08703   10.13134    1.32357    0.52616   -2.79200    2.00000
 179.90105   -0.04300   23.56759   23.15316    0.10790    0.05955    6.14439   -6.46996   -1.04140   -7.43920    2.00000
 180.07738   -0.03663   23.69622   23.26028    0.08561    0.04725    5.60509   -6.83478   -4.75209  -16.80568    2.00000
 180.09079    0.09555   21.93793   21.69910    0.13180    0.07274   22.15417    1.61195    0.63257    3.72755    2.00000
 179.98131    0.01503   23.24492   22.87928    0.02398    0.01324    7.85450    0.95218   -5.67777   -2.15949    2.00000
 180.02734    0.00335   23.83661   23.37632    0.02755    0.01520    5.02090    1.43958   -4.57077   -8.65989    2.00000
 179.60014    0.14841   23.49638   23.09294    0.42651    0.23540    6.44760   -2.03128   -2.48247   -7.25646    2.00000
 180.04539    0.02657   23.58205   23.16524    0.05261    0.02904    6.08359    1.47735   -1.63091    3.15557    2.00000
 179.99442   -0.00119   23.01473   22.67862    0.00571    0.00315    9.41523    2.01474   -1.58802    3.12845    2.00000
 179.94463   -0.00834   22.84805   22.53076    0.05600    0.03091   10.56531   -3.33443    4.49729    0.76694    2.00000
 180.00737    0.00318   23.23517   22.87081    0.00803    0.00443    7.92036    2.22140   -1.73352   -1.75115    2.00000
 180.08516   -0.04575   23.59329   23.17463    0.09667    0.05335    6.03630    5.22824   -0.28574    7.53480    2.00000
 180.11360   -0.06184   22.00096   21.75779    0.12934    0.07139   21.10183    4.43699    1.86523    5.65081    2.00000
 179.96698   -0.02613   21.80176   21.57153    0.04211    0.02324   24.44187    1.58150    0.99091    1.80843    2.00000
 179.92963    0.00694   22.68191   22.38224    0.07071    0.03903   12.20686   -2.85721   -1.05681   -3.71633    2.00000
 180.04585   -0.03047   21.84259   21.60980    0.05506    0.03039   23.75556   -2.04259    0.75836   -0.78701    2.00000
 180.05679    0.03073   22.57497   22.28615    0.06457    0.03564   13.35104   -1.00207   -2.24010   -3.52683    2.00000
 179.99599   -0.01762   21.41634   21.19370    0.01807    0.00998   33.78166   -2.33779   -0.48480   -3.59908    2.00000
 179.98099   -0.05574   23.37171   22.98739    0.05889    0.03250    7.01357    0.51398    0.83804    2.42282    2.00000
 179.95412   -0.01127   23.10661   22.75895    0.04724    0.02608    8.79040   -0.71502    4.63526   12.27221    2.00000
 180.00804   -0.08750   22.69234   22.39161    0.08787    0.04850   12.09523   -2.69220   -0.72235   -1.85192    2.00000
 180.04962   -0.04591   22.29241   22.02751    0.06760    0.03731   16.43089   -2.55358    0.89324   -1.60412    2.00000
 180.00539    0.01207   22.33651   22.06811    0.01322    0.00729   15.94741    4.59962   -4.19515    1.94968    2.00000
 179.77605    0.00496   23.57401   23.15853    0.22401    0.12364    6.11737   -0.42942    2.40415   -2.74401    2.00000
 180.00945   -0.12938   23.53962   23.12953    0.12972    0.07160    6.26338   -3.70135   -3.96584   -5.07439    2.00000
 180.02625   -0.09548   23.14262   22.79042    0.09902    0.05465    8.54564    1.99637    3.79714    6.99306    2.00000
 179.99963    0.06275   23.33361   22.95511    0.06276    0.03464    7.26466   -3.03998   -1.49369   -6.11771    2.00000
 179.89174    0.15881   21.17124   20.92986    0.19220    0.10608   41.50530   -1.57007   -0.77306   -2.32409    2.00000
 179.93047   -0.11009   23.09701   22.75056    0.13020    0.07186    8.85567   -2.19540   -1.23243   -0.18186    2.00000
 179.97771   -0.06151   22.66365   22.36583    0.06543    0.03611   12.40220    1.59965   -2.58948   -1.41899    2.00000
 180.36031    0.57085   22.63235   22.33771    0.67505    0.37259   12.73709   -2.35021   -3.33594   -2.56597    2.00000
 179.99341   -0.03295   22.56715   22.27912    0.03360    0.01854   13.43476    0.90230    4.36131    6.80946    2.00000
 180.05783   -0.38636   21.38765   21.16438    0.39067    0.21562   34.55274    4.27471   -1.99850    2.08959    2.00000
 179.99571    0.01146   22.74734   22.44079    0.01224    0.00676   11.50961    2.28309    0.23755    4.69987    2.00000
 179.86227   -0.04845   16.92103   16.16988    0.14601    0.08058  716.79980   -9.37281   -0.80867  -10.18230    2.00000
 180.04128   -0.14886   17.98907   18.02472    0.15448    0.08526  282.40701    7.89083   -0.66703    7.26447    2.00000
 179.99513    0.07505   21.89702   21.66083    0.07521    0.04151   22.84048    1.68113   -1.93205    0.65841    2.00000
 180.01558    0.04413   22.94195   22.61445    0.04680    0.02583    9.91436   -2.90543   -2.88744   -5.39061    2.00000
 179.79353   -0.04341   23.20347   22.84329    0.21097    0.11644    8.13441   -5.01166   -2.19889   -6.00608    2.00000
 180.03740   -0.04286   23.40981   23.01967    0.05688    0.03140    6.81646    2.36721   -0.21650    0.00487    2.00000
 179.96756    0.03413   22.39412   22.12118    0.04709    0.02599   15.31545    0.54062   -0.75596   -0.43004    2.00000
 180.02846    0.03237   22.15972   21.90561    0.04310    0.02379   18.45113    1.23121    0.83867    2.79773    2.00000
 180.03033   -0.01541   23.45854   23.06092    0.03402    0.01877    6.60879    0.28085    0.42012    3.01144    2.00000
 180.04076   -0.07023   22.90022   22.57726    0.08120    0.04481   10.20367   -2.37683   -2.65129   -3.67736    2.00000
 179.96237    0.01762   22.37492   22.10349    0.04155    0.02293   15.52610   -2.77986    2.44740   -0.80001    2.00000
 180.12303    0.05920   23.03941   22.70021    0.13653    0.07536    9.24730   -2.23124   -2.61430   -3.88632    2.00000
 180.02390    0.00101   23.68125   23.24788    0.02391    0.01320    5.66751   -2.81500    0.74639   -1.18009    2.00000
 179.96127   -0.01541   22.16082   21.90661    0.04168    0.02300   18.43317    2.77328    2.33304    5.53278    2.00000
 179.99454   -0.01348   21.76153   21.53326    0.01455    0.00803   25.12819   -0.79008   -2.48471   -3.47543    2.00000
 180.01685    0.03052   23.74674   23.30213    0.03485    0.01924    5.39442    0.29133    0.40615    4.31149    2.00000
 179.90089   -0.05501   23.45314   23.05635    0.11335    0.06256    6.63182    0.61505    1.59600    0.35012    2.00000
 179.99504    0.02073   22.91587   22.59121    0.02132    0.01177   10.09518    1.84781   -0.84401    0.21067    2.00000
 179.96207    0.00931   23.45584   23.05863    0.03905    0.02155    6.62030   -2.45901   -0.28071   -7.61475    2.00000
 180.04079   -0.09581   23.06581   22.72329    0.10413    0.05747    9.06781    2.46740    0.99509    3.20237    2.00000
 179.98824   -0.08126   21.84803   21.61490    0.08211    0.04532   23.66405    3.24497    1.63321    4.01399    2.00000
 180.10638    0.03214   21.40852   21.18570    0.11114    0.06134   33.99195    2.38112    0.72163    3.01701    2.00000
 179.89970   -0.04510   23.56598   23.15182    0.10998    0.06070    6.15115   -0.72397    0.30898   -1.58247    2.00000
 180.06020    0.06023   23.33361   22.95511    0.08515    0.04700    7.26466   -1.77081    2.73824    1.56195    2.00000
 180.00027   -0.03032   23.51260   23.10666    0.03033    0.01674    6.37852    0.92001    0.87028    3.08805    2.00000
 180.02580    0.03086   23.27918   22.90900    0.04023    0.02220    7.62329   -6.76434   -1.84414   -5.17752    2.00000
 179.96272    0.00253   23.25223   22.88563    0.03736    0.02062    7.80511    0.44128   -3.96269  -11.31080    2.00000
 179.97528   -0.00862   23.64309   23.21623    0.02618    0.01445    5.82687   -1.97352   -1.02703   -9.70112    2.00000
 180.01213    0.04166   21.65304   21.42864    0.04339    0.02395   27.60150    3.92450    1.31317    6.78538    2.00000
 179.99875   -0.01331   21.75359   21.52560    0.01337    0.00738   25.26545   -0.77616    1.41490    1.79128    2.00000
 180.14461   -0.05100   23.46935   23.07007    0.15334    0.08463    6.56273    3.77412   -1.64514    3.85196    2.00000
 180.01839   -0.00416   20.97929   20.68277    0.01885    0.01040   50.76562   -1.25700   -0.67919   -1.30134    2.00000
 180.18996   -0.10095   22.22301   21.96372    0.21511    0.11872   17.40903    0.65818    2.27660    2.21856    2.00000
 179.79665    0.02334   23.80089   23.34683    0.20469    0.11297    5.16934   -2.15768    3.96631   -0.49205    2.00000
 180.00635    0.03019   23.30639   22.93205    0.03085    0.01702    7.44401    0.06194   -2.56756   -2.07117    2.00000
 180.18144   -0.38277   23.78899   23.33700    0.42359    0.23379    5.21882   -1.35964   -0.54857   -4.09208    2.00000
 179.97591    0.07059   20.52282   20.06555    0.07459    0.04117   80.00380    1.71704    1.60880    3.15584    2.00000
 179.94441    0.02027   21.64039   21.41645    0.05917    0.03266   27.92226    0.08386   -0.58321   -0.23457    2.00000
 179.96057    0.00623   23.66067   23.23084    0.03991    0.02203    5.75334   -1.86509   -4.13291   -1.88677    2.00000
 180.00363   -0.05956   22.87674   22.55634    0.05967    0.03294   10.36640   -0.41155    0.11797   -1.58530    2.00000
 179.96086   -0.02811   23.79375   23.34094    0.04818    0.02659    5.19903    0.02995   -0.54197    4.41309    2.00000
 180.01823    0.06007   21.77740   21.54857    0.06278    0.03465   24.85366   -1.66375    0.44979   -1.62425    2.00000
 180.25407   -0.16431   23.39348   23.00584    0.30258    0.16700    6.88611    3.47358   -0.83891   11.12529    2.00000
 180.05788   -0.13612   23.83185   23.37239    0.14791    0.08163    5.04069    2.21810    0.43309   -0.33223    2.00000
 180.01662    0.07110   21.38504   21.16172    0.07302    0.04030   34.62284   -1.37009    1.21439    0.11623    2.00000
 179.77243    0.09389   23.55314   23.14096    0.24618    0.13587    6.20581   -1.91287    2.69282    1.98953    2.00000
 180.05807   -0.03492   23.06581   22.72329    0.06777    0.03740    9.06781   -0.47279    2.72250    3.41993    2.00000
 179.99872   -0.03629   23.41253   23.02198    0.03631    0.02004    6.80485   -1.07088    1.50137   -5.41053    2.00000
 180.10948    0.04678   22.72739   22.42295    0.11906    0.06571   11.72206   -1.54853   -0.34882   -2.06590    2.00000
 179.97156    0.07894   22.86892   22.54936    0.08391    0.04631   10.42065    3.55854    1.60702    6.83287    2.00000
 180.01942   -0.01496   21.95437   21.71441    0.02452    0.01353   21.87965   -1.01473    2.55647    1.85227    2.00000
 179.98540   -0.03362   22.99318   22.65972    0.03665    0.02023    9.56224   -2.16697    0.32016   -0.12591    2.00000
 180.03598   -0.00650   21.82354   21.59194    0.03657    0.02018   24.07584   -3.61395   -5.67188   -9.09721    2.00000
 180.07764   -0.28917   23.13062   22.77993    0.29941    0.16525    8.62723   -4.04305    0.15801   -6.45071    2.00000
 180.01416    0.00688   23.77946   23.32914    0.01574    0.00869    5.25841    7.34600   -1.62331    4.48338    2.00000
 179.90602    0.18778   23.21810   22.85599    0.20998    0.11589    8.03562    2.42897    1.18590    5.84866    2.00000
 180.06717    0.12214   21.73507   21.50774    0.13939    0.07693   25.58573   -1.39999   -1.70007   -2.94411    2.00000
 179.97150    0.01163   22.94977   22.62143    0.03078    0.01699    9.86011    2.37479   -2.48263   -0.09075    2.00000
 180.01926   -0.07422   22.06947   21.82158    0.07668    0.04232   19.95797    1.35994   -1.43521    0.14931    2.00000
 180.00656   -0.02407   21.59756   21.37529    0.02495    0.01377   29.00506   -0.35446    2.06440    2.11253    2.00000
 179.98434    0.02252   22.39892   22.12560    0.02742    0.01513   15.26279    3.28151    1.16141    4.40014    2.00000
 180.02403    0.03289   22.64540   22.34943    0.04074    0.02248   12.59755    1.77299   -1.56818    1.36101    2.00000
 180.03947    0.07288   22.45363   22.17580    0.08288    0.04575   14.66509    1.95386   -2.20077   -0.46319    2.00000
 179.95761   -0.02815   22.47003   22.19075    0.05088    0.02808   14.48707    4.62636   -4.08717    0.60763    2.00000
 179.98711    0.03470   22.53800   22.25268    0.03702    0.02043   13.74957    0.99983    0.03639   -1.81741    2.00000
 180.06325   -0.05468   22.48644   22.20570    0.08361    0.04614   14.30905    7.27344    2.58024    8.81105    2.00000
 179.95110    0.03965   22.82219   22.50770    0.06296    0.03475   10.74471    1.25300   -2.62944    0.15155    2.00000
 179.91614   -0.11010   23.26198   22.89410    0.13840    0.07638    7.73925   -0.17541   -0.97382    2.07886    2.00000
 180.00015    0.04930   22.36772   22.09686    0.04930    0.02721   15.60510    4.13913   -0.13942    3.84396    2.00000
 179.96266   -0.00850   22.27955   22.01569    0.03829    0.02113   16.57155    2.17945    1.75539    3.53585    2.00000
 180.01579    0.14143   22.75982   22.45194    0.14230    0.07854   11.37683    3.20238   -0.73641   -0.30447    2.00000
 179.85892   -0.27713   22.19216   21.93537    0.31098    0.17164   17.91741    1.63473   -1.68983    2.40896    2.00000
 179.98399   -0.03413   23.19128   22.83271    0.03769    0.02080    8.21673   -4.76429    0.60388   -6.90915    2.00000
 179.96620   -0.06183   21.34571   21.12117    0.07047    0.03889   35.68941    2.22217    2.66802    4.89583    2.00000
 180.10948    0.07522   23.73364   23.29128    0.13283    0.07331    5.44904    1.04382    1.87755    1.79633    2.00000
 179.96280    0.00852   23.43422   23.04034    0.03816    0.02106    6.71241    2.79375   -3.16681   -0.45394    2.00000
 180.01614   -0.04245   21.36418   21.14040    0.04542    0.02507   35.18363   -7.02059   -1.47009   -8.43588    2.00000
 180.00917   -0.10082   21.93245   21.69400    0.10124    0.05587   22.24568   -3.35318   -0.35445   -3.50409    2.00000
 180.02885    0.00745   23.19616   22.83694    0.02979    0.01644    8.18380    1.53181    1.14279    3.09309    2.00000
 179.95560   -0.03154   23.30367   22.92975    0.05446    0.03006    7.46195    3.40951    1.88831    4.69849    2.00000
 179.97575   -0.01252   22.80223   22.48986    0.02728    0.01506   10.92537   -1.09142   -0.64482   -4.31551    2.00000
 180.04494    0.06893   22.15533   21.90160    0.08229    0.04542   18.52298   -3.85061    1.42028   -2.19233    2.00000
 179.85568    0.06246   22.56976   22.28146    0.15724    0.08679   13.40685   -1.49217   -1.69227   -0.67221    2.00000
 180.04501    0.02564   22.80223   22.48986    0.05180    0.02859   10.92537   -3.27969   -0.49619   -1.76674    2.00000
 180.01096    0.05983   23.27918   22.90900    0.06083    0.03357    7.62329   -0.03233   -1.13419   -1.47145    2.00000
 180.04507   -0.03050   23.17178   22.81577    0.05442    0.03004    8.34845    3.11944   -1.76072    0.96425    2.00000
 179.94524    0.04816   23.52341   23.11581    0.07293    0.04025    6.33246   -1.76170    1.42438    3.91452    2.00000
 179.96928   -0.01008   23.32000   22.94358    0.03233    0.01784    7.35434    4.65639   -2.13248    5.17798    2.00000
 179.93965   -0.05363   21.65304   21.42864    0.08074    0.04456   27.60150    2.79859   -3.30574   -0.91243    2.00000
 180.09653   -0.04441   21.68744   21.46181    0.10625    0.05864   26.72900    2.73355   -0.67495    2.14210    2.00000
 180.07130    0.00242   21.72977   21.50264    0.07134    0.03938   25.67723    2.68347   -3.94641   -0.78354    2.00000
 179.95035   -0.01800   22.03932   21.79351    0.05281    0.02915   20.46127   -3.42263    0.46323   -1.50576    2.00000
 179.95210    0.03254   23.55854   23.14554    0.05790    0.03196    6.18278   -6.32728   -3.10890   -8.56276    2.00000
 180.09331    0.16759   22.94195   22.61445    0.19181    0.10586    9.91436   -3.45471   -0.60302   -6.69630    2.00000
 179.76857    0.22224   21.97903   21.73738    0.32086    0.17709   21.46786   -1.22028   -0.92606   -1.39978    2.00000
 179.95061    0.04879   23.48557   23.08379    0.06943    0.03832    6.49365   -6.23126    0.21385   -6.64989    2.00000
 180.01982    0.04296   23.36354   22.98047    0.04731    0.02611    7.06738    1.47938   -1.85357   -4.23539    2.00000
 180.07059   -0.12111   23.56389   23.15006    0.14017    0.07736    6.16001    3.28117   -0.74249   -3.15869    2.00000
 180.00841   -0.01110   22.98564   22.65311    0.01393    0.00769    9.61369   -1.23335    1.36211   -0.91588    2.00000
 179.99834   -0.08370   22.99103   22.65783    0.08372    0.04621    9.57694   -0.19126    0.39886   -2.17476    2.00000
 180.00705   -0.04283   23.70183   23.26493    0.04340    0.02395    5.58168    1.32739    0.15516    7.71759    2.00000
 179.97482    0.02392   21.71125   21.48478    0.03473    0.01917   26.12496    3.39588    2.25955    5.67060    2.00000
 180.01797   -0.07351   23.53152   23.12267    0.07568    0.04177    6.29792   -0.64562    0.79819    2.98240    2.00000
 180.05328   -0.01247   21.25673   21.02637    0.05473    0.03021   38.18313    0.14588    1.19963    1.47566    2.00000
 180.06476   -0.05391   21.77211   21.54346    0.08427    0.04651   24.94517   -4.64027    0.40153   -5.34908    2.00000
 180.09308   -0.03298   22.45831   22.18007    0.09875    0.05450   14.61423    4.18189   -1.37228    4.30450    2.00000
 180.01122    0.03381   22.15533   21.90160    0.03563    0.01966   18.52298    1.11351   -2.64762   -1.03488    2.00000
 179.98245   -0.00741   22.43012   22.15435    0.01904    0.01051   14.92048    1.42454   -2.01792   -0.78728    2.00000
 179.90733    0.21430   21.27898   21.05007    0.23348    0.12887   37.55970    3.73855    2.02993    5.08668    2.00000
 179.96553    0.01376   23.39892   23.01045    0.03711    0.02048    6.86289    5.61928   -2.83245    5.99906    2.00000
 179.85896   -0.03336   22.57497   22.28615    0.14492    0.07998   13.35104   -2.63906    1.35140   -2.46923    2.00000
 180.01790    0.00427   23.60454   23.18403    0.01840    0.01016    5.98901   -4.63308    1.21674    0.65039    2.00000
 179.94147    0.09448   22.11478   21.86454    0.11114    0.06134   19.18760   -2.72907    0.80593   -1.13876    2.00000
 179.88315    0.05721   23.10181   22.75476    0.13010    0.07181    8.82304   -1.86935    3.04797    2.63645    2.00000
 180.07419   -0.06901   22.71741   22.41403    0.10133    0.05592   11.82829   -0.91607   -1.68690   -5.32209    2.00000
 180.08099    0.03139   23.05621   22.71490    0.08687    0.04794    9.13308    1.05775   -2.34695   -1.13609    2.00000
 179.90681    0.04039   22.34131   22.07253    0.10157    0.05606   15.89474   -1.22340    0.82060   -1.26294    2.00000
 180.08701    0.00062   21.67156   21.44651    0.08701    0.04802   27.13169    1.02886   -0.39872    0.20646    2.00000
 180.02882    0.10400   23.50179   23.09751    0.10792    0.05956    6.42457    1.35894    1.83575   -0.88927    2.00000
 179.98961   -0.00208   20.89187   20.54348    0.01059    0.00585   55.98541    3.65467    4.66941    8.07303    2.00000
 179.99539    0.00983   23.02012   22.68335    0.01086    0.00599    9.37848    0.86406    1.08875    0.97038    2.00000
 179.98987    0.01406   21.50887   21.28823    0.01733    0.00956   31.29503   -3.77720    0.46242   -2.82329    2.00000
 180.02422   -0.09243   21.88613   21.65063    0.09555    0.05274   23.02350   -4.60721    1.89078   -4.20375    2.00000
 179.97057    0.00733   22.93412   22.60748    0.03034    0.01674    9.96860    1.96856   -1.32695    0.31757    2.00000
 179.98610   -0.02194   21.84531   21.61235    0.02597    0.01434   23.70981   -0.52227    0.20274    0.33436    2.00000
 180.05460    0.01324   22.66105   22.36349    0.05619    0.03101   12.43011    3.25996   -2.05217    2.51780    2.00000
 179.97816   -0.08569   21.93793   21.69910    0.08843    0.04880   22.15417   -4.33029    1.49684   -1.77457    2.00000
 180.04163    0.05859   22.24357   21.98262    0.07188    0.03967   17.07011   -2.26190    1.43740   -0.34268    2.00000
 180.03680    0.00541   22.48644   22.20570    0.03720    0.02053   14.30905    6.03906   -0.07389    5.64142    2.00000
 180.04752    0.02353   23.32000   22.94358    0.05303    0.02927    7.35434   -0.62869    1.25395   -0.28083    2.00000
 180.02457   -0.01901   23.33905   22.95972    0.03106    0.01714    7.22879    0.98385   -1.83714   -3.09067    2.00000
 179.97125   -0.02650   22.80971   22.49655    0.03909    0.02157   10.84570    3.44509    2.37715    5.44289    2.00000
 180.09898   -0.07187   21.60535   21.38277    0.12233    0.06752   28.80818    0.49072    0.18331    0.31263    2.00000
 179.98701    0.01638   23.78660   23.33504    0.02090    0.01154    5.22872    1.01414    1.67922   10.32291    2.00000
 179.98615    0.03515   20.74968   20.33033    0.03778    0.02085   66.35886    2.17486    1.87057    4.35162    2.00000
 179.98294   -0.10731   21.26482   21.03499    0.10866    0.05997   37.95643   -0.78966   -1.54241   -2.46667    2.00000
 180.17073    0.07287   21.39026   21.16705    0.18563    0.10245   34.48264   -7.92869    1.49088   -6.36708    2.00000
 179.99071   -0.01196   23.51530   23.10895    0.01514    0.00836    6.36700   -0.47337   -1.52944   -9.10563    2.00000
 180.02742   -0.00621   23.49098   23.08836    0.02812    0.01552    6.47062    4.90613    0.97857    8.16797    2.00000
 179.99042    0.03081   22.60366   22.31193    0.03227    0.01781   13.04406   -0.58410    1.48292   -0.07600    2.00000
 179.93530   -0.06012   23.21810   22.85599    0.08833    0.04875    8.03562    0.49276   -0.73628    0.35891    2.00000
 179.96983    0.02729   22.85848   22.54006    0.04067    0.02245   10.49298    6.48545   -0.53631    9.22663    2.00000
 179.97983   -0.01964   22.11009   21.86018    0.02816    0.01554   19.26570   -5.40786    2.98864   -2.95088    2.00000
 179.98125   -0.11143   21.36939   21.14573    0.11299    0.06236   35.04343   -0.48552   -2.83965   -4.04904    2.00000
 180.01003    0.08620   22.82219   22.50770    0.08678    0.04789   10.74471   -1.44883   -0.33627   -3.12064    2.00000
 180.07120   -0.04592   22.82723   22.51221    0.08472    0.04676   10.70962   -5.02367    0.75887   -6.93258    2.00000
 180.03590   -0.10006   23.52881   23.12038    0.10631    0.05867    6.30943    3.13791   -0.59885    2.53728    2.00000
 179.97968    0.04841   23.21566   22.85388    0.05251    0.02898    8.05208    3.25861    6.04511    8.40422    2.00000
 180.11365    0.10462   23.72054   23.28043    0.15447    0.08525    5.50366    1.51474    2.48277    2.42689    2.00000
 180.00365   -0.00165   22.09924   21.84986    0.00400    0.00221   19.45075   -5.44533    3.37646   -2.70960    2.00000
 179.95168   -0.01014   22.48878   22.20783    0.04939    0.02726   14.28362   -4.20489    1.13152   -1.98779    2.00000
 180.01682   -0.02334   18.06220   17.87529    0.02877    0.01588  307.08224    4.59672    0.21027    4.79564    2.00000
 180.03674   -0.03166   21.36939   21.14573    0.04850    0.02677   35.04343    2.58967    2.03923    3.85337    2.00000
 180.01250   -0.02949   23.64149   23.21489    0.03202    0.01768    5.83362   -3.82843    1.21583    1.99766    2.00000
 179.99174   -0.01620   22.19473   21.93773    0.01817    0.01003   17.87505    3.52270   -0.28990    5.50771    2.00000
 179.98434    0.01274   23.48827   23.08608    0.02018    0.01114    6.48214   -0.37657   -0.71443   -3.92455    2.00000
 180.00203    0.02224   22.60888   22.31662    0.02233    0.01233   12.98825   -3.50190    0.25851   -2.50429    2.00000
 179.95973   -0.01413   22.96020   22.63073    0.04268    0.02356    9.78778    1.40273    0.91646    2.04678    2.00000
 179.97980   -0.00568   22.71242   22.40957    0.02099    0.01159   11.88140    3.99036    0.69811    2.93199    2.00000
 180.04732   -0.01961   22.30012   22.03459    0.05121    0.02827   16.34650   -5.95649    1.44372   -1.70155    2.00000
 179.95628    0.01126   23.81518   23.35863    0.04515    0.02492    5.10997   -0.99083   -0.19374   -2.56491    2.00000
 179.99927   -0.03450   22.64540   22.34943    0.03451    0.01905   12.59755    2.18380   -1.09951    0.62775    2.00000
 179.98714    0.07096   21.95711   21.71696    0.07212    0.03980   21.83389   -4.61267   -0.08662   -4.82571    2.00000
 180.09001    0.11429   21.13653   20.88856    0.14548    0.08029   43.05313   -6.41133    2.29336   -3.87678    2.00000
 180.01657    0.01131   23.38532   22.99892    0.02006    0.01107    6.92390    1.99622    1.05124    6.69761    2.00000
 179.84218   -0.15567   23.83661   23.37632    0.22168    0.12235    5.02090    3.05696   -0.84803    3.89940    2.00000
 179.95049   -0.02448   23.65693   23.22774    0.05523    0.03049    5.76894    2.82779   -0.06483    3.96399    2.00000
 179.97821   -0.07337   22.35091   22.08138    0.07654    0.04225   15.78942   -1.37357    0.02099   -1.03724    2.00000
 179.94652    0.04993   22.36532   22.09464    0.07317    0.04038   15.63143   -4.03851   -1.10075   -4.95590    2.00000
 179.94643    0.08297   23.52881   23.12038    0.09876    0.05451    6.30943    2.34853    0.18872    1.87471    2.00000
 179.98943    0.02165   22.80971   22.49655    0.02410    0.01330   10.84570    0.82535   -0.53410   -0.56295    2.00000
 180.03120    0.00294   21.66362   21.43885    0.03135    0.01730   27.33304   -3.48000   -1.52665   -4.38472    2.00000
 179.73265    0.12388   23.81756   23.36059    0.29465    0.16263    5.10007    6.46926    0.35394   20.91528    2.00000
 179.96957   -0.01790   22.74485   22.43856    0.03530    0.01948   11.53617   -0.74553   -0.94208   -1.51942    2.00000
 179.91956    0.02659   23.06581   22.72329    0.08472    0.04676    9.06781   -7.63087   -1.54048   -8.99463    2.00000
 180.07500    0.08272   21.26078   21.03068    0.11165    0.06162   38.06978   -0.92218    1.39413    0.75074    2.00000
 179.99081   -0.03279   22.83762   22.52146    0.03405    0.01880   10.63763   -2.42534   -1.99814   -5.03733    2.00000
 180.05212    0.14713   21.86708   21.63276    0.15609    0.08615   23.34378    2.43064    0.35810    3.03266    2.00000
 180.05667   -0.06197   22.80223   22.48986    0.08397    0.04635   10.92537   -7.93998    2.27675   -7.03299    2.00000
 179.93130    0.06012   22.92891   22.60283    0.09129    0.05039   10.00477    5.76105   -0.97467    2.94623    2.00000
 179.91837   -0.06651   23.20347   22.84329    0.10529    0.05811    8.13441   -4.33622   -0.29845   -3.25511    2.00000
 180.06416    0.01916   23.50719   23.10209    0.06697    0.03696    6.40154   -0.07944    0.45396    2.15979    2.00000
 179.95103   -0.02877   22.22815   21.96844    0.05679    0.03135   17.32430   -5.63972   -1.67996   -7.96056    2.00000
 180.07632   -0.28418   22.02562   21.78075    0.29425    0.16240   20.69004   -2.57933    3.82775   -0.52889    2.00000
 179.98074   -0.01947   20.79708   20.39208    0.02738    0.01511   63.17683   -0.69466    5.29686    4.14852    2.00000
 180.00063    0.07268   23.05621   22.71490    0.07269    0.04012    9.13308    1.62313    1.55664    5.57594    2.00000
 180.04387   -0.04526   23.25467   22.88774    0.06303    0.03479    7.78864    7.76292   -0.48530    4.53007    2.00000
 180.05016   -0.01039   23.22541   22.86234    0.05123    0.02827    7.98622    3.38428    3.16981   10.14034    2.00000
 180.00804    0.04284   22.34131   22.07253    0.04359    0.02406   15.89474    0.60404    3.20458    5.22751    2.00000
 179.97351    0.04224   23.71306   23.27423    0.04986    0.02752    5.53487   -4.58310    1.21050   -1.36459    2.00000
 179.18198   -0.36930   23.40165   23.01276    0.89753    0.49540    6.85129    2.76342    0.59416    7.08250    2.00000
 180.01143    0.06060   23.48017   23.07922    0.06167    0.03403    6.51668    4.21578   -3.25283    0.95808    2.00000
 180.08826   -0.36744   22.05577   21.80882    0.37789    0.20857   20.18674    3.31128    0.44226    3.90610    2.00000
 179.99585    0.00487   21.32751   21.10178    0.00639    0.00353   36.19949    2.37187   -1.80413    0.92263    2.00000
 179.97707   -0.00033   22.41332   22.13887    0.02293    0.01266   15.10480   -4.58447    2.97241   -1.06286    2.00000
 180.06773   -0.00227   21.57031   21.34909    0.06778    0.03741   29.69411    0.26809   -0.90929   -0.04677    2.00000
 179.87756    0.50938   21.75623   21.52815    0.52389    0.28915   25.21969   -8.06157   -1.44005   -9.61746    2.00000
 180.05566   -0.02553   20.88552   20.53260    0.06125    0.03380   56.39340   -4.86288    3.14241   -1.61707    2.00000
 179.77553   -0.05328   22.37972   22.10791    0.23071    0.12733   15.47344    2.41944    0.39143    2.64638    2.00000
 180.07765   -0.06606   21.71125   21.48478    0.10195    0.05627   26.12496   -3.06214   -0.97299   -4.37022    2.00000
 180.00891    0.04170   22.03932   21.79351    0.04264    0.02353   20.46127   -1.36467   -1.61858   -2.81600    2.00000
 180.10178   -0.02416   23.24248   22.87716    0.10460    0.05773    7.87097   -4.11616    0.65360   -6.06103    2.00000
 180.04259    0.02166   23.80804   23.35273    0.04778    0.02637    5.13965    3.03205    3.89061   10.52427    2.00000
 179.96419    0.00635   23.48827   23.08608    0.03638    0.02008    6.48214    0.67123   -0.16391   -3.61205    2.00000
 180.11617   -0.02334   20.39706   19.92960    0.11849    0.06539   88.19694    1.96760    1.75974    3.85300    2.00000
 179.98064   -0.02938   23.11862   22.76944    0.03520    0.01943    8.70881    1.31530    0.82289    3.61339    2.00000
 180.01518    0.01361   21.65304   21.42864    0.02038    0.01125   27.60150   -3.91652   -0.34270   -3.44606    2.00000
 179.97185   -0.00703   23.30367   22.92975    0.02902    0.01602    7.46195    2.55501   -1.00394   -0.93717    2.00000
 180.08458   -0.07750   22.26413   22.00152    0.11472    0.06332   16.74035    1.93353   -0.53925    1.49256    2.00000
 180.00630    0.10594   20.02560   19.53658    0.10613    0.05858  115.07569   -0.33998    0.32534   -0.09330    2.00000
 180.00615    0.05410   23.43152   23.03805    0.05445    0.03005    6.72392   -0.46579   -0.75741   -2.96904    2.00000
 180.00980   -0.01302   22.62192   22.32834    0.01630    0.00900   12.84871   -1.87007    0.57096   -0.66651    2.00000
 180.00417    0.03621   21.95163   21.71186    0.03645    0.02012   21.92540   -0.50623    1.66599    1.61530    2.00000
 179.99821   -0.00881   23.23517   22.87081    0.00899    0.00496    7.92036    5.64411    0.03309    4.89364    2.00000
 180.02338    0.06270   22.93412   22.60748    0.06692    0.03693    9.96860    0.10036   -0.67235   -4.49671    2.00000
 180.10252    0.06563   22.69234   22.39161    0.12173    0.06719   12.09523   -4.84081    0.02219   -2.04863    2.00000
 180.03273    0.13500   21.77740   21.54857    0.13891    0.07666   24.85366    2.41368   -0.47134    1.86537    2.00000
 180.02138   -0.03063   22.34131   22.07253    0.03735    0.02062   15.89474    1.03098   -2.46629   -4.30650    2.00000
 179.93446   -0.12541   21.78274   21.55369    0.14151    0.07810   24.76178    4.62827    0.72265    4.80765    2.00000
 180.05283   -0.00985   22.93673   22.60980    0.05373    0.02965    9.95052   -2.81230   -1.40063   -8.36115    2.00000
 179.97871    0.07615   18.20824   17.60764    0.07907    0.04364  352.73117   -0.76863    3.80095    3.01901    2.00000
 180.03029    0.03355   16.33492   15.46845    0.04520    0.02495  994.17743   -0.80740    0.80149   -0.00034    2.00000
 179.97575    0.14033   20.94462   20.63006    0.14241    0.07860   52.74084   -2.43068    1.10309   -1.41644    2.00000
 180.04286    0.01271   23.46395   23.06550    0.04471    0.02468    6.58576   -4.09551    2.16467    9.10581    2.00000
 180.01698    0.04359   23.82947   23.37042    0.04679    0.02582    5.05059    0.48176    0.95018   -5.14452    2.00000
 180.00221    0.02040   23.52881   23.12038    0.02052    0.01133    6.30943   -0.46951   -0.58449   -5.23043    2.00000
 179.95950   -0.04007   22.48409   22.20356    0.05697    0.03144   14.33448   -3.16875   -1.58221   -4.57652    2.00000
 179.99947    0.07170   21.26887   21.03930    0.07170    0.03957   37.84308    6.12907   -0.46551    5.08892    2.00000
 179.82812    0.07336   21.71919   21.49243    0.18687    0.10314   25.92361    0.17477   -1.38052   -0.99904    2.00000
 180.11697    0.01212   21.96533   21.72462    0.11760    0.06490   21.69663   -0.19934    0.11143    0.07803    2.00000
 179.91029    0.01223   22.68452   22.38458    0.09054    0.04997   12.17895    2.01297   -2.78634    1.64220    2.00000
 179.99979   -0.02622   23.50179   23.09751    0.02622    0.01447    6.42457    2.11657   -1.48349   -1.98155    2.00000
 179.97905   -0.01419   23.49368   23.09065    0.02530    0.01397    6.45911   -4.48176   -1.00527   -5.65333    2.00000
 179.98334   -0.00782   22.49816   22.21638    0.01840    0.01016   14.18190    0.21375    0.66949   -1.24348    2.00000
 180.06618   -0.01551   23.27418   22.90468    0.06797    0.03751    7.65693   -1.08402   -1.40883   -4.08837    2.00000
 180.01338   -0.03911   21.48937   21.26831    0.04133    0.02281   31.81890    0.67993   -1.00138    0.35965    2.00000
 180.00772   -0.03586   23.04421   22.70441    0.03668    0.02024    9.21467   -6.06752   -1.38273   -9.03548    2.00000
 180.03847    0.08178   23.64791   23.22026    0.09037    0.04988    5.80660   -2.13279   -1.12377  -11.51175    2.00000
 180.30005    0.28971   23.09701   22.75056    0.41708    0.23020    8.85567    5.67230   -1.29255    4.66180    2.00000
 180.03450    0.04537   22.28984   22.02514    0.05700    0.03146   16.45903   -7.15498    1.61842   -6.29057    2.00000
 179.98714   -0.04279   22.02014   21.77565    0.04468    0.02466   20.78155    0.91326   -0.08215    0.06313    2.00000
 180.03835   -0.03547   22.30526   22.03932    0.05223    0.02883   16.29024   -1.91860   -1.28905   -2.34859    2.00000
 180.03329    0.00599   23.67564   23.24323    0.03383    0.01867    5.69092   -0.87035    0.07086    0.28896    2.00000
 179.87323   -0.05831   22.49113   22.20997    0.13954    0.07701   14.25819   -3.21513    1.48244   -0.60373    2.00000
 179.95787   -0.18076   23.36354   22.98047    0.18560    0.10244    7.06738    3.57527   -2.31605    2.42921    2.00000
 179.98593    0.00817   22.83762   22.52146    0.01627    0.00898   10.63763   -3.65696   -2.43937   -3.27937    2.00000
 179.95314   -0.08805   23.76517   23.31735    0.09974    0.05505    5.31778    2.74628    1.45279    9.32181    2.00000
 180.01416    0.01011   23.51530   23.10895    0.01740    0.00960    6.36700    3.01285   -1.72089    0.79491    2.00000
 180.19537   -0.15646   22.38692   22.11455    0.25030    0.13815   15.39445   -2.87542    1.49217   -1.39580    2.00000
 180.02209    0.06626   23.73925   23.29593    0.06985    0.03855    5.42563   -1.34730   -0.34928   -2.72848    2.00000
 180.08388   -0.00690   21.69008   21.46437    0.08416    0.04645   26.66188   -3.67407   -0.71790   -4.51141    2.00000
 179.96979    0.02768   22.59584   22.30490    0.04098    0.02262   13.12778   -3.84779   -0.15504   -5.88231    2.00000
 180.04588    0.03645   23.63185   23.20684    0.05860    0.03234    5.87416    4.85421   -0.27889    4.77453    2.00000
 179.99863   -0.05490   22.76231   22.45417    0.05492    0.03031   11.35027   -6.59913    3.60699   -0.11816    2.00000
 179.81084    0.03130   22.55933   22.27209    0.19173    0.10582   13.51848   -4.68181    0.26599   -5.42221    2.00000
 180.04036    0.06197   23.61900   23.19610    0.07396    0.04082    5.92821    4.23227    1.65509   -1.76159    2.00000
 180.25282   -0.04887   22.88457   22.56331    0.25750    0.14212   10.31216   -7.15416   -1.90517   -9.95930    2.00000
 180.48366   -0.00066   22.27184   22.00861    0.48366    0.26695   16.65595   -4.33080   -0.44792   -3.94651    2.00000
 179.99008   -0.00232   20.64943   20.20773    0.01018    0.00562   72.67714   -4.61958   -0.15637   -5.02382    2.00000
 179.99622   -0.01907   23.53152   23.12267    0.01944    0.01073    6.29792    3.17033   -0.24828    1.86457    2.00000
 179.98372   -0.01478   23.71119   23.27268    0.02199    0.01214    5.54267    2.50631    1.53560    7.85788    2.00000
 180.01753    0.01991   22.74734   22.44079    0.02653    0.01464   11.50961   -0.41215    0.93226   -1.43091    2.00000
 180.03407   -0.03529   22.02836   21.78330    0.04906    0.02708   20.64429    1.68577    2.29905    4.82307    2.00000
 179.85834    0.10890   21.81537   21.58429    0.17869    0.09862   24.21310    7.69408    0.39995    8.42921    2.00000
 179.57034   -0.10184   21.60535   21.38277    0.44156    0.24371   28.80818    6.73691   -2.03388    5.62003    2.00000
 179.87492   -0.05732   22.10156   21.85207    0.13759    0.07594   19.41110    4.23712    4.71930    9.44489    2.00000
 180.08186   -0.02335   21.45286   21.23101    0.08513    0.04698   32.80028    0.50042   -0.55411   -0.20314    2.00000
 179.93806    0.01611   23.80327   23.34880    0.06400    0.03532    5.15945   -0.84327   -0.06698   -7.38954    2.00000
 180.07883   -0.02486   23.23273   22.86869    0.08266    0.04562    7.93683   -4.67384    0.82414   -6.04840    2.00000
 180.05231   -0.01754   20.10037   19.61509    0.05517    0.03045  109.70637   -3.43617   -3.04924   -6.52171    2.00000
 180.05611    0.00708   23.03460   22.69602    0.05654    0.03121    9.27994    1.92328    1.36856   -3.04318    2.00000
 180.02293    0.02324   23.17909   22.82212    0.03266    0.01803    8.29905   -2.85954    1.46004   -1.29322    2.00000
 180.08777   -0.09887   23.04661   22.70651    0.13221    0.07297    9.19835    0.05204    3.30254    4.58168    2.00000
 179.95766    0.10820   23.11141   22.76315    0.11619    0.06413    8.75777   -2.24201   -0.19944   -3.65432    2.00000
 179.90984   -0.05435   22.95760   22.62840    0.10528    0.05811    9.80587   -1.56656    0.48401   -2.07517    2.00000
 179.99612   -0.00430   22.80223   22.48986    0.00578    0.00319   10.92537    4.64266   -0.45541    6.18435    2.00000
 179.95744   -0.01165   21.66892   21.44395    0.04411    0.02435   27.19880   -2.63916   -0.40268   -4.20046    2.00000
 180.05087    0.00553   22.87935   22.55866    0.05118    0.02825   10.34832   -0.31580   -0.44600   -0.31267    2.00000
 180.11473   -0.04538   23.56919   23.15450    0.12338    0.06810    6.13764    0.28036   -2.87566   -4.79940    2.00000
 180.03052   -0.05214   23.73364   23.29128    0.06042    0.03335    5.44904   -2.26537    0.49999   -6.21072    2.00000
 180.01443    0.12220   23.10181   22.75476    0.12305    0.06791    8.82304   -0.08713    1.94029   -0.31285    2.00000
 179.92007    0.04397   23.74868   23.30374    0.09122    0.05034    5.38631    0.50894   -1.11977   -1.71275    2.00000
 180.00076   -0.00249   21.27291   21.04361    0.00260    0.00144   37.72973   -5.31578   -2.45221   -7.95578    2.00000
 179.98352    0.00255   22.58019   22.29084    0.01668    0.00921   13.29522    1.01843    0.53574    2.31820    2.00000
 180.04359   -0.02033   23.10661   22.75895    0.04809    0.02654    8.79040    1.90459   -1.46119    2.03345    2.00000
 179.97974   -0.02364   21.77740   21.54857    0.03114    0.01719   24.85366   -2.79953   -0.96175   -3.68239    2.00000
 179.94745   -0.05138   22.89239   22.57028    0.07350    0.04057   10.25791   -2.59637   -1.36363   -7.26497    2.00000
 179.92198   -0.08877   23.81756   23.36059    0.11818    0.06523    5.10007    0.46809    1.23727   14.18947    2.00000
 179.84949   -0.17620   23.47206   23.07236    0.23173    0.12790    6.55122   -1.93094    0.49988   -2.08470    2.00000
 179.95534   -0.02630   23.42341   23.03119    0.05182    0.02860    6.75847   -4.09604    1.24525    0.62599    2.00000
 179.56969   -0.35920   23.51260   23.10666    0.56053    0.30938    6.37852   -3.78084    0.73459   -5.38023    2.00000
 180.02354   -0.00986   22.62453   22.33068    0.02553    0.01409   12.82081    2.32993   -2.85462    1.18301    2.00000
 179.95483    0.06479   23.77470   23.32521    0.07898    0.04359    5.27820   -6.19867   -3.94634  -13.84444    2.00000
 180.00023   -0.03451   22.43254   22.15657    0.03451    0.01905   14.89402    3.99070   -0.66779    1.46763    2.00000
 179.99130   -0.01654   23.15958   22.80519    0.01868    0.01031    8.43077   -2.13199   -1.28386   -5.53870    2.00000
 180.03172   -0.00440   22.96020   22.63073    0.03204    0.01768    9.78778    2.91177   -3.47403   -3.75524    2.00000
 180.04085   -0.01779   22.55933   22.27209    0.04456    0.02459   13.51848   -3.65813   -2.09066   -5.49975    2.00000
 179.96996    0.08199   22.34851   22.07917    0.08732    0.04820   15.81575   -1.63025   -0.60366   -1.80764    2.00000
 180.35426   -0.07118   21.96533   21.72462    0.36134    0.19943   21.69663   -6.92527    1.15684   -6.28893    2.00000
 180.29913   -0.09044   21.38504   21.16172    0.31250    0.17248   34.62284    0.37249    3.61086    4.05366    2.00000
 179.95129    0.05717   23.06581   22.72329    0.07511    0.04145    9.06781    1.73989   -3.03120   -2.47195    2.00000
 180.00868   -0.00828   22.50050   22.21851    0.01200    0.00662   14.15646   -3.01938    1.73402   -2.10522    2.00000
 179.95601   -0.04832   22.66365   22.36583    0.06534    0.03606   12.40220   -2.45411    2.04609   -1.20536    2.00000
 179.95271    0.01727   22.87413   22.55401    0.05034    0.02778   10.38449   -3.94128    0.13846   -5.03611    2.00000
 179.91646    0.00567   21.21750   20.98361    0.08373    0.04621   39.49087   -0.54794   -0.55214   -0.97324    2.00000
 180.02971   -0.11197   23.11141   22.76315    0.11585    0.06394    8.75777   -0.80672    2.95256    1.25380    2.00000
 180.00664    0.00833   22.94977   22.62143    0.01065    0.00588    9.86011    0.71773    0.86253   -1.23515    2.00000
 179.99940   -0.00807   22.11258   21.86253    0.00809    0.00447   19.22353    3.35508    1.21947    3.50899    2.00000
 180.18224   -0.24700   22.67669   22.37755    0.30694    0.16941   12.26267    1.96102   -1.81742   -0.98255    2.00000
 180.05121   -0.10087   23.04901   22.70860    0.11312    0.06243    9.18203    0.10568   -0.10731   -2.30177    2.00000
 179.99014   -0.02135   21.47894   21.25765    0.02351    0.01298   32.09929    5.42971    2.55850    8.36577    2.00000
 180.05643   -0.05743   23.43692   23.04263    0.08051    0.04444    6.70090    0.98341   -1.30803    4.89593    2.00000
 179.96671    0.00727   23.28462   22.91361    0.03408    0.01881    7.58749    3.60591    0.84393    3.10763    2.00000
 180.01424    0.05239   23.29550   22.92283    0.05428    0.02996    7.51575   -0.73169    3.82134    1.57768    2.00000
 179.95274    0.20493   22.47941   22.19929    0.21031    0.11608   14.38535    0.01946   -0.62440    1.50369    2.00000
 179.93076    0.01441   23.22054   22.85811    0.07072    0.03903    8.01915    1.99316    0.70027    1.90368    2.00000
 180.05034   -0.00332   23.82709   23.36845    0.05045    0.02785    5.06049    4.83668    2.84458    8.65131    2.00000
 180.02634   -0.00551   22.52394   22.23987    0.02690    0.01485   13.90215   -4.25766    4.77830    0.88360    2.00000
 180.12975   -0.04347   21.72713   21.50009    0.13683    0.07552   25.72299   -6.82985    2.60829   -4.36261    2.00000
 180.00253   -0.08293   21.03551   20.76163    0.08297    0.04579   47.81005    4.57157   -0.45664    3.89784    2.00000
 179.84955    0.01009   23.14984   22.79673    0.15079    0.08322    8.49659   -1.73894    2.28170    1.17005    2.00000
 180.01369   -0.05894   22.87935   22.55866    0.06051    0.03340   10.34832   -4.98894    1.12078   -4.27551    2.00000
 180.08128   -0.09521   21.95985   21.71952    0.12518    0.06909   21.78814    2.00873    0.54788    2.40406    2.00000
 179.98161    0.00826   23.47206   23.07236    0.02015    0.01112    6.55122   -4.76082   -0.42126   -3.96748    2.00000
 180.00610   -0.02543   21.39026   21.16705    0.02615    0.01443   34.48264   -2.02696   -0.14170   -2.43407    2.00000
 179.97273    0.03783   22.18188   21.92592    0.04664    0.02574   18.08687    0.40846   -1.17642   -0.92802    2.00000
 179.98270    0.02049   21.16738   20.92538    0.02682    0.01481   41.67317    0.35499    0.72614    0.82462    2.00000
 179.98291    0.00196   22.50050   22.21851    0.01720    0.00949   14.15646   -0.53948    0.37721   -1.96062    2.00000
 179.95512   -0.01207   21.51687   21.29639    0.04647    0.02565   31.08026   -2.15097   -1.18722   -3.26979    2.00000
 180.02795    0.02730   22.69994   22.39842    0.03908    0.02157   12.01418    1.72949   -2.11207   -0.66848    2.00000
 179.95100   -0.09097   19.54880   19.03744    0.10333    0.05703  158.34479    0.51317    1.02953    1.58998    2.00000
 180.01497   -0.01194   21.87253   21.63787    0.01915    0.01057   23.25227   -5.32998    1.75754   -2.88824    2.00000
 179.94771   -0.09739   23.54773   23.13639    0.11055    0.06101    6.22884   -5.58847    0.52793   -2.57829    2.00000
 180.02713    0.01655   21.88069   21.64552    0.03178    0.01754   23.11501   -1.19696    3.92771    2.28435    2.00000
 179.99699   -0.01917   20.83950   20.45607    0.01941    0.01071   59.87893    3.75419   -1.45863    2.32124    2.00000
 179.97205    0.03190   20.22018   19.74143    0.04241    0.02341  101.06603   -0.61159    1.54418    1.01440    2.00000
 179.98311   -0.08135   22.71990   22.41626    0.08309    0.04586   11.80173   -5.48990   -1.28299   -6.97294    2.00000
 179.95178    0.03546   21.04424   20.77314    0.05985    0.03303   47.37869   -1.29386    1.55182    0.22194    2.00000
 180.00969    0.01077   23.42611   23.03348    0.01448    0.00799    6.74695   -1.33845   -2.14266   -2.65078    2.00000
 180.04617   -0.02649   23.67002   23.23858    0.05323    0.02938    5.71433    1.33562   -1.87499   -2.11362    2.00000
 180.01894   -0.05348   23.34994   22.96895    0.05673    0.03131    7.15705   -2.24962    2.15945   -2.95645    2.00000
 180.01607   -0.03310   23.81756   23.36059    0.03679    0.02031    5.10007   -2.23394    2.36036    6.96355    2.00000
 180.07286   -0.20518   22.42532   22.14993    0.21773    0.12017   14.97314   -5.91545   -0.18040   -7.71809    2.00000
 180.04837    0.02589   22.02014   21.77565    0.05487    0.03028   20.78155   -1.78565    0.03397   -0.55830    2.00000
 179.95541   -0.06700   23.36354   22.98047    0.08049    0.04442    7.06738   -0.52772   -2.59252   -4.43309    2.00000
 180.10446   -0.00833   22.84023   22.52379    0.10479    0.05783   10.61955   -2.02977    0.23295    1.79760    2.00000
 179.99136    0.00072   22.98457   22.65216    0.00866    0.00478    9.62105    0.73384    1.85101   -0.16068    2.00000
 179.98164    0.03900   22.76231   22.45417    0.04310    0.02379   11.35027   -3.25409    0.37573   -3.53934    2.00000
 179.97343   -0.02629   23.74300   23.29903    0.03738    0.02063    5.41002   -3.66578    5.37917   -0.07402    2.00000
 180.01558    0.01785   22.77978   22.46979    0.02369    0.01308   11.16438    3.61381   -1.37258    2.34704    2.00000
 179.97392    0.01323   17.91671   17.95300    0.02923    0.01614  293.82861   -3.32519   -0.16056   -3.41455    2.00000
 179.97740   -0.02763   23.28190   22.91130    0.03569    0.01970    7.60543   -1.31089    3.42741    9.15506    2.00000
 180.04665    0.04085   23.23760   22.87293    0.06199    0.03422    7.90390    0.45040    1.93669    3.65193    2.00000
 180.03873    0.00886   23.34177   22.96203    0.03972    0.02192    7.21086   -3.43413    1.10123   -1.05926    2.00000
 180.03560    0.08497   23.61096   23.18939    0.09213    0.05085    5.96198   -3.01265   -2.18111   -1.04516    2.00000
 179.93124   -0.00400   22.93673   22.60980    0.06887    0.03801    9.95052    3.06786    0.06124    3.77185    2.00000
 179.96519    0.01624   23.51800   23.11123    0.03842    0.02120    6.35549    5.17507   -0.67606    6.83243    2.00000
 180.05745    0.16616   21.65039   21.42609    0.17581    0.09704   27.66861   -1.59401   -0.64740   -1.81307    2.00000
 179.98351   -0.03633   22.94716   22.61910    0.03990    0.02202    9.87819    1.04612    1.47535    2.88167    2.00000
 179.85892   -0.01206   21.64259   21.41857    0.14159    0.07815   27.86649    5.10939   -1.09700    4.06291    2.00000
 179.99542    0.09284   20.30689   19.83304    0.09295    0.05130   94.80081    3.85485    3.28134    7.02855    2.00000
 179.85396   -0.05556   22.82723   22.51221    0.15626    0.08624   10.70962    3.67089   -1.11423    3.74230    2.00000
 180.17935   -0.00821   21.59367   21.37154    0.17954    0.09909   29.10349    0.68221   -2.02522   -1.48335    2.00000
 180.02216   -0.00069   22.85327   22.53541    0.02216    0.01223   10.52914   -3.01243    2.35900   -2.00250    2.00000
 179.90237   -0.00796   23.52341   23.11581    0.09795    0.05406    6.33246   -1.97171    1.55592    0.20378    2.00000
 179.97624    0.05676   21.55863   21.33786    0.06154    0.03396   29.98942   -0.90285   -1.23088   -2.46870    2.00000
 180.03723   -0.07875   19.78246   19.28183    0.08711    0.04808  136.80571   -3.98977    0.99256   -2.93043    2.00000
 179.98380   -0.26856   23.32544   22.94819    0.26905    0.14849    7.31847   -4.70710   -3.85357   -9.69284    2.00000
 180.07442    0.00412   22.70244   22.40065    0.07454    0.04114   11.98763   -4.12232    2.27915   -2.14153    2.00000
 180.04112   -0.14259   23.26198   22.89410    0.14840    0.08191    7.73925   -0.31113   -1.65718   -1.00815    2.00000
 180.01379   -0.04294   21.11563   20.86316    0.04510    0.02489   44.00510    3.13461    0.71051    3.67142    2.00000
 179.89822    0.07285   22.88978   22.56796    0.12516    0.06908   10.27600    0.16471   -0.93719   -0.29860    2.00000
 180.05283   -0.06256   22.55933   22.27209    0.08188    0.04519   13.51848   -1.00781   -2.18682   -2.88023    2.00000
 179.69240   -0.14301   23.83185   23.37239    0.33922    0.18723    5.04069   -5.01127   -4.07221   -3.09829    2.00000
 180.04185   -0.00905   22.88978   22.56796    0.04282    0.02363   10.27600   -3.46974    0.25209   -2.32833    2.00000
 179.94719   -0.00518   20.37400   19.90484    0.05307    0.02929   89.89024    0.39636   -1.85082   -1.29903    2.00000
 179.84554    0.35845   23.22298   22.86023    0.39031    0.21542    8.00269   -1.81865   -1.95495   -4.28328    2.00000
 180.01476    0.03763   23.73551   23.29283    0.04042    0.02231    5.44123   -1.54562    1.87660    3.90326    2.00000
 179.92282   -0.07055   23.79613   23.34290    0.10457    0.05772    5.18913   -4.15416    0.11821   -3.85360    2.00000
 180.04105    0.02393   22.49581   22.21424    0.04751    0.02622   14.20733   -6.85898    2.03583   -3.98900    2.00000
 180.03516   -0.05214   22.54972   22.26336    0.06288    0.03471   13.62241   -9.80606   -0.18186  -10.76120    2.00000
 179.96664   -0.00251   23.26930   22.90045    0.03345    0.01846    7.68986   -0.83648    2.99484   -0.16367    2.00000
 179.96460    0.04984   21.60145   21.37903    0.06113    0.03374   28.90662   -0.00411   -0.37464   -0.03476    2.00000
 180.00200   -0.00226   21.82626   21.59449    0.00302    0.00167   24.03009    0.90030   -0.48790   -0.51000    2.00000
 179.92763   -0.10906   21.53641   21.31635    0.13089    0.07224   30.55527    1.88343   -0.04229    2.13631    2.00000
 179.96541   -0.00131   22.22815   21.96844    0.03461    0.01910   17.32430    0.99751   -2.67522   -1.69380    2.00000
 180.00201    0.00214   23.76755   23.31931    0.00294    0.00162    5.30789    0.64477    5.81373   17.87475    2.00000
 180.01463    0.01529   21.93793   21.69910    0.02117    0.01168   22.15417    3.66310   -1.69349    0.45307    2.00000
 180.02332   -0.01497   21.82626   21.59449    0.02771    0.01530   24.03009    0.82811   -0.63343   -0.73248    2.00000
 180.00314   -0.09364   20.99904   20.71185    0.09369    0.05171   49.67553   -7.55963   -4.09503  -11.87238    2.00000
 179.96863    0.00085   22.99534   22.66161    0.03138    0.01732    9.54754    2.16726   -2.44214   -2.45386    2.00000
 180.01422   -0.11806   23.04901   22.70860    0.11892    0.06563    9.18203    1.89352   -0.61518    5.01359    2.00000
 179.87260    0.05131   23.38259   22.99661    0.13733    0.07580    6.94184    4.73928    0.76467    8.24801    2.00000
 180.09195    0.06815   23.30095   22.92744    0.11445    0.06317    7.47988   -3.73720   -1.24043   -5.98532    2.00000
 179.96236   -0.02404   23.24492   22.87928    0.04467    0.02465    7.85450    4.01374   -0.60539    4.84961    2.00000
 179.94543   -0.01083   22.17931   21.92356    0.05563    0.03070   18.12924   -1.92936    0.75434   -1.86333    2.00000
 180.03767    0.01554   23.61578   23.19342    0.04076    0.02250    5.94172   -2.11087   -2.67482   -5.61287    2.00000
 179.98380    0.03433   22.99103   22.65783    0.03796    0.02095    9.57694   -2.86488   -0.16236   -0.95117    2.00000
 180.02634   -0.06265   21.37200   21.14839    0.06796    0.03751   34.97333    2.27208   -0.27770    1.39805    2.00000
 179.99394    0.02495   23.39892   23.01045    0.02567    0.01417    6.86289   -3.29726   -0.58789   -8.41150    2.00000
 180.09923   -0.08103   22.92108   22.59586    0.12811    0.07071   10.05901   -4.53410   -0.29443   -4.91573    2.00000
 180.01295    0.03860   22.94716   22.61910    0.04071    0.02247    9.87819   -0.78844    1.97111    1.41262    2.00000
 179.95605    0.00230   21.88886   21.65318    0.04401    0.02429   22.97774   -1.33290    3.98267    2.41695    2.00000
 179.94586    0.05986   23.82471   23.36649    0.08072    0.04455    5.07038    2.50444   -1.38428   -4.06219    2.00000
 180.02020   -0.03331   23.51530   23.10895    0.03896    0.02150    6.36700   -4.08989    0.89381   -1.93156    2.00000
 179.89565   -0.16183   21.74565   21.51795    0.19255    0.10628   25.40271    7.27246   -1.45042    5.58069    2.00000
 179.94901   -0.02984   21.10667   20.85227    0.05909    0.03261   44.41308    2.64126    1.75833    4.03254    2.00000
 179.94250    0.04626   23.33088   22.95280    0.07379    0.04073    7.28260    1.29983    0.88214   -3.01631    2.00000
 179.99788   -0.02511   22.16301   21.90861    0.02520    0.01391   18.39724    1.04911   -1.18062    0.22836    2.00000
 180.04156   -0.06327   23.07541   22.73168    0.07571    0.04178    9.00254   -4.69462   -2.34466   -6.48629    2.00000
 179.96219    0.04413   23.56919   23.15450    0.05811    0.03207    6.13764   -1.36252   -1.20335    6.23076    2.00000
 180.11656   -0.00860   22.49113   22.20997    0.11687    0.06451   14.25819    0.92848    1.72388    4.14372    2.00000
 179.95903   -0.17564   23.23273   22.86869    0.18035    0.09954    7.93683   -3.75436    2.06933   -1.13015    2.00000
 179.85014    0.06882   22.61410   22.32131    0.16491    0.09102   12.93243   -3.06583    1.47375   -1.44360    2.00000
 180.01083    0.03493   21.78274   21.55369    0.03657    0.02018   24.76178    2.37278    1.61737    4.65204    2.00000
 180.03912   -0.03736   23.03220   22.69392    0.05409    0.02986    9.29626   -2.43556   -0.32742   -3.50613    2.00000
 179.86658    0.14447   23.75327   23.30752    0.19665    0.10854    5.36726   -0.76080    1.74291   -4.39400    2.00000
 180.01764   -0.03910   23.67377   23.24168    0.04289    0.02367    5.69872   -2.17465   -1.41277   -9.77040    2.00000
 180.01662   -0.04656   23.52071   23.11352    0.04944    0.02729    6.34397   -2.82128   -2.41875   -4.53907    2.00000
 179.96239    0.06717   22.68713   22.38693    0.07699    0.04249   12.15104    5.67763   -2.18792    3.96353    2.00000
 180.04526   -0.00748   21.93519   21.69655    0.04587    0.02532   22.19992    0.20045    0.64318    0.48368    2.00000
 179.94833    0.01898   22.65844   22.36115    0.05504    0.03038   12.45802   -3.01087    0.85951   -1.32567    2.00000
 180.01236   -0.03304   23.36899   22.98509    0.03527    0.01947    7.03151   -0.72725    2.19206    3.46614    2.00000
 180.08745    0.05514   22.91587   22.59121    0.10338    0.05706   10.09518   -2.70999    0.48644   -7.32141    2.00000
 180.05153    0.03866   22.76980   22.46086    0.06442    0.03555   11.27060   -1.17322   -2.13777   -7.28601    2.00000
 179.97601    0.02823   23.64149   23.21489    0.03705    0.02045    5.83362   -5.45006   -1.11673   -4.78342    2.00000
 179.92661   -0.07047   21.46851   21.24699    0.10174    0.05615   32.37969    4.45814   -1.29246    3.89760    2.00000
 179.95537    0.07106   22.45597   22.17793    0.08391    0.04631   14.63966   -1.35103    1.77973   -0.68338    2.00000
 179.97414    0.01878   23.58847   23.17061    0.03196    0.01764    6.05657    4.38643   -0.89748    5.22885    2.00000
 179.97011    0.00160   23.66628   23.23548    0.02993    0.01652    5.72993   -1.92324   -0.17755   -1.49729    2.00000
 179.88750   -0.14516   21.73242   21.50519    0.18365    0.10136   25.63148    2.92833   -2.27829    0.15339    2.00000
 179.99182   -0.00301   21.96259   21.72207    0.00871    0.00481   21.74238    5.08199   -2.17920    2.21812    2.00000
 179.92854    0.04114   21.39287   21.16971    0.08245    0.04551   34.41255    2.74691    0.26092    2.88134    2.00000
 179.92616   -0.03905   22.96493   22.63494    0.08353    0.04610    9.75504    7.98798    0.13659    5.92877    2.00000
 179.91154   -0.07278   22.44894   22.17153    0.11455    0.06322   14.71595   -3.66264   -2.15464   -6.70017    2.00000
 180.05681   -0.00200   19.73973   19.23730    0.05685    0.03137  140.73016    1.11986   -0.95666    0.24744    2.00000
 179.97641    0.00169   23.68312   23.24943    0.02365    0.01306    5.65971   -1.09929    2.23703    2.70933    2.00000
 179.98053    0.01874   20.59629   20.14690    0.02703    0.01492   75.81170   -0.26515   -3.78694   -3.87714    2.00000
 180.00719    0.06009   23.48287   23.08150    0.06052    0.03340    6.50517   -0.29614    0.87787   -1.89117    2.00000
 180.03497    0.00038   22.31731   22.05042    0.03498    0.01931   16.15806   -4.81789    2.03799   -3.73756    2.00000
 179.91391    0.14355   22.00096   21.75779    0.16739    0.09239   21.10183    1.85485    1.96300    3.49969    2.00000
 179.99657   -0.11538   22.98241   22.65027    0.11543    0.06371    9.63575   -4.84628    3.06061    0.07148    2.00000
 179.87267   -0.03114   22.54737   22.26123    0.13108    0.07235   13.64784   -1.35620    0.65536    1.29063    2.00000
 179.98735   -0.01525   22.65844   22.36115    0.01981    0.01093   12.45802   -4.70453    1.02520   -3.36388    2.00000
 179.99179    0.03151   22.68452   22.38458    0.03256    0.01797   12.17895   -1.66589   -0.36973    0.39366    2.00000
 179.00243    0.47741   22.33891   22.07032    1.10592    0.61045   15.92108   -4.88158   -0.20106   -4.46521    2.00000
 179.93088    0.12566   20.71845   20.29089    0.14342    0.07916   68.39158   -3.44107    2.45764   -1.35141    2.00000
 180.01030   -0.02551   21.83714   21.60470    0.02751    0.01518   23.84707   -3.17116   -2.42356   -5.76962    2.00000
 179.93755   -0.02233   22.45831   22.18007    0.06633    0.03661   14.61423   -1.46087    0.96485   -1.84640    2.00000
 179.93941   -0.08840   23.11381   22.76525    0.10717    0.05915    8.74145   -1.59282   -3.70551   -3.33903    2.00000
 180.02046    0.00063   23.73925   23.29593    0.02047    0.01130    5.42563    2.00309   -1.83978   -3.93878    2.00000
 180.01262   -0.03904   23.68312   23.24943    0.04103    0.02265    5.65971    3.28740    2.26345    1.51282    2.00000
 179.96471   -0.02498   20.78415   20.37524    0.04325    0.02387   64.04466    1.14340    2.61347    3.66006    2.00000
 180.01894   -0.00132   21.04175   20.76985    0.01899    0.01048   47.50193    1.70351    0.77109    2.13403    2.00000
 179.96930    0.01203   22.97702   22.64555    0.03298    0.01820    9.67250    1.30397    1.55861    4.59880    2.00000
 180.01749   -0.04127   23.50719   23.10209    0.04482    0.02474    6.40154   -1.75155    0.22135    2.33060    2.00000
 180.07278    0.02665   22.78477   22.47425    0.07752    0.04278   11.11126   -1.00336    0.04224   -0.82004    2.00000
 179.84538    0.15310   23.23273   22.86869    0.21759    0.12009    7.93683   -1.54101    2.97396    4.79546    2.00000
 179.96568   -0.03262   22.56715   22.27912    0.04735    0.02613   13.43476   -8.21764   -3.19482  -12.33003    2.00000
 179.94563   -0.00927   23.46395   23.06550    0.05516    0.03044    6.58576   -3.39607    0.83754   -0.07688    2.00000
 180.06264    0.15602   22.19473   21.93773    0.16813    0.09279   17.87505   -1.87437    1.63329    0.01323    2.00000
 179.96077    0.03017   23.26686   22.89833    0.04949    0.02731    7.70632    0.08395    5.88405    6.18260    2.00000
 179.49570    0.23063   23.68125   23.24788    0.55454    0.30607    5.66751    0.84810   -0.64885    3.56397    2.00000
 180.00267   -0.00242   23.15715   22.80307    0.00360    0.00199    8.44724    0.55952    3.92452    3.92471    2.00000
 180.00594    0.33597   22.36532   22.09464    0.33603    0.18546   15.63143   -4.04873   -1.19002   -5.35251    2.00000
 179.98061    0.09932   23.53422   23.12495    0.10120    0.05585    6.28641   -1.80058   -2.00376   -7.21135    2.00000
 179.93568   -0.28619   23.08741   22.74217    0.29332    0.16189    8.92095    1.31742    0.13738    2.65205    2.00000
 180.26344   -0.25561   21.89974   21.66338    0.36707    0.20260   22.79473   -3.17572   -1.01676   -3.82206    2.00000
 179.97964   -0.05175   22.91326   22.58888    0.05562    0.03070   10.11326    1.84044    1.90665    5.24369    2.00000
 180.01056    0.07858   21.89702   21.66083    0.07928    0.04376   22.84048   -0.46512    3.19488    1.59287    2.00000
 179.98618   -0.02908   23.15715   22.80307    0.03220    0.01777    8.44724   -2.14851    3.82658   -0.52349    2.00000
 180.00177    0.05914   23.45854   23.06092    0.05917    0.03266    6.60879    4.53187    0.75110    8.29250    2.00000
 179.99629    0.01496   23.60614   23.18537    0.01541    0.00851    5.98225    1.81888    2.69721    7.87585    2.00000
 180.13347    0.10792   21.32145   21.09532    0.17164    0.09473   36.36952   -1.36442   -0.05413   -1.46309    2.00000
 180.01964   -0.02549   22.68974   22.38927    0.03218    0.01776   12.12314    0.35397   -0.77511   -0.74469    2.00000
 179.94450    0.03462   22.47238   22.19288    0.06541    0.03610   14.46164   -0.29437   -7.12751   -5.36613    2.00000
 179.98723    0.00176   22.81720   22.50324    0.01289    0.00711   10.77940    1.17433   -2.21007    1.52559    2.00000
 180.06317   -0.02797   22.70992   22.40734    0.06908    0.03813   11.90796    2.49833    1.75612    2.09185    2.00000
 179.95840    0.02755   21.73507   21.50774    0.04990    0.02754   25.58573   -5.08757    2.51297   -1.68271    2.00000
 180.06599   -0.06870   23.60454   23.18403    0.09526    0.05258    5.98901   -5.28438    1.57440   -3.34001    2.00000
 180.01154    0.02336   21.16095   20.91792    0.02605    0.01438   41.95295    1.43613    1.02949    2.77256    2.00000
 180.01257   -0.06955   23.62864   23.20415    0.07068    0.03901    5.88767    0.04952   -2.82821   -9.75028    2.00000
 179.97627    0.07654   22.88457   22.56331    0.08013    0.04423   10.31216   -3.95109   -1.28090   -5.83049    2.00000
 179.98695   -0.01685   21.38504   21.16172    0.02131    0.01176   34.62284    3.70813   -1.64139    2.03071    2.00000
 179.95918   -0.01659   22.74236   22.43633    0.04405    0.02431   11.56272    0.86554   -1.05182   -2.04851    2.00000
 179.97450    0.11390   21.01555   20.73532    0.11672    0.06442   48.79601    2.20469    0.36334    2.67634    2.00000
 179.89383    0.06434   22.36532   22.09464    0.12414    0.06852   15.63143    2.07482   -0.83218    1.95755    2.00000
 180.10526   -0.00105   23.19128   22.83271    0.10527    0.05810    8.21673    2.07949   -0.03302    3.58366    2.00000
 180.00021    0.02597   22.57237   22.28381    0.02597    0.01434   13.37894    4.48673    2.08620    7.49017    2.00000
 180.00841    0.00763   23.70370   23.26648    0.01135    0.00627    5.57388   -0.42792   -3.16924   -7.40520    2.00000
 179.97385   -0.03172   23.15715   22.80307    0.04112    0.02269    8.44724   -4.84053    0.59217   -2.99923    2.00000
 180.00664   -0.00779   21.31538   21.08885    0.01024    0.00565   36.53954    2.86173    3.03638    5.56769    2.00000
 180.04649   -0.01683   22.59062   22.30021    0.04944    0.02729   13.18359   -5.70488   -0.69829   -5.56232    2.00000
 179.97923    0.05909   23.39348   23.00584    0.06263    0.03457    6.88611    0.95522    0.45294    2.71004    2.00000
 179.96005    0.06874   22.26670   22.00388    0.07950    0.04388   16.71221    0.03207   -0.07273   -0.07055    2.00000
 179.92393   -0.01122   23.22298   22.86023    0.07688    0.04243    8.00269   -1.31465   -0.47366   -2.46870    2.00000
 180.04102   -0.04469   22.58019   22.29084    0.06066    0.03348   13.29522    2.10145    1.51454    2.24345    2.00000
 180.05006   -0.03063   22.90804   22.58423    0.05870    0.03240   10.14942   -2.40754   -2.11942   -2.46073    2.00000
 179.99207   -0.02658   20.95000   20.63885    0.02774    0.01531   52.41148    1.33767    0.11456    1.27017    2.00000
 180.05975    0.00888   22.64279   22.34708    0.06041    0.03334   12.62546    0.77575   -0.29094    0.84838    2.00000
 180.00697   -0.03262   22.89761   22.57493    0.03336    0.01841   10.22175    2.46746   -2.04887   -0.67015    2.00000
 179.96127    0.08134   21.22469   20.99183    0.09009    0.04972   39.18295    2.65216   -0.03114    2.46779    2.00000
 180.04408    0.00380   21.88341   21.64807    0.04425    0.02442   23.06925    1.77308   -0.82418   -0.01989    2.00000
 180.02699    0.00635   21.52397   21.30365    0.02773    0.01530   30.88936    0.21023    1.56406    2.87178    2.00000
 179.95206   -0.25855   20.78846   20.38085    0.26296    0.14513   63.75538   -4.14973   -1.54443   -5.39757    2.00000
 179.99670   -0.01866   23.55854   23.14554    0.01895    0.01046    6.18278   -4.04825   -2.07949  -12.01084    2.00000
 179.91565    0.02655   21.59367   21.37154    0.08843    0.04880   29.10349    1.80572    1.42521    3.77940    2.00000
 179.90997    0.08409   23.80327   23.34880    0.12319    0.06799    5.15945   -5.11614   -0.73770   -4.95475    2.00000
 180.08389    0.01372   21.67421   21.44906    0.08501    0.04692   27.06457  -10.04640    0.63168   -9.44372    2.00000
 180.00896    0.00899   22.07987   21.83143    0.01270    0.00701   19.78120    2.54580    1.97929    4.80177    2.00000
 179.89943   -0.00726   22.56454   22.27678    0.10083    0.05565   13.46266   -1.24323   -2.98331   -4.04121    2.00000
 179.93623   -0.12703   22.07909   21.83070    0.14214    0.07845   19.79442    2.65410   -3.84329   -0.55881    2.00000
 180.01489    0.04753   23.01258   22.67673    0.04981    0.02749    9.42994   -2.82793    3.01533    1.93577    2.00000
 180.00285    0.11419   23.52611   23.11809    0.11422    0.06304    6.32095   -0.16360   -1.40223   -0.47661    2.00000
 180.00565    0.01487   23.14984   22.79673    0.01590    0.00878    8.49659    0.49409   -2.43474   -0.68719    2.00000
 179.99623    0.02548   21.01431   20.73368    0.02576    0.01422   48.85764   -1.62863    0.64472   -0.29908    2.00000
 180.04588    0.05892   23.49638   23.09294    0.07468    0.04122    6.44760    0.83342   -0.82276    0.03221    2.00000
 179.90919   -0.01342   23.07301   22.72958    0.09180    0.05067    9.01885    2.53410   -1.46062    2.08867    2.00000
 179.88695    0.11104   22.91065   22.58656    0.15846    0.08746   10.13134   -3.31769   -0.45944   -4.31280    2.00000
 180.02582    0.05689   22.59062   22.30021    0.06248    0.03448   13.18359   -0.74401    0.04999    1.22332    2.00000
 179.97388    0.00723   22.91326   22.58888    0.02710    0.01496   10.11326   -1.73245    2.45879   -0.48921    2.00000
 179.92665   -0.02637   22.24871   21.98734    0.07795    0.04302   16.98538   -1.45593   -2.86567   -4.52382    2.00000
 179.98483    0.01431   23.83661   23.37632    0.02085    0.01151    5.02090    1.71897    1.24576    2.93315    2.00000
 180.02403    0.05981   23.57080   23.15585    0.06446    0.03557    6.13088   -0.92895    3.00684    1.32521    2.00000
 180.22017   -0.09286   21.86436   21.63021    0.23895    0.13188   23.38953    0.28290   -1.11817   -0.31032    2.00000
 179.96101   -0.03090   22.96020   22.63073    0.04974    0.02745    9.78778   -4.00702    0.68286   -3.28022    2.00000
 180.02763   -0.25690   20.39706   19.92960    0.25838    0.14261   88.19694   -0.40343   -1.80908   -2.28373    2.00000
 179.99536   -0.03909   20.91876   20.58788    0.03937    0.02173   54.32179   -1.16513    0.59882   -0.75289    2.00000
 179.91360    0.02080   21.40852   21.18570    0.08886    0.04904   33.99195    1.79544    0.02709    1.78097    2.00000
 179.97166   -0.00190   23.39076   23.00353    0.02840    0.01567    6.89772    2.69673    0.31232    2.22900    2.00000
 179.99759   -0.00371   23.64149   23.21489    0.00443    0.00244    5.83362    1.24646   -3.21189   -2.17204    2.00000
 179.95888   -0.10097   23.22785   22.86446    0.10902    0.06017    7.96976    0.48713    0.88501    4.02335    2.00000
 180.11879    0.02466   21.33762   21.11255    0.12133    0.06696   35.91611   -1.68885    1.79710    0.33648    2.00000
 179.94176   -0.18191   21.85075   21.61746    0.19101    0.10542   23.61830   -1.79835    1.09825    0.55485    2.00000
 179.86652    0.11771   21.76682   21.53836    0.17797    0.09823   25.03668   -2.02692    4.48788    2.67521    2.00000
