#RA        DEC       MAG_G     MAG_I     ANGSEP    RPROJ     SNR       VTRUE       VSYS       VMEAS      VSYSERR    
 180.01535    0.04714   22.77728   22.46756    0.04958    0.02736   11.19093   -4.66007   -1.23332   -5.35128    2.00000
 179.93465    0.01203   21.52220   21.30184    0.06646    0.03668   30.93708    1.10592   -1.28295    0.43099    2.00000
 179.91592   -0.00267   22.07522   21.82701    0.08413    0.04643   19.86051   -1.41504   -0.23455   -1.54208    2.00000
 179.96683   -0.05860   23.47206   23.07236    0.06733    0.03716    6.55122    0.09153   -0.87451    2.19483    2.00000
 180.02299    0.03730   23.78899   23.33700    0.04382    0.02419    5.21882   -4.87206    2.26117    3.43056    2.00000
 180.03554   -0.02303   23.46935   23.07007    0.04235    0.02337    6.56273    1.38500    0.97442    3.99833    2.00000
 180.04498    0.06925   23.68125   23.24788    0.08258    0.04558    5.66751   -3.85663    2.07503   -7.25560    2.00000
 180.01009   -0.00361   17.89308   17.92746    0.01070    0.00591  298.18469   -6.21022   -3.55198   -9.82470    2.00000
 179.69807    0.41240   22.80223   22.48986    0.51111    0.28210   10.92537    1.92634   -2.26759   -1.13837    2.00000
 180.08459    0.15576   22.67409   22.37521    0.17725    0.09783   12.29058   12.22150   -1.94869   11.33585    2.00000
 179.96606    0.12795   23.78184   23.33111    0.13237    0.07306    5.24851    1.23288    4.06012   -7.35769    2.00000
 179.89960   -0.20885   21.97355   21.73227    0.23173    0.12790   21.55937   -3.89332   -0.65081   -3.35923    2.00000
 180.00015    0.03370   23.37987   22.99431    0.03370    0.01860    6.95977   -0.74339    2.55854    1.24209    2.00000
 180.03641   -0.02689   22.80722   22.49432    0.04527    0.02498   10.87225   -0.70938    4.61463    2.48143    2.00000
 180.01982    0.01731   23.39892   23.01045    0.02632    0.01453    6.86289    1.24358   -1.55050    0.47252    2.00000
 180.05008    0.01779   21.18537   20.94629    0.05314    0.02933   40.88978   -0.72815   -0.42235   -1.15308    2.00000
 179.62312   -0.44720   22.71741   22.41403    0.58482    0.32279   11.82829    6.02175    1.29173    6.64917    2.00000
 180.02161   -0.09992   21.31942   21.09316    0.10223    0.05642   36.42619   -0.96927    0.36394   -0.90283    2.00000
 179.77104   -0.08585   21.99548   21.75269    0.24453    0.13496   21.19333    0.69210   -0.60573    1.47724    2.00000
 179.96713    0.02409   23.01365   22.67768    0.04075    0.02249    9.42258   -5.93601   -2.88997   -8.68823    2.00000
 179.98936    0.07988   21.58393   21.36219    0.08059    0.04448   29.34958   -3.94650   -2.70452   -6.74077    2.00000
 179.99413    0.09380   22.82723   22.51221    0.09398    0.05187   10.70962    1.01668    0.51344   -0.87403    2.00000
 179.94881   -0.00318   22.89761   22.57493    0.05129    0.02831   10.22175   -0.99318   -0.48462   -3.09843    2.00000
 179.92976   -0.15593   20.77841   20.36775    0.17102    0.09439   64.43036   -0.22201   -0.06651   -0.50642    2.00000
 180.05258    0.03671   22.82468   22.50993    0.06413    0.03539   10.72736    6.52914   -2.25711    2.65703    2.00000
 180.02905   -0.01643   21.84803   21.61490    0.03338    0.01842   23.66405   -6.78264   -2.17447   -7.87524    2.00000
 180.09586    0.23553   23.82947   23.37042    0.25428    0.14035    5.05059   -1.49363    0.76312   -7.86147    2.00000
 180.03815   -0.10582   22.11164   21.86166    0.11249    0.06208   19.23918   -3.89683   -0.92678   -5.44136    2.00000
 179.96443    0.05382   21.16995   20.92837    0.06451    0.03560   41.56125    3.38484   -0.46075    2.90299    2.00000
 180.02693    0.02789   23.68873   23.25408    0.03877    0.02140    5.63630    5.30775   -0.14419    1.15519    2.00000
 179.98157    0.03723   21.61119   21.38838    0.04155    0.02293   28.66053   -8.11313   -3.16060  -10.31702    2.00000
 180.06902    0.08033   23.13782   22.78623    0.10590    0.05845    8.57827   -2.00521    3.05522    1.94561    2.00000
 180.00647   -0.02247   22.39652   22.12339    0.02339    0.01291   15.28912   -5.19764    5.16933   -0.83720    2.00000
 180.07616    0.02555   21.36418   21.14040    0.08032    0.04433   35.18363   -3.21926    0.44957   -2.68377    2.00000
 179.97697    0.06154   22.20244   21.94482    0.06571    0.03627   17.74795   -3.12148   -3.26969   -7.20236    2.00000
 180.02267   -0.01824   23.20835   22.84753    0.02911    0.01607    8.10148    5.66050   -2.48549    4.16984    2.00000
 180.04359   -0.03866   22.45128   22.17366    0.05827    0.03216   14.69052    1.26692    2.39217    4.09267    2.00000
 179.97217    0.03446   21.81265   21.58173    0.04429    0.02444   24.25886    2.16927    0.33692    4.30172    2.00000
 179.96579   -0.02619   23.61739   23.19476    0.04308    0.02378    5.93496   -0.51122   -4.63709   -0.69388    2.00000
 179.94868    0.15702   22.77728   22.46756    0.16520    0.09118   11.19093   -0.96479   -1.66994    0.31154    2.00000
 180.00455    0.25053   23.07061   22.72749    0.25057    0.13829    9.03517   -2.64912   -1.07064   -0.25726    2.00000
 180.05251   -0.01835   21.74565   21.51795    0.05563    0.03070   25.40271   -5.35622    2.12864   -2.97265    2.00000
 179.97487   -0.10810   23.55044   23.13868    0.11098    0.06125    6.21732   -0.69451   -0.15699    1.18612    2.00000
 179.97946    0.00713   22.99965   22.66539    0.02174    0.01200    9.51814    2.15572   -1.67493    2.47741    2.00000
 179.95184    0.02401   22.15095   21.89759    0.05380    0.02969   18.59483   -6.72874    1.83912   -5.85979    2.00000
 179.98940   -0.04329   22.61149   22.31896    0.04457    0.02460   12.96034    1.53899    2.10377    2.41144    2.00000
 180.12883   -0.34577   23.61578   23.19342    0.36899    0.20366    5.94172   -0.82877    4.90774    7.89725    2.00000
 180.16472   -0.02157   23.01904   22.68240    0.16612    0.09169    9.38583    1.90241    3.20505    2.80517    2.00000
 180.00468   -0.01781   22.05029   21.80372    0.01842    0.01016   20.27825    2.75510   -1.53646    0.13150    2.00000
 180.05650    0.04061   23.16934   22.81366    0.06959    0.03841    8.36491    1.14590   -1.79292   -0.31358    2.00000
 180.02385    0.03455   21.76682   21.53836    0.04198    0.02317   25.03668   -0.31431    1.24569    1.68844    2.00000
 179.90005    0.08751   21.18023   20.94031    0.13284    0.07332   41.11360   -0.76776    2.44739    1.82246    2.00000
 179.93999    0.15358   21.77211   21.54346    0.16489    0.09101   24.94517   -0.87637    0.08232   -0.03010    2.00000
 179.96869    0.03214   23.72803   23.28663    0.04487    0.02477    5.47245    3.23074    2.15949   -2.34960    2.00000
 179.99191    0.05806   22.23329   21.97317    0.05862    0.03235   17.23957   -3.30980    0.90102   -1.93266    2.00000
 179.97282    0.00421   23.39076   23.00353    0.02750    0.01518    6.89772    3.27372   -0.08199    1.41108    2.00000
 180.00333   -0.00373   23.38804   23.00123    0.00500    0.00276    6.90933   -0.94561    0.19458    3.86979    2.00000
 180.01204    0.00964   23.29822   22.92513    0.01542    0.00851    7.49782   -2.89004    1.18541   -4.94610    2.00000
 180.04269    0.00407   21.15838   20.91493    0.04288    0.02367   42.06486    4.15471   -0.78603    3.37533    2.00000
 180.10870    0.02775   23.56125   23.14782    0.11218    0.06192    6.17127    1.02462   -0.32907    0.77742    2.00000
 180.00037    0.05927   23.63988   23.21355    0.05927    0.03271    5.84038    3.32356   -2.08581   14.33879    2.00000
 180.03520   -0.00936   23.69060   23.25563    0.03643    0.02010    5.62850   -5.25346   -1.51265  -10.98363    2.00000
 180.05292   -0.00478   23.47746   23.07693    0.05313    0.02932    6.52819    0.26264   -1.06758   -0.66962    2.00000
 179.98444   -0.09936   23.75565   23.30949    0.10058    0.05551    5.35737    2.10910   -2.28584   -3.64220    2.00000
 180.03181    0.02616   23.70932   23.27113    0.04119    0.02274    5.55047   -1.91948    2.53952   -6.10954    2.00000
 179.93279   -0.06296   23.08981   22.74427    0.09209    0.05083    8.90463   -0.48803   -0.09380   -2.33095    2.00000
 180.05165   -0.02844   23.64955   23.22162    0.05896    0.03254    5.79973    1.30609    1.96848    5.27040    2.00000
 180.04280    0.02502   22.70244   22.40065    0.04958    0.02736   11.98763    4.12188   -1.37982    4.79340    2.00000
 180.04146    0.45834   23.27174   22.90256    0.46021    0.25400    7.67339   -0.06805    0.31527    3.19027    2.00000
 180.00562   -0.03121   22.85327   22.53541    0.03171    0.01750   10.52914   -0.04384   -0.73052   -0.42729    2.00000
 180.00906   -0.01128   23.33633   22.95742    0.01447    0.00799    7.24673    3.41008    1.50055    0.74006    2.00000
 180.04286   -0.02893   23.42070   23.02890    0.05171    0.02854    6.77002    3.87435    3.08139    7.00694    2.00000
 180.04323    0.01774   23.46935   23.07007    0.04672    0.02579    6.56273   -0.12452    1.86749    0.31095    2.00000
 180.05194   -0.00408   22.61149   22.31896    0.05210    0.02876   12.96034   -5.53324   -6.49256  -13.18339    2.00000
 179.90363    0.18113   23.64791   23.22026    0.20517    0.11324    5.80660    3.14138    1.29799    1.34716    2.00000
 179.98238   -0.01280   19.64619   19.13924    0.02178    0.01202  149.37311    2.41489   -0.50360    1.92686    2.00000
 179.80986   -0.02587   22.49347   22.21210    0.19190    0.10591   14.23276   -3.10662    2.62204    1.13105    2.00000
 180.25246    0.23429   23.48017   23.07922    0.34442    0.19010    6.51668    1.88197   -0.31150   -1.35304    2.00000
 180.09001    0.04946   21.35398   21.12998    0.10271    0.05669   35.45781   -3.11710   -4.68920   -7.74458    2.00000
 179.98441    0.01171   21.51775   21.29730    0.01949    0.01076   31.05640    0.64842   -0.53059   -0.71220    2.00000
 179.96655    0.04688   22.24871   21.98734    0.05759    0.03179   16.98538   -5.71265   -1.59377   -7.14409    2.00000
 180.01723    0.03984   23.57723   23.16121    0.04340    0.02395    6.10386    2.81435   -0.73191    5.15538    2.00000
 180.02605    0.02633   23.69809   23.26183    0.03703    0.02044    5.59729   -1.19038   -4.33202  -11.49042    2.00000
 179.94397    0.04890   23.46395   23.06550    0.07437    0.04105    6.58576   -2.14862    2.17025   -0.17344    2.00000
 179.93527    0.04090   22.49347   22.21210    0.07657    0.04226   14.23276   -1.90772    0.34867   -3.01510    2.00000
 179.97249   -0.02602   21.41895   21.19636    0.03787    0.02090   33.71156   -0.13619    2.20031    2.34266    2.00000
 180.05476   -0.00369   22.81969   22.50547    0.05489    0.03030   10.76205   -2.97555    1.97095   -4.53279    2.00000
 179.98289   -0.03024   22.70992   22.40734    0.03474    0.01917   11.90796   -5.67614    2.35682   -0.03111    2.00000
 180.01263    0.04300   23.67377   23.24168    0.04482    0.02474    5.69872   -3.81276   -5.90494   -6.31186    2.00000
 180.01585    0.00095   23.69996   23.26338    0.01589    0.00877    5.58948   -0.45056   -2.86535   -3.68778    2.00000
 179.93507    0.23886   22.79475   22.48317    0.24752    0.13661   11.00504   -6.85559    2.94991   -4.30247    2.00000
 180.03563   -0.00091   21.54111   21.32102    0.03564    0.01967   30.43238    2.35566   -1.57786    0.82697    2.00000
 180.01364   -0.08846   23.13302   22.78203    0.08950    0.04940    8.61091    4.09372    0.61427    9.35610    2.00000
 179.94330    0.01976   23.31728   22.94128    0.06004    0.03314    7.37227   -3.17114   -2.55063   -4.15543    2.00000
 180.00258   -0.03834   20.93384   20.61248    0.03843    0.02121   53.39957   -7.66222   -2.18368   -9.93497    2.00000
 179.83138   -0.05413   23.32000   22.94358    0.17711    0.09775    7.35434   -0.83671   -0.03479    1.04550    2.00000
 180.00696   -0.01444   22.58019   22.29084    0.01603    0.00885   13.29522   -1.80770   -2.44753   -3.84816    2.00000
 179.97958    0.01188   23.41253   23.02198    0.02363    0.01304    6.80485   -2.29118   -0.13025    2.96508    2.00000
 179.95258   -0.00380   22.52159   22.23773    0.04757    0.02626   13.92758    3.00597   -1.03462    3.00247    2.00000
 179.99297   -0.05066   22.90804   22.58423    0.05115    0.02823   10.14942   -2.42260    3.73472    1.05995    2.00000
 179.97411   -0.04665   22.51925   22.23560    0.05336    0.02945   13.95302    0.85735    1.39213    2.50654    2.00000
 180.06772    0.15509   21.50176   21.28097    0.16923    0.09340   31.48594   -1.00901    1.43187    0.75022    2.00000
 179.76627   -0.15195   23.80804   23.35273    0.27877    0.15386    5.13965    2.05648    5.01777   12.10281    2.00000
 179.96687    0.02040   21.98451   21.74248    0.03890    0.02147   21.37635    3.32350    1.46581    6.52397    2.00000
 179.95451    0.03763   23.24979   22.88351    0.05904    0.03259    7.82157   -7.07405   -0.43969   -5.48333    2.00000
 179.97177    0.03619   23.53692   23.12724    0.04590    0.02533    6.27489    1.90691    0.82976    4.24914    2.00000
 180.04836   -0.00400   23.75327   23.30752    0.04853    0.02678    5.36726   -1.06786    2.88934   -1.55950    2.00000
 179.98241   -0.00033   21.07169   20.80931    0.01760    0.00972   46.02298    4.40860    3.54927    8.10495    2.00000
 180.02159   -0.02686   21.39808   21.17504    0.03446    0.01902   34.27235   -3.11974   -2.74366   -5.48930    2.00000
 179.94852   -0.05922   23.12342   22.77364    0.07847    0.04331    8.67618   -6.24058   -0.79249  -12.51127    2.00000
 180.04417   -0.02010   22.88457   22.56331    0.04854    0.02679   10.31216   -1.42459    0.78300   -1.31099    2.00000
 180.03194   -0.02602   22.96733   22.63704    0.04119    0.02274    9.73865   -1.70497    3.30457    2.07044    2.00000
 179.95628   -0.03298   23.55854   23.14554    0.05477    0.03023    6.18278    1.36746   -0.35399   -3.76697    2.00000
 180.05843    0.02602   23.69435   23.25873    0.06395    0.03529    5.61289   -1.91665    0.10507    0.20056    2.00000
 179.99054    0.09060   23.81756   23.36059    0.09109    0.05027    5.10007   -2.36168   -0.23550    4.62228    2.00000
 179.82765    0.10011   23.77946   23.32914    0.19931    0.11001    5.25841   -1.65581   -2.62218   -7.04761    2.00000
 179.99600    0.04585   22.85848   22.54006    0.04603    0.02540   10.49298    4.18672   -1.19828    4.35190    2.00000
 179.99100   -0.01428   21.42156   21.19903    0.01688    0.00932   33.64146   -4.07320   -0.11290   -3.89608    2.00000
 180.03268    0.02745   21.20465   20.96868    0.04269    0.02356   40.05043   -1.95182   -1.54276   -3.33259    2.00000
 179.99248   -0.00440   21.40852   21.18570    0.00871    0.00481   33.99195   -7.17956    4.26776   -3.20095    2.00000
 178.76099   -0.20141   23.70557   23.26803    1.25528    0.69293    5.56608    2.72817   -0.68435   -2.58352    2.00000
 179.99434    0.02382   23.47206   23.07236    0.02448    0.01351    6.55122    0.47106   -2.02711   -0.33741    2.00000
 180.00630   -0.12867   22.04755   21.80116    0.12882    0.07110   20.32401   -1.63757   -0.30562   -2.02451    2.00000
 179.77730   -0.01116   23.59329   23.17463    0.22298    0.12307    6.03630   -2.49826   -3.46145   -3.00014    2.00000
 179.93871    0.06500   23.17421   22.81789    0.08934    0.04931    8.33198   -2.57583   -0.65764   -2.91322    2.00000
 180.09599    0.04263   22.03110   21.78585    0.10504    0.05797   20.59853   -7.22939   -1.92756   -9.69252    2.00000
 179.85793    0.02577   20.02791   19.53900    0.14440    0.07970  114.91023    0.63820   -1.58124   -0.85356    2.00000
 180.00121   -0.03922   22.15424   21.90060    0.03924    0.02166   18.54094    0.50475    1.29817    2.67305    2.00000
 180.00203   -0.01480   23.75565   23.30949    0.01494    0.00825    5.35737   -0.63880   -0.70501    3.62521    2.00000
 179.99660    0.03056   21.47111   21.24966    0.03074    0.01697   32.30959   -2.17037    3.01176    1.01591    2.00000
 180.02919   -0.01619   22.80223   22.48986    0.03338    0.01842   10.92537    0.40006    0.60514    1.04865    2.00000
 179.83438    0.12205   21.35896   21.13507    0.20573    0.11355   35.32383   -8.58769   -2.68750  -11.41740    2.00000
 179.98299   -0.04278   22.37972   22.10791    0.04604    0.02541   15.47344    1.21333   -0.25670    0.61237    2.00000
 179.95685    0.04161   23.32544   22.94819    0.05994    0.03308    7.31847   -0.26442    2.92420    3.85992    2.00000
 179.99820    0.00372   22.36051   22.09022    0.00413    0.00228   15.68409   -4.56970   -1.55539   -7.53706    2.00000
 180.19980    0.04901   20.78846   20.38085    0.20572    0.11354   63.75538   -3.53489    2.24126   -1.32865    2.00000
 180.03464   -0.01018   22.07444   21.82627    0.03610    0.01992   19.87372   -1.90625   -0.05748   -2.97456    2.00000
 179.96526    0.10727   22.97595   22.64460    0.11275    0.06223    9.67985    6.80065    1.30578   10.72622    2.00000
 179.97707    0.01910   21.42417   21.20169    0.02986    0.01648   33.57136   -0.69362   -2.19136   -3.25005    2.00000
 179.86156    0.10823   21.17381   20.93285    0.17572    0.09699   41.39338    6.64208    0.26620    7.87710    2.00000
 180.00903   -0.04253   22.71491   22.41180    0.04348    0.02400   11.85484    0.75613   -0.16783    0.25886    2.00000
 180.03394    0.13935   22.51222   22.22919    0.14342    0.07916   14.02931    1.25734   -1.42952   -2.54893    2.00000
 179.98286   -0.02588   22.90282   22.57958    0.03104    0.01713   10.18559    2.93737   -1.48173    0.34472    2.00000
 179.78062   -0.03269   23.09701   22.75056    0.22180    0.12242    8.85567   -3.22275   -0.14097   -3.86412    2.00000
 180.27428    0.03908   22.28984   22.02514    0.27705    0.15291   16.45903    5.12588   -2.31538    3.43513    2.00000
 179.90022   -0.08474   21.58393   21.36219    0.13090    0.07225   29.34958   -0.73156   -1.57106   -2.49509    2.00000
 179.98540   -0.04219   23.49638   23.09294    0.04464    0.02464    6.44760   -0.48957   -2.10418    0.53314    2.00000
 180.12059   -0.01081   23.37171   22.98739    0.12107    0.06682    7.01357    1.06961   -0.74862   -1.45538    2.00000
 180.05025   -0.03109   22.05029   21.80372    0.05908    0.03261   20.27825   -1.96415   -0.12949   -1.78626    2.00000
 180.17209    0.45867   22.37252   22.10128    0.48989    0.27039   15.55244   -0.08968   -0.57044   -2.15660    2.00000
 180.07451   -0.03281   23.47476   23.07464    0.08141    0.04493    6.53971   -0.11716   -1.19826   -1.00310    2.00000
 180.06247   -0.11597   23.45584   23.05863    0.13173    0.07270    6.62030   -2.06182    0.31574   -0.14269    2.00000
 179.96638   -0.11171   23.68873   23.25408    0.11666    0.06439    5.63630    2.00771    0.07365    6.01940    2.00000
 179.93164   -0.03316   21.30527   21.07808    0.07598    0.04194   36.82292   -1.45166    2.81555    0.41727    2.00000
 180.07179   -0.03391   22.27184   22.00861    0.07941    0.04383   16.65595    1.27719    0.26256    1.96488    2.00000
 180.07237    0.01637   23.21810   22.85599    0.07421    0.04096    8.03562   -1.10253   -1.53937    0.14328    2.00000
 179.96164    0.05181   22.99642   22.66256    0.06447    0.03558    9.54019   -2.45087    1.59857    1.26589    2.00000
 180.06392    0.10930   21.68215   21.45671    0.12662    0.06988   26.86323   -3.38521    0.75740   -3.84090    2.00000
 179.95450   -0.05200   23.83661   23.37632    0.06910    0.03814    5.02090   -0.37489    0.90365    2.21199    2.00000
 180.00684    0.05021   23.52071   23.11352    0.05067    0.02797    6.34397   -1.58359    2.74010    2.91136    2.00000
 179.95213    0.02891   23.83661   23.37632    0.05592    0.03086    5.02090   -1.98968   -0.46355   -8.44987    2.00000
 179.99142   -0.04668   23.08741   22.74217    0.04746    0.02619    8.92095   -1.58535    1.92453   -0.41438    2.00000
 179.99368    0.02095   22.90282   22.57958    0.02188    0.01208   10.18559   -0.67159   -0.26492   -5.25671    2.00000
 180.16273   -0.01229   23.66815   23.23703    0.16319    0.09007    5.72213    8.14588    1.90986   11.86002    2.00000
 180.17456    0.14682   23.16690   22.81154    0.22809    0.12589    8.38138   -2.66969   -3.36823   -1.08484    2.00000
 179.90538   -0.20418   22.33171   22.06369    0.22504    0.12420   16.00007   -2.11587    0.14884   -2.70757    2.00000
 180.00577    0.01025   23.13062   22.77993    0.01176    0.00649    8.62723   -5.48872    0.02284   -5.06144    2.00000
 180.00687   -0.00620   23.15715   22.80307    0.00925    0.00510    8.44724    1.52004   -0.74465   -0.56841    2.00000
 179.94589   -0.07888   22.64800   22.35177    0.09566    0.05279   12.56964   -1.01559    1.87630   -0.59256    2.00000
 180.02689   -0.03050   21.81537   21.58429    0.04065    0.02244   24.21310   -0.59520   -1.79817   -2.19181    2.00000
 180.02382    0.02350   21.20079   20.96420    0.03346    0.01847   40.21830    1.85485    1.29793    3.15623    2.00000
 179.86891    0.04297   23.14022   22.78832    0.13795    0.07614    8.56195    0.63479    0.59577    0.94049    2.00000
 180.01967    0.06583   23.43422   23.04034    0.06870    0.03792    6.71241   -1.22590    4.17443    3.18742    2.00000
 179.97543    0.00244   23.06821   22.72539    0.02469    0.01363    9.05149   -2.69109    5.65501    1.72014    2.00000
 180.07469    0.05976   23.00719   22.67201    0.09566    0.05279    9.46669   -3.63669    3.73004   -1.53533    2.00000
 179.92268   -0.02472   23.65505   23.22619    0.08117    0.04480    5.77675    6.16801    0.69026   -0.26066    2.00000
 179.90755   -0.05511   22.64540   22.34943    0.10763    0.05940   12.59755    1.24409   -0.13697    2.96958    2.00000
 179.99324   -0.05504   20.05558   19.56803    0.05545    0.03060  112.92480    0.39526   -0.29151    0.19904    2.00000
 180.02928   -0.01824   21.63455   21.41084    0.03450    0.01904   28.06991    1.83590   -1.81317   -0.02888    2.00000
 180.06779    0.04307   23.81042   23.35469    0.08032    0.04433    5.12976   -0.80052   -0.42119    1.77181    2.00000
 180.09859   -0.08982   23.32000   22.94358    0.13336    0.07361    7.35434   -5.21952    0.87532   -1.07758    2.00000
 179.99529   -0.03457   21.89974   21.66338    0.03489    0.01926   22.79473    1.21657    1.16519    3.77466    2.00000
 180.32143   -0.25055   23.76755   23.31931    0.40755    0.22494    5.30789  -10.69888   -3.39889  -18.86173    2.00000
 179.96310   -0.07811   22.42532   22.14993    0.08638    0.04768   14.97314    2.88833   -0.47283    3.23560    2.00000
 179.92068   -0.02695   23.01258   22.67673    0.08376    0.04623    9.42994   -1.89522   -4.49282   -5.50443    2.00000
 179.98079    0.10191   22.50284   22.22065    0.10371    0.05724   14.13103   -5.99453   -1.54517   -8.63068    2.00000
 180.06955   -0.08607   22.48175   22.20143    0.11066    0.06108   14.35991    2.08033    1.76320    4.41072    2.00000
 180.05193    0.01101   21.37200   21.14839    0.05308    0.02930   34.97333    3.06957   -2.21974    0.27848    2.00000
 180.10587    0.01654   23.15227   22.79884    0.10715    0.05914    8.48017    1.88008    0.41448    1.25953    2.00000
 179.98668    0.02134   22.65061   22.35412    0.02515    0.01388   12.54174    0.74451    4.34784    4.64516    2.00000
 179.98431    0.03458   21.02678   20.75012    0.03797    0.02096   48.24141   -5.02445    0.43685   -4.50364    2.00000
 180.01076   -0.03611   23.37987   22.99431    0.03768    0.02080    6.95977   -0.34675   -1.77461   -5.69742    2.00000
 179.97386   -0.04566   23.16690   22.81154    0.05261    0.02904    8.38138   -3.96720   -1.11634   -2.63755    2.00000
 180.04211   -0.01292   23.26198   22.89410    0.04405    0.02431    7.73925   -2.43581    0.70030   -3.06867    2.00000
 180.01122   -0.00810   22.90543   22.58191    0.01384    0.00764   10.16750   -2.48316    0.35400   -1.64092    2.00000
 179.96616    0.05327   23.15227   22.79884    0.06311    0.03483    8.48017    0.57193    1.76454    5.33441    2.00000
 179.93311    0.21124   22.67409   22.37521    0.22157    0.12229   12.29058    0.87247   -1.97755   -1.19622    2.00000
 179.87541    0.12457   20.76691   20.35278    0.17618    0.09724   65.20176   -0.47057    1.64831    0.84204    2.00000
 180.04156    0.12618   23.14984   22.79673    0.13284    0.07332    8.49659   -3.29902   -0.24054   -5.40857    2.00000
 179.93304   -0.00668   22.75483   22.44748    0.06728    0.03714   11.42994   -5.24958    3.05789   -0.37923    2.00000
 180.03586   -0.03674   22.40612   22.13224    0.05134    0.02834   15.18380    1.03371   -1.06889    0.45206    2.00000
 179.96529    0.07394   21.59951   21.37716    0.08168    0.04508   28.95584    1.83767   -0.47914    0.66234    2.00000
 180.08347   -0.17096   23.61900   23.19610    0.19025    0.10500    5.92821   -0.36685    1.85230    0.83912    2.00000
 180.03949    0.01156   21.92970   21.69145    0.04114    0.02271   22.29143   -4.00294    0.19996   -2.74735    2.00000
 180.11365    0.03681   23.60936   23.18805    0.11946    0.06593    5.96874   -1.73110   -2.97117   -1.71654    2.00000
 180.01009   -0.01920   21.14101   20.89400    0.02169    0.01197   42.84914    0.12939    3.10308    3.13595    2.00000
 179.93547   -0.00516   22.94977   22.62143    0.06473    0.03573    9.86011   -5.08195    3.02441    1.17325    2.00000
 179.49602   -0.53246   23.80804   23.35273    0.73315    0.40466    5.13965   -0.49854    1.51166   -0.71575    2.00000
 179.95770    0.03070   22.98241   22.65027    0.05227    0.02885    9.63575   -0.43561    0.07918   -4.27833    2.00000
 179.79646    0.13260   20.77410   20.36214    0.24292    0.13407   64.71964   -1.65463    0.86003   -0.53129    2.00000
 179.91908   -0.21518   21.91607   21.67869    0.22989    0.12688   22.52020    6.05121    1.52458    6.91214    2.00000
 180.04712   -0.06544   22.13341   21.88156    0.08064    0.04451   18.88223    2.88812   -0.92191    1.94742    2.00000
 180.05026   -0.00283   22.53097   22.24628    0.05034    0.02778   13.82586   -3.36399   -1.62392   -5.44638    2.00000
 179.99934    0.03175   23.30095   22.92744    0.03176    0.01753    7.47988    1.75349   -0.21786    0.06766    2.00000
 179.99455   -0.01123   22.59845   22.30724    0.01248    0.00689   13.09987   -4.57744   -2.84750   -9.14641    2.00000
 179.83881    0.07424   23.13782   22.78623    0.17746    0.09795    8.57827    6.21418    2.61416    7.40618    2.00000
 179.96057    0.00561   23.20591   22.84541    0.03982    0.02198    8.11794    0.65882    1.82961    0.12015    2.00000
 179.89726    0.03697   22.92108   22.59586    0.10918    0.06026   10.05901   -0.15387   -0.63387   -3.84114    2.00000
 180.31044   -0.05378   21.95711   21.71696    0.31506    0.17389   21.83389   -0.35283    0.08646   -0.28083    2.00000
 180.00655   -0.04526   21.80449   21.57408    0.04574    0.02524   24.39612   -1.11005    1.63326    0.73315    2.00000
 179.99150   -0.02331   22.49581   22.21424    0.02481    0.01369   14.20733   -3.47209    0.85320   -1.58808    2.00000
 180.05305   -0.00980   22.10931   21.85944    0.05395    0.02978   19.27892   -2.63894   -0.05863   -3.38550    2.00000
 180.17181   -0.09064   21.18152   20.94181    0.19425    0.10721   41.05765   -4.04070    0.12732   -3.39260    2.00000
 179.95795   -0.04097   23.13542   22.78413    0.05871    0.03240    8.59459   -0.94393   -1.50722   -4.73216    2.00000
 180.01305   -0.03816   21.27493   21.04576    0.04033    0.02226   37.67305    0.01091    0.36727    0.51253    2.00000
 180.00833   -0.58225   21.46590   21.24433    0.58231    0.32140   32.44979    1.60689   -0.42974    1.06722    2.00000
 180.03484    0.10096   22.10079   21.85134    0.10680    0.05895   19.42432   -4.50106    3.88938   -0.75803    2.00000
 180.01721   -0.00900   22.73737   22.43187    0.01942    0.01072   11.61584    2.13269   -0.78697    3.70650    2.00000
 179.99384    0.02750   23.23760   22.87293    0.02818    0.01555    7.90390    0.34368    3.16197    4.61743    2.00000
 180.01434    0.00289   23.54773   23.13639    0.01464    0.00808    6.22884   -4.27105    1.75155   -5.21742    2.00000
 180.04872    0.03325   21.79360   21.56387    0.05899    0.03256   24.57914   -2.02476   -2.00846   -4.75632    2.00000
 179.98070    0.01937   21.53463   21.31454    0.02734    0.01509   30.60300    2.24960   -2.40548    0.36905    2.00000
 179.95866   -0.02155   23.09941   22.75266    0.04662    0.02573    8.83936    4.54950   -0.50077    6.32746    2.00000
 179.98735    0.03695   21.39026   21.16705    0.03905    0.02155   34.48264   -1.63703   -1.49576   -3.34551    2.00000
 179.95711    0.04838   18.08922   17.80341    0.06466    0.03569  319.34167    0.95201   -2.10609   -1.16402    2.00000
 180.01070   -0.01776   23.69809   23.26183    0.02074    0.01145    5.59729   -4.37474   -2.11630   -0.41502    2.00000
 180.01971   -0.01432   23.48017   23.07922    0.02438    0.01345    6.51668   -0.62392   -0.52214   -4.44974    2.00000
 179.98022    0.02547   21.26280   21.03283    0.03224    0.01779   38.01310    0.60350    0.12565    0.53747    2.00000
 180.01880    0.02893   23.43422   23.04034    0.03450    0.01904    6.71241    1.61253    2.02088   -2.52873    2.00000
 180.13058    0.01172   21.74565   21.51795    0.13111    0.07236   25.40271    1.00438    2.38866    3.44990    2.00000
 180.05548   -0.03448   23.44773   23.05177    0.06532    0.03605    6.65484    0.58654   -0.27923    3.01773    2.00000
 179.98409    0.03538   23.46395   23.06550    0.03880    0.02141    6.58576   -2.78581   -2.37533   -4.45017    2.00000
 179.99149    0.03880   23.53152   23.12267    0.03972    0.02192    6.29792   -7.06102   -0.21864   -2.40546    2.00000
 179.98268   -0.02904   22.70493   22.40288    0.03381    0.01866   11.96107   -5.92484   -1.20044   -5.86448    2.00000
 179.97314    0.01646   23.64149   23.21489    0.03150    0.01739    5.83362    0.33084    0.97394   -5.82231    2.00000
 180.35364    0.03285   21.83714   21.60470    0.35516    0.19603   23.84707   -4.79347   -3.47553   -8.35648    2.00000
 180.01884    0.01855   23.26930   22.90045    0.02644    0.01460    7.68986    1.17829   -2.12114    3.43851    2.00000
 180.07751    0.03362   21.43460   21.21235    0.08449    0.04663   33.29097   -4.78753    2.66017   -1.82501    2.00000
 179.87691    0.08282   23.39892   23.01045    0.14837    0.08189    6.86289   -4.70535   -3.29621   -4.62213    2.00000
 180.01646    0.03555   21.80176   21.57153    0.03918    0.02162   24.44187   -0.90804   -3.28597   -4.52832    2.00000
 180.02310    0.05694   22.42052   22.14550    0.06145    0.03392   15.02581    0.32452   -1.82213   -2.64587    2.00000
 179.97752    0.00410   23.36082   22.97817    0.02285    0.01261    7.08531    4.54957    1.11383    5.96328    2.00000
 180.01855    0.10210   22.01740   21.77310    0.10377    0.05727   20.82730   -2.44472    3.82194    0.84165    2.00000
 179.97359    0.00638   23.34177   22.96203    0.02717    0.01499    7.21086    2.88104   -1.06578    2.07295    2.00000
 180.07710    0.02925   22.26413   22.00152    0.08247    0.04551   16.74035    0.42027    0.74279   -0.13356    2.00000
 179.94949   -0.03816   23.82947   23.37042    0.06330    0.03494    5.05059   -1.37757    3.22661    0.54358    2.00000
 179.87540    0.00298   23.52881   23.12038    0.12465    0.06880    6.30943    0.49034   -0.70125   -3.18505    2.00000
 180.04749    0.06017   21.92970   21.69145    0.07664    0.04230   22.29143   -3.93998    1.24445   -1.48877    2.00000
 180.01616   -0.04518   21.71125   21.48478    0.04798    0.02648   26.12496    0.73396   -0.34942    0.22116    2.00000
 179.93608    0.04026   23.74674   23.30213    0.07554    0.04169    5.39442   -1.03951    2.09982    8.47907    2.00000
 179.90094   -0.50791   22.34371   22.07474    0.51748    0.28562   15.86841    1.06703    1.39813    3.95743    2.00000
 180.05647   -0.06896   23.78184   23.33111    0.08914    0.04920    5.24851    0.94936   -1.44253   -3.73367    2.00000
 180.05939   -0.06116   22.94195   22.61445    0.08524    0.04705    9.91436   -1.14023   -1.12039   -4.66161    2.00000
 179.99757   -0.01386   23.40709   23.01737    0.01407    0.00776    6.82807   -4.04332   -0.12175   -3.52681    2.00000
 179.98012    0.06522   22.65844   22.36115    0.06818    0.03763   12.45802    2.35249    1.61291    6.53302    2.00000
 179.91435   -0.03502   23.06341   22.72119    0.09254    0.05107    9.08412   -3.50082    0.35262    0.17821    2.00000
 180.04861   -0.01832   23.66067   23.23084    0.05195    0.02867    5.75334   -4.85135    2.25964   -3.62247    2.00000
 180.03949   -0.02993   22.73986   22.43410    0.04955    0.02735   11.58928   -3.51756    2.55553   -2.95189    2.00000
 179.92085   -0.00278   21.92698   21.68891    0.07919    0.04371   22.33690   -1.64902   -2.14336   -3.84995    2.00000
 179.98514    0.02172   22.58541   22.29553    0.02632    0.01453   13.23941    0.34272    1.48799    2.81012    2.00000
 179.99474   -0.01353   23.19128   22.83271    0.01452    0.00802    8.21673   -4.62199   -1.74718   -3.39497    2.00000
 179.89008   -0.03777   23.51800   23.11123    0.11624    0.06416    6.35549    9.49596   -3.19641    4.93118    2.00000
 179.83777    0.07801   23.25955   22.89198    0.18001    0.09935    7.75571    9.66001   -0.84060    7.53136    2.00000
 179.91875   -0.51822   22.31491   22.04821    0.52455    0.28952   16.18439   -1.87738    3.10110    1.52645    2.00000
 180.06606    0.11541   22.48409   22.20356    0.13298    0.07340   14.33448    3.71468    0.55934    2.75461    2.00000
 179.96494   -0.00445   21.90246   21.66593    0.03535    0.01951   22.74897    3.19615    0.58014    3.81909    2.00000
 179.96690   -0.08044   22.16630   21.91162    0.08698    0.04801   18.34335   -1.08439    2.89060    0.77298    2.00000
 179.99196    0.03706   23.65131   23.22309    0.03792    0.02093    5.79235   -7.75484    0.00644  -13.76609    2.00000
 179.99472   -0.07639   23.13542   22.78413    0.07657    0.04226    8.59459    1.74978    4.19856    3.64640    2.00000
 179.96059    0.01603   22.60106   22.30959    0.04255    0.02349   13.07197   -3.46602    0.32577   -5.20967    2.00000
 180.04813   -0.07454   22.40132   22.12781    0.08873    0.04897   15.23646   -5.65414    2.99770   -2.63246    2.00000
 180.05266   -0.01116   21.91879   21.68124    0.05383    0.02971   22.47445   -2.04943   -0.51894   -1.26774    2.00000
 180.09393    0.04328   23.05861   22.71700    0.10343    0.05709    9.11676   -7.31769   -0.94240   -9.35658    2.00000
 179.97534    0.01233   22.37732   22.10570    0.02757    0.01522   15.49977   -4.12341    1.36026   -2.75733    2.00000
 179.95300    0.04628   22.32211   22.05484    0.06595    0.03640   16.10540   -3.03732   -2.17085   -4.64113    2.00000
 179.93828    0.08884   23.77232   23.32325    0.10817    0.05970    5.28809    2.72680    2.58949   -1.87184    2.00000
 179.94147    0.11291   23.12102   22.77154    0.12719    0.07020    8.69250   -5.76357   -4.87319   -9.86584    2.00000
 180.00456   -0.05188   23.40981   23.01967    0.05208    0.02874    6.81646   -0.36190   -2.91279   -1.27990    2.00000
 179.92810    0.03395   21.63844   21.41458    0.07951    0.04388   27.97148   -1.54900   -0.92389   -1.91483    2.00000
 180.13251   -0.07258   22.53331   22.24841    0.15108    0.08339   13.80043    0.55255   -0.01638   -1.21122    2.00000
 179.97948   -0.07266   23.21078   22.84964    0.07550    0.04167    8.08501   -2.56858   -0.16862   -2.89386    2.00000
 180.21954    0.02021   23.06581   22.72329    0.22047    0.12168    9.06781   -5.51923   -1.74069   -8.15976    2.00000
 179.95422   -0.10416   23.17178   22.81577    0.11378    0.06280    8.34845   -0.89342    0.02733    1.30068    2.00000
 180.00014   -0.04021   23.48827   23.08608    0.04021    0.02219    6.48214    6.35900   -3.91442    3.59666    2.00000
 180.04741    0.03053   23.03460   22.69602    0.05639    0.03112    9.27994   -1.07811   -2.74897   -2.88217    2.00000
 179.90976   -0.06699   22.02836   21.78330    0.11238    0.06203   20.64429    0.54785   -1.49520   -1.09757    2.00000
 179.59789   -0.37484   22.59062   22.30021    0.54973    0.30341   13.18359   -2.94413    1.15524   -3.09687    2.00000
 179.97440    0.03589   22.48409   22.20356    0.04409    0.02433   14.33448   -9.65942   -1.49727  -12.14157    2.00000
 179.98070    0.01370   21.80721   21.57663    0.02367    0.01306   24.35037   -3.32053   -0.25337   -3.80605    2.00000
 179.88904   -0.08189   21.94067   21.70166    0.13790    0.07611   22.10842    4.02531   -0.72024    1.72395    2.00000
 179.83368   -0.24660   23.21566   22.85388    0.29744    0.16417    8.05208    3.12008    2.41047    1.46789    2.00000
 179.96805    0.03074   21.42938   21.20702    0.04434    0.02447   33.43117    1.84091   -0.90392    0.39172    2.00000
 179.92770   -0.01731   22.21787   21.95899    0.07434    0.04103   17.49376   -3.31456   -0.46330   -3.28490    2.00000
 179.91048   -0.04009   23.22298   22.86023    0.09809    0.05414    8.00269   -0.91604    2.08573    4.15886    2.00000
 179.98427   -0.06478   22.26670   22.00388    0.06666    0.03679   16.71221    4.14637   -0.22808    5.81779    2.00000
 180.02931   -0.02930   23.55044   23.13868    0.04145    0.02288    6.21732   -1.37944    0.24197    0.61458    2.00000
 180.05573    0.07606   23.52071   23.11352    0.09429    0.05204    6.34397   -0.10773    1.10321    6.32296    2.00000
 179.92789   -0.06244   23.62060   23.19744    0.09539    0.05265    5.92145  -11.93824    0.27805   -9.66003    2.00000
 179.98013    0.01291   23.56759   23.15316    0.02369    0.01308    6.14439   -5.52122   -0.86000   -2.05215    2.00000
 180.19527   -0.01119   22.80971   22.49655    0.19559    0.10795   10.84570    3.77836   -0.11002    3.64297    2.00000
 179.98962   -0.06876   23.01688   22.68051    0.06954    0.03838    9.40053    0.27233    0.50224    5.57207    2.00000
 179.95583   -0.00428   22.93673   22.60980    0.04439    0.02450    9.95052   -3.60748    0.97798   -0.50793    2.00000
 180.00529   -0.00011   23.48287   23.08150    0.00529    0.00292    6.50517   -2.97148   -0.66807   -3.30009    2.00000
 179.98592   -0.10211   23.14502   22.79252    0.10308    0.05689    8.52932    1.78634    0.59330    0.72346    2.00000
 180.02357    0.00226   23.16934   22.81366    0.02368    0.01307    8.36491    5.33177   -3.29428    5.10949    2.00000
 180.09251    0.06385   22.94456   22.61678    0.11241    0.06204    9.89627   -3.96031   -0.72296   -4.72225    2.00000
 179.98618    0.01147   21.62676   21.40335    0.01797    0.00992   28.26678    3.49097    1.97037    5.01827    2.00000
 179.96199    0.07257   21.08875   20.83050    0.08192    0.04521   45.22905    1.93805   -0.71317    0.85206    2.00000
 179.98306    0.04913   23.60775   23.18671    0.05196    0.02868    5.97550   -2.22209    0.97262    0.26055    2.00000
 180.02318    0.04071   23.33633   22.95742    0.04685    0.02586    7.24673    0.12391    1.15579    0.18044    2.00000
 180.05475   -0.24672   22.35811   22.08801    0.25272    0.13948   15.71042   11.23745   -2.96019    8.51489    2.00000
 180.09502    0.31717   21.42938   21.20702    0.33109    0.18274   33.43117    1.03934   -1.72968   -0.68661    2.00000
 179.95926    0.02708   22.96625   22.63610    0.04892    0.02700    9.74600    0.56965   -2.08176   -2.85352    2.00000
 179.97983   -0.16810   22.13889   21.88657    0.16931    0.09344   18.79242    5.90354   -0.67389    4.31058    2.00000
 180.04816    0.01767   22.68191   22.38224    0.05129    0.02831   12.20686   -2.54509    2.98898    5.33548    2.00000
 180.21510   -0.10378   22.60888   22.31662    0.23884    0.13182   12.98825    4.84138   -1.81600    1.85955    2.00000
 180.22186    0.11330   22.32451   22.05705    0.24912    0.13750   16.07906    0.72017    3.14684    3.88734    2.00000
 179.98924   -0.02724   23.36626   22.98278    0.02929    0.01616    7.04944   -4.67225   -0.29680   -3.67232    2.00000
 180.04143    0.05544   23.49368   23.09065    0.06921    0.03820    6.45911   -0.62186    2.56417    2.64196    2.00000
 180.04530   -0.02361   22.92891   22.60283    0.05109    0.02820   10.00477   -0.06783    2.25462    1.15669    2.00000
 179.97874    0.01668   23.81518   23.35863    0.02701    0.01491    5.10997   -0.20837   -1.21760    4.05685    2.00000
 179.99141   -0.04548   22.84544   22.52844    0.04628    0.02554   10.58339    5.85013   -1.94030    1.14282    2.00000
 179.99355   -0.03380   23.19128   22.83271    0.03441    0.01899    8.21673    2.09713    6.63141    8.76968    2.00000
 180.25839    0.17867   21.32953   21.10393    0.31415    0.17339   36.14281    2.85202   -0.67607    2.87754    2.00000
 179.96394    0.05837   21.29920   21.07161    0.06862    0.03787   36.99295   -3.36415   -1.69620   -5.17056    2.00000
 180.00304    0.02660   22.13560   21.88357    0.02677    0.01478   18.84631    2.73751    0.72317    3.86751    2.00000
 180.07310    0.00067   22.69234   22.39161    0.07311    0.04035   12.09523    1.09638    1.16434    1.38371    2.00000
 179.98950    0.05026   23.63827   23.21221    0.05134    0.02834    5.84713   -2.20674    1.52424   -0.51387    2.00000
 180.01053   -0.01153   23.40165   23.01276    0.01561    0.00862    6.85129   -2.05246   -0.23393    0.68443    2.00000
 179.96507   -0.04393   21.42156   21.19903    0.05612    0.03098   33.64146   -2.45204   -3.10890   -6.23723    2.00000
 180.29224   -0.29682   22.25128   21.98971    0.41654    0.22990   16.94302    4.53419   -2.71754    2.54251    2.00000
 180.02573   -0.01148   22.02288   21.77820    0.02817    0.01555   20.73579   -2.57165    1.65642   -0.17334    2.00000
 179.97450   -0.06519   23.17909   22.82212    0.07000    0.03863    8.29905    2.03299   -2.36486   -0.66612    2.00000
 180.02345    0.09663   23.36354   22.98047    0.09944    0.05488    7.06738   -0.13594    3.45682    3.28579    2.00000
 180.00954    0.01560   23.83900   23.37828    0.01829    0.01009    5.01101   -0.41322   -1.20313    1.28464    2.00000
 180.11159    0.14884   22.97379   22.64271    0.18602    0.10267    9.69455   -3.61434    2.66678   -0.17726    2.00000
 180.03758   -0.01309   23.42611   23.03348    0.03980    0.02197    6.74695    4.46143   -2.68270   -5.69239    2.00000
 180.03537   -0.02228   22.34611   22.07695    0.04180    0.02307   15.84208   -0.70711    1.94095    0.85347    2.00000
 179.96162   -0.04341   23.60775   23.18671    0.05794    0.03198    5.97550   -1.45386   -1.00862   -4.79846    2.00000
 179.99632   -0.00281   22.94195   22.61445    0.00463    0.00256    9.91436    0.71192    1.77758    2.61329    2.00000
 179.95805   -0.01591   18.02512   18.00963    0.04486    0.02476  284.48660   -0.07257    1.44873    1.35676    2.00000
 179.97250    0.00442   23.69809   23.26183    0.02785    0.01537    5.59729    0.01126    1.73199   -3.24285    2.00000
 179.93843    0.00275   21.89430   21.65828    0.06163    0.03401   22.88624   -2.01916    4.55479    2.78976    2.00000
 180.05750   -0.03423   22.47941   22.19929    0.06690    0.03693   14.38535    0.30167    0.18064    0.49964    2.00000
 179.86761    0.00252   23.10421   22.75686    0.13241    0.07308    8.80672   -4.94904   -1.88215   -6.79144    2.00000
 180.05113    0.06184   21.06545   20.80109    0.08025    0.04429   46.33110   -3.01776   -0.32539   -3.02222    2.00000
 180.01024   -0.03391   23.29278   22.92052    0.03542    0.01955    7.53369    1.61214   -2.49597   -2.04712    2.00000
 180.49960    0.30443   22.10931   21.85944    0.58505    0.32291   19.27892   -1.79332   -2.64867   -4.25819    2.00000
 180.01804   -0.00452   21.36157   21.13773    0.01859    0.01026   35.25373    3.77562    0.87055    4.34796    2.00000
 179.65187   -0.07597   23.68125   23.24788    0.35632    0.19666    5.66751    2.58467   -1.78550   -1.30860    2.00000
 179.99101   -0.02899   23.71119   23.27268    0.03035    0.01675    5.54267   -0.66693   -1.28589   -3.24422    2.00000
 179.97523    0.00211   23.30911   22.93436    0.02485    0.01371    7.42608   -3.60905   -5.83016  -14.68294    2.00000
 180.02498    0.01084   22.99318   22.65972    0.02723    0.01503    9.56224    2.46690   -1.46177   -0.16786    2.00000
 180.06403    0.01445   23.02277   22.68567    0.06563    0.03623    9.36039   -3.46674   -4.86162   -8.80652    2.00000
 179.95485    0.01128   23.46935   23.07007    0.04653    0.02568    6.56273    0.27856    5.83395    5.72448    2.00000
 180.04115   -0.01397   22.50050   22.21851    0.04345    0.02398   14.15646    0.63904    0.61703    0.29918    2.00000
 179.89426   -0.19957   22.56193   22.27443    0.22586    0.12466   13.49057   -7.64771    0.44553   -8.77548    2.00000
 180.02100    0.00669   23.76755   23.31931    0.02204    0.01217    5.30789   -5.34380   -2.09533  -14.22965    2.00000
 179.99756    0.01384   21.73507   21.50774    0.01405    0.00776   25.58573   -0.31052   -4.46614   -4.54618    2.00000
 180.12523   -0.02072   22.81221   22.49878    0.12693    0.07006   10.81914   -4.73668   -1.47458   -6.53130    2.00000
 180.06320    0.00505   22.09614   21.84691    0.06340    0.03499   19.50362   -0.11990    2.09989    3.18045    2.00000
 179.99713    0.00035   23.61900   23.19610    0.00289    0.00160    5.92821    3.93939   -2.57498   -0.19174    2.00000
 180.07803   -0.02077   22.06673   21.81902    0.08075    0.04457   20.00373   -3.13802   -0.96419   -3.44232    2.00000
 179.93901   -0.01471   22.78227   22.47202    0.06274    0.03463   11.13782   -1.33698   -1.21277   -4.43395    2.00000
 179.84981   -0.06279   22.05303   21.80627    0.16279    0.08985   20.23250   -3.74311    1.69183   -2.53633    2.00000
 180.05334    0.01484   22.43722   22.16085    0.05536    0.03056   14.84311   -0.16979    1.49632    3.12403    2.00000
 179.92969   -0.06341   22.02288   21.77820    0.09468    0.05226   20.73579    0.79850    3.36185    4.78650    2.00000
 179.99092   -0.02515   23.26442   22.89621    0.02674    0.01476    7.72278    0.19914   -1.03635   -5.95860    2.00000
 180.00359   -0.07361   21.94341   21.70421    0.07370    0.04068   22.06266   -0.85299   -1.48772   -1.47137    2.00000
 179.96561   -0.05552   23.81280   23.35666    0.06531    0.03604    5.11986    2.21990   -0.57263    8.78565    2.00000
 180.02911   -0.03209   23.70744   23.26958    0.04333    0.02391    5.55827    3.03197   -0.98290    3.13317    2.00000
 180.01408   -0.01819   21.81809   21.58684    0.02301    0.01270   24.16735    0.60057   -3.11604   -2.93872    2.00000
 179.96452    0.02557   21.55473   21.33412    0.04373    0.02414   30.08785    3.47340    3.61181    6.35692    2.00000
 179.98363   -0.01635   23.55584   23.14325    0.02315    0.01278    6.19430    0.37065    2.52267    2.58372    2.00000
 180.01672    0.02537   22.58019   22.29084    0.03039    0.01677   13.29522    6.31967   -0.59114    5.68767    2.00000
 180.08221   -0.04791   22.60888   22.31662    0.09516    0.05252   12.98825    2.24443   -0.94321    1.41543    2.00000
 180.04602   -0.29067   23.19372   22.83482    0.29429    0.16242    8.20027   -0.07110   -0.93034    0.89449    2.00000
 180.02061    0.02360   23.11381   22.76525    0.03134    0.01730    8.74145   -3.02702    2.22613   -1.20133    2.00000
 180.00195    0.02978   22.20244   21.94482    0.02984    0.01647   17.74795   -0.68882    3.13596    3.30480    2.00000
 180.00407    0.01460   22.95238   22.62375    0.01516    0.00837    9.84203   -1.07902    1.57864    2.77634    2.00000
 179.96689   -0.04359   23.64309   23.21623    0.05474    0.03021    5.82687    0.92923    0.60102    1.58545    2.00000
 180.03610    0.01421   21.60535   21.38277    0.03880    0.02141   28.80818    1.85937   -1.55895    0.85929    2.00000
 180.00354    0.03964   22.51925   22.23560    0.03980    0.02197   13.95302    1.66305    0.00310    1.13738    2.00000
 180.03424    0.04658   23.55584   23.14325    0.05781    0.03191    6.19430   -5.54426   -3.21549   -9.15942    2.00000
 180.00417   -0.10342   23.18884   22.83059    0.10351    0.05713    8.23320   -2.40984   -1.03520   -7.24126    2.00000
 180.01427   -0.18265   23.82947   23.37042    0.18321    0.10112    5.05059   -0.79563    0.20143   -3.54233    2.00000
 180.12254    0.07371   23.63506   23.20952    0.14300    0.07893    5.86065   -1.27945    2.36749    4.51709    2.00000
 180.07700    0.26298   22.99318   22.65972    0.27402    0.15124    9.56224    0.07257   -0.00852    2.21783    2.00000
 179.89894    0.08881   23.63827   23.21221    0.13454    0.07426    5.84713   -5.96843   -2.32410   -5.81327    2.00000
 179.68317   -0.71237   22.00370   21.76034    0.77965    0.43033   21.05607    3.55044   -0.31313    2.69824    2.00000
 179.85307   -0.05468   23.28734   22.91591    0.15678    0.08653    7.56956    0.35485    0.83073   -3.13295    2.00000
 180.01942   -0.00111   23.29006   22.91822    0.01946    0.01074    7.55162    0.65184   -2.02371    0.79880    2.00000
 180.03075    0.00098   21.42417   21.20169    0.03076    0.01698   33.57136    1.72145    3.66278    6.38550    2.00000
 180.03484   -0.00234   20.80801   20.40659    0.03492    0.01927   62.42884    1.55616   -1.52796    0.15475    2.00000
 180.08463    0.01027   22.74734   22.44079    0.08524    0.04705   11.50961   -0.29424   -0.26125   -3.10280    2.00000
 179.96796    0.00081   21.59756   21.37529    0.03206    0.01770   29.00506   -1.08724    3.44955    2.34788    2.00000
 179.88954    0.10187   23.43962   23.04491    0.15027    0.08294    6.68938   -1.30558    1.57311   -2.93734    2.00000
 180.00111   -0.00077   19.86131   19.36413    0.00136    0.00075  129.55247    4.56970    1.34257    5.76843    2.00000
 180.02071    0.10469   18.48715   17.90932    0.10672    0.05890  301.27917   -2.65986    2.11808   -0.60172    2.00000
 180.03391   -0.09019   23.49908   23.09523    0.09635    0.05318    6.43608   -0.35767   -0.73049   -0.81510    2.00000
 179.99098   -0.00325   23.66254   23.23239    0.00959    0.00529    5.74554    1.71415   -0.30400    2.88343    2.00000
 179.96135   -0.03442   23.65131   23.22309    0.05176    0.02857    5.79235    3.49548    2.20111   -0.94466    2.00000
 179.98071    0.20778   21.00631   20.72257    0.20867    0.11517   49.27392   -0.02680    1.25119    0.54109    2.00000
 180.19156   -0.16980   23.05861   22.71700    0.25598    0.14128    9.11676   -7.85105   -3.04719  -11.26197    2.00000
 180.14763    0.10307   22.43254   22.15657    0.18005    0.09937   14.89402   -1.80849   -4.05172   -6.18288    2.00000
 179.98395   -0.07634   23.36899   22.98509    0.07801    0.04306    7.03151   -3.21982   -0.78087   -7.59787    2.00000
 179.99023   -0.02029   17.99263   17.85420    0.02253    0.01243  310.67978   -1.13283   -0.07597   -1.17311    2.00000
 179.99582   -0.09974   22.85066   22.53309    0.09983    0.05510   10.54722   -3.82415    2.86529   -2.26955    2.00000
 180.05214    0.01674   21.29516   21.06731    0.05477    0.03023   37.10630   -2.76546    5.07597    1.95939    2.00000
 180.00124   -0.07731   23.06341   22.72119    0.07732    0.04267    9.08412    0.28880   -2.40263   -1.22326    2.00000
 180.06203   -0.15002   21.98726   21.74503    0.16233    0.08959   21.33060    6.96463   -2.68701    5.70446    2.00000
 180.02660    0.02596   23.74487   23.30058    0.03716    0.02051    5.40222    0.74045   -0.56419   -4.31249    2.00000
 179.97823    0.03761   21.92151   21.68379    0.04346    0.02399   22.42869    3.09633   -1.84984    1.48538    2.00000
 180.04411   -0.03104   23.63185   23.20684    0.05394    0.02977    5.87416   -0.57442    0.51481   -0.17985    2.00000
 179.93221   -0.09157   17.93967   17.97634    0.11394    0.06289  289.84854    0.25415   -1.22796   -1.01366    2.00000
 180.00807   -0.00829   23.31455   22.93897    0.01157    0.00638    7.39021   -4.41192   -0.99390   -0.16168    2.00000
 180.00131   -0.05750   23.43962   23.04491    0.05752    0.03175    6.68938   -1.51649    1.10724   -1.81921    2.00000
 180.01065    0.01376   22.02562   21.78075    0.01740    0.00960   20.69004    4.18656    0.31120    2.77485    2.00000
 180.01225   -0.00518   22.27955   22.01569    0.01330    0.00734   16.57155    3.25286    0.40511    5.37295    2.00000
 179.93935    0.04718   23.74300   23.29903    0.07685    0.04241    5.41002    1.30214   -2.19236   -4.88171    2.00000
 179.98235   -0.05019   23.48557   23.08379    0.05321    0.02937    6.49365   -5.96360   -1.34016   -7.13769    2.00000
 179.96301   -0.04821   22.69496   22.39396    0.06076    0.03354   12.06724   -4.94007    0.34038   -5.50193    2.00000
 180.01994    0.00330   23.54503   23.13410    0.02022    0.01116    6.24035    7.41536   -1.77554    0.57003    2.00000
 179.99199    0.08979   23.62382   23.20013    0.09015    0.04976    5.90794   -3.81538   -1.02478   -8.54351    2.00000
 179.95506    0.00614   23.27661   22.90680    0.04535    0.02503    7.64046   -3.49712   -0.67876   -4.30653    2.00000
 179.91759   -0.04850   21.01805   20.73861    0.09563    0.05278   48.67277    0.48673    0.21859    0.89926    2.00000
 180.01901   -0.02265   22.48644   22.20570    0.02958    0.01632   14.30905    4.25361   -1.65224    2.99151    2.00000
 179.98036   -0.03845   22.86631   22.54704    0.04317    0.02383   10.43873   -4.63946    2.31446   -4.20556    2.00000
 179.87038    0.00007   22.89500   22.57261    0.12963    0.07155   10.23983    5.84251   -0.82179    3.38803    2.00000
 179.97897   -0.03823   21.38765   21.16438    0.04363    0.02408   34.55274    2.62423    0.99393    2.84996    2.00000
 179.63857   -0.13505   21.26887   21.03930    0.38583    0.21295   37.84308    0.03337   -2.25227   -2.76082    2.00000
 179.92700   -0.01091   22.70743   22.40511    0.07382    0.04074   11.93451   -0.00744    1.39414    0.18516    2.00000
 180.01778    0.03777   22.01740   21.77310    0.04174    0.02304   20.82730   -2.87849   -0.69868   -4.33701    2.00000
 180.04288    0.04186   21.66627   21.44140    0.05993    0.03308   27.26592   -8.99559   -0.87637   -9.39355    2.00000
 180.02573    0.08135   22.86370   22.54471    0.08532    0.04709   10.45681    2.95309   -0.88829    1.96461    2.00000
 179.97253   -0.01102   21.17638   20.93583    0.02959    0.01633   41.28147   -2.51707   -2.12426   -4.39120    2.00000
 179.83743   -0.05211   20.92630   20.60018    0.17071    0.09422   53.86068   -3.53715   -0.21003   -3.86234    2.00000
 179.93594   -0.00273   22.96948   22.63893    0.06411    0.03539    9.72395   -1.81719   -2.46883   -2.27790    2.00000
 179.90196    0.01803   23.60132   23.18134    0.09969    0.05502    6.00252   -5.73362    0.40324  -11.72114    2.00000
 179.92921    0.00341   22.19987   21.94246    0.07086    0.03911   17.79032    2.75168    1.85223    4.31282    2.00000
 180.01331   -0.01327   22.70493   22.40288    0.01880    0.01037   11.96107    3.29634   -2.16718    0.10217    2.00000
 180.00177   -0.03717   22.87153   22.55169    0.03721    0.02054   10.40257   -0.24235    2.67815    4.48162    2.00000
 179.80846    0.01928   23.36626   22.98278    0.19250    0.10625    7.04944   -5.05377   -3.96348  -10.88717    2.00000
 180.02327    0.03327   23.55854   23.14554    0.04060    0.02241    6.18278   -2.67011    0.92136   -6.40898    2.00000
 180.03664    0.09039   20.09617   19.61067    0.09753    0.05383  110.00884   -2.79446   -0.99924   -3.68045    2.00000
 180.00703   -0.01882   23.13302   22.78203    0.02009    0.01109    8.61091    1.80362   -0.69991   -1.18334    2.00000
 180.12738   -0.00833   22.86109   22.54239    0.12766    0.07046   10.47490    6.15081    2.98671    7.25054    2.00000
 180.08073   -0.01561   22.26927   22.00624    0.08224    0.04539   16.68408   -0.88482    1.77368   -0.16210    2.00000
 180.04733   -0.16367   22.87413   22.55401    0.17037    0.09403   10.38449    0.25492   -2.61590   -2.96200    2.00000
 180.10187   -0.01712   23.74112   23.29748    0.10330    0.05702    5.41783   -1.92266    0.88629    2.73014    2.00000
 179.89561   -0.00045   22.89239   22.57028    0.10438    0.05761   10.25791   -8.97550   -1.79750  -10.17027    2.00000
 180.13513   -0.13353   23.26930   22.90045    0.18998    0.10485    7.68986   -5.16217   -4.82586  -14.75404    2.00000
 179.95027    0.09327   21.40330   21.18037    0.10570    0.05834   34.13215   -7.82851    0.58524   -7.32420    2.00000
 180.06548    0.00160   22.77728   22.46756    0.06550    0.03615   11.19093    0.85036   -4.65842   -5.93404    2.00000
 179.96310    0.10438   23.24004   22.87504    0.11071    0.06110    7.88743    1.33403    4.54198    8.14862    2.00000
 179.90921    0.02559   23.32816   22.95050    0.09432    0.05206    7.30053   -6.02666    0.38546  -11.36824    2.00000
 179.94386   -0.03022   22.18959   21.93301    0.06376    0.03519   17.95978   -6.11873   -0.37268   -6.44101    2.00000
 180.03197    0.01303   23.38532   22.99892    0.03451    0.01905    6.92390   -0.41746    2.78503    5.94480    2.00000
 179.94633    0.44403   22.27955   22.01569    0.44726    0.24686   16.57155   -9.92581   -2.11652  -12.39632    2.00000
 180.08446   -0.07138   21.89430   21.65828    0.11058    0.06103   22.88624    1.73858    2.23231    3.23902    2.00000
 179.92523   -0.20413   22.60627   22.31427    0.21739    0.11998   13.01615   -3.19789    0.70488   -4.72291    2.00000
 180.09349   -0.04647   22.43012   22.15435    0.10441    0.05762   14.92048   -0.33242    0.38781    0.44950    2.00000
 180.02226   -0.05455   23.83661   23.37632    0.05893    0.03252    5.02090    0.11316    2.51605    0.99348    2.00000
 179.97224    0.09357   23.70932   23.27113    0.09760    0.05387    5.55047   -1.98597    0.86145   -2.70674    2.00000
 179.96559   -0.06488   23.60775   23.18671    0.07344    0.04053    5.97550   -1.39371    2.18595    0.29396    2.00000
 179.95946    0.03958   22.81221   22.49878    0.05667    0.03128   10.81914    0.82127    2.57490    0.08183    2.00000
 180.00958   -0.01815   22.80223   22.48986    0.02052    0.01133   10.92537   -5.34841   -0.18620   -6.62172    2.00000
 180.05656   -0.00621   23.61739   23.19476    0.05690    0.03140    5.93496   -1.61596   -2.11955  -11.39971    2.00000
 179.90640   -0.01681   22.54268   22.25695    0.09510    0.05249   13.69870    0.01499    1.64661    0.87898    2.00000
 180.06512   -0.01087   22.83501   22.51914    0.06602    0.03644   10.65572   -5.43633    2.93994   -4.28135    2.00000
 179.97009   -0.01153   23.56389   23.15006    0.03205    0.01769    6.16001    5.04012   -0.14119    8.71360    2.00000
 180.01311   -0.07291   22.99965   22.66539    0.07408    0.04089    9.51814   -0.75196   -0.49008    3.19396    2.00000
 180.02338    0.04730   23.25223   22.88563    0.05276    0.02912    7.80511    2.01753   -0.63551    1.47686    2.00000
 179.99837    0.05983   22.37732   22.10570    0.05985    0.03303   15.49977    5.28939    1.77099    6.78307    2.00000
 180.01541    0.03433   22.93934   22.61213    0.03763    0.02077    9.93244   -0.28619    0.22199   -0.42874    2.00000
 180.13918    0.00892   21.35178   21.12763    0.13946    0.07697   35.51938   -0.08916    0.18280   -0.22819    2.00000
 180.05185   -0.01534   23.83661   23.37632    0.05407    0.02984    5.02090   -1.33658   -1.77445   -8.17276    2.00000
 180.00487    0.02111   23.36082   22.97817    0.02166    0.01196    7.08531    0.06860    1.35571    0.81580    2.00000
 180.02509    0.01734   22.20244   21.94482    0.03049    0.01683   17.74795   -1.42204    3.08987    1.92473    2.00000
 180.00403   -0.00978   21.60145   21.37903    0.01058    0.00584   28.90662   -1.33260    4.34005    2.27392    2.00000
 179.93604   -0.02811   21.54695   21.32664    0.06987    0.03856   30.28473   -7.93076   -0.56744   -8.92336    2.00000
 180.07402   -0.00121   22.83240   22.51682    0.07403    0.04086   10.67380   -2.06519    3.26857    1.57299    2.00000
 180.02917   -0.01143   21.48676   21.26565    0.03133    0.01729   31.88900   -4.12202   -1.65239   -6.21134    2.00000
 180.01176    0.07000   21.74036   21.51284    0.07099    0.03918   25.49422    1.82805    2.89750    4.65053    2.00000
 180.02266   -0.01709   21.56641   21.34535    0.02838    0.01567   29.79255   -1.70881   -2.95445   -4.17635    2.00000
 179.66687   -0.64576   23.02012   22.68335    0.72662    0.40106    9.37848   -2.65902    0.71487   -4.63027    2.00000
 180.00946   -0.02752   21.82354   21.59194    0.02909    0.01606   24.07584    1.89628   -2.28257   -1.65913    2.00000
 179.99005   -0.05002   21.55863   21.33786    0.05100    0.02815   29.98942   -3.29434   -0.63569   -4.04078    2.00000
 180.11110   -0.04617   23.18153   22.82424    0.12031    0.06640    8.28259   -1.45386   -0.74677   -2.50011    2.00000
 179.97379   -0.03824   23.49638   23.09294    0.04637    0.02559    6.44760   -0.71251   -0.35803   -2.89492    2.00000
 179.98154   -0.00397   21.58393   21.36219    0.01889    0.01042   29.34958   -4.83112   -0.88887   -6.29495    2.00000
 179.94632   -0.04219   23.49098   23.08836    0.06827    0.03768    6.47062    0.09484    2.44223    4.64349    2.00000
 180.02513    0.00280   22.29498   22.02987    0.02529    0.01396   16.40276   -0.78189   -1.63230   -4.15894    2.00000
 180.00563   -0.01184   23.14742   22.79462    0.01311    0.00724    8.51300    4.47574   -0.22056    2.38084    2.00000
 179.98396    0.02552   23.60614   23.18537    0.03014    0.01663    5.98225    4.67637   -1.98722    0.69243    2.00000
 179.93315    0.04370   18.10145   17.49222    0.07987    0.04408  372.73511   -1.30829    1.29798   -0.04798    2.00000
 179.95161   -0.00860   23.17909   22.82212    0.04913    0.02712    8.29905    0.27363   -2.04035    0.33455    2.00000
 180.09752   -0.04049   23.58365   23.16658    0.10559    0.05828    6.07684   -1.71071   -0.49079    3.37439    2.00000
 180.08086   -0.08835   21.73242   21.50519    0.11975    0.06609   25.63148    2.59744   -2.42515   -1.17644    2.00000
 180.03186   -0.02261   21.75094   21.52305    0.03906    0.02156   25.31120   -3.87289    7.22643    3.02528    2.00000
 179.99026    0.00834   22.24614   21.98498    0.01282    0.00708   17.02775    0.12705   -3.14686   -3.67095    2.00000
 180.01463    0.00373   22.20501   21.94718    0.01509    0.00833   17.70559    1.33046    3.90281    6.90456    2.00000
 179.88995   -0.01933   21.31336   21.08670    0.11173    0.06166   36.59622   -1.16685   -1.96790   -3.48341    2.00000
 180.00220    0.05022   23.30367   22.92975    0.05026    0.02774    7.46195    0.72442   -0.33069    4.16820    2.00000
 179.96317    0.00861   22.90282   22.57958    0.03782    0.02087   10.18559   -2.02226    3.47490    1.87158    2.00000
 180.05762    0.09280   22.43722   22.16085    0.10923    0.06028   14.84311   -7.96743   -0.84924   -9.49248    2.00000
 180.02191   -0.01486   22.77229   22.46309    0.02647    0.01461   11.24404    1.00155    1.37024   -0.39273    2.00000
 179.97430    0.05752   22.08529   21.83659    0.06300    0.03477   19.68867   -1.73667    0.72315   -3.03778    2.00000
 179.92876    0.01404   23.19128   22.83271    0.07261    0.04008    8.21673   -5.52414   -1.56129   -6.93514    2.00000
 180.01170   -0.02536   23.21810   22.85599    0.02793    0.01541    8.03562   -5.13624   -3.47610   -5.05504    2.00000
 180.03978   -0.04235   22.41812   22.14329    0.05810    0.03207   15.05214    4.07005    0.68640    3.23668    2.00000
 180.03902    0.04746   22.97487   22.64366    0.06144    0.03391    9.68720    1.26581    2.99375    4.82785    2.00000
 180.07439   -0.11952   23.45854   23.06092    0.14078    0.07770    6.60879    4.91034   -1.95605    3.29776    2.00000
 180.03531    0.02790   22.99318   22.65972    0.04500    0.02484    9.56224   -2.38834    1.32192   -0.72347    2.00000
 180.03140    0.02687   22.50050   22.21851    0.04133    0.02281   14.15646    0.83732   -2.69288   -2.55200    2.00000
 179.91660    0.06655   22.10001   21.85060    0.10670    0.05889   19.43754    2.80832    0.56062    2.05405    2.00000
 179.86404   -0.03722   21.43460   21.21235    0.14096    0.07780   33.29097   -0.11733    0.74062    0.95847    2.00000
 180.08275   -0.01566   20.81079   20.41096    0.08422    0.04648   62.20385   -2.96467   -1.82953   -4.58917    2.00000
 180.00323    0.02999   23.25711   22.88986    0.03016    0.01665    7.77218    0.36417   -1.96048   -0.86488    2.00000
 180.10442   -0.02442   23.69809   23.26183    0.10724    0.05919    5.59729    0.61584   -1.14700    0.89820    2.00000
 180.03734    0.00675   22.08297   21.83438    0.03795    0.02094   19.72833    0.24672    1.24153    2.39930    2.00000
 179.92288   -0.04368   23.43422   23.04034    0.08863    0.04892    6.71241   -1.71591    2.26349   -3.20070    2.00000
 180.01370   -0.05622   23.01688   22.68051    0.05786    0.03193    9.40053   -3.14072    1.42051   -0.04284    2.00000
 180.01524    0.06290   23.74112   23.29748    0.06472    0.03572    5.41783    1.37940    0.17196    5.41741    2.00000
 179.99246    0.00751   23.82947   23.37042    0.01064    0.00587    5.05059   -7.24498    1.12680   -3.43701    2.00000
 179.97453    0.04772   22.85588   22.53774    0.05408    0.02985   10.51106   -8.87261    2.38140   -8.30475    2.00000
 180.01633    0.05930   22.32931   22.06148    0.06150    0.03394   16.02640    1.27379    1.01774    2.84006    2.00000
 179.98367    0.01228   23.36626   22.98278    0.02043    0.01128    7.04944    3.17132    0.86578   -0.91031    2.00000
 180.01140   -0.04697   22.42052   22.14550    0.04834    0.02668   15.02581   -2.77696   -0.85665   -0.75709    2.00000
 179.96118    0.05002   21.88341   21.64807    0.06331    0.03494   23.06925   -0.28856    2.38175    2.41575    2.00000
 179.52592    0.29737   21.98726   21.74503    0.55962    0.30888   21.33060    3.12472    3.55806    6.82144    2.00000
 180.06519    0.00669   21.82898   21.59704    0.06552    0.03616   23.98433    3.62238    1.20012    5.15193    2.00000
 179.88689   -0.15669   23.80089   23.34683    0.19325    0.10666    5.16934    4.62131   -0.63882    5.39529    2.00000
 180.01820   -0.01325   22.59584   22.30490    0.02251    0.01243   13.12778   -2.37790   -2.04447   -7.49870    2.00000
 179.96629   -0.08850   21.38243   21.15905    0.09470    0.05227   34.69294    0.94801   -1.70640    0.01520    2.00000
 180.01105    0.06409   22.21529   21.95663    0.06504    0.03590   17.53613    1.26051    0.54013    1.54526    2.00000
 179.94035    0.01703   21.99548   21.75269    0.06203    0.03424   21.19333    2.12526   -1.59806   -0.46915    2.00000
 179.98820    0.01429   23.77946   23.32914    0.01853    0.01023    5.25841   -1.92241    2.75071   -4.21972    2.00000
 180.28758   -0.07340   23.18884   22.83059    0.29680    0.16381    8.23320   -5.48725   -1.38391   -6.61913    2.00000
 179.94962    0.00162   23.77470   23.32521    0.05042    0.02783    5.27820    3.54778    1.41816    5.21317    2.00000
 179.89076   -0.03763   23.19859   22.83906    0.11554    0.06377    8.16734   -0.67477   -0.41160   -0.61980    2.00000
 180.01363   -0.08420   22.31251   22.04600    0.08529    0.04708   16.21072   -1.14284    3.19027    2.31783    2.00000
 179.84970   -0.00256   23.77946   23.32914    0.15032    0.08296    5.25841    0.28101    2.44886    0.79159    2.00000
 180.01628   -0.01679   22.43254   22.15657    0.02339    0.01291   14.89402    2.35662    0.92450    2.49491    2.00000
 180.01488   -0.08042   23.48827   23.08608    0.08178    0.04514    6.48214    0.47380    0.06651   -4.85878    2.00000
 179.96684   -0.00797   22.75483   22.44748    0.03409    0.01882   11.42994    1.80305    2.82719    4.01495    2.00000
 179.97050    0.04922   21.78274   21.55369    0.05738    0.03167   24.76178    6.79161   -1.27623    4.62368    2.00000
 179.84450    0.04304   19.08570   18.54902    0.16134    0.08905  211.51904    1.15040    0.70796    1.78860    2.00000
 180.00641   -0.07524   17.49594   16.82526    0.07552    0.04168  522.83826   -2.21065    2.82766    0.65635    2.00000
 180.05652   -0.02247   22.94456   22.61678    0.06083    0.03357    9.89627    1.79176    3.57249    4.74094    2.00000
 180.08009    0.04055   22.91326   22.58888    0.08977    0.04955   10.11326    1.71596    0.35449   -0.96033    2.00000
 180.04372    0.08229   21.97081   21.72972    0.09318    0.05143   21.60512   -4.28186   -0.67826   -5.79679    2.00000
 179.96359   -0.01016   22.35811   22.08801    0.03780    0.02086   15.71042   -3.12185    2.73287    0.80433    2.00000
 179.93765    0.07420   21.31942   21.09316    0.09691    0.05349   36.42619   -3.56531    2.11379   -1.18373    2.00000
 179.98521    0.01118   22.30771   22.04157    0.01854    0.01023   16.26338    4.53387   -0.18507    2.17070    2.00000
 179.98323   -0.05658   23.63827   23.21221    0.05901    0.03257    5.84713   -5.49480    5.18913   -5.52479    2.00000
 179.99661    0.04289   23.55314   23.14096    0.04302    0.02374    6.20581   -0.59379    0.93441    2.41109    2.00000
 180.20816    0.06535   23.39892   23.01045    0.21817    0.12042    6.86289   -0.23186   -0.40540   -2.07591    2.00000
 179.94626   -0.03127   22.78227   22.47202    0.06217    0.03431   11.13782   -0.23546    0.13012   -0.29453    2.00000
 180.00040    0.00183   21.23331   21.00117    0.00188    0.00104   38.84607   -2.30710    0.68786   -1.12526    2.00000
 180.07346   -0.06819   23.43152   23.03805    0.10022    0.05531    6.72392    1.59094    0.98844    3.67207    2.00000
 180.00121    0.04388   23.01581   22.67957    0.04390    0.02423    9.40788    1.71463    3.60809    5.63479    2.00000
 179.93132    0.03938   22.93673   22.60980    0.07917    0.04369    9.95052   -7.54666    1.21586   -7.61580    2.00000
 180.00394    0.00223   22.86109   22.54239    0.00453    0.00250   10.47490    2.01437    1.95538    6.37772    2.00000
 180.00517    0.06283   21.69273   21.46692    0.06305    0.03480   26.59476    2.28223    1.66159    3.29149    2.00000
 180.07794   -0.01286   22.54034   22.25482    0.07899    0.04360   13.72413   -3.76134   -3.01329   -5.22118    2.00000
 179.90007    0.82735   21.54111   21.32102    0.83336    0.45998   30.43238    0.52362   -1.00352    0.07758    2.00000
 179.96539    0.05667   21.98726   21.74503    0.06640    0.03665   21.33060    2.72903   -1.25185    1.86702    2.00000
 180.00487   -0.02685   20.99696   20.70879    0.02728    0.01506   49.79028    0.34193   -2.13695   -2.40156    2.00000
 179.99258   -0.06032   22.27441   22.01097    0.06078    0.03354   16.62782    1.17501   -0.07503    0.36276    2.00000
 180.18047   -0.18236   22.78726   22.47648    0.25657    0.14161   11.08471    8.74974    4.05490    9.34021    2.00000
 180.00887    0.01284   22.73986   22.43410    0.01560    0.00861   11.58928    0.49609   -0.66743    1.31637    2.00000
 180.14433    0.15751   23.40981   23.01967    0.21365    0.11792    6.81646   -4.24149   -2.39891   -4.85928    2.00000
 180.01718   -0.02467   22.89761   22.57493    0.03006    0.01659   10.22175   -0.90435    0.48039    0.17947    2.00000
 180.09024   -0.05085   23.76755   23.31931    0.10358    0.05717    5.30789   -1.15683    0.76430    4.75456    2.00000
 179.90108   -0.17778   23.31728   22.94128    0.20345    0.11229    7.37227    1.01954    0.50122   -2.44581    2.00000
 180.02576   -0.05868   21.69538   21.46947    0.06409    0.03537   26.52765    2.05995   -2.45688    0.03805    2.00000
 180.04573   -0.02062   22.88196   22.56098    0.05016    0.02769   10.33024    2.34038    5.58781    8.20200    2.00000
 180.12334    0.03287   22.48878   22.20783    0.12764    0.07045   14.28362    0.52112   -0.89308   -1.05414    2.00000
 180.06537    0.15476   22.34851   22.07917    0.16800    0.09272   15.81575   -2.22843    0.58351   -2.00414    2.00000
 179.91945    0.01637   22.11478   21.86454    0.08220    0.04537   19.18760   -1.02333   -1.43631   -2.13477    2.00000
 179.97314   -0.01640   22.68974   22.38927    0.03147    0.01737   12.12314   -2.91386    0.74499   -3.45812    2.00000
 179.98459   -0.03282   23.29822   22.92513    0.03626    0.02001    7.49782   -1.98573   -5.16311   -5.66586    2.00000
 180.03903    0.05629   23.68125   23.24788    0.06850    0.03781    5.66751   -1.80087   -1.85495    4.36254    2.00000
 180.08221    0.02331   22.08297   21.83438    0.08545    0.04716   19.72833   -1.42666   -1.24527   -3.03176    2.00000
 179.96022    0.05362   22.55440   22.26763    0.06676    0.03685   13.57155   -4.25303   -2.80161   -6.83407    2.00000
 179.96268    0.20559   22.21015   21.95191    0.20895    0.11533   17.62086   -3.73727    0.09731   -4.35967    2.00000
 180.02972   -0.03497   22.31251   22.04600    0.04590    0.02533   16.21072   -1.42064   -0.06064    1.01940    2.00000
 180.01108    0.01644   21.92424   21.68635    0.01982    0.01094   22.38294    2.30593   -2.08488    0.22294    2.00000
 180.01569   -0.00845   23.00827   22.67295    0.01782    0.00984    9.45934    1.16267   -0.51906    4.80788    2.00000
 179.95682    0.02233   22.84805   22.53076    0.04861    0.02683   10.56531   -2.38491   -1.97012   -2.31493    2.00000
 180.04045    0.03154   22.04481   21.79861    0.05129    0.02831   20.36976    1.09699    0.42429    0.70848    2.00000
 180.08823    0.11751   23.55854   23.14554    0.14695    0.08110    6.18278    0.61817   -2.26908    1.86394    2.00000
 179.94559   -0.05214   22.56193   22.27443    0.07536    0.04159   13.49057   -3.86384    3.72531    2.43738    2.00000
 179.94527   -0.18298   23.03460   22.69602    0.19099    0.10541    9.27994  -10.31675   -0.41328  -13.54889    2.00000
 179.87193    0.02830   22.85327   22.53541    0.13116    0.07239   10.52914   -3.79191    0.54332   -3.25195    2.00000
 179.85236    0.31249   23.59972   23.18000    0.34561    0.19075    6.00928   -2.53603    0.43513    1.78310    2.00000
 179.94934    0.11582   22.10466   21.85502    0.12641    0.06977   19.35823    2.42483    4.57151    7.11025    2.00000
 180.04414   -0.03777   23.46395   23.06550    0.05809    0.03206    6.58576    3.15389    1.10914    1.29946    2.00000
 179.93855   -0.01728   21.47633   21.25499    0.06383    0.03523   32.16939   -1.08514   -2.30395   -3.62870    2.00000
 179.97369   -0.02695   21.70331   21.47712    0.03766    0.02078   26.32630    2.65684    1.28477    3.83596    2.00000
 180.00793   -0.00066   23.29550   22.92283    0.00796    0.00440    7.51575   -2.67308    2.46251   -1.10350    2.00000
 180.01833   -0.05626   23.73925   23.29593    0.05917    0.03266    5.42563   -0.27779    2.86310   11.33618    2.00000
 179.95651   -0.01900   21.77476   21.54601    0.04745    0.02619   24.89941   -2.50920   -0.78937   -3.40593    2.00000
 180.00888    0.04007   23.67751   23.24478    0.04104    0.02265    5.68312   -6.04144    0.01993   -6.07452    2.00000
 180.20406   -0.00190   22.14876   21.89559    0.20406    0.11262   18.63076    6.52314    1.29886    8.30763    2.00000
 179.98796    0.03167   22.31251   22.04600    0.03388    0.01870   16.21072    8.35700   -0.75920    8.01385    2.00000
 179.88797    0.01338   23.58205   23.16524    0.11283    0.06227    6.08359   -4.68639    1.23833   -5.25246    2.00000
 179.99974    0.00099   21.06171   20.79616    0.00103    0.00057   46.51597    0.72968    0.21612    0.88037    2.00000
 179.96780   -0.00662   23.61257   23.19074    0.03286    0.01814    5.95523   -7.10724   -0.22585   -8.14792    2.00000
 180.00362    0.02502   23.48557   23.08379    0.02528    0.01395    6.49365    0.95475   -0.53951    0.07921    2.00000
 179.77440    0.10062   23.60614   23.18537    0.24702    0.13633    5.98225    4.10512   -3.77494   -2.02395    2.00000
 180.07724    0.03363   21.71654   21.48988    0.08424    0.04649   25.99072    2.26325    0.53624    3.36201    2.00000
 180.12158   -0.06781   23.42881   23.03577    0.13921    0.07683    6.73544   -2.91968    0.10522   -1.52071    2.00000
 180.05638    0.02413   23.50179   23.09751    0.06132    0.03385    6.42457   -0.40461    0.35539   -7.29194    2.00000
 179.92825   -0.07308   17.94671   17.86510    0.10242    0.05653  308.82074   -2.21721   -1.32952   -3.51848    2.00000
 179.98029    0.00573   23.60293   23.18268    0.02053    0.01133    5.99576   -2.92074    1.95770   -1.55638    2.00000
 179.98323   -0.01741   23.39620   23.00814    0.02417    0.01334    6.87450    0.27574   -2.52147   -1.73915    2.00000
 179.98528   -0.07437   23.23760   22.87293    0.07582    0.04185    7.90390    0.00808   -0.29543   -0.72264    2.00000
 179.94456    0.00980   21.45025   21.22834    0.05629    0.03107   32.87038   -5.81715   -0.29550   -6.13463    2.00000
 180.02003    0.05011   20.14233   19.65932    0.05397    0.02979  106.68169    4.60266   -2.23675    2.47786    2.00000
 180.04955    0.00543   22.01466   21.77055    0.04984    0.02751   20.87306    2.29737    1.58690    4.04257    2.00000
 179.99356    0.03888   23.17665   22.82001    0.03941    0.02175    8.31552   -2.28586    0.44912   -0.35936    2.00000
 179.93338   -0.07592   23.13542   22.78413    0.10101    0.05575    8.59459    2.03208    0.59920    2.50778    2.00000
 180.01300    0.03397   21.03551   20.76163    0.03638    0.02008   47.81005    2.29897   -1.21861    1.33192    2.00000
 179.97823   -0.01571   23.14262   22.79042    0.02685    0.01482    8.54564    5.57008    4.25336   11.00318    2.00000
 179.99838   -0.01373   22.41812   22.14329    0.01382    0.00763   15.05214    1.08488   -0.20461    0.26115    2.00000
 179.91710   -0.01471   23.19616   22.83694    0.08419    0.04647    8.18380   -1.49113   -0.78643   -6.98458    2.00000
 180.01608   -0.00418   23.74300   23.29903    0.01663    0.00918    5.41002   -0.02873   -4.14706   -3.27150    2.00000
 180.03398   -0.04909   21.37983   21.15639    0.05970    0.03295   34.76304    2.21184   -1.05728    2.16221    2.00000
 180.04626   -0.08444   22.83240   22.51682    0.09629    0.05314   10.67380    1.75324   -2.03908   -2.07925    2.00000
 179.96046   -0.04232   23.66628   23.23548    0.05791    0.03196    5.72993   -4.06074    2.97572   -3.63825    2.00000
 180.04909   -0.02103   22.16191   21.90761    0.05341    0.02948   18.41520    9.85074    0.21124   10.53196    2.00000
 180.01289    0.03197   22.76980   22.46086    0.03447    0.01903   11.27060   -6.91967    2.83281   -4.17635    2.00000
 179.99751    0.02018   18.09379   17.76732    0.02033    0.01122  325.49744    0.82787    2.87279    3.70431    2.00000
 179.99286    0.00002   23.00072   22.66634    0.00714    0.00394    9.51079   -0.55981    1.47705    0.15055    2.00000
 180.05167   -0.05360   21.45286   21.23101    0.07445    0.04109   32.80028    8.47920   -0.57927    7.93478    2.00000
 180.02682   -0.02577   21.53552   21.31545    0.03720    0.02053   30.57913   -3.53439    0.61275   -2.25680    2.00000
 180.00259   -0.00278   23.59329   23.17463    0.00380    0.00210    6.03630    4.02559   -0.43486    3.56494    2.00000
 179.99828    0.08788   23.17178   22.81577    0.08789    0.04851    8.34845    2.48901   -0.20802    4.85700    2.00000
 179.95200   -0.06793   22.19216   21.93537    0.08318    0.04591   17.91741   -5.43410    1.72625   -6.22800    2.00000
 179.87817    0.04953   21.97081   21.72972    0.13150    0.07258   21.60512    1.75100    1.41503    3.77644    2.00000
