#RA        DEC       MAG_G     MAG_I     ANGSEP    RPROJ     SNR       VTRUE       VSYS       VMEAS      VSYSERR    
 180.04399    0.01324   23.04181   22.70231    0.04594    0.02535    9.23099   -2.26982   -0.36856   -1.51136    2.00000
 179.98788   -0.00382   23.61739   23.19476    0.01271    0.00701    5.93496   -8.01957   -0.13973   -6.38307    2.00000
 179.97205   -0.00890   23.29550   22.92283    0.02934    0.01619    7.51575   -0.65181   -0.44681    3.23551    2.00000
 179.97348   -0.05873   23.16934   22.81366    0.06444    0.03557    8.36491    4.89801   -1.21783    2.06933    2.00000
 180.03302   -0.02609   21.82898   21.59704    0.04208    0.02323   23.98433   -0.02433    0.13713    0.38658    2.00000
 179.98222   -0.01769   22.12903   21.87756    0.02509    0.01385   18.95409    1.06572   -0.37154    1.38342    2.00000
 180.00835    0.11544   23.32816   22.95050    0.11575    0.06388    7.30053   -1.41068   -1.81380   -0.11645    2.00000
 179.93178   -0.08202   23.27174   22.90256    0.10668    0.05888    7.67339   -6.51789    3.73987   -2.13507    2.00000
 179.78473   -0.02760   23.17665   22.82001    0.21703    0.11979    8.31552    1.62967    0.69632    2.28325    2.00000
 180.02458   -0.04759   22.87674   22.55634    0.05356    0.02956   10.36640   -3.24435   -0.39751   -3.13461    2.00000
 180.12872   -0.02992   23.40709   23.01737    0.13216    0.07294    6.82807    4.36995    0.96046    2.65707    2.00000
 179.95377   -0.04385   22.31011   22.04378    0.06372    0.03517   16.23705    0.60881    1.94451    3.13330    2.00000
 180.14230   -0.09232   23.49638   23.09294    0.16962    0.09362    6.44760   -0.30478   -0.68205   -2.26285    2.00000
 180.03728    0.02275   23.72054   23.28043    0.04367    0.02410    5.50366   -5.82570   -1.24277  -10.85511    2.00000
 179.96262    0.06205   23.11862   22.76944    0.07243    0.03998    8.70881   -1.94795    1.41121    2.88760    2.00000
 179.63457   -0.16533   23.42611   23.03348    0.40110    0.22138    6.74695   -1.38031   -0.48010    0.70214    2.00000
 179.96172    0.02653   22.72240   22.41849    0.04657    0.02570   11.77518   -3.45982    4.12844    3.15299    2.00000
 179.94138    0.19494   22.43957   22.16298    0.20356    0.11235   14.81768   -1.65946    0.75266   -1.00009    2.00000
 180.05151    0.09500   21.66892   21.44395    0.10807    0.05965   27.19880   -9.61380    0.07731  -10.59306    2.00000
 180.04993    0.00466   21.47372   21.25232    0.05015    0.02768   32.23949   -2.50731    3.15076    0.93271    2.00000
 180.00548   -0.00134   23.81280   23.35666    0.00564    0.00312    5.11986    1.13645    3.22612    5.69718    2.00000
 179.80258   -0.03411   20.94354   20.62830    0.20034    0.11057   52.80672   -3.38190   -1.01725   -4.47739    2.00000
 180.44502    0.05129   23.57723   23.16121    0.44797    0.24725    6.10386    6.86255    1.92189    4.93498    2.00000
 179.96832   -0.02874   22.36532   22.09464    0.04277    0.02360   15.63143   -1.55733   -0.43577   -1.45859    2.00000
 179.97192   -0.02157   22.15972   21.90561    0.03541    0.01954   18.45113   -3.79137    0.89960   -3.98818    2.00000
 179.94899   -0.07114   23.74112   23.29748    0.08754    0.04831    5.41783   -0.64843   -0.00981    2.82165    2.00000
 179.99899   -0.03108   21.72448   21.49754    0.03110    0.01716   25.78938    2.45715    0.63721    3.31031    2.00000
 179.95818    0.00023   22.10001   21.85060    0.04183    0.02309   19.43754    3.48569   -1.08823    2.71698    2.00000
 180.07774    0.04627   23.71306   23.27423    0.09047    0.04993    5.53487   -1.07338    0.14717    0.03084    2.00000
 180.07230    0.16983   23.70557   23.26803    0.18458    0.10187    5.56608   -0.99071    1.35451   -1.39329    2.00000
 179.97131    0.02005   22.84805   22.53076    0.03501    0.01932   10.56531   -1.02741   -1.58493    1.25596    2.00000
 179.88992    0.06959   22.58280   22.29318    0.13023    0.07188   13.26732   -0.00441    1.46013   -0.32284    2.00000
 180.03740    0.02561   23.20103   22.84118    0.04533    0.02502    8.15087   -1.51972    0.17855    1.07305    2.00000
 180.00697   -0.02140   22.37732   22.10570    0.02251    0.01243   15.49977    2.81422    4.43032    8.43449    2.00000
 180.02051    0.03818   23.60454   23.18403    0.04334    0.02392    5.98901    6.24228   -2.26598    3.31433    2.00000
 179.82401    0.35074   22.04755   21.80116    0.39242    0.21659   20.32401    4.82435   -3.73650   -0.04084    2.00000
 179.90784    0.15573   23.57080   23.15585    0.18096    0.09988    6.13088   -1.19888   -0.10117   -0.34164    2.00000
 180.02855    0.00018   23.77708   23.32718    0.02855    0.01576    5.26830    0.25575   -0.69116   -5.06438    2.00000
 180.00839   -0.01160   22.96281   22.63305    0.01432    0.00790    9.76970    0.09121    1.07264    2.50561    2.00000
 180.00520   -0.03886   21.99548   21.75269    0.03920    0.02164   21.19333   -8.16745   -0.02872   -7.53694    2.00000
 180.17735    0.12992   22.34851   22.07917    0.21985    0.12134   15.81575   -1.06194    1.46748   -0.54171    2.00000
 180.17924   -0.13903   22.34131   22.07253    0.22685    0.12520   15.89474   -1.59508    2.48925   -0.01791    2.00000
 179.84753    0.09254   23.57401   23.15853    0.17835    0.09844    6.11737   -8.79165    2.44838   -8.84929    2.00000
 179.99924   -0.06982   22.00370   21.76034    0.06982    0.03854   21.05607   -2.62907    1.51240   -2.75595    2.00000
 179.98575   -0.01354   21.43460   21.21235    0.01966    0.01085   33.29097    5.16804    2.50054    8.10273    2.00000
 179.91125   -0.02355   23.23273   22.86869    0.09181    0.05067    7.93683    1.49360    0.28661    3.03009    2.00000
 179.98222   -0.03363   23.65693   23.22774    0.03804    0.02099    5.76894   -1.09029    5.49920    4.16470    2.00000
 179.97324   -0.04514   21.16352   20.92090    0.05248    0.02897   41.84103    2.71797   -0.04425    3.17494    2.00000
 180.05756    0.05150   21.72184   21.49498    0.07723    0.04262   25.85649   -2.61840    2.18395   -1.65486    2.00000
 180.00009    0.02060   23.23273   22.86869    0.02060    0.01137    7.93683   -2.55301   -0.34047   -1.77263    2.00000
 180.01555   -0.17591   21.29313   21.06515    0.17660    0.09747   37.16297    4.86079   -1.79902    2.44989    2.00000
 179.95485    0.03663   22.55440   22.26763    0.05814    0.03209   13.57155   -0.57763    1.11033   -1.10530    2.00000
 180.02934    0.01226   23.32000   22.94358    0.03180    0.01755    7.35434   -1.49581    1.01216   -2.22669    2.00000
 179.96806    0.06582   23.70370   23.26648    0.07316    0.04038    5.57388    5.26176   -0.55965    4.29671    2.00000
 179.99411   -0.00267   22.78976   22.47871    0.00647    0.00357   11.05815   -5.02677   -0.23648   -6.15756    2.00000
 180.00256    0.00504   22.34131   22.07253    0.00566    0.00312   15.89474    3.71803   -4.98090   -2.20855    2.00000
 180.15881    0.08269   22.98457   22.65216    0.17906    0.09883    9.62105   -8.22460    0.29179   -8.88251    2.00000
 180.05917   -0.00379   23.06821   22.72539    0.05931    0.03273    9.05149    1.20607    3.05218    2.53187    2.00000
 179.98776   -0.00608   21.94889   21.70931    0.01366    0.00754   21.97115   -2.90821   -1.54945   -4.81682    2.00000
 179.99561    0.05556   23.50990   23.10437    0.05573    0.03076    6.39003    1.96688   -1.08351    1.44945    2.00000
 179.98505    0.05972   20.72002   20.29278    0.06156    0.03398   68.29418   -3.27425    1.22322   -2.34126    2.00000
 179.98441    0.03327   22.92891   22.60283    0.03674    0.02028   10.00477   -4.24999    0.90866   -5.20821    2.00000
 180.00183    0.00664   22.84284   22.52611    0.00689    0.00380   10.60147    3.57664    2.67919    7.91416    2.00000
 180.08464    0.02196   23.65505   23.22619    0.08744    0.04826    5.77675   -2.27714    0.21979    0.20607    2.00000
 179.93481    0.13105   22.58280   22.29318    0.14636    0.08078   13.26732    5.29750    1.53800    6.62457    2.00000
 179.98158   -0.03847   21.76417   21.53581    0.04265    0.02354   25.08243   -1.13825   -0.00096   -0.61639    2.00000
 179.98662    0.00139   21.27493   21.04576    0.01346    0.00743   37.67305    2.97139    0.20608    3.48181    2.00000
 179.99319   -0.04123   22.56454   22.27678    0.04179    0.02307   13.46266   -2.50453   -1.51607   -4.38185    2.00000
 179.95357   -0.00130   23.23029   22.86658    0.04645    0.02563    7.95329    3.70199   -4.62471   -2.15924    2.00000
 180.14316   -0.01514   22.13341   21.88156    0.14395    0.07945   18.88223   -4.35151    1.38669   -2.93031    2.00000
 180.00198    0.05446   22.76481   22.45640    0.05450    0.03008   11.32371   -0.21221    0.82437    2.32895    2.00000
 179.95271   -0.00251   23.78184   23.33111    0.04735    0.02613    5.24851   -4.39399    0.71738   -5.21609    2.00000
 179.95152    0.09901   23.35266   22.97125    0.11024    0.06084    7.13912    0.06237    2.99937    9.68303    2.00000
 180.10745   -0.06978   19.70565   19.20164    0.12812    0.07071  143.87288   -3.21854    0.69727   -2.45810    2.00000
 179.98859   -0.05692   23.74868   23.30374    0.05805    0.03204    5.38631   -5.53354    1.99987   -5.34042    2.00000
 180.08022    0.14514   23.12582   22.77574    0.16583    0.09153    8.65986   -2.03704   -1.44765   -0.43784    2.00000
 179.99142    0.01817   23.39076   23.00353    0.02009    0.01109    6.89772   -0.02736    1.03007    3.70578    2.00000
 179.97482    0.04529   23.37987   22.99431    0.05182    0.02860    6.95977    0.11956    1.47551   -2.00804    2.00000
 179.99664    0.01087   21.60535   21.38277    0.01138    0.00628   28.80818   -0.60123   -1.11643   -0.87808    2.00000
 179.96410    0.00758   22.48175   22.20143    0.03670    0.02026   14.35991    9.39778    0.31225    9.33056    2.00000
 179.98515   -0.01309   20.95850   20.65215    0.01979    0.01092   51.91308   -0.44803    1.39006    0.85014    2.00000
 179.96101   -0.03173   19.47420   18.95962    0.05026    0.02774  166.11002   -2.41931    4.14917    1.89382    2.00000
 179.89659   -0.09767   22.96281   22.63305    0.14224    0.07851    9.76970    1.65391   -1.96409    2.95029    2.00000
 179.97092   -0.01242   23.56389   23.15006    0.03163    0.01746    6.16001    4.39054   -0.06098   15.57448    2.00000
 180.06683    0.29997   22.20501   21.94718    0.30732    0.16962   17.70559    0.03375    0.18449   -0.36882    2.00000
 179.95361    0.06198   21.79904   21.56898    0.07742    0.04273   24.48763   -4.33368   -0.19730   -4.61639    2.00000
 179.95622   -0.02533   21.02429   20.74683    0.05058    0.02792   48.36465    1.88303    0.56082    2.75551    2.00000
 180.02881    0.03258   23.45584   23.05863    0.04349    0.02400    6.62030    3.05299   -4.87902   -1.28609    2.00000
 180.02332    0.06542   23.21566   22.85388    0.06945    0.03833    8.05208   -0.66785    1.68164    5.15007    2.00000
 179.87808    0.15854   18.01959   18.03102    0.20000    0.11038  281.54028   -0.77630   -2.67409   -3.46554    2.00000
 179.99722   -0.03230   22.52628   22.24200    0.03242    0.01789   13.87672   -2.31958    3.59504    1.70699    2.00000
 180.06410    0.02964   23.32000   22.94358    0.07062    0.03898    7.35434    4.20607    0.49398    7.14007    2.00000
 179.98181   -0.04127   22.82219   22.50770    0.04510    0.02489   10.74471    1.19782    1.25055    4.24959    2.00000
 180.05247    0.00812   23.13782   22.78623    0.05310    0.02931    8.57827    2.87779    2.31305    1.76236    2.00000
 180.00214    0.01150   23.60775   23.18671    0.01169    0.00645    5.97550   10.48585   -0.49499    9.15987    2.00000
 179.96024   -0.03019   22.85327   22.53541    0.04993    0.02756   10.52914    4.51989    2.65984    5.21478    2.00000
 180.14644   -0.01691   23.73364   23.29128    0.14742    0.08136    5.44904    0.08711   -3.09188   -6.40194    2.00000
 180.12675   -0.02549   23.63345   23.20818    0.12929    0.07136    5.86740    7.09576   -0.26522   -0.40615    2.00000
 179.98485   -0.00930   21.76417   21.53581    0.01778    0.00981   25.08243    5.19766    0.18885    5.71381    2.00000
 179.91121    0.09003   18.24642   17.64884    0.12645    0.06979  345.70401    0.63395   -0.53448    0.10469    2.00000
 180.08766    0.12887   22.73986   22.43410    0.15586    0.08602   11.58928   -1.18404   -0.76448   -1.82771    2.00000
 179.91251   -0.04507   23.21566   22.85388    0.09842    0.05432    8.05208    4.15373    0.09103    4.40515    2.00000
 180.01474    0.00832   23.73925   23.29593    0.01693    0.00935    5.42563   -1.10430   -0.40136    1.61658    2.00000
 179.97298    0.00832   22.83501   22.51914    0.02827    0.01560   10.65572    0.21613    0.86085   -1.67958    2.00000
 179.97409   -0.14583   22.82468   22.50993    0.14811    0.08175   10.72736   -0.79168   -1.13361   -1.30639    2.00000
 180.04121    0.01021   23.29006   22.91822    0.04245    0.02343    7.55162   -2.44460   -1.86621    0.44390    2.00000
 179.94658    0.10732   22.64279   22.34708    0.11988    0.06616   12.62546    3.33409    1.46546    4.96752    2.00000
 180.11311    0.23773   22.49113   22.20997    0.26326    0.14530   14.25819    3.10073    0.37757    3.36436    2.00000
 179.92749    0.08312   21.56447   21.34348    0.11030    0.06088   29.84176   -6.49252   -0.36762   -6.87195    2.00000
 179.95624    0.11528   22.96625   22.63610    0.12330    0.06805    9.74600    2.63264   -3.72170   -0.03145    2.00000
 179.82800    0.04153   22.30269   22.03696    0.17694    0.09766   16.31837   -4.89096    5.16357   -1.29329    2.00000
 180.02631   -0.01440   23.39076   23.00353    0.02998    0.01655    6.89772    2.76858    2.48103    5.84810    2.00000
 180.00780    0.18595   22.50753   22.22492    0.18611    0.10272   14.08017   -1.32348    0.55004    0.16012    2.00000
 179.97287    0.00889   23.09221   22.74637    0.02855    0.01576    8.88831    0.79791    0.69579    4.10995    2.00000
 180.00655    0.00605   21.63649   21.41271    0.00892    0.00492   28.02069    1.89490    2.45513    4.66421    2.00000
 179.94418   -0.05171   23.51800   23.11123    0.07609    0.04199    6.35549   -2.78699   -2.17261   -8.11776    2.00000
 180.03741   -0.00405   22.49347   22.21210    0.03763    0.02077   14.23276    2.90895    1.37453    6.40336    2.00000
 180.01022   -0.03936   22.74236   22.43633    0.04066    0.02244   11.56272    4.10752   -0.86733    4.64462    2.00000
 180.08470    0.07677   21.79360   21.56387    0.11431    0.06309   24.57914    4.81020    0.97355    6.43946    2.00000
 180.10323    0.13499   22.99426   22.66067    0.16994    0.09379    9.55489   -6.16641   -0.05980   -4.29833    2.00000
 180.02782   -0.08176   22.95499   22.62608    0.08636    0.04766    9.82395   -3.51758    1.42691   -2.04311    2.00000
 180.03096    0.05603   22.97271   22.64177    0.06401    0.03533    9.70190   -1.80643    0.68193   -0.41585    2.00000
 179.97789   -0.15895   21.04923   20.77972    0.16048    0.08857   47.13220    0.03856    2.35500    2.26443    2.00000
 180.04643   -0.03216   21.31133   21.08454    0.05648    0.03117   36.65289   -3.14013   -1.03260   -4.40351    2.00000
 179.96231    0.00843   23.59169   23.17329    0.03862    0.02132    6.04306    0.79034   -2.34469   -1.09482    2.00000
 180.01369   -0.04162   22.61931   22.32599    0.04381    0.02418   12.87662   -3.57518    1.09263   -2.76771    2.00000
 179.99530    0.07570   23.56125   23.14782    0.07584    0.04186    6.17127   -3.20138    1.24732   -0.58648    2.00000
 180.06197    0.08989   23.43152   23.03805    0.10918    0.06026    6.72392   -5.93386    0.75901   -4.82854    2.00000
 179.98560   -0.02383   22.58541   22.29553    0.02784    0.01537   13.23941    0.96940    2.24847    2.00066    2.00000
 180.03009    0.00387   23.57241   23.15719    0.03034    0.01674    6.12413    4.57634    4.11200    9.40826    2.00000
 179.98340   -0.01418   22.25385   21.99207    0.02183    0.01205   16.90065    1.22836   -0.85880   -0.09093    2.00000
 180.04181   -0.03515   23.66441   23.23394    0.05463    0.03015    5.73773   -1.85675   -0.66140   -3.48165    2.00000
 180.08640   -0.01062   22.32691   22.05926    0.08704    0.04804   16.05273    7.88567    1.94229    8.98970    2.00000
 179.98393    0.02739   22.19730   21.94009    0.03176    0.01753   17.83268   -3.19707    1.55303   -2.54296    2.00000
 180.25534   -0.00665   23.58205   23.16524    0.25542    0.14098    6.08359    1.23828   -1.36127    2.26216    2.00000
 180.08496   -0.05640   21.73771   21.51029    0.10197    0.05628   25.53997    2.15830    4.95614    7.13390    2.00000
 180.01060    0.05074   22.84544   22.52844    0.05184    0.02861   10.58339   -2.63539    1.03439   -3.17272    2.00000
 180.03700    0.01249   22.74984   22.44302    0.03906    0.02156   11.48305    1.35525   -0.96074   -1.38137    2.00000
 179.92545    0.06133   21.31336   21.08670    0.09654    0.05328   36.59622    7.40179   -1.35370    5.73983    2.00000
 180.01685    0.05275   23.54773   23.13639    0.05537    0.03056    6.22884   -3.86362    2.07813   -1.50089    2.00000
 179.88145   -0.11508   23.14022   22.78832    0.16521    0.09118    8.56195    7.58109   -1.60798    8.37832    2.00000
 180.01341    0.09689   23.18640   22.82847    0.09781    0.05398    8.24966    2.99151   -1.85052   -1.63244    2.00000
 179.99843   -0.01513   22.70992   22.40734    0.01521    0.00839   11.90796   -9.93726    1.16980  -10.95210    2.00000
 179.96407   -0.11309   22.46066   22.18220    0.11866    0.06549   14.58880   -0.90826   -1.47448   -1.56820    2.00000
 180.08133    0.03309   23.22785   22.86446    0.08780    0.04846    7.96976   -1.95777   -0.67821   -3.88090    2.00000
 180.08798    0.03522   21.12608   20.87586    0.09477    0.05230   43.52911    2.44340   -1.19578    0.87680    2.00000
 179.98436   -0.02473   21.07044   20.80767    0.02926    0.01615   46.08461   -1.15949    1.92538    0.12525    2.00000
 180.01408    0.01814   22.83501   22.51914    0.02297    0.01268   10.65572    0.89928   -0.90989   -1.41417    2.00000
 180.09814   -0.32767   22.98780   22.65500    0.34205    0.18879    9.59899    5.29875    1.09473    5.35974    2.00000
 179.97380   -0.02638   21.30527   21.07808    0.03717    0.02052   36.82292   -1.73817    0.97578   -0.49249    2.00000
 180.00305    0.02699   22.51456   22.23133    0.02717    0.01499   14.00388    1.47226   -2.76631    0.91917    2.00000
 180.03084   -0.02514   23.58205   23.16524    0.03979    0.02196    6.08359    3.60571    1.70661    2.15404    2.00000
 179.97401    0.04267   23.50449   23.09980    0.04996    0.02757    6.41306    4.15556    0.40372    7.50727    2.00000
 179.98622   -0.00604   23.46125   23.06321    0.01504    0.00830    6.59727   -4.45036    0.30166   -6.95257    2.00000
 180.06741   -0.11707   23.69060   23.25563    0.13509    0.07456    5.62850   -1.70923    0.35059    1.48211    2.00000
 179.99953    0.00700   23.21566   22.85388    0.00701    0.00387    8.05208    1.30592    1.18601    2.74977    2.00000
 180.08755   -0.02209   23.68499   23.25098    0.09029    0.04983    5.65191   -0.05386    0.69086   -0.23752    2.00000
 180.01135   -0.08758   21.96533   21.72462    0.08831    0.04874   21.69663   -0.31403    0.29121    0.00788    2.00000
 179.85068   -0.12910   23.11141   22.76315    0.19740    0.10895    8.75777   -2.03726    3.01567    0.63992    2.00000
 180.03886   -0.01989   21.72184   21.49498    0.04366    0.02409   25.85649    0.12303    2.15625    2.27475    2.00000
 179.98410    0.03379   23.75565   23.30949    0.03734    0.02061    5.35737   -0.01347    5.47778    5.59331    2.00000
 180.00613    0.03827   22.19987   21.94246    0.03876    0.02139   17.79032    4.42978   -2.78631    2.29563    2.00000
 180.03439    0.29891   23.42611   23.03348    0.30088    0.16606    6.74695    1.47473    0.83842    1.66704    2.00000
 180.00174    0.00898   20.89187   20.54348    0.00914    0.00505   55.98541    2.13273    1.81732    3.60140    2.00000
 180.03572   -0.06649   21.55668   21.33599    0.07548    0.04166   30.03864   -2.77926   -1.08610   -3.88941    2.00000
 179.93958   -0.07529   22.14876   21.89559    0.09654    0.05328   18.63076   -4.97945    0.94818   -2.21474    2.00000
 180.02704    0.05365   23.08501   22.74007    0.06008    0.03316    8.93726    2.17869   -0.64409    1.32853    2.00000
 179.98982    0.03025   22.24100   21.98026    0.03191    0.01761   17.11248    1.74458   -2.06494   -0.85370    2.00000
 179.99783    0.00004   22.21787   21.95899    0.00217    0.00120   17.49376   -6.96499   -3.80222   -9.52226    2.00000
 179.98039    0.01989   22.46066   22.18220    0.02793    0.01541   14.58880    1.15434    0.04855    2.22253    2.00000
 180.00690   -0.02485   18.54498   17.97169    0.02578    0.01423  290.64172   -8.34015    1.74908   -6.56503    2.00000
 180.01495    0.01237   19.37424   18.85478    0.01941    0.01071  177.70425   -1.93576   -0.22834   -2.23342    2.00000
 179.99255   -0.05792   22.17674   21.92119    0.05839    0.03223   18.17160    1.19772    1.34131    2.11598    2.00000
 180.08447    0.06180   22.49347   22.21210    0.10466    0.05776   14.23276    3.11428    1.30366    2.46151    2.00000
 180.08733   -0.14161   23.37715   22.99200    0.16636    0.09182    6.97770    2.66900    0.06166    2.49900    2.00000
 180.04454   -0.02925   21.98451   21.74248    0.05328    0.02941   21.37635   -5.14071    1.10521   -5.95292    2.00000
 180.04463    0.07947   23.01688   22.68051    0.09114    0.05030    9.40053   -4.39185    1.70016   -4.93867    2.00000
 179.96991   -0.02707   22.13999   21.88758    0.04047    0.02234   18.77446   -2.16695   -4.89301   -5.93519    2.00000
 179.99081    0.04205   22.71990   22.41626    0.04305    0.02376   11.80173    3.37119    1.58836    4.81574    2.00000
 180.22009   -0.28292   23.71867   23.27888    0.35845    0.19784    5.51146   -2.70352   -0.96404    4.97641    2.00000
 180.09492   -0.06281   22.60888   22.31662    0.11382    0.06282   12.98825   -0.24366    0.80123    1.71580    2.00000
 179.87236   -0.02629   22.06673   21.81902    0.13032    0.07193   20.00373   -4.35706   -1.26772   -4.78268    2.00000
 180.02890    0.02990   23.22054   22.85811    0.04159    0.02295    8.01915   -2.51647   -0.11021    2.09054    2.00000
 179.88364    0.00813   22.60627   22.31427    0.11665    0.06438   13.01615   -3.06261    1.07172   -2.99870    2.00000
 180.01125    0.04808   22.90543   22.58191    0.04938    0.02725   10.16750    1.42037   -1.47757    0.84063    2.00000
 179.98251   -0.09426   22.71741   22.41403    0.09587    0.05291   11.82829    2.29960    1.80828    4.64239    2.00000
 179.99080   -0.20063   22.43957   22.16298    0.20084    0.11085   14.81768    0.34980    0.68762    1.15064    2.00000
 180.07610    0.03229   21.88069   21.64552    0.08266    0.04562   23.11501    3.98580    1.65874    5.44794    2.00000
 179.93472   -0.05553   23.01150   22.67579    0.08570    0.04730    9.43729    1.04621    1.48294    1.51254    2.00000
 180.01671   -0.01138   22.38452   22.11234    0.02022    0.01116   15.42078    6.79136   -2.55722    3.73819    2.00000
 180.03130   -0.00734   23.16446   22.80942    0.03214    0.01774    8.39784   -4.11634    1.89066   -0.95939    2.00000
 179.99333   -0.02531   22.12245   21.87155    0.02618    0.01445   19.06186   -5.12906    0.40870   -2.98463    2.00000
 180.02693   -0.09073   22.87153   22.55169    0.09464    0.05223   10.40257   -1.49760    0.27579   -4.65960    2.00000
 180.03375   -0.00841   22.56454   22.27678    0.03479    0.01920   13.46266   -1.25478    1.79829    0.58507    2.00000
 179.87709   -0.00207   23.22541   22.86234    0.12292    0.06784    7.98622   -0.70606   -0.48360    1.15719    2.00000
 179.87515    0.04057   23.82709   23.36845    0.13127    0.07245    5.06049    1.00384   -0.85187   -0.77244    2.00000
 180.03905    0.01698   21.49288   21.27190    0.04258    0.02350   31.72457    3.38364   -1.34585    2.49717    2.00000
 179.92609    0.03161   21.08278   20.82324    0.08040    0.04437   45.50104   -1.77802   -0.80443   -2.88664    2.00000
 179.96806    0.02116   21.18023   20.94031    0.03832    0.02115   41.11360   -5.67338   -2.22927   -7.74461    2.00000
 179.95921    0.01292   22.99318   22.65972    0.04278    0.02361    9.56224    3.08161   -3.22883   -4.09950    2.00000
 179.97679   -0.04377   23.82947   23.37042    0.04954    0.02734    5.05059   -6.37110    0.11043   -6.10587    2.00000
 179.91672    0.02302   21.73507   21.50774    0.08641    0.04769   25.58573   -2.85084    3.02258    0.74831    2.00000
 180.02058   -0.05747   21.78543   21.55622    0.06104    0.03369   24.71640    3.50937    2.39690    5.69538    2.00000
 179.96129   -0.05402   23.35810   22.97586    0.06646    0.03668    7.10325    2.33395    0.84971   -0.25236    2.00000
 179.89905   -0.05036   22.54737   22.26123    0.11282    0.06227   13.64784    0.09184    2.69097    3.48910    2.00000
 179.99951    0.05490   23.84138   23.38025    0.05491    0.03030    5.00111   -1.72025   -3.62001   -5.39452    2.00000
 179.91060    0.09635   23.65505   23.22619    0.13143    0.07254    5.77675   -0.90695    2.21933    3.88911    2.00000
 179.99113   -0.00669   21.74300   21.51540    0.01111    0.00613   25.44846   -3.39132    0.62856   -2.96385    2.00000
 179.96767    0.15093   23.53962   23.12953    0.15435    0.08519    6.26338   -0.06463    0.36225   -0.18899    2.00000
 180.13654   -0.07045   22.73737   22.43187    0.15364    0.08480   11.61584   -3.72399   -0.56490   -3.36230    2.00000
 180.00888   -0.04466   23.78660   23.33504    0.04553    0.02513    5.22872   -5.95571   -0.60507  -16.48886    2.00000
 179.97125    0.03783   22.74734   22.44079    0.04751    0.02622   11.50961   -4.85430   -0.56540   -4.98987    2.00000
 180.01775    0.03244   22.02014   21.77565    0.03698    0.02041   20.78155    1.23247   -1.44163   -0.01110    2.00000
 179.94363   -0.02585   21.67156   21.44651    0.06201    0.03422   27.13169    3.06592    2.12467    5.77612    2.00000
 180.10760    0.06010   23.54773   23.13639    0.12325    0.06803    6.22884   -2.28001   -0.78433    2.61989    2.00000
 179.92076    0.00779   21.48155   21.26032    0.07962    0.04395   32.02920   -0.42259    3.07358    2.32902    2.00000
 179.95485    0.04923   21.56447   21.34348    0.06680    0.03687   29.84176    2.37800   -0.38534    1.51393    2.00000
 179.46864    0.31412   21.27493   21.04576    0.61725    0.34069   37.67305    3.97709   -1.35122    2.04238    2.00000
 179.97775   -0.01334   20.89833   20.55454    0.02594    0.01432   55.57107   -1.50968    1.19970   -0.13711    2.00000
 179.78374    0.09340   22.96281   22.63305    0.23558    0.13002    9.76970   -0.74890   -0.42521    2.66847    2.00000
 179.94664    0.00764   22.50050   22.21851    0.05390    0.02975   14.15646   -3.21865    2.68920    0.74745    2.00000
 180.03198   -0.02563   19.85451   19.35699    0.04099    0.02262  130.18213   -5.33645    0.91947   -4.33930    2.00000
 180.08560    0.01253   22.63757   22.34240    0.08651    0.04775   12.68127   -0.71288   -2.75042   -1.72643    2.00000
 179.98509   -0.02206   22.56193   22.27443    0.02662    0.01469   13.49057   -0.04777    0.12769   -1.51141    2.00000
 180.02335   -0.09449   23.83661   23.37632    0.09733    0.05372    5.02090   -3.21335    0.23105   -1.01779    2.00000
 179.86024   -0.01464   23.23760   22.87293    0.14052    0.07755    7.90390    4.56147   -0.15595    6.94230    2.00000
 180.09888    0.02806   21.87525   21.64042    0.10277    0.05672   23.20651    5.82672    2.29392    7.57614    2.00000
 179.88428   -0.01886   22.44660   22.16939    0.11724    0.06471   14.74138   -5.83392   -1.07780   -5.60494    2.00000
 179.84824   -0.08052   23.61096   23.18939    0.17179    0.09482    5.96198   -6.40117   -0.30054   -4.58896    2.00000
 180.01546   -0.06518   21.94341   21.70421    0.06699    0.03697   22.06266    4.28429   -1.65281    2.81831    2.00000
 179.98296    0.03861   21.51509   21.29458    0.04221    0.02330   31.12799   -2.42370    0.34163   -3.07631    2.00000
 180.01041   -0.22186   23.42070   23.02890    0.22211    0.12259    6.77002    2.99691    6.26181   11.43123    2.00000
 180.01530    0.05114   23.41253   23.02198    0.05338    0.02946    6.80485   -2.23868    0.76387    0.76788    2.00000
 180.08553   -0.01931   23.58847   23.17061    0.08768    0.04839    6.05657   -0.62222   -3.32999    0.89969    2.00000
 179.99777   -0.00712   22.36051   22.09022    0.00746    0.00412   15.68409   -0.13292   -5.26346   -6.21935    2.00000
 179.94168   -0.03322   23.69248   23.25718    0.06712    0.03704    5.62070   -3.38014   -0.25546   -7.11707    2.00000
 180.03258    0.02921   23.69435   23.25873    0.04376    0.02415    5.61289   -1.74446   -0.30488   -0.20983    2.00000
 179.94974   -0.08968   20.84598   20.46626    0.10281    0.05674   59.35395    6.13623   -1.18013    5.39841    2.00000
 180.06522    0.18419   23.14022   22.78832    0.19540    0.10784    8.56195   -0.97020    0.55016    2.67940    2.00000
 180.01213    0.02707   23.39892   23.01045    0.02967    0.01637    6.86289    3.11850    1.52739    5.57688    2.00000
 179.98709    0.06908   23.63667   23.21086    0.07028    0.03879    5.85389    3.06835    0.06703    2.72604    2.00000
 179.92224   -0.10323   18.08428   17.82526    0.12924    0.07133  315.61536   -6.88373   -1.05721   -7.91314    2.00000
 180.00468    0.00810   23.02740   22.68972    0.00936    0.00517    9.32889   -0.60984   -2.13727   -6.45637    2.00000
 180.24995   -0.08842   23.75803   23.31145    0.26513    0.14633    5.34747   -5.81089    2.19022   -4.35996    2.00000
 180.05629   -0.14176   23.66628   23.23548    0.15253    0.08418    5.72993   -1.75764    2.64903    4.77059    2.00000
 180.22942   -0.02840   22.62453   22.33068    0.23117    0.12759   12.82081   -3.27212    3.79860   -0.96947    2.00000
 180.02480    0.02693   22.41332   22.13887    0.03660    0.02020   15.10480    0.02830   -0.83802   -1.10347    2.00000
 179.96011   -0.02085   22.21529   21.95663    0.04500    0.02484   17.53613    0.39125   -4.73394   -6.83382    2.00000
 179.99551   -0.00234   21.74565   21.51795    0.00506    0.00279   25.40271    5.00160    2.80131    7.11704    2.00000
 179.97885   -0.03530   23.59811   23.17866    0.04116    0.02272    6.01603   -2.47537    0.76048   -6.74496    2.00000
 179.96089    0.08693   22.17417   21.91883    0.09533    0.05261   18.21397    1.72533   -0.45258    1.88691    2.00000
 180.01207   -0.01355   21.76417   21.53581    0.01815    0.01002   25.08243    1.38167    0.82763    1.51961    2.00000
 180.02901    0.03873   20.93061   20.60721    0.04839    0.02671   53.59719    0.49140    2.11383    2.47311    2.00000
 180.00807    0.03041   22.71990   22.41626    0.03147    0.01737   11.80173    0.71769    2.53210    3.30159    2.00000
 179.98520   -0.00686   23.80804   23.35273    0.01631    0.00900    5.13965    3.55489   -0.47625    6.34586    2.00000
 180.04387   -0.00794   23.20835   22.84753    0.04458    0.02461    8.10148   -5.62834    0.22258   -7.47736    2.00000
 179.95160    0.03469   23.17178   22.81577    0.05955    0.03287    8.34845   -0.52402    0.37695   -2.64303    2.00000
 179.99649    0.02104   22.51222   22.22919    0.02133    0.01177   14.02931    0.70491    2.56897    4.61999    2.00000
 180.08577    0.02402   23.36354   22.98047    0.08907    0.04916    7.06738   -3.02289   -2.68801  -10.03577    2.00000
 180.04849    0.04149   18.07232   18.09868    0.06382    0.03522  272.21930    5.99721   -1.17929    4.82019    2.00000
 180.00374    0.00670   22.58802   22.29787    0.00767    0.00424   13.21150   -0.23267    2.79398    2.07051    2.00000
 179.93803    0.04425   23.00934   22.67390    0.07614    0.04202    9.45199   -1.35055    0.31421   -4.87098    2.00000
 180.04395   -0.00433   20.35786   19.88751    0.04416    0.02437   91.07555    3.43590    1.53637    4.94619    2.00000
 180.07712   -0.09020   22.66626   22.36818    0.11868    0.06550   12.37430   -1.61354   -1.19285   -6.92752    2.00000
 180.05399   -0.04036   23.29822   22.92513    0.06740    0.03720    7.49782   -0.74197   -0.94419    1.77931    2.00000
 180.09375    0.00982   22.85066   22.53309    0.09426    0.05202   10.54722    2.73174   -3.02517   -3.09221    2.00000
 179.63394    0.22151   22.62192   22.32834    0.42786    0.23615   12.84871    1.51932    4.61542    2.73067    2.00000
 179.94539    0.04262   23.54503   23.13410    0.06928    0.03823    6.24035    3.30256   -0.26854    0.56248    2.00000
 179.99754   -0.07016   22.61671   22.32365    0.07020    0.03875   12.90453    0.84086    1.01441    4.30039    2.00000
 179.99353   -0.11421   23.31455   22.93897    0.11439    0.06313    7.39021    1.34743   -1.06861   -0.64838    2.00000
 180.05679    0.03422   22.17674   21.92119    0.06631    0.03660   18.17160   -1.47205   -0.15292   -1.73113    2.00000
 180.01503   -0.00346   20.39475   19.92712    0.01542    0.00851   88.36627    2.88178    2.11868    4.81526    2.00000
 179.88197   -0.04333   23.50449   23.09980    0.12573    0.06939    6.41306    4.22634    0.14791    4.59380    2.00000
 180.04817   -0.02175   23.07301   22.72958    0.05285    0.02917    9.01885   -7.98052    0.05301   -5.15824    2.00000
 179.90152    0.09558   21.30122   21.07377    0.13723    0.07574   36.93627   -0.54528    0.79626    0.95100    2.00000
 180.00943   -0.06129   22.53331   22.24841    0.06201    0.03422   13.80043    5.89093    1.05118    6.81768    2.00000
 180.04739    0.03910   22.12135   21.87055    0.06145    0.03392   19.07982    1.76931   -0.02128    0.97998    2.00000
 180.08887   -0.25506   20.27642   19.80085    0.27010    0.14907   97.00211    4.65725    0.90112    5.61627    2.00000
 180.04124    0.04145   23.28462   22.91361    0.05848    0.03228    7.58749   -0.97618    3.74195    3.00050    2.00000
 180.06033    0.15678   23.21322   22.85176    0.16799    0.09272    8.06855   -2.74858    0.37291   -3.24660    2.00000
 180.04483   -0.00827   22.80473   22.49209    0.04558    0.02516   10.89881    0.80361   -2.09355   -3.49013    2.00000
 179.98697   -0.00988   23.52881   23.12038    0.01635    0.00902    6.30943   -5.71716   -0.42982   -6.72083    2.00000
 180.04289    0.08368   22.10156   21.85207    0.09403    0.05190   19.41110    3.26748   -0.00944    2.27216    2.00000
 179.97083   -0.17610   22.85588   22.53774    0.17850    0.09852   10.51106   -9.66148   -2.21281  -10.19368    2.00000
 179.94786    0.38434   23.33633   22.95742    0.38786    0.21407    7.24673    4.74729    1.65440    9.03457    2.00000
 179.99506    0.09531   21.41373   21.19103    0.09544    0.05268   33.85176   -8.99727    1.89706   -7.52023    2.00000
 179.93439    0.58612   22.96020   22.63073    0.58978    0.32552    9.78778   -1.04042    1.66645    1.59186    2.00000
 180.04474    0.15289   23.50179   23.09751    0.15930    0.08792    6.42457    0.21050   -1.20902   -2.70003    2.00000
 180.02896    0.05457   23.52341   23.11581    0.06178    0.03410    6.33246    0.33376    2.63987   -0.24726    2.00000
 179.94704   -0.01081   22.27441   22.01097    0.05406    0.02983   16.62782    4.20877    4.53782    5.46469    2.00000
 179.94943   -0.01504   22.80971   22.49655    0.05275    0.02911   10.84570   -4.17625    4.15425    2.51474    2.00000
 180.02245    0.05733   22.91587   22.59121    0.06156    0.03398   10.09518    2.12428    2.76251    0.51200    2.00000
 179.97343    0.01309   23.00827   22.67295    0.02961    0.01635    9.45934    1.79896    1.67710    4.38189    2.00000
 179.93169   -0.16835   23.53962   23.12953    0.18169    0.10028    6.26338   -1.32423   -1.84160   -7.17196    2.00000
 180.21909    0.38555   23.46935   23.07007    0.44345    0.24476    6.56273   -3.65599    0.49137   -5.68556    2.00000
 180.05209   -0.06091   23.08741   22.74217    0.08014    0.04423    8.92095   -0.07699   -1.79050   -1.14092    2.00000
 180.07172   -0.00338   22.30269   22.03696    0.07180    0.03963   16.31837    2.31704   -0.52686   -0.60789    2.00000
 180.01213    0.01043   21.97629   21.73482    0.01599    0.00883   21.51361   -3.84257    0.51066   -2.51589    2.00000
 180.02644   -0.26725   22.37492   22.10349    0.26855    0.14822   15.52610   -1.37283    0.07365   -2.03882    2.00000
 180.02283    0.12128   22.92369   22.59818    0.12341    0.06811   10.04093    3.30604    1.51821    6.31376    2.00000
 180.06226    0.20854   22.46066   22.18220    0.21763    0.12011   14.58880   -3.30601    2.54249   -2.10233    2.00000
 180.02396   -0.00236   22.25128   21.98971    0.02407    0.01329   16.94302   -2.83759    3.56855    2.21598    2.00000
 180.14264   -0.09304   22.90022   22.57726    0.17030    0.09399   10.20367   -1.40404    0.45961   -3.69448    2.00000
 180.04488   -0.03128   23.59651   23.17732    0.05470    0.03019    6.02279   -1.62927    0.99866   -4.11532    2.00000
 179.96265    0.01957   23.16446   22.80942    0.04217    0.02328    8.39784    3.61736    0.88346    6.80900    2.00000
 180.07841    0.02199   23.43422   23.04034    0.08144    0.04495    6.71241    4.02240    2.90636    3.33236    2.00000
 179.92685   -0.01019   22.43012   22.15435    0.07385    0.04076   14.92048    0.41163    1.14198    2.66121    2.00000
 179.98932    0.14261   23.39076   23.00353    0.14301    0.07893    6.89772    7.18917   -2.02053    7.48398    2.00000
 179.93530    0.02357   22.27698   22.01333    0.06886    0.03800   16.59969   -0.95789   -0.53551   -2.39655    2.00000
 180.04675   -0.00198   22.21015   21.95191    0.04680    0.02583   17.62086   -1.31843    1.32503    0.30766    2.00000
 180.04739   -0.04204   23.81756   23.36059    0.06335    0.03497    5.10007   -0.78374    1.61904    0.68866    2.00000
 180.00972   -0.02311   23.39620   23.00814    0.02507    0.01384    6.87450   -0.68038   -3.10177   -5.45346    2.00000
 180.08023    0.01391   19.06786   18.52997    0.08143    0.04494  213.62595    2.48575   -4.28182   -1.84208    2.00000
 179.97630   -0.04156   22.73487   22.42964    0.04784    0.02640   11.64239   -5.21291    1.95126   -2.26797    2.00000
 180.07166   -0.01188   23.23273   22.86869    0.07262    0.04008    7.93683   -0.08247    3.40350    2.65761    2.00000
 179.96619    0.03553   23.62382   23.20013    0.04905    0.02707    5.90794    3.03436    2.41966    8.37074    2.00000
 180.06079   -0.00295   22.32931   22.06148    0.06087    0.03359   16.02640   -0.83849   -1.51475   -1.54662    2.00000
 180.02939   -0.00341   23.78899   23.33700    0.02959    0.01633    5.21882   -0.57698   -2.99176   -6.69076    2.00000
 180.29356    0.16464   18.85581   18.30417    0.33657    0.18576  243.91467   -0.22822   -0.54891   -0.80606    2.00000
 179.98763    0.01735   20.69336   20.26065    0.02131    0.01176   69.94997   -5.18170   -1.22286   -6.30766    2.00000
 179.94708    0.01835   22.85327   22.53541    0.05601    0.03091   10.52914   -2.44967   -0.31313    1.82831    2.00000
 180.11778    0.18601   23.80089   23.34683    0.22017    0.12151    5.16934    1.58543   -0.30929    5.82206    2.00000
 180.09801    0.11053   23.55044   23.13868    0.14772    0.08153    6.21732    7.23639   -4.01584   -1.32094    2.00000
 179.97523    0.09807   22.60106   22.30959    0.10115    0.05583   13.07197    1.19277    0.37718   -0.70636    2.00000
 179.98468   -0.00376   21.53641   21.31635    0.01578    0.00871   30.55527   -0.48544    0.93047   -0.88046    2.00000
 179.99458   -0.02664   20.25533   19.77857    0.02718    0.01500   98.52608   -0.73171   -0.57634   -0.97978    2.00000
 179.98473    0.03026   23.57080   23.15585    0.03389    0.01870    6.13088    3.79459    0.32612    7.78288    2.00000
 179.98927    0.02679   22.06947   21.82158    0.02885    0.01593   19.95797   -7.14074   -1.19831   -8.56217    2.00000
 179.92097   -0.13400   23.59651   23.17732    0.15557    0.08586    6.02279    4.73419   -0.80482    4.50406    2.00000
 180.03577    0.00452   21.05173   20.78301    0.03605    0.01989   47.00895    3.97752   -4.07157    0.22055    2.00000
 179.95027    0.01629   22.80722   22.49432    0.05233    0.02888   10.87225    1.72040    2.79134    2.12830    2.00000
 180.10722   -0.03533   23.30639   22.93205    0.11289    0.06231    7.44401    5.13370   -2.45336    0.35296    2.00000
 180.01218   -0.05125   22.91065   22.58656    0.05267    0.02907   10.13134   -3.54331   -1.93786   -9.20970    2.00000
 180.01059    0.06449   22.81720   22.50324    0.06536    0.03607   10.77940    0.76071   -0.57726   -1.04954    2.00000
 179.93651    0.09582   23.36626   22.98278    0.11495    0.06344    7.04944    1.87493    0.79002    4.91022    2.00000
 180.10310    0.07315   22.29498   22.02987    0.12643    0.06978   16.40276    3.40765   -0.90306    2.95546    2.00000
 180.12958    0.17875   23.02740   22.68972    0.22077    0.12185    9.32889   -5.21209   -1.32114   -7.36638    2.00000
 180.03136   -0.03924   22.76231   22.45417    0.05023    0.02772   11.35027    1.01792    3.78063    5.51064    2.00000
 180.00751   -0.00957   22.50050   22.21851    0.01216    0.00671   14.15646   -1.59062    1.38759   -0.67620    2.00000
 180.00154    0.01661   21.65833   21.43375    0.01668    0.00921   27.46727   -4.25342   -1.99476   -6.49525    2.00000
 180.00854   -0.01137   22.09459   21.84544    0.01422    0.00785   19.53006   -0.20214    0.67343   -0.05774    2.00000
 180.01247   -0.02835   22.28213   22.01806    0.03097    0.01709   16.54342   -7.99805    1.03102   -8.35249    2.00000
 179.98625   -0.01991   23.34449   22.96433    0.02420    0.01336    7.19292    1.56975   -0.21553   -1.38641    2.00000
 179.97076    0.03873   22.50753   22.22492    0.04853    0.02678   14.08017    0.91771   -2.75328   -1.79536    2.00000
 179.99229   -0.00425   23.45044   23.05406    0.00880    0.00486    6.64333    0.85989   -0.43115    1.70320    2.00000
 180.06927   -0.14268   20.46532   20.00315    0.15860    0.08754   83.21992    2.23991    3.01366    5.08152    2.00000
 180.02884   -0.00254   23.63185   23.20684    0.02896    0.01598    5.87416    3.18650    4.07818    9.53822    2.00000
 179.92476    0.14977   23.72428   23.28353    0.16761    0.09251    5.48805   -0.29796    0.83753    1.96745    2.00000
 179.98993   -0.05450   22.68191   22.38224    0.05543    0.03059   12.20686   -3.46955   -2.59451   -4.35561    2.00000
 180.06218    0.03404   22.76481   22.45640    0.07089    0.03912   11.32371    0.12309    0.28623    2.18254    2.00000
 180.04463    0.06437   22.66365   22.36583    0.07833    0.04323   12.40220   -1.30119    0.70438   -0.98197    2.00000
 179.99831   -0.00503   23.56598   23.15182    0.00531    0.00293    6.15115   -2.23446    0.17366   -2.33947    2.00000
 180.35555   -0.13401   23.81756   23.36059    0.37996    0.20971    5.10007    0.36815    1.27237    6.39186    2.00000
 179.99634   -0.00146   22.63235   22.33771    0.00394    0.00218   12.73709    0.20361   -0.55689   -0.36174    2.00000
 180.01768   -0.02721   23.36626   22.98278    0.03246    0.01791    7.04944    1.32225   -1.52400   -2.09671    2.00000
 179.99588   -0.00707   21.12459   20.87404    0.00818    0.00452   43.59711    1.91875    2.15244    4.29784    2.00000
 179.97870    0.00254   21.69538   21.46947    0.02145    0.01184   26.52765   -0.18075    2.35696    1.53586    2.00000
 179.95586    0.01861   22.51925   22.23560    0.04790    0.02644   13.95302    2.79226   -2.23899   -2.85266    2.00000
 179.98996   -0.00233   22.08684   21.83807    0.01031    0.00569   19.66224    5.48824    0.98903    5.41580    2.00000
 179.99474    0.00042   23.81994   23.36256    0.00529    0.00292    5.09017    3.13329    0.07730   -0.35658    2.00000
 179.97234    0.00282   22.53331   22.24841    0.02781    0.01535   13.80043   -2.46448   -0.82641   -4.64849    2.00000
 180.02162    0.03765   22.12245   21.87155    0.04341    0.02396   19.06186    3.52794    2.15145    4.65135    2.00000
 179.92372    0.66217   23.37171   22.98739    0.66655    0.36790    7.01357    6.12518    0.78128    6.69435    2.00000
 180.14066   -0.17545   22.34851   22.07917    0.22487    0.12411   15.81575   -2.11187    1.63544    1.44109    2.00000
 180.01311    0.00429   22.60888   22.31662    0.01379    0.00761   12.98825   -1.44908    1.13218    0.17412    2.00000
 179.97392   -0.05961   20.70590   20.27577    0.06506    0.03591   69.17077    2.56812    3.12935    5.58313    2.00000
 180.00722    0.02534   23.20103   22.84118    0.02634    0.01454    8.15087   -2.71398    3.99178    2.83992    2.00000
 179.97302    0.31509   22.99211   22.65878    0.31624    0.17454    9.56959   -0.10473   -0.80242   -1.92019    2.00000
 180.02312    0.03563   22.46066   22.18220    0.04248    0.02344   14.58880   -1.43560   -1.61591   -3.81504    2.00000
 180.23270   -0.26660   23.58044   23.16390    0.35387    0.19531    6.09035   -5.06897    2.04834   -4.73705    2.00000
 179.98407    0.03596   22.88196   22.56098    0.03933    0.02171   10.33024   -1.36387    2.85547    3.36066    2.00000
 180.03191    0.03179   23.63345   23.20818    0.04504    0.02486    5.86740    0.23631   -0.21241   -4.03618    2.00000
 179.98343   -0.06311   23.75565   23.30949    0.06525    0.03602    5.35737   -1.21222   -0.10489   -1.84816    2.00000
 180.14218    0.06060   22.84805   22.53076    0.15456    0.08530   10.56531    1.92875   -2.18350    0.93883    2.00000
 180.02597   -0.02790   23.14742   22.79462    0.03811    0.02104    8.51300   -0.16575    0.49527   -1.98210    2.00000
 180.06602    0.03268   23.37443   22.98970    0.07368    0.04066    6.99564    8.60504    0.47992   10.04106    2.00000
 179.94275    0.01657   22.57758   22.28849    0.05960    0.03289   13.32313    5.13911    1.68331    7.67455    2.00000
 180.01570    0.03862   23.78184   23.33111    0.04169    0.02301    5.24851    0.47597    3.45235   -0.01410    2.00000
 180.16682    0.00482   22.22558   21.96608    0.16690    0.09211   17.36667    1.33880   -0.54668   -1.22205    2.00000
 179.93561    0.00928   23.37171   22.98739    0.06505    0.03590    7.01357   -2.19976   -0.15897   -6.37443    2.00000
 180.01456    0.04983   22.88196   22.56098    0.05191    0.02865   10.33024   -3.95058   -0.19104   -4.06902    2.00000
 179.97395   -0.06436   22.81221   22.49878    0.06943    0.03832   10.81914   -0.82160    3.12618    1.63967    2.00000
 179.84619    0.04132   18.86602   18.31504    0.15926    0.08790  242.41774    2.45850    0.08372    2.52163    2.00000
 180.18375    0.06400   21.95985   21.71952    0.19457    0.10739   21.78814   -1.35535    3.64491    4.08529    2.00000
 179.96022   -0.02194   22.55206   22.26550    0.04543    0.02507   13.59698   -5.07764   -1.02805   -7.23711    2.00000
 180.03601    0.06040   20.94785   20.63533    0.07032    0.03881   52.54323    2.88573   -2.91910   -0.18254    2.00000
 180.01552    0.00158   22.55206   22.26550    0.01560    0.00861   13.59698   -0.81187    0.27158   -0.59735    2.00000
 179.96346   -0.02834   21.46068   21.23900    0.04624    0.02552   32.58998   -4.09104    5.09414    1.12312    2.00000
 180.17545   -0.00289   21.61508   21.39213    0.17547    0.09685   28.56209   -1.48563   -1.58314   -2.58341    2.00000
 179.98483   -0.02831   21.72713   21.50009    0.03211    0.01772   25.72299    5.54570   -0.56536    5.99526    2.00000
 180.03555    0.04329   23.76993   23.32128    0.05602    0.03092    5.29799   -1.70696   -3.83377   -4.86685    2.00000
 180.01134    0.02652   20.92738   20.60194    0.02884    0.01592   53.79481   -3.23733    0.93210   -2.45287    2.00000
 179.98389   -0.02647   23.10421   22.75686    0.03098    0.01710    8.80672   -2.37319   -2.11254   -6.64089    2.00000
 179.98943    0.11154   22.14547   21.89258    0.11204    0.06184   18.68465   -2.89809   -0.20245   -0.80463    2.00000
 179.97987    0.02505   22.51925   22.23560    0.03214    0.01774   13.95302    1.52809   -1.98667    0.57262    2.00000
 179.98979   -0.05401   18.13981   17.84512    0.05497    0.03034  312.22849   -0.41925    2.63489    2.14674    2.00000
 179.87860    0.06877   18.39394   17.80900    0.13953    0.07701  318.38828    2.47278    1.69224    4.17237    2.00000
 180.03053    0.00039   23.54233   23.13182    0.03054    0.01686    6.25187   -4.28733   -1.92675   -3.15979    2.00000
 180.01514   -0.01696   21.45286   21.23101    0.02273    0.01254   32.80028   -4.88671    1.22227   -3.39832    2.00000
 179.93108    0.05249   21.92698   21.68891    0.08664    0.04782   22.33690   -0.03104   -2.34813   -3.32061    2.00000
 179.99352   -0.02975   21.07044   20.80767    0.03045    0.01681   46.08461    2.59919    3.29016    5.21683    2.00000
 179.99239    0.05641   23.83423   23.37435    0.05692    0.03142    5.03080    0.20417   -0.28692   -1.66504    2.00000
 180.00188    0.00959   22.24871   21.98734    0.00977    0.00539   16.98538    1.63788    1.56500    3.21255    2.00000
 179.95844    0.05719   17.96989   17.89305    0.07070    0.03902  304.05402   -0.80705   -1.46930   -2.23149    2.00000
 179.97282   -0.02215   22.32451   22.05705    0.03506    0.01935   16.07906   10.26556    4.69200   13.59782    2.00000
 179.99838   -0.11098   21.53108   21.31091    0.11099    0.06126   30.69845    3.03333   -3.45639   -0.44386    2.00000
 179.99098    0.01232   22.03658   21.79096    0.01527    0.00843   20.50702   -1.22755    0.30763   -0.46334    2.00000
 179.90378    0.08774   21.89974   21.66338    0.13022    0.07187   22.79473   -1.47243   -0.98855   -3.57389    2.00000
 180.02045    0.00634   21.12160   20.87042    0.02141    0.01182   43.73311   -3.24371    2.38252   -0.66052    2.00000
 179.98550   -0.01425   22.89500   22.57261    0.02033    0.01122   10.23983   -4.28706   -1.81402   -6.34464    2.00000
 180.01007   -0.03282   23.52611   23.11809    0.03433    0.01895    6.32095    3.18682    0.06463    2.67986    2.00000
 180.04250   -0.04293   23.83423   23.37435    0.06041    0.03334    5.03080   -1.01509   -2.57573  -12.29222    2.00000
 180.02419   -0.03169   21.97629   21.73482    0.03986    0.02200   21.51361    2.17470   -0.16126    1.23334    2.00000
 180.04031    0.11027   22.17417   21.91883    0.11741    0.06480   18.21397   -1.61933   -0.58327   -2.81413    2.00000
 179.98753   -0.04184   21.57420   21.35283    0.04366    0.02409   29.59567   -1.54708   -2.27686   -3.35485    2.00000
 180.47337    0.36377   22.28984   22.02514    0.59700    0.32951   16.45903    5.94011   -0.50377    5.32418    2.00000
 179.95580    0.04767   23.09461   22.74846    0.06501    0.03588    8.87199    4.03208    2.39314    5.37660    2.00000
 180.14137   -0.03682   22.35571   22.08580    0.14608    0.08063   15.73676    0.93010    1.01896    4.22487    2.00000
 180.03249    0.03647   23.46125   23.06321    0.04884    0.02696    6.59727    0.16902    1.14955    1.98470    2.00000
 179.99013    0.03205   20.08325   19.59706    0.03353    0.01851  110.93938   -2.56729   -0.04251   -2.57139    2.00000
 180.10947    0.09217   23.08741   22.74217    0.14310    0.07898    8.92095    2.33646    0.17631    5.00416    2.00000
 180.16531   -0.15366   22.71990   22.41626    0.22570    0.12457   11.80173   -5.68936   -2.15067  -10.65868    2.00000
 180.03590   -0.02360   21.66627   21.44140    0.04297    0.02372   27.26592   -1.59313   -0.38617   -2.27925    2.00000
 180.03957    0.01814   23.78660   23.33504    0.04353    0.02402    5.22872   -0.71741    3.92778    5.57781    2.00000
 179.99043   -0.04725   22.02836   21.78330    0.04821    0.02661   20.64429   -0.43415   -2.30085   -3.10484    2.00000
 179.87711    0.10475   17.91876   17.95212    0.16148    0.08913  293.97888   -0.32592   -0.15705   -0.46695    2.00000
 179.99940    0.01936   23.37987   22.99431    0.01937    0.01069    6.95977   -2.56602    1.36796   -2.00690    2.00000
 179.78523    0.08014   21.67421   21.44906    0.22922    0.12651   27.06457   -4.80741   -1.66168   -6.48758    2.00000
 179.89934    0.02522   19.85224   19.35460    0.10377    0.05727  130.39201    5.35652    1.05745    6.41142    2.00000
 180.01556    0.02734   22.12574   21.87455    0.03145    0.01736   19.00797   -1.26410    0.42559   -1.34896    2.00000
 179.95850    0.11491   23.81994   23.36256    0.12218    0.06743    5.09017   -4.87811   -0.18277   -2.15999    2.00000
 180.07866   -0.05582   23.20591   22.84541    0.09645    0.05324    8.11794    1.15731    2.53241    6.73589    2.00000
 180.07800   -0.02285   22.28727   22.02278    0.08129    0.04486   16.48716    3.70394    2.38213    6.42945    2.00000
 179.99274   -0.05319   22.71491   22.41180    0.05369    0.02963   11.85484    3.22856    0.56460    1.48112    2.00000
 180.21281   -0.06138   22.42052   22.14550    0.22150    0.12225   15.02581   -0.95332    0.62211    0.87857    2.00000
 179.99477    0.03698   22.69745   22.39619    0.03735    0.02062   12.04074    0.71238    1.20271    4.27017    2.00000
 179.98141    0.01733   23.68499   23.25098    0.02542    0.01403    5.65191   -6.29561    0.92011   -6.75628    2.00000
 179.81827    0.02602   23.36899   22.98509    0.18359    0.10133    7.03151    0.81897   -3.78277   -3.16174    2.00000
 180.01089   -0.06519   22.69745   22.39619    0.06609    0.03648   12.04074    3.07965    1.98888    6.94075    2.00000
 179.99802    0.01886   21.70331   21.47712    0.01896    0.01047   26.32630    0.66346   -3.53874   -2.59848    2.00000
 180.04352   -0.07995   23.71493   23.27578    0.09103    0.05024    5.52706   -6.71359    0.94621   -6.84030    2.00000
 180.04005   -0.16560   23.67938   23.24633    0.17037    0.09403    5.67531    4.08074   -1.86866   -9.28095    2.00000
 179.98009   -0.03821   23.21078   22.84964    0.04308    0.02378    8.08501   -1.50524   -4.88154   -5.86675    2.00000
 180.02451   -0.27050   23.81042   23.35469    0.27161    0.14991    5.12976   -1.42177    2.44859    1.17318    2.00000
 179.90082    0.04030   21.34369   21.11902    0.10706    0.05909   35.74609    1.46283   -1.71663    0.01005    2.00000
 179.95657    0.01220   21.85892   21.62511    0.04511    0.02490   23.48104   -3.09132    0.22277   -2.66378    2.00000
 180.00191    0.03041   20.52061   20.06315    0.03046    0.01681   80.12750   -0.11781   -1.34422   -1.74779    2.00000
 179.94702   -0.06505   23.22785   22.86446    0.08390    0.04631    7.96976   -2.74293   -2.29182   -4.15969    2.00000
 180.06508   -0.02075   23.48287   23.08150    0.06831    0.03770    6.50517    3.47438   -4.46761   -0.61429    2.00000
 179.85381    0.02145   22.37012   22.09907    0.14777    0.08156   15.57877    2.62907   -3.22156   -2.34615    2.00000
 179.99782    0.02080   22.00644   21.76289    0.02091    0.01154   21.01032    2.81973    0.21555    1.55483    2.00000
 179.93425    0.00065   22.52159   22.23773    0.06575    0.03629   13.92758   -1.36600    0.71519   -0.58919    2.00000
 180.11188    0.02238   22.80473   22.49209    0.11410    0.06297   10.89881   -0.21080    0.39048   -0.52569    2.00000
 179.87897   -0.16514   22.98780   22.65500    0.20474    0.11300    9.59899   -4.06499   -0.21782   -4.50556    2.00000
 179.95341   -0.00777   21.59172   21.36967    0.04722    0.02606   29.15271   -0.93176   -0.99651   -0.72959    2.00000
 180.02660   -0.08438   23.20835   22.84753    0.08848    0.04883    8.10148    1.82068    2.62178    3.40482    2.00000
 179.91626    0.07453   22.54034   22.25482    0.11211    0.06187   13.72413   -1.04520   -1.88417   -1.03736    2.00000
 179.96980   -0.06032   22.10931   21.85944    0.06746    0.03723   19.27892    2.20632   -1.09426    1.05858    2.00000
 179.85420    0.04793   23.01365   22.67768    0.15348    0.08471    9.42258    2.80954   -0.31503   -1.28416    2.00000
 180.08711   -0.09367   23.53962   23.12953    0.12792    0.07060    6.26338    4.16050    0.51172    3.31182    2.00000
 179.98759    0.07568   20.94354   20.62830    0.07669    0.04233   52.80672    0.72359   -0.33903    0.78989    2.00000
 180.06834    0.11464   22.83240   22.51682    0.13346    0.07366   10.67380    4.47628    1.02509    3.77427    2.00000
 180.01584    0.03324   23.81042   23.35469    0.03682    0.02032    5.12976    9.25330    1.40174   12.87920    2.00000
 179.91690   -0.02520   17.29261   16.67540    0.08684    0.04793  562.25793   -0.82140   -2.44553   -3.27375    2.00000
 179.98184   -0.00854   22.70743   22.40511    0.02006    0.01107   11.93451    4.78007   -2.82507    2.17403    2.00000
 180.01820    0.02435   21.31538   21.08885    0.03040    0.01678   36.53954   -1.86110   -6.10477   -7.36646    2.00000
 179.96939   -0.05315   23.18884   22.83059    0.06134    0.03385    8.23320    4.23119    3.32690    2.08344    2.00000
 179.99001    0.02094   23.50179   23.09751    0.02320    0.01280    6.42457   -0.43465    2.41501    2.02026    2.00000
 179.97243   -0.02064   22.72739   22.42295    0.03443    0.01901   11.72206    2.40217    3.19834    2.06409    2.00000
 180.01059   -0.01783   22.42772   22.15214    0.02074    0.01145   14.94681    7.90299   -1.28821    8.24860    2.00000
 179.88232    0.01557   22.93934   22.61213    0.11870    0.06551    9.93244    3.14938   -0.98342    3.83671    2.00000
 180.10219    0.05047   21.92151   21.68379    0.11397    0.06290   22.42869    5.99849   -0.33102    6.98949    2.00000
 180.01762    0.04977   22.76481   22.45640    0.05280    0.02914   11.32371    3.91010    0.24557    1.81154    2.00000
 180.10226    0.02840   21.81537   21.58429    0.10614    0.05858   24.21310    3.78944   -1.66501    2.30372    2.00000
 180.02817   -0.00409   23.44503   23.04949    0.02846    0.01571    6.66636   -8.69061   -2.91906   -8.99792    2.00000
 179.95201   -0.03589   23.67564   23.24323    0.05993    0.03308    5.69092    0.40280   -0.42866    1.23202    2.00000
 180.03024    0.05180   23.05861   22.71700    0.05998    0.03310    9.11676    2.83448   -2.66453    1.39323    2.00000
 180.06544    0.06254   21.37200   21.14839    0.09052    0.04996   34.97333    3.09390    1.80036    4.80152    2.00000
 180.01828   -0.00494   23.20835   22.84753    0.01894    0.01045    8.10148   -0.62237   -0.10661    3.76655    2.00000
 180.10429   -0.18537   23.25955   22.89198    0.21270    0.11739    7.75571    1.19552   -2.01178    0.06010    2.00000
 180.01398   -0.02316   22.69496   22.39396    0.02705    0.01493   12.06724   -2.93664   -1.69999   -2.02202    2.00000
 180.03906   -0.02889   23.23273   22.86869    0.04859    0.02682    7.93683    2.98341    3.05795    2.65752    2.00000
 180.02426   -0.02987   23.40437   23.01506    0.03848    0.02124    6.83968    2.50315    2.05630    2.23951    2.00000
 180.10493    0.04695   23.31455   22.93897    0.11496    0.06345    7.39021   -0.33050    0.60248    2.23984    2.00000
 180.08363   -0.06047   21.82082   21.58939    0.10320    0.05696   24.12160    2.51531   -0.51766    1.06231    2.00000
 179.94202    0.00740   23.81280   23.35666    0.05846    0.03226    5.11986   -0.06201   -1.64365   -3.30771    2.00000
 179.83699    0.04420   21.57420   21.35283    0.16890    0.09322   29.59567    1.22359    0.15760    1.53553    2.00000
 179.78709   -0.12181   21.57809   21.35658    0.24529    0.13538   29.49724    1.86094   -1.29780    0.29809    2.00000
 180.02412    0.02167   23.11381   22.76525    0.03243    0.01790    8.74145    5.63122   -3.06659    0.95687    2.00000
 179.95589   -0.08084   21.50621   21.28551    0.09209    0.05083   31.36662    2.69129   -5.92812   -2.82216    2.00000
 179.98257   -0.01697   22.60366   22.31193    0.02433    0.01343   13.04406    2.61032   -1.25049    0.88445    2.00000
 180.02353   -0.02777   21.61119   21.38838    0.03640    0.02009   28.66053    1.96539    3.56561    5.00056    2.00000
 179.95654    0.03080   22.10699   21.85723    0.05327    0.02940   19.31857   -0.97700    1.63308    1.65990    2.00000
 179.85509   -0.02496   22.50753   22.22492    0.14705    0.08116   14.08017   -3.91906   -0.57306   -5.14027    2.00000
 179.94284    0.00764   23.67377   23.24168    0.05767    0.03183    5.69872   -3.03550   -0.09902   -1.00140    2.00000
 179.91589    0.22910   22.94195   22.61445    0.24405    0.13470    9.91436    2.51521   -3.93069   -3.25464    2.00000
 179.90508   -0.02856   22.06399   21.81647    0.09913    0.05471   20.04948   -6.35767   -1.23872   -7.14671    2.00000
 179.99908    0.04517   23.50179   23.09751    0.04518    0.02493    6.42457    1.44256    2.31490    5.64666    2.00000
 179.95695   -0.00473   22.64279   22.34708    0.04331    0.02391   12.62546    3.54095   -1.34487    2.70115    2.00000
 180.01385    0.00706   19.61875   19.11043    0.01555    0.00858  151.91168    3.80938    5.88243    9.79233    2.00000
 179.87816   -0.16604   22.55933   22.27209    0.20595    0.11367   13.51848    0.72329    0.04102    1.82307    2.00000
 179.96336   -0.01899   23.79851   23.34487    0.04127    0.02278    5.17924   -1.24184   -1.95432   -3.32061    2.00000
 179.95943   -0.00594   22.75483   22.44748    0.04100    0.02263   11.42994   -0.01156    1.01875    0.84358    2.00000
 180.14886    0.21144   21.56836   21.34722    0.25858    0.14272   29.74333    5.96410   -0.85101    5.41142    2.00000
 180.09541    0.05297   22.54503   22.25909    0.10913    0.06023   13.67327    1.31391   -4.99223   -4.60876    2.00000
 179.95728    0.00645   18.07623   18.09585    0.04321    0.02385  272.60980   -3.52939    0.20210   -3.25904    2.00000
 180.02831   -0.00590   21.82626   21.59449    0.02890    0.01595   24.03009    1.29459    1.51233    2.40853    2.00000
 179.98131    0.07156   22.91065   22.58656    0.07396    0.04082   10.13134   -4.32039   -0.44676   -4.90371    2.00000
 179.96477    0.04185   23.09701   22.75056    0.05470    0.03019    8.85567    0.58194    1.74398    0.52800    2.00000
 179.99960    0.00502   22.26156   21.99916    0.00504    0.00278   16.77356    1.55061   -4.02765   -3.14910    2.00000
 180.02312    0.00820   23.14984   22.79673    0.02453    0.01354    8.49659    6.79638    1.34898    5.00023    2.00000
 180.08138   -0.02693   23.26930   22.90045    0.08572    0.04731    7.68986    4.16130    0.56888    5.65617    2.00000
 180.07603   -0.07019   22.60106   22.30959    0.10348    0.05711   13.07197    6.32275    0.02156    7.65911    2.00000
 179.86203    0.06764   22.43488   22.15871    0.15366    0.08481   14.86854   -3.34012    2.26167   -2.39066    2.00000
 179.91016    0.12068   23.83900   23.37828    0.15045    0.08304    5.01101    2.34054    1.61648    4.06333    2.00000
 180.01634   -0.05086   23.65880   23.22929    0.05342    0.02948    5.76114    2.09349   -1.70059   -0.40235    2.00000
 179.99260    0.31671   22.61410   22.32131    0.31680    0.17485   12.93243    6.07640   -2.65102    2.32005    2.00000
 180.00414    0.08616   22.85327   22.53541    0.08626    0.04761   10.52914   -0.57513    1.47012   -0.77398    2.00000
 180.03094    0.02570   21.41634   21.19370    0.04022    0.02220   33.78166    0.20501   -0.46679    0.62244    2.00000
 179.97946    0.18130   22.74984   22.44302    0.18246    0.10070   11.48305    1.48787   -0.18341    0.89144    2.00000
 180.02818    0.00834   23.40981   23.01967    0.02940    0.01623    6.81646   -0.61690    1.57753    1.87071    2.00000
 179.98032   -0.05574   21.87253   21.63787    0.05912    0.03263   23.25227   10.57325    2.38233   13.04795    2.00000
 179.97687    0.05400   21.27493   21.04576    0.05875    0.03242   37.67305   -5.14756    1.93232   -3.14798    2.00000
 179.97916    0.02863   19.71709   19.21365    0.03541    0.01954  142.81514   -4.82816   -1.85567   -6.75138    2.00000
 180.01781    0.00073   22.84284   22.52611    0.01782    0.00984   10.60147    4.25603    0.27914    5.16278    2.00000
 179.97025   -0.01848   23.36899   22.98509    0.03502    0.01933    7.03151    3.83543    2.53562    9.94352    2.00000
 179.93919   -0.07511   21.39287   21.16971    0.09665    0.05334   34.41255   -9.70680    0.49946   -9.32653    2.00000
 180.01389   -0.02856   20.48080   20.01995    0.03176    0.01753   82.35404    0.10588    0.73577    1.09722    2.00000
 180.00912    0.00939   23.07301   22.72958    0.01309    0.00722    9.01885   -3.74397    3.04131    4.93151    2.00000
 179.86922   -0.04353   21.28909   21.06084    0.13784    0.07608   37.27632    1.71904    0.49520    1.93857    2.00000
 180.04944    0.13424   22.28984   22.02514    0.14305    0.07895   16.45903    2.99673    2.83564    4.12579    2.00000
 180.05602   -0.08987   22.74236   22.43633    0.10589    0.05844   11.56272   -1.65605   -0.00803   -1.63775    2.00000
 180.02411   -0.03965   21.75888   21.53070    0.04641    0.02561   25.17394   -3.03171   -1.95411   -3.90299    2.00000
 180.07578   -0.03268   22.48409   22.20356    0.08252    0.04554   14.33448   -0.38904   -0.92199   -1.84782    2.00000
 179.97887    0.00294   21.20594   20.97017    0.02133    0.01177   39.99447   -6.68312    0.22962   -6.10272    2.00000
 179.98949   -0.03089   21.26078   21.03068    0.03263    0.01801   38.06978    3.06895   -0.54914    2.42386    2.00000
 180.14058   -0.49268   23.62382   23.20013    0.51235    0.28278    5.90794    2.30805    1.06504    3.87282    2.00000
 179.96326    0.02339   22.89239   22.57028    0.04355    0.02404   10.25791   -1.41338   -2.25226   -3.31040    2.00000
 179.92545    0.05046   22.58802   22.29787    0.09002    0.04969   13.21150    2.03710    0.14111    2.90337    2.00000
 179.92981    0.03361   22.35091   22.08138    0.07782    0.04295   15.78942    3.89289   -0.38005    2.40583    2.00000
 180.04207   -0.08169   22.54034   22.25482    0.09189    0.05072   13.72413    0.52814   -0.86109   -1.41357    2.00000
 179.90736   -0.15624   23.20347   22.84329    0.18163    0.10025    8.13441    4.34521    4.11026    9.94901    2.00000
 179.95320    0.03177   23.15958   22.80519    0.05657    0.03122    8.43077    1.03618   -3.60007   -4.48876    2.00000
 179.89616    0.17067   23.66815   23.23703    0.19977    0.11026    5.72213    1.80960    0.02727    4.54479    2.00000
 179.98616    0.00499   22.12245   21.87155    0.01471    0.00812   19.06186    4.04629    1.38794    6.56550    2.00000
 180.03320    0.00972   23.01365   22.67768    0.03460    0.01910    9.42258    5.93825    1.81172   13.40599    2.00000
 179.95457   -0.03045   23.53422   23.12495    0.05468    0.03018    6.28641   -2.54189   -2.00226   -9.96463    2.00000
 180.29848    0.27309   22.50050   22.21851    0.40455    0.22329   14.15646    6.26839    2.89098    7.18276    2.00000
 179.99385    0.06327   23.82471   23.36649    0.06357    0.03508    5.07038  -11.57620    4.68100   -8.31032    2.00000
 179.99889   -0.02453   23.72616   23.28508    0.02455    0.01355    5.48025   -2.47066   -1.93376   -4.18118    2.00000
 180.00880   -0.02142   23.50179   23.09751    0.02316    0.01278    6.42457   -6.02304   -3.55060  -10.27105    2.00000
 180.17772   -0.26384   21.21108   20.97615    0.31812    0.17558   39.77065    2.90828   -0.10078    2.69059    2.00000
 180.05942   -0.00406   21.96259   21.72207    0.05956    0.03287   21.74238   -1.95925    3.15344    1.13546    2.00000
 180.00517    0.03326   22.79974   22.48763    0.03366    0.01858   10.95192    1.95634    0.43282    3.10413    2.00000
 179.96608    0.03523   22.78477   22.47425    0.04891    0.02699   11.11126   -4.34750    1.53469   -4.56209    2.00000
 180.02368    0.07436   20.93384   20.61248    0.07804    0.04307   53.39957    0.20302    1.21752    1.67628    2.00000
 180.01791    0.05550   23.59490   23.17597    0.05832    0.03219    6.02954   -3.09189    1.76182    0.23594    2.00000
 180.09351    0.05367   23.39892   23.01045    0.10782    0.05951    6.86289   -0.50629   -0.54163   -2.79692    2.00000
 179.97377    0.00936   23.66815   23.23703    0.02785    0.01537    5.72213    5.62173    1.56882   -2.37450    2.00000
 180.01480    0.05878   21.67156   21.44651    0.06061    0.03345   27.13169    1.26722    3.93137    5.37169    2.00000
 179.93118    0.13273   22.37492   22.10349    0.14951    0.08252   15.52610   -0.15337    3.68177    4.68525    2.00000
 179.99179    0.04024   22.94456   22.61678    0.04107    0.02267    9.89627    0.18542    2.49886    5.33090    2.00000
 179.97189   -0.04912   22.21015   21.95191    0.05659    0.03123   17.62086    1.18641    3.93956    5.76907    2.00000
 180.00253    0.00635   23.61096   23.18939    0.00684    0.00377    5.96198   -0.38337   -3.35650   -1.60309    2.00000
 180.00055    0.03139   21.59561   21.37342    0.03139    0.01733   29.05427    1.68334   -2.46082    0.08603    2.00000
 179.93536    0.04774   21.42156   21.19903    0.08035    0.04435   33.64146    0.45589    0.09825    0.40988    2.00000
 180.01817    0.06175   20.96161   20.65674    0.06437    0.03553   51.74096    0.16433   -3.31323   -3.09417    2.00000
 180.00018    0.03871   22.91326   22.58888    0.03871    0.02136   10.11326    1.18888    0.16677    2.70011    2.00000
 179.89722   -0.03794   23.47746   23.07693    0.10957    0.06047    6.52819    1.92702    2.51836    1.76433    2.00000
 180.01854    0.01494   23.39076   23.00353    0.02381    0.01314    6.89772   -7.33420   -1.44817  -10.49798    2.00000
 179.90520   -0.04472   23.46395   23.06550    0.10483    0.05786    6.58576   -3.88007    0.04185   -4.39179    2.00000
 180.08142    0.06651   23.33361   22.95511    0.10513    0.05802    7.26466   -1.39809   -0.74007   -9.42358    2.00000
 180.11464   -0.17412   22.92891   22.60283    0.20847    0.11506   10.00477    2.57596    3.08696    7.59876    2.00000
 179.97910   -0.00337   23.12342   22.77364    0.02117    0.01168    8.67618    4.70258    1.83949    5.81608    2.00000
 180.02621    0.00929   21.85347   21.62001    0.02781    0.01535   23.57255    3.62173    1.44220    5.09669    2.00000
 179.91989    0.05222   21.45025   21.22834    0.09563    0.05278   32.87038   -1.53285    0.17212   -0.47770    2.00000
 179.90723   -0.01278   21.59561   21.37342    0.09365    0.05169   29.05427    4.99127   -0.34492    4.68421    2.00000
 180.05508    0.00908   23.50719   23.10209    0.05582    0.03081    6.40154   -2.54114   -1.19154   -2.03940    2.00000
 180.01273   -0.11391   23.10181   22.75476    0.11462    0.06326    8.82304    6.19912    2.38200    9.75424    2.00000
 179.93633   -0.08318   22.65322   22.35646    0.10475    0.05781   12.51383   -4.07469   -1.92664   -4.79479    2.00000
 180.03267   -0.08089   23.08741   22.74217    0.08723    0.04815    8.92095   -6.85930    1.45975   -3.84140    2.00000
 179.97723    0.03131   20.98552   20.69195    0.03871    0.02136   50.42138   -0.58238   -0.77141   -1.78397    2.00000
 180.00119   -0.12293   22.96281   22.63305    0.12294    0.06785    9.76970    2.25367    2.96781    6.63234    2.00000
 179.97336    0.08996   22.76481   22.45640    0.09382    0.05178   11.32371   -4.87575   -0.46711   -3.86764    2.00000
 179.95787   -0.03053   19.63247   19.12484    0.05203    0.02871  150.64240   -3.38788   -0.69173   -4.03526    2.00000
 179.99879   -0.02983   18.06441   17.76218    0.02986    0.01648  326.37393   -0.76387   -2.19959   -3.00059    2.00000
 179.29878    1.03142   21.10518   20.85046    1.24719    0.68846   44.48108   -0.65137    0.21817   -0.76659    2.00000
 180.01176   -0.01067   23.75327   23.30752    0.01588    0.00876    5.36726   -3.78480   -0.51674   -1.20510    2.00000
 179.91486   -0.00950   21.70331   21.47712    0.08567    0.04729   26.32630    0.00552   -1.88195   -2.26386    2.00000
 180.04843   -0.00860   22.78726   22.47648    0.04918    0.02715   11.08471    1.95035    0.75968    3.18484    2.00000
 180.27811   -0.24255   23.56759   23.15316    0.36902    0.20367    6.14439    0.48936    2.12406    3.85554    2.00000
 180.01825    0.00205   22.66887   22.37052    0.01837    0.01014   12.34639   -1.36496    2.26370    0.90841    2.00000
 180.07716    0.02086   23.81518   23.35863    0.07993    0.04411    5.10997   -6.42015   -1.63417  -11.28838    2.00000
 179.92776   -0.12928   22.52628   22.24200    0.14809    0.08173   13.87672   -4.84224   -0.32618   -4.91221    2.00000
 179.97331    0.03701   23.72428   23.28353    0.04562    0.02518    5.48805    2.77359   -2.99028   -1.88268    2.00000
 180.07599    0.01875   22.99318   22.65972    0.07827    0.04320    9.56224   -1.37037    1.49451    1.05553    2.00000
 180.01332    0.01141   21.55084   21.33038    0.01754    0.00968   30.18629    0.81367   -2.00804   -0.39684    2.00000
 179.96973   -0.09938   22.30771   22.04157    0.10389    0.05734   16.26338   -7.28690   -0.36035   -8.78323    2.00000
 179.98424    0.06087   22.72240   22.41849    0.06288    0.03471   11.77518    0.13382    0.51427    2.63194    2.00000
 179.97739   -0.02833   23.82233   23.36452    0.03625    0.02001    5.08028    2.59180   -0.72013   -0.27587    2.00000
 179.99306    0.06876   22.97595   22.64460    0.06911    0.03814    9.67985   -2.47212    0.61142   -3.45068    2.00000
 179.96748   -0.02362   17.29478   16.67793    0.04019    0.02218  561.59174    2.15083    0.63520    2.73999    2.00000
 179.91162    0.06321   22.87674   22.55634    0.10866    0.05997   10.36640    0.29239   -0.87988   -0.95671    2.00000
 180.00427    0.00385   22.82723   22.51221    0.00576    0.00318   10.70962    0.84869    0.31188    0.36075    2.00000
 179.92723    0.06816   21.77211   21.54346    0.09970    0.05503   24.94517   -1.55637    4.14526    2.93770    2.00000
 180.07552   -0.03644   23.19128   22.83271    0.08385    0.04628    8.21673    4.38875   -3.07600    1.30925    2.00000
 180.07999    0.05467   23.22298   22.86023    0.09687    0.05347    8.00269   -2.60853    1.42405   -3.38970    2.00000
 180.05219    0.01856   23.67002   23.23858    0.05539    0.03057    5.71433   -2.97973    1.52218   -4.05975    2.00000
 180.13086    0.01393   22.76980   22.46086    0.13160    0.07263   11.27060    2.69437    1.04987    5.13981    2.00000
 179.97176    0.00806   21.78005   21.55112    0.02937    0.01621   24.80791   -5.12414   -1.30656   -5.58117    2.00000
 179.89963    0.00226   23.74112   23.29748    0.10040    0.05541    5.41783    6.02842    0.26271    8.45565    2.00000
 179.97707   -0.00640   22.54503   22.25909    0.02381    0.01314   13.67327   -2.20275    0.07127   -2.15192    2.00000
 179.99844   -0.05751   23.45584   23.05863    0.05753    0.03175    6.62030    1.33295   -1.73926    0.49738    2.00000
 179.93462   -0.06641   23.26686   22.89833    0.09320    0.05144    7.70632    0.59841    1.90540    4.28393    2.00000
 179.97414   -0.00773   22.05577   21.80882    0.02700    0.01490   20.18674   -5.07834   -2.67976   -8.43005    2.00000
 179.97862   -0.07507   23.18397   22.82636    0.07805    0.04308    8.26612    4.89899   -0.62050    6.77998    2.00000
 180.02071    0.06996   23.59651   23.17732    0.07297    0.04027    6.02279    0.32493   -0.91950    1.17495    2.00000
 179.98511    0.02346   23.08261   22.73797    0.02779    0.01534    8.95358    0.59442   -1.69048   -1.81631    2.00000
 180.10756    0.04620   22.62192   22.32834    0.11706    0.06461   12.84871    0.68168    1.39499    0.37240    2.00000
 180.06770   -0.01927   22.57758   22.28849    0.07040    0.03886   13.32313   -2.70786    1.95416   -0.45328    2.00000
 179.93922    0.02458   21.63260   21.40897    0.06556    0.03618   28.11913   -1.65167    0.12692   -1.11366    2.00000
 179.95627   -0.02450   21.99548   21.75269    0.05012    0.02766   21.19333   -0.08587   -0.54385    0.01391    2.00000
 179.98299    0.01391   22.78227   22.47202    0.02198    0.01213   11.13782   -1.66145   -0.26217   -4.12309    2.00000
 179.98653   -0.01948   23.38804   23.00123    0.02369    0.01308    6.90933   -3.33719   -0.53247   -5.28575    2.00000
 180.03500    0.01606   23.24492   22.87928    0.03851    0.02125    7.85450    4.58161   -2.94987    5.31626    2.00000
 179.99387    0.05360   23.07541   22.73168    0.05395    0.02978    9.00254    5.77872    3.24194    8.51425    2.00000
 180.14642    0.36668   23.73925   23.29593    0.39484    0.21792    5.42563    0.97996   -1.50766   -1.60677    2.00000
 179.93115   -0.00963   23.38804   23.00123    0.06952    0.03837    6.90933    0.36911   -1.87149   -6.48126    2.00000
 180.02216    0.04268   20.59893   20.14992    0.04808    0.02654   75.65586   -3.43421    0.63303   -2.64360    2.00000
 179.93188    0.04103   22.67669   22.37755    0.07951    0.04388   12.26267    8.26145    0.22044    7.34941    2.00000
 180.01974   -0.19016   22.93151   22.60515    0.19118    0.10552    9.98668   -2.26389   -1.15497   -2.09427    2.00000
 179.95988   -0.06453   22.75732   22.44971    0.07598    0.04194   11.40338   -0.28112   -0.75592   -3.52192    2.00000
 179.98381    0.00048   22.62975   22.33537    0.01620    0.00894   12.76499   -0.42147   -0.82582   -0.29132    2.00000
 179.98277    0.03546   22.71990   22.41626    0.03942    0.02176   11.80173    1.56692    3.20190    7.02951    2.00000
 180.01550    0.01068   23.56759   23.15316    0.01883    0.01040    6.14439    3.46086    2.57416    6.46170    2.00000
 179.95032    0.02429   23.74300   23.29903    0.05530    0.03052    5.41002   -1.14922   -0.48841   -1.30708    2.00000
 180.03413   -0.00432   22.78726   22.47648    0.03441    0.01899   11.08471   -0.49843   -1.24412   -0.82374    2.00000
 180.02071   -0.01328   22.59845   22.30724    0.02461    0.01358   13.09987    3.62750   -3.95437   -0.68133    2.00000
 180.02580    0.03952   23.78899   23.33700    0.04719    0.02605    5.21882    1.72898    0.24572   -2.28649    2.00000
 180.05487    0.09374   22.19987   21.94246    0.10862    0.05995   17.79032    3.01051   -6.55187   -4.77452    2.00000
 180.01619    0.07889   22.12903   21.87756    0.08054    0.04445   18.95409   -4.11441   -0.90781   -5.45491    2.00000
 180.06364    0.01754   18.73946   18.17968    0.06603    0.03644  261.06207    1.36499   -1.72172   -0.32659    2.00000
 180.07358   -0.07227   22.03932   21.79351    0.10314    0.05692   20.46127    4.75698    2.73839    6.60320    2.00000
 179.93874   -0.02707   20.90583   20.56678    0.06698    0.03697   55.11226   -0.75144   -1.32321   -2.02973    2.00000
 179.99683   -0.00551   23.59490   23.17597    0.00635    0.00351    6.02954   -1.18438    0.21961   -1.62889    2.00000
 179.99236   -0.01395   22.68191   22.38224    0.01590    0.00878   12.20686    2.07037   -1.57460   -1.36225    2.00000
 179.95975    0.04994   23.45044   23.05406    0.06415    0.03541    6.64333    3.02444    0.67725    2.85541    2.00000
 179.97066   -0.09481   23.27418   22.90468    0.09925    0.05478    7.65693   -5.96917    1.38197   -6.13438    2.00000
 180.00365    0.00480   22.33411   22.06590    0.00602    0.00333   15.97374    1.60030   -0.87465    0.10785    2.00000
 179.97443   -0.05293   22.46066   22.18220    0.05879    0.03245   14.58880    6.49843    2.91013   10.53749    2.00000
 180.03374    0.05876   22.59062   22.30021    0.06775    0.03739   13.18359    3.78455   -1.71312    3.23487    2.00000
 179.97250   -0.04689   22.76980   22.46086    0.05436    0.03000   11.27060    1.55504   -1.54917    0.46107    2.00000
 179.98868   -0.01977   23.78184   23.33111    0.02278    0.01257    5.24851    1.48561    1.44531    6.50357    2.00000
 179.98856    0.00588   22.66887   22.37052    0.01287    0.00711   12.34639    3.07478   -0.03755    4.11016    2.00000
 180.06013    0.00104   22.19730   21.94009    0.06014    0.03319   17.83268    2.49136    0.21041    1.74703    2.00000
 179.98944    0.05312   22.21015   21.95191    0.05416    0.02989   17.62086    2.38961   -2.80329   -1.00727    2.00000
 179.99863    0.03083   21.97081   21.72972    0.03086    0.01703   21.60512   -3.83607   -1.14000   -4.59266    2.00000
 179.96532    0.07878   23.50449   23.09980    0.08608    0.04751    6.41306   -1.72849   -0.75498    2.06717    2.00000
 180.00200    0.02306   22.10544   21.85576    0.02315    0.01278   19.34501   -4.08970    0.64975   -3.88156    2.00000
 180.02045   -0.05189   23.48017   23.07922    0.05577    0.03078    6.51668    2.85250    2.54048    6.50016    2.00000
 179.98100   -0.02653   23.56759   23.15316    0.03262    0.01800    6.14439    3.40989    0.33389    2.22360    2.00000
 179.97070   -0.01267   21.65569   21.43120    0.03192    0.01762   27.53438    1.75434    1.91700    3.43328    2.00000
 179.98940   -0.03161   21.14848   20.90308    0.03334    0.01840   42.50915   11.29510   -2.00006    9.14220    2.00000
 180.00449   -0.14539   22.59062   22.30021    0.14546    0.08028   13.18359   -3.33386    1.34191   -4.51164    2.00000
 180.03375   -0.01740   23.50990   23.10437    0.03797    0.02096    6.39003   -4.59953   -1.32824   -4.82054    2.00000
 180.05049   -0.00465   23.36354   22.98047    0.05071    0.02799    7.06738   -3.25215    4.23504   -6.05025    2.00000
 179.95651    0.00836   23.52611   23.11809    0.04428    0.02444    6.32095    1.13799   -0.71178   -3.23894    2.00000
 180.01231    0.01637   23.81280   23.35666    0.02048    0.01131    5.11986    3.72458    4.14179   -1.39120    2.00000
 180.04646   -0.04284   22.39412   22.12118    0.06320    0.03488   15.31545   -4.88969    2.18088   -2.26609    2.00000
 180.03442   -0.11952   22.51456   22.23133    0.12438    0.06865   14.00388    2.25069    1.28514    3.12063    2.00000
 180.00235    0.00368   20.04866   19.56078    0.00436    0.00241  113.42116   -2.90781    0.04757   -2.99138    2.00000
 180.05042   -0.09876   23.53962   23.12953    0.11089    0.06120    6.26338   -3.93520    0.98629    3.01831    2.00000
 179.95732    0.04183   23.12342   22.77364    0.05976    0.03298    8.67618   -0.21175    2.35140    1.56063    2.00000
 180.00366   -0.00669   22.42292   22.14772    0.00762    0.00421   14.99947    0.63370   -0.83225    1.09367    2.00000
 180.02759    0.08948   23.27418   22.90468    0.09364    0.05168    7.65693    3.32601   -3.42174    0.81068    2.00000
 179.94388    0.09835   23.67002   23.23858    0.11323    0.06250    5.71433   -6.72204   -0.13485   -6.90792    2.00000
 179.80653    0.16625   22.40372   22.13003    0.25508    0.14079   15.21013    3.54803   -2.93771   -0.83735    2.00000
 179.97404   -0.00704   23.24736   22.88139    0.02689    0.01484    7.83804   -4.33472   -2.49749   -7.24672    2.00000
 179.99416    0.05210   23.28190   22.91130    0.05243    0.02894    7.60543   -0.49157    4.77901    7.60467    2.00000
 180.01807   -0.05735   23.59169   23.17329    0.06013    0.03319    6.04306    5.62918   -0.88823    8.40094    2.00000
 180.01385    0.08017   23.27918   22.90900    0.08136    0.04491    7.62329   -2.67066    2.12912   -3.26956    2.00000
 179.87000   -0.03623   23.81518   23.35863    0.13496    0.07449    5.10997   -0.77189   -3.11231   -0.26799    2.00000
 179.98196    0.03920   22.89500   22.57261    0.04315    0.02381   10.23983    2.49060   -2.57250   -0.16121    2.00000
 180.01096   -0.01278   19.90894   19.41414    0.01683    0.00929  125.14496    5.50577   -0.93213    4.67205    2.00000
 180.07782   -0.03723   22.59845   22.30724    0.08627    0.04761   13.09987   -5.00780    0.73232   -5.42666    2.00000
 179.95264   -0.06976   23.45044   23.05406    0.08432    0.04654    6.64333    0.77531   -0.66406    1.02172    2.00000
 179.86691   -0.02664   23.55044   23.13868    0.13573    0.07491    6.21732    0.17612    1.50019    7.35177    2.00000
 180.05595    0.01045   20.11925   19.63499    0.05692    0.03142  108.34527   -2.49470    1.89318   -0.56092    2.00000
 180.04260    0.02100   21.11712   20.86497    0.04750    0.02622   43.93710   -6.15346    1.00315   -5.34985    2.00000
 180.04253   -0.02210   23.57401   23.15853    0.04793    0.02645    6.11737   -0.44123   -3.21651    1.68093    2.00000
 180.01720   -0.01500   22.51222   22.22919    0.02282    0.01259   14.02931    0.47592   -1.30504   -3.46437    2.00000
 180.01703    0.04415   23.57562   23.15987    0.04732    0.02612    6.11062   -0.91380   -1.52829    0.61649    2.00000
 180.00761    0.01066   23.79851   23.34487    0.01310    0.00723    5.17924   -5.39672   -0.73208  -11.14434    2.00000
 179.98073   -0.01702   21.57225   21.35096    0.02571    0.01419   29.64489   -0.96254   -0.58680   -2.56134    2.00000
 179.92389   -0.01367   23.77708   23.32718    0.07733    0.04268    5.26830   -2.33238    0.26928   -1.62943    2.00000
 179.87798    0.01471   19.06117   18.52283    0.12290    0.06783  214.41603    0.40273   -1.38363   -1.03239    2.00000
 179.92996    0.04956   23.17665   22.82001    0.08580    0.04736    8.31552    4.71617    1.34229    7.85190    2.00000
 179.95869   -0.03110   22.28984   22.02514    0.05171    0.02854   16.45903   -1.86759    3.30276    1.08451    2.00000
 179.91882   -0.02858   22.45363   22.17580    0.08605    0.04750   14.66509    1.70805    0.79196    1.34746    2.00000
 180.02567   -0.04832   22.29498   22.02987    0.05471    0.03020   16.40276    2.80255    2.96012    5.20302    2.00000
 180.02222   -0.00910   21.61897   21.39587    0.02401    0.01325   28.46366    1.15203   -0.76791    0.81922    2.00000
 179.99698   -0.07685   22.79974   22.48763    0.07691    0.04245   10.95192   -2.67862    1.12607   -1.62948    2.00000
 179.62688    0.05302   21.75623   21.52815    0.37688    0.20801   25.21969    1.46491   -2.39405   -0.42077    2.00000
 180.05057   -0.01221   22.67669   22.37755    0.05203    0.02871   12.26267   -2.22928   -0.27670    0.34703    2.00000
 180.01952   -0.02728   21.17895   20.93882    0.03355    0.01852   41.16956   -1.35494    1.23035    0.06494    2.00000
 179.97321    0.01193   22.43722   22.16085    0.02932    0.01618   14.84311    4.42174    0.59912    3.08006    2.00000
