#RA        DEC       MAG_G     MAG_I     ANGSEP    RPROJ     SNR       VTRUE       VSYS       VMEAS      VSYSERR    
 179.98860    0.00153   20.89345   20.54621    0.01150    0.00635   55.88341    1.29823   -2.15606   -0.86886    2.00000
 180.04774   -0.02865   23.59490   23.17597    0.05568    0.03073    6.02954   -3.84088   -2.19286  -11.13886    2.00000
 179.89340   -0.04318   23.09941   22.75266    0.11501    0.06348    8.83936    0.47046    1.16392    7.48852    2.00000
 179.96680   -0.04317   23.67189   23.24013    0.05446    0.03006    5.70652    2.83032    1.31676    6.59978    2.00000
 179.77481    0.25556   21.34571   21.12117    0.34062    0.18800   35.68941    2.10258    1.35220    3.20346    2.00000
 179.95259   -0.05079   23.28734   22.91591    0.06948    0.03835    7.56956   -2.69489   -2.83815   -7.68590    2.00000
 180.03461    0.00759   22.01466   21.77055    0.03542    0.01955   20.87306    5.69815   -0.38255    5.08768    2.00000
 180.03831    0.04918   23.31455   22.93897    0.06235    0.03441    7.39021    2.46458   -0.37518    5.10907    2.00000
 180.12512    0.03839   22.63757   22.34240    0.13088    0.07223   12.68127   -1.15836   -2.52045   -4.08497    2.00000
 179.95898    0.00443   21.82626   21.59449    0.04126    0.02277   24.03009   -0.39107    2.28993    0.99747    2.00000
 179.93665   -0.00287   20.63069   20.18621    0.06343    0.03501   73.78579    4.80394    0.36921    5.22773    2.00000
 179.99979   -0.01107   23.33361   22.95511    0.01107    0.00611    7.26466   -5.43290    4.08288    2.63571    2.00000
 180.10126    0.09524   23.47746   23.07693    0.13901    0.07672    6.52819    0.97280   -1.32450   -3.91086    2.00000
 180.03558    0.05451   22.97487   22.64366    0.06510    0.03593    9.68720    4.61154    0.96712    8.63756    2.00000
 180.12083   -0.13006   23.78422   23.33307    0.17753    0.09798    5.23861    1.06565   -2.52144    1.77675    2.00000
 180.00063   -0.04298   23.39620   23.00814    0.04298    0.02372    6.87450    0.92820    0.79523   -2.82817    2.00000
 180.01738   -0.02045   23.59490   23.17597    0.02684    0.01481    6.02954   -2.35049    0.24242   -5.37985    2.00000
 179.82683    0.03510   21.95163   21.71186    0.17669    0.09752   21.92540   -4.03700    0.64945   -2.55790    2.00000
 179.84734   -0.12384   21.44242   21.22035    0.19658    0.10849   33.08067    4.93104   -4.20246    1.94000    2.00000
 179.98575    0.05175   22.61931   22.32599    0.05367    0.02962   12.87662   -0.92083   -1.28788   -1.57025    2.00000
 180.00372   -0.00267   22.25128   21.98971    0.00458    0.00253   16.94302    1.06889   -1.36089   -0.71035    2.00000
 179.96359   -0.03614   21.81537   21.58429    0.05129    0.02831   24.21310   -3.84912    0.11207   -3.38266    2.00000
 179.95993    0.04130   21.66892   21.44395    0.05754    0.03176   27.19880   -8.16253    0.89795   -7.33055    2.00000
 180.03548    0.00819   18.08899   17.80470    0.03641    0.02010  319.12250   -0.25973    2.32957    2.04241    2.00000
 180.06236    0.04971   22.06947   21.82158    0.07975    0.04402   19.95797    1.19773    1.43996    3.11509    2.00000
 180.15858    0.09257   20.65100   20.20962    0.18363    0.10135   72.57974   -3.29104    3.90767    0.71549    2.00000
 180.03641    0.09935   23.15471   22.80096    0.10581    0.05840    8.46370    1.24437   -3.00015   -4.82472    2.00000
 179.99219   -0.04327   22.05577   21.80882    0.04397    0.02427   20.18674    0.65671    0.87515   -0.35800    2.00000
 179.99670   -0.02133   23.28462   22.91361    0.02159    0.01191    7.58749    2.20202   -1.69793   -4.40256    2.00000
 180.05853   -0.00393   23.82471   23.36649    0.05867    0.03238    5.07038    2.11982   -2.97033   -3.26063    2.00000
 179.96643    0.03953   23.59651   23.17732    0.05186    0.02862    6.02279    4.09826   -0.95440    7.81566    2.00000
 179.99529    0.01434   22.92891   22.60283    0.01509    0.00833   10.00477   -7.67923    0.85066   -5.50937    2.00000
 179.96819   -0.03719   23.37715   22.99200    0.04894    0.02701    6.97770    0.47571   -1.31633    0.74025    2.00000
 179.96208    0.03872   20.73675   20.31349    0.05419    0.02991   67.22669   -0.54250   -2.74962   -3.33388    2.00000
 179.98457   -0.04551   23.80566   23.35076    0.04806    0.02652    5.14955    0.07978   -2.71981    0.16383    2.00000
 179.95941   -0.02778   19.78246   19.28183    0.04918    0.02715  136.80571    4.21696    0.60321    4.86508    2.00000
 180.53459    0.43572   22.96281   22.63305    0.68966    0.38066    9.76970    2.52717    1.78946    7.45031    2.00000
 179.97961    0.08981   22.42292   22.14772    0.09209    0.05083   14.99947    2.21629    1.33857    3.23993    2.00000
 180.02576   -0.10220   22.74984   22.44302    0.10540    0.05817   11.48305    4.07877   -0.00418    6.92524    2.00000
 180.05574   -0.01296   22.94977   22.62143    0.05723    0.03158    9.86011    1.12400   -1.49607   -1.43415    2.00000
 179.67551    0.05589   23.83900   23.37828    0.32928    0.18174    5.01101   -2.74627    1.79478    7.67267    2.00000
 179.94281   -0.00450   22.34371   22.07474    0.05737    0.03166   15.86841   -1.47887   -0.52181   -2.44969    2.00000
 180.07750    0.00380   23.66628   23.23548    0.07760    0.04283    5.72993    2.11345   -0.26250    0.78179    2.00000
 179.96245   -0.02086   23.82947   23.37042    0.04296    0.02371    5.05059   -0.12622    2.16187   -3.04276    2.00000
 180.01620    0.01686   22.50753   22.22492    0.02339    0.01291   14.08017    0.19541   -0.79021    0.16359    2.00000
 180.02000   -0.00011   23.08021   22.73588    0.02001    0.01105    8.96990    4.14349    1.60903    7.24390    2.00000
 179.95628   -0.03987   23.50179   23.09751    0.05917    0.03266    6.42457    4.91612    0.60217    6.94334    2.00000
 180.08598   -0.07241   22.92108   22.59586    0.11241    0.06204   10.05901   -2.62164    1.34398    4.04763    2.00000
 179.93291    0.04430   22.24871   21.98734    0.08041    0.04438   16.98538   -0.35888    0.82123    0.55316    2.00000
 180.10242    0.00526   23.08501   22.74007    0.10256    0.05660    8.93726    0.20804   -0.78801    0.43734    2.00000
 180.08693    0.06322   20.67767   20.24175    0.10749    0.05933   70.92396    4.93098    3.12687    7.55502    2.00000
 180.10814   -0.06027   22.87153   22.55169    0.12380    0.06833   10.40257    0.97201   -3.48082   -3.72638    2.00000
 179.89833    0.03886   22.85066   22.53309    0.10885    0.06007   10.54722   -0.90636    1.80483    3.11577    2.00000
 180.05878   -0.07542   21.47633   21.25499    0.09562    0.05277   32.16939    2.86349    1.57947    4.07931    2.00000
 179.99864    0.09595   23.82947   23.37042    0.09596    0.05296    5.05059   -2.36820    3.14517   -0.82006    2.00000
 179.96449    0.06921   22.62453   22.33068    0.07779    0.04293   12.82081   -5.24161    1.08474   -2.97954    2.00000
 179.99890    0.01009   22.49347   22.21210    0.01015    0.00560   14.23276   -1.72189    4.32164    5.24870    2.00000
 179.96770   -0.03764   23.36082   22.97817    0.04960    0.02738    7.08531    3.18096    0.71546   -2.22862    2.00000
 179.99744   -0.06434   23.61578   23.19342    0.06439    0.03554    5.94172   -2.49152    2.47820   -4.51782    2.00000
 179.88589    0.08486   23.26198   22.89410    0.14220    0.07848    7.73925    4.46827   -0.58273   -2.86519    2.00000
 180.01599   -0.13538   21.30527   21.07808    0.13632    0.07524   36.82292    5.49371   -1.81105    3.42693    2.00000
 179.94560    0.05370   21.25471   21.02421    0.07644    0.04219   38.23980   -2.09355    2.50519    0.59116    2.00000
 180.03197    0.01327   22.39412   22.12118    0.03461    0.01910   15.31545    2.19582   -0.90451    1.92941    2.00000
 180.04478   -0.02883   22.94195   22.61445    0.05326    0.02939    9.91436   -2.30418   -1.29825   -1.89134    2.00000
 180.13020   -0.02645   22.73986   22.43410    0.13286    0.07333   11.58928   -0.50809   -0.01121   -0.53288    2.00000
 179.94164    0.01768   23.33905   22.95972    0.06099    0.03366    7.22879    0.91478   -0.28235    1.11589    2.00000
 179.96156   -0.03602   22.24614   21.98498    0.05267    0.02907   17.02775   -0.50279    0.59197   -0.22813    2.00000
 179.99130   -0.10966   21.94889   21.70931    0.11000    0.06071   21.97115   -2.92320   -4.10946   -7.12184    2.00000
 179.97975   -0.00825   22.03932   21.79351    0.02187    0.01207   20.46127   -2.30490    1.58479   -0.21085    2.00000
 180.09792    0.06355   23.24492   22.87928    0.11674    0.06443    7.85450   -2.63634    0.87578   -1.92232    2.00000
 179.98521    0.03737   22.77229   22.46309    0.04019    0.02218   11.24404   -2.71260   -2.32116   -6.02785    2.00000
 180.02808    0.02320   23.42611   23.03348    0.03643    0.02010    6.74695    3.30140    1.14942    8.58714    2.00000
 180.07678   -0.04727   23.67564   23.24323    0.09016    0.04976    5.69092    3.93909    1.51263    9.01968    2.00000
 180.00960   -0.13353   22.26413   22.00152    0.13387    0.07389   16.74035    0.10698   -4.54628   -4.53877    2.00000
 179.96004   -0.01091   23.72054   23.28043    0.04142    0.02286    5.50366   -3.48172    0.39472    3.56776    2.00000
 179.98665    0.02485   21.24238   21.01099    0.02821    0.01557   38.58755   -0.72751   -1.06040   -2.35426    2.00000
 180.01247   -0.00853   22.50753   22.22492    0.01511    0.00834   14.08017    3.51705   -3.19409   -0.00761    2.00000
 180.07986   -0.05082   23.45854   23.06092    0.09465    0.05224    6.60879    0.67789   -0.15781   -2.66264    2.00000
 179.84003    0.01273   22.66105   22.36349    0.16048    0.08857   12.43011    0.14226    1.19587    1.81496    2.00000
 179.99809    0.08890   20.86170   20.49177    0.08892    0.04908   58.03898   -0.05300    1.53379    1.39263    2.00000
 180.08195   -0.02741   21.89702   21.66083    0.08642    0.04770   22.84048   -0.25194    0.70077   -0.58326    2.00000
 180.00516    0.02861   22.57758   22.28849    0.02907    0.01604   13.32313    0.72956    0.35566    2.60528    2.00000
 180.02277   -0.09673   23.05861   22.71700    0.09937    0.05485    9.11676    1.72597    1.09689    4.52464    2.00000
 180.00198    0.01963   21.85620   21.62256    0.01973    0.01089   23.52679   -1.73552   -3.14175   -3.46356    2.00000
 179.97011    0.03253   23.02012   22.68335    0.04418    0.02438    9.37848   -3.21913   -1.40957   -2.74417    2.00000
 179.97255    0.04749   22.96841   22.63799    0.05485    0.03028    9.73130   -1.96534   -5.55120   -5.09816    2.00000
 179.99519   -0.05464   23.09221   22.74637    0.05485    0.03028    8.88831    7.85395    3.56945   12.29593    2.00000
 180.10007   -0.02360   21.52930   21.30910    0.10281    0.05674   30.74618   -9.04298   -4.58400  -14.82400    2.00000
 179.96933   -0.15362   23.56125   23.14782    0.15665    0.08646    6.17127    7.99000    1.52752    8.20711    2.00000
 180.01128   -0.03249   22.51456   22.23133    0.03440    0.01898   14.00388    1.10048    1.52359    2.88045    2.00000
 180.04512   -0.02214   23.75565   23.30949    0.05026    0.02774    5.35737   -2.70338   -3.62097   -4.44853    2.00000
 180.03008    0.03950   22.77978   22.46979    0.04964    0.02740   11.16438   -6.38553   -4.25193   -9.95557    2.00000
 180.04475   -0.06048   22.67930   22.37990    0.07524    0.04152   12.23476    1.55282   -1.94227   -0.83913    2.00000
 180.01283    0.04087   21.20465   20.96868    0.04283    0.02364   40.05043   -3.36841   -1.43800   -4.77960    2.00000
 180.04491   -0.12725   22.34611   22.07695    0.13494    0.07447   15.84208   -1.78277    0.33843   -1.67220    2.00000
 180.01605   -0.04689   23.40165   23.01276    0.04957    0.02736    6.85129   -0.50223    1.93902    3.53883    2.00000
 180.07838    0.06216   23.30911   22.93436    0.10003    0.05521    7.42608   -4.77534   -0.87856   -7.98620    2.00000
 179.93994   -0.05729   22.78726   22.47648    0.08300    0.04581   11.08471   -6.35703    1.84408   -3.40368    2.00000
 180.03468    0.03450   22.97918   22.64744    0.04892    0.02700    9.65780    3.63780   -0.77995    4.27586    2.00000
 179.83540    0.24299   23.25955   22.89198    0.29349    0.16198    7.75571   -2.21077    0.81604   -0.51207    2.00000
 180.07587    0.07597   22.35091   22.08138    0.10736    0.05926   15.78942   -0.40426   -1.45288   -1.92333    2.00000
 180.03320   -0.02992   22.08374   21.83512    0.04470    0.02467   19.71511    3.73686    0.68630    3.65837    2.00000
 180.02728    0.07431   22.82723   22.51221    0.07917    0.04369   10.70962    5.11512    1.72097    5.39504    2.00000
 180.00784   -0.01044   22.90543   22.58191    0.01306    0.00721   10.16750   -0.45634    6.05680    0.51681    2.00000
 180.03198   -0.05568   22.67148   22.37286    0.06421    0.03544   12.31848    6.28894   -1.26648    8.02468    2.00000
 180.06628   -0.08133   22.95760   22.62840    0.10493    0.05791    9.80587   -0.79216    1.95823    1.38705    2.00000
 179.97336   -0.00539   23.50179   23.09751    0.02718    0.01500    6.42457    2.34204   -1.46261    4.78909    2.00000
 180.00949    0.01498   23.71119   23.27268    0.01773    0.00979    5.54267   -1.44054   -2.67660    0.02690    2.00000
 180.00050    0.27319   22.44425   22.16725    0.27319    0.15078   14.76681    0.34214    0.12096    0.48358    2.00000
 179.90610    0.04202   21.31740   21.09101    0.10289    0.05678   36.48287    3.86906   -2.06352    2.20466    2.00000
 179.99406   -0.01138   21.81809   21.58684    0.01284    0.00708   24.16735    2.28498   -0.38042    2.40375    2.00000
 179.94223   -0.00742   22.28213   22.01806    0.05824    0.03214   16.54342   -2.89901   -1.95007   -4.15228    2.00000
 180.03258    0.04092   23.05381   22.71280    0.05231    0.02887    9.14940    0.76986    1.69476    0.52067    2.00000
 179.98752   -0.01030   21.87525   21.64042    0.01618    0.00893   23.20651   -6.48971    0.18120   -7.12670    2.00000
 179.88139   -0.08000   23.81042   23.35469    0.14307    0.07896    5.12976    0.97850   -0.30069   -6.54913    2.00000
 180.01176   -0.03708   23.33905   22.95972    0.03890    0.02147    7.22879    0.58050   -0.49804    0.65285    2.00000
 180.01527   -0.02579   23.78422   23.33307    0.02997    0.01654    5.23861    4.35357    1.65460    8.77725    2.00000
 179.96042   -0.02954   22.67669   22.37755    0.04939    0.02726   12.26267    0.77418   -0.74084    0.74942    2.00000
 179.97005   -0.01255   23.84138   23.38025    0.03248    0.01793    5.00111   -3.46746   -0.31206   -3.28531    2.00000
 180.00845    0.00762   22.21787   21.95899    0.01139    0.00629   17.49376    4.01558   -0.07328    3.53099    2.00000
 180.02911    0.08535   22.21529   21.95663    0.09018    0.04977   17.53613    1.40032    2.09080    0.99581    2.00000
 179.99051    0.06634   23.24736   22.88139    0.06702    0.03699    7.83804   -2.09023    0.03973   -3.97448    2.00000
 180.14696   -0.03015   22.31251   22.04600    0.15002    0.08280   16.21072    6.50747    1.59094    7.73394    2.00000
 180.01608    0.00156   23.38259   22.99661    0.01616    0.00892    6.94184    0.66420   -0.14932    3.01614    2.00000
 180.00246    0.03224   23.02500   22.68763    0.03233    0.01784    9.34521   -2.06654   -0.16167   -0.01879    2.00000
 179.98775    0.11763   23.57723   23.16121    0.11827    0.06528    6.10386   -5.06343    0.21123   -4.11025    2.00000
 179.95087    0.02315   22.32211   22.05484    0.05431    0.02997   16.10540   -1.46996   -0.56212   -2.96393    2.00000
 180.20726    0.00951   23.71867   23.27888    0.20748    0.11451    5.51146    5.67617    0.07546    2.60814    2.00000
 179.97092   -0.02646   23.24736   22.88139    0.03932    0.02170    7.83804    7.21299   -0.71964    5.05970    2.00000
 179.96719    0.02589   22.52394   22.23987    0.04179    0.02307   13.90215    0.54779   -2.26455   -0.81922    2.00000
 180.01550   -0.02662   22.43012   22.15435    0.03081    0.01700   14.92048   -1.27125   -1.20401   -1.45104    2.00000
 179.73842   -0.31557   21.77476   21.54601    0.40989    0.22623   24.89941    5.60861   -0.69452    5.08905    2.00000
 179.96869    0.08638   21.64039   21.41645    0.09188    0.05071   27.92226    0.41612   -0.90735   -0.80288    2.00000
 179.99129    0.08937   20.36709   19.89741    0.08980    0.04956   90.39823    6.24546   -0.15696    6.07651    2.00000
 180.00998    0.01113   23.24736   22.88139    0.01495    0.00825    7.83804    2.30410    0.37903    6.08585    2.00000
 179.93617    0.43386   23.60614   23.18537    0.43853    0.24204    5.98225    1.47991   -0.91636   -1.12948    2.00000
 179.98862   -0.02687   23.44233   23.04720    0.02918    0.01611    6.67787    4.47815   -0.72700   -0.61278    2.00000
 180.07829   -0.22258   22.44894   22.17153    0.23594    0.13022   14.71595    0.07537   -0.62666    0.60843    2.00000
 180.03178    0.03310   22.37732   22.10570    0.04590    0.02533   15.49977   -1.54138    2.07662   -0.46362    2.00000
 180.02232    0.00720   20.91876   20.58788    0.02345    0.01294   54.32179    1.41640   -2.56325   -0.82662    2.00000
 180.05106    0.03031   17.84988   17.21787    0.05937    0.03277  430.77859   -6.15138    0.48366   -5.66398    2.00000
 179.95435    0.13424   18.06436   17.75400    0.14178    0.07825  327.76889   -2.10879    2.06970   -0.09641    2.00000
 179.88898   -0.01896   21.65039   21.42609    0.11264    0.06217   27.66861    5.23888    0.26192    5.87821    2.00000
 179.99248    0.01211   23.28734   22.91591    0.01426    0.00787    7.56956   -2.80371    0.81216   -8.09327    2.00000
 180.05766   -0.00962   21.89430   21.65828    0.05846    0.03226   22.88624   -6.39779   -1.02150   -6.86732    2.00000
 180.08447   -0.02288   22.88978   22.56796    0.08753    0.04831   10.27600    1.88154   -1.92128    1.38391    2.00000
 180.01402   -0.00701   22.54737   22.26123    0.01569    0.00866   13.64784   -4.43817    0.62618   -3.10533    2.00000
 179.99057    0.01187   23.38259   22.99661    0.01516    0.00837    6.94184   -3.88997   -2.98908   -9.60966    2.00000
 179.98604   -0.00517   22.31011   22.04378    0.01489    0.00822   16.23705    1.43667   -1.20206    0.47313    2.00000
 180.11748   -0.05042   23.39620   23.00814    0.12785    0.07056    6.87450    0.92018   -0.44653   -1.14666    2.00000
 179.92943    0.04188   22.56715   22.27912    0.08206    0.04529   13.43476   -2.47273   -0.37362   -1.13588    2.00000
 180.06110   -0.00455   23.46395   23.06550    0.06127    0.03382    6.58576    0.52699    2.57979    4.71026    2.00000
 180.07648   -0.01377   23.16690   22.81154    0.07771    0.04289    8.38138    0.01963    2.09575    8.78465    2.00000
 179.95842   -0.07233   21.83170   21.59960    0.08343    0.04605   23.93858   -2.14689    0.10863   -1.12080    2.00000
 179.97482    0.00905   22.90804   22.58423    0.02675    0.01476   10.14942   -3.94107    2.06680   -3.38482    2.00000
 179.96706    0.01294   23.38259   22.99661    0.03540    0.01954    6.94184   -0.77241   -4.60342   -7.83950    2.00000
 180.03217    0.01116   23.66628   23.23548    0.03404    0.01879    5.72993   -5.31654    1.51673   -2.15942    2.00000
 179.89366   -0.15508   21.93245   21.69400    0.18804    0.10378   22.24568    4.83309    0.97872    6.70333    2.00000
 180.02718    0.01812   22.05577   21.80882    0.03266    0.01803   20.18674    2.52790    0.45069    4.14799    2.00000
 180.07173    0.01770   22.34371   22.07474    0.07388    0.04078   15.86841   -1.28536    3.19291    2.66351    2.00000
 179.97955    0.01083   23.31455   22.93897    0.02313    0.01277    7.39021   -1.82601    3.05055    0.80473    2.00000
 179.96407    0.02735   19.29644   18.77231    0.04515    0.02492  186.82475    7.08228    0.47812    7.48396    2.00000
 179.94130    0.01128   23.09221   22.74637    0.05978    0.03299    8.88831    2.68656    3.03028    8.23229    2.00000
 180.01839    0.02145   23.48017   23.07922    0.02826    0.01560    6.51668    4.08668   -0.15351    3.44888    2.00000
 179.94009   -0.00468   23.62221   23.19879    0.06008    0.03316    5.91469   -5.89420    1.08884   -4.29488    2.00000
 180.06749   -0.07788   21.90518   21.66849    0.10305    0.05688   22.70322   -2.90982    1.63494   -1.46452    2.00000
 180.03242   -0.00574   21.00631   20.72257    0.03294    0.01818   49.27392   -2.50386    0.59126   -1.98590    2.00000
 180.03873    0.01248   23.18397   22.82636    0.04069    0.02246    8.26612   -3.81618   -1.18065   -8.31434    2.00000
 179.95879   -0.02674   23.82709   23.36845    0.04913    0.02712    5.06049   -0.44623   -2.47980   -9.38793    2.00000
 179.94556    0.01312   23.17665   22.82001    0.05600    0.03091    8.31552    2.00144   -2.44699   -0.83177    2.00000
 180.19289   -0.02421   23.30639   22.93205    0.19439    0.10729    7.44401    2.72492   -1.84344    3.11841    2.00000
 179.93538   -0.02222   22.84544   22.52844    0.06834    0.03772   10.58339   -4.92551    1.02533   -4.83096    2.00000
 179.99101   -0.00385   23.22298   22.86023    0.00977    0.00539    8.00269    4.22119   -0.42466    3.25446    2.00000
 180.07780   -0.05377   23.64309   23.21623    0.09458    0.05220    5.82687    0.09303   -1.50894    6.96141    2.00000
 179.97292   -0.00853   23.25955   22.89198    0.02840    0.01567    7.75571    2.28163    0.38552    1.47272    2.00000
 179.95280    0.08435   23.03220   22.69392    0.09666    0.05335    9.29626   -3.06527   -2.61684   -7.03362    2.00000
 179.99487    0.07304   22.67409   22.37521    0.07322    0.04041   12.29058   -0.53464   -1.70380   -1.35517    2.00000
 179.99918    0.02023   23.33361   22.95511    0.02024    0.01117    7.26466    0.96406   -2.09058   -0.51599    2.00000
 180.02094    0.17899   22.74485   22.43856    0.18021    0.09946   11.53617   -7.13631   -0.51361   -3.95947    2.00000
 179.81361    0.08856   22.20244   21.94482    0.20635    0.11389   17.74795   10.67314    0.80665   11.67472    2.00000
 179.96660    0.03668   23.68312   23.24943    0.04960    0.02738    5.65971    0.27454    1.19649    8.42156    2.00000
 179.96767    0.06061   21.60535   21.38277    0.06869    0.03791   28.80818   -5.25895    1.47800   -2.64996    2.00000
 180.04288    0.04585   23.72428   23.28353    0.06278    0.03465    5.48805    0.80995   -0.64471    0.99195    2.00000
 179.99400   -0.02797   23.79613   23.34290    0.02860    0.01579    5.18913   -2.67809    1.04324    0.06189    2.00000
 179.95496    0.01177   23.66441   23.23394    0.04655    0.02569    5.73773    1.23605   -0.13622    0.76108    2.00000
 180.05286    0.02429   23.26442   22.89621    0.05818    0.03211    7.72278   -2.86293   -1.63171   -9.55748    2.00000
 180.03700    0.00379   22.95499   22.62608    0.03720    0.02053    9.82395   -0.67863   -1.40197   -1.78891    2.00000
 179.98254    0.13822   23.69996   23.26338    0.13932    0.07690    5.58948   -3.59049    1.44410   -8.27623    2.00000
 180.00500   -0.01695   22.42532   22.14993    0.01767    0.00975   14.97314   -5.95286   -2.30214   -8.58633    2.00000
 179.77809    0.10082   22.33891   22.07032    0.24374    0.13453   15.92108    1.88854   -2.29049   -0.28129    2.00000
 180.05637   -0.00827   23.14984   22.79673    0.05696    0.03144    8.49659   -7.88877    4.15317   -7.47324    2.00000
 179.90950   -0.01155   23.56759   23.15316    0.09123    0.05035    6.14439    0.13038   -0.06059    2.87553    2.00000
 180.05725   -0.12817   22.74485   22.43856    0.14038    0.07748   11.53617   -0.36708   -0.04579    1.65623    2.00000
 179.91325    0.01920   23.12582   22.77574    0.08885    0.04904    8.65986    0.08930   -1.62869    0.43461    2.00000
 179.91168    0.01159   23.74674   23.30213    0.08907    0.04916    5.39442    1.13828    0.72186   -4.43084    2.00000
 180.01073    0.05664   21.86980   21.63532    0.05764    0.03182   23.29802    6.47415    0.97826    7.83116    2.00000
 179.99661   -0.05737   22.66105   22.36349    0.05747    0.03172   12.43011    2.27477    3.77393    3.74705    2.00000
 180.03345   -0.00649   23.17665   22.82001    0.03408    0.01881    8.31552   -4.43445    0.88759   -2.64712    2.00000
 179.87263    0.05185   22.70743   22.40511    0.13751    0.07589   11.93451   -6.13008   -0.23264   -7.62247    2.00000
 179.96272   -0.00985   23.49098   23.08836    0.03856    0.02128    6.47062   -1.67950    1.72244    3.84647    2.00000
 180.02686   -0.02190   23.03701   22.69811    0.03465    0.01912    9.26362   -2.93537    3.16352   -2.60435    2.00000
 179.99071    0.00953   21.07293   20.81096    0.01332    0.00735   45.96136    1.47456   -0.28951    1.17395    2.00000
 180.00890    0.08340   20.11715   19.63278    0.08387    0.04629  108.49650   -1.68294    4.14835    2.48496    2.00000
 179.89091    0.10267   23.46125   23.06321    0.14980    0.08268    6.59727   -1.67913   -4.30337   -2.50593    2.00000
 179.99008   -0.00875   21.69538   21.46947    0.01323    0.00730   26.52765   -0.97928    1.29209   -0.06770    2.00000
 180.03978   -0.02667   16.61624   15.81205    0.04789    0.02643  849.77563    5.36376   -1.59289    3.77816    2.00000
 180.00230   -0.03042   22.09769   21.84839    0.03050    0.01684   19.47719    0.65370   -4.59991   -3.93748    2.00000
 179.98895   -0.05461   22.18702   21.93064    0.05572    0.03075   18.00214   -1.84535   -0.63567   -4.62359    2.00000
 179.89572   -0.04370   23.02500   22.68763    0.11307    0.06241    9.34521    5.60840    1.53033    8.05238    2.00000
 179.96188   -0.00124   21.93245   21.69400    0.03813    0.02104   22.24568    3.53047    0.22029    4.83345    2.00000
 179.95920   -0.07697   22.10699   21.85723    0.08712    0.04808   19.31857    0.04515   -0.53141    0.45028    2.00000
 179.98538    0.03303   22.05303   21.80627    0.03612    0.01994   20.23250   -4.45153   -2.48533   -8.73977    2.00000
 180.03488   -0.03415   22.62975   22.33537    0.04882    0.02694   12.76499    3.57376    2.73059    8.26823    2.00000
 180.08255   -0.03567   23.58847   23.17061    0.08992    0.04963    6.05657   -1.35856    0.31992    8.43824    2.00000
 179.97357    0.07720   22.46300   22.18434    0.08160    0.04504   14.56336   -5.26211    0.08239   -4.89427    2.00000
 179.97009    0.01049   21.83987   21.60725    0.03168    0.01749   23.80132   -0.15602    0.60012    0.65373    2.00000
 180.04144    0.12438   22.58019   22.29084    0.13111    0.07236   13.29522    0.76725    1.64375    1.10846    2.00000
 179.94409    0.00100   23.16690   22.81154    0.05592    0.03086    8.38138   -2.35239   -0.22242   -3.08741    2.00000
 180.02528    0.02268   22.87935   22.55866    0.03397    0.01875   10.34832   -3.09106   -2.63400   -1.51201    2.00000
 179.96948   -0.02260   20.47638   20.01515    0.03797    0.02096   82.60143   -7.24249   -1.18953   -8.64961    2.00000
 179.98868    0.06193   22.39412   22.12118    0.06296    0.03475   15.31545   -0.54827   -1.07344   -2.56707    2.00000
 180.04893    0.12233   23.25223   22.88563    0.13175    0.07272    7.80511    2.99610   -0.34366   -0.10956    2.00000
 179.94908    0.02756   23.32816   22.95050    0.05790    0.03196    7.30053    1.44668    2.01909    6.70947    2.00000
 180.00728   -0.00975   22.18445   21.92828    0.01216    0.00671   18.04451   -6.52379    1.46030   -4.66210    2.00000
 179.98853   -0.12514   23.42070   23.02890    0.12566    0.06936    6.77002    1.91503    2.01098    7.27209    2.00000
 179.95416    0.04860   23.59008   23.17195    0.06680    0.03687    6.04981    2.42117    0.19441   -2.71896    2.00000
 179.98943   -0.00363   22.42292   22.14772    0.01119    0.00617   14.99947    6.33422    3.53861    9.02963    2.00000
 180.07124   -0.09907   22.94195   22.61445    0.12202    0.06735    9.91436   -5.69250   -1.13927   -7.44665    2.00000
 180.11118   -0.01268   23.67002   23.23858    0.11190    0.06176    5.71433    3.41513   -1.93642    0.24810    2.00000
 179.93413   -0.04455   23.49908   23.09523    0.07952    0.04389    6.43608    3.29035    0.89488    2.61329    2.00000
 179.97549   -0.06161   23.14022   22.78832    0.06631    0.03660    8.56195    0.22993   -2.03758    2.07012    2.00000
 179.99245   -0.00064   21.78005   21.55112    0.00758    0.00419   24.80791    1.73769   -1.18874    0.15600    2.00000
 179.95564    0.04271   23.21078   22.84964    0.06158    0.03399    8.08501   -2.25839    2.36315   -2.05631    2.00000
 179.88885    0.19329   23.76041   23.31342    0.22297    0.12306    5.33757    7.84067    1.73329   10.67706    2.00000
 180.11656    0.12353   22.30771   22.04157    0.16984    0.09374   16.26338   -0.85987    1.30469    1.68147    2.00000
 180.06342   -0.07107   19.29430   18.77005    0.09525    0.05257  187.07558    0.83408    1.36398    2.18083    2.00000
 179.83150   -0.26925   21.54111   21.32102    0.31764    0.17531   30.43238    4.82297    1.06891    5.79941    2.00000
 179.99776   -0.06504   22.54268   22.25695    0.06508    0.03592   13.69870   -1.49411    0.22913   -1.07270    2.00000
 180.01562   -0.17593   23.23517   22.87081    0.17662    0.09748    7.92036    2.48396    0.99437    1.79075    2.00000
 180.03677   -0.17394   23.57080   23.15585    0.17779    0.09813    6.13088    3.22892   -1.93868    3.48975    2.00000
 179.94720   -0.03051   23.33633   22.95742    0.06098    0.03366    7.24673   -1.14119    0.29520   -0.74858    2.00000
 180.07788    0.04005   23.53152   23.12267    0.08758    0.04834    6.29792    0.79494    1.03748    0.94235    2.00000
 179.97566    0.01187   23.28462   22.91361    0.02708    0.01495    7.58749    4.90077    1.49560    4.02929    2.00000
 180.05077    0.04714   21.03426   20.75999    0.06928    0.03823   47.87167   -3.77868    1.94751   -1.76604    2.00000
 179.98907   -0.00488   23.39892   23.01045    0.01197    0.00661    6.86289   -0.84899    2.27310    6.23570    2.00000
 180.04858    0.05687   21.38504   21.16172    0.07480    0.04129   34.62284   -1.91785   -0.57167   -2.63578    2.00000
 179.78529   -0.13758   22.80223   22.48986    0.25501    0.14074   10.92537    6.12400   -0.68828    6.28767    2.00000
 179.99570    0.05035   22.06399   21.81647    0.05053    0.02789   20.04948   -0.68572   -0.64888   -2.64727    2.00000
 179.95625   -0.03714   22.91847   22.59353    0.05738    0.03167   10.07709   -0.71362    1.21194   -1.93635    2.00000
 179.92708   -0.08722   23.68686   23.25253    0.11369    0.06275    5.64410    1.67213    0.64498    5.58265    2.00000
 180.09729   -0.33212   23.33633   22.95742    0.34607    0.19101    7.24673   -0.64350    0.87238   -0.29443    2.00000
 179.95341   -0.02243   23.44233   23.04720    0.05170    0.02853    6.67787    2.14147    2.97998    7.25649    2.00000
 180.01254    0.06357   23.22785   22.86446    0.06480    0.03576    7.96976    2.01338    1.52452    2.81103    2.00000
 180.01974    0.02575   21.91607   21.67869    0.03246    0.01791   22.52020   -0.47288    0.16589   -1.25358    2.00000
 180.01079   -0.00557   21.36679   21.14306    0.01214    0.00670   35.11353    2.29840    0.36514    2.42748    2.00000
 180.00522    0.00501   23.39348   23.00584    0.00723    0.00399    6.88611   -2.92968    0.54890   -5.15183    2.00000
 179.91692   -0.03065   22.10311   21.85355    0.08857    0.04888   19.38466    3.61961   -2.53322    0.51596    2.00000
 180.00133    0.18918   23.75327   23.30752    0.18918    0.10441    5.36726   -9.31767    1.49109   -7.57840    2.00000
 179.99184    0.02365   22.28984   22.02514    0.02502    0.01381   16.45903    0.53262    2.56187    2.32976    2.00000
 180.15820   -0.08693   22.35811   22.08801    0.18052    0.09963   15.71042   -3.38041    1.71802   -2.40146    2.00000
 180.17590    0.22265   23.40709   23.01737    0.28376    0.15661    6.82807   -1.63032   -0.04673    1.62185    2.00000
 180.13374    0.28326   21.13355   20.88493    0.31325    0.17289   43.18912   -0.21033   -1.89729   -2.52717    2.00000
 180.00841    0.02586   23.02980   22.69182    0.02719    0.01501    9.31257   -1.77603    1.36517    0.43994    2.00000
 179.96306   -0.04277   23.36082   22.97817    0.05652    0.03119    7.08531   -1.78839   -1.29521   -0.94106    2.00000
 179.95892    0.01203   23.02980   22.69182    0.04279    0.02362    9.31257   -0.85409    2.18293    1.94885    2.00000
 179.78989   -0.27198   23.59329   23.17463    0.34369    0.18969    6.03630   -3.10669   -5.35855  -10.07597    2.00000
 179.90350    0.06545   23.58526   23.16792    0.11660    0.06435    6.07008   -2.12247    0.43396    1.10141    2.00000
 179.90598    0.06672   23.50179   23.09751    0.11529    0.06363    6.42457   -1.69820    0.58212   -3.78891    2.00000
 180.02679    0.04105   23.51530   23.10895    0.04902    0.02706    6.36700    1.24610   -1.45777   -3.65164    2.00000
 180.21361   -0.00051   18.14643   17.99875    0.21361    0.11790  286.02499    0.76814   -2.06947   -1.28614    2.00000
 179.94868   -0.00948   23.52341   23.11581    0.05219    0.02881    6.33246   -3.39772   -1.89150   -5.13465    2.00000
 180.00945    0.09660   22.72489   22.42072    0.09706    0.05357   11.74862   -1.04192   -1.29578   -0.35897    2.00000
 179.64763   -0.29104   22.52394   22.23987    0.45702    0.25225   13.90215    0.24778   -0.33497   -0.36656    2.00000
 180.01231   -0.00034   23.46125   23.06321    0.01233    0.00680    6.59727   -2.28592    1.56947    0.80852    2.00000
 179.95638    0.03098   22.63235   22.33771    0.05351    0.02953   12.73709   -9.04682   -0.56900  -10.22585    2.00000
 180.03497    0.00554   23.69060   23.25563    0.03541    0.01954    5.62850   -4.12537    3.24823    4.15452    2.00000
 180.09987    0.08054   22.81969   22.50547    0.12830    0.07081   10.76205    3.16070    1.96263    2.04947    2.00000
 180.01735   -0.04570   23.81042   23.35469    0.04888    0.02698    5.12976    3.48673   -0.58469   -3.99553    2.00000
 179.98598    0.00424   23.37715   22.99200    0.01466    0.00809    6.97770   -7.42477    1.41353   -9.41801    2.00000
 179.97391   -0.01997   23.55044   23.13868    0.03285    0.01813    6.21732   -2.73480   -1.98230   -7.12170    2.00000
 180.01874    0.10136   22.02836   21.78330    0.10308    0.05689   20.64429   -7.81166    1.23212   -6.43801    2.00000
 180.13000    0.02476   20.29283   19.81818    0.13235    0.07305   95.81680    3.21599   -1.29479    2.04682    2.00000
 179.92245    0.02635   21.07293   20.81096    0.08191    0.04521   45.96136   -2.91606    0.29272   -2.27160    2.00000
 180.07047    0.04618   21.27695   21.04791    0.08425    0.04650   37.61637   -5.96539    1.74195   -3.93608    2.00000
 180.17747   -0.08281   21.17381   20.93285    0.19584    0.10809   41.39338   -5.29099    0.50267   -4.80245    2.00000
 180.11676    0.04992   23.74487   23.30058    0.12698    0.07008    5.40222    3.53650    0.34526    3.62608    2.00000
 179.80576    0.02035   23.82471   23.36649    0.19531    0.10779    5.07038    4.42857    0.30150    5.09014    2.00000
 179.96587   -0.29870   23.57401   23.15853    0.30064    0.16593    6.11737   -1.61164    1.40943   -0.94941    2.00000
 180.06010   -0.00513   21.70861   21.48223    0.06032    0.03329   26.19207    4.92193    2.62047    7.96564    2.00000
 179.99619   -0.00051   20.25064   19.77362    0.00386    0.00213   98.86474    2.82337   -0.41111    2.60903    2.00000
 180.08601   -0.02755   22.46769   22.18861    0.09032    0.04985   14.51250    3.08963    2.12322    6.42383    2.00000
 180.05928   -0.03597   21.46068   21.23900    0.06934    0.03827   32.58998    4.36577   -2.56187    1.71509    2.00000
 180.10130   -0.01945   21.30931   21.08239    0.10316    0.05694   36.70957    1.45981   -0.14636    0.98599    2.00000
 180.03006   -0.07834   22.79475   22.48317    0.08391    0.04631   11.00504   -1.93588   -0.03360   -0.60949    2.00000
 180.06570    0.06732   22.02562   21.78075    0.09407    0.05192   20.69004   -0.37688   -1.16417    0.86947    2.00000
 180.01773    0.00168   23.12822   22.77783    0.01781    0.00983    8.64354    3.88917    2.52611    6.41168    2.00000
 179.95555   -0.40372   23.56125   23.14782    0.40616    0.22417    6.17127    3.16898    1.26854    1.32911    2.00000
 180.01018   -0.00029   18.43760   17.85599    0.01018    0.00562  310.37473    3.77602    0.05312    3.82473    2.00000
 179.96667   -0.03023   23.19372   22.83482    0.04499    0.02483    8.20027    2.60515    3.37326    0.64268    2.00000
 180.01938   -0.02241   21.85347   21.62001    0.02963    0.01635   23.57255   -3.42814   -1.82147   -4.56107    2.00000
 179.92989    0.01840   23.48017   23.07922    0.07248    0.04001    6.51668   -1.45986    1.53547    1.46426    2.00000
 179.98589    0.02638   22.84284   22.52611    0.02992    0.01651   10.60147   -1.33190   -0.16722   -1.92975    2.00000
 179.89027    0.06746   21.69008   21.46437    0.12880    0.07109   26.66188   -1.96585    2.13407    0.29495    2.00000
 180.12216   -0.10809   21.42677   21.20436    0.16312    0.09003   33.50126   -5.10368   -2.56651   -7.78565    2.00000
 179.89940   -0.01545   23.70370   23.26648    0.10178    0.05618    5.57388   -3.22638    2.92511   -2.79224    2.00000
 180.04843   -0.11313   23.07061   22.72749    0.12306    0.06792    9.03517   -3.91666    0.20777   -1.37129    2.00000
 180.00246   -0.08098   19.89307   19.39747    0.08102    0.04472  126.61413    3.20992   -2.53923    0.63265    2.00000
 180.05501   -0.00231   22.21015   21.95191    0.05506    0.03039   17.62086   -5.77815    0.05340   -6.19973    2.00000
 180.02223   -0.00596   23.30367   22.92975    0.02302    0.01271    7.46195   -7.62747    3.03995   -0.09530    2.00000
 180.05531    0.03237   22.51456   22.23133    0.06410    0.03538   14.00388   -2.72148    2.57995   -1.28335    2.00000
 179.94839    0.03789   21.48676   21.26565    0.06402    0.03534   31.88900   -0.67749    0.84691    0.17543    2.00000
 179.95973    0.06828   16.89107   16.20037    0.07927    0.04375  706.78674   -8.06162   -0.44765   -8.49601    2.00000
 180.05905   -0.11121   22.77978   22.46979    0.12592    0.06950   11.16438    0.52311   -0.21709   -1.48075    2.00000
 179.99332   -0.17501   22.99965   22.66539    0.17514    0.09666    9.51814   -1.38025    0.41095    0.79790    2.00000
 179.99693    0.10030   23.54503   23.13410    0.10035    0.05538    6.24035   -1.56953    4.52884   -2.07872    2.00000
 179.89925   -0.01113   23.57723   23.16121    0.10138    0.05595    6.10386    1.50348   -1.21043    1.54511    2.00000
 179.86623   -0.04384   23.72428   23.28353    0.14077    0.07769    5.48805    8.17328    1.88454    6.73421    2.00000
 180.05099   -0.02417   23.59811   23.17866    0.05644    0.03115    6.01603   -0.62517   -3.39224   -0.39942    2.00000
 180.03088   -0.01915   23.25711   22.88986    0.03634    0.02006    7.77218    1.25127   -0.30303    7.81365    2.00000
 179.94582   -0.03805   22.06673   21.81902    0.06621    0.03654   20.00373    1.80852    2.54888    3.76278    2.00000
 179.93004   -0.03655   23.35810   22.97586    0.07893    0.04356    7.10325   -2.03275    2.47309   -1.85853    2.00000
 179.67998    0.01175   23.46125   23.06321    0.32025    0.17675    6.59727   -0.73366    1.56295   -8.70467    2.00000
 179.96674   -0.01093   23.06341   22.72119    0.03502    0.01933    9.08412   -1.92864    1.17245   -2.65546    2.00000
 180.01039   -0.00185   23.50719   23.10209    0.01055    0.00582    6.40154   -1.91093    0.39099   -2.91703    2.00000
 180.08672    0.13588   23.58044   23.16390    0.16119    0.08896    6.09035    4.02329    0.09762    1.11266    2.00000
 179.97643   -0.00838   23.61096   23.18939    0.02502    0.01381    5.96198   -2.55465    1.65528    3.30070    2.00000
 180.04694   -0.13399   23.30639   22.93205    0.14197    0.07836    7.44401    1.35881    1.48824    3.31284    2.00000
 179.93729   -0.00879   22.49347   22.21210    0.06333    0.03495   14.23276    1.15312    3.82316    5.69130    2.00000
 179.94070    0.05540   23.71680   23.27733    0.08115    0.04479    5.51926   -5.16676   -2.53151   -7.75430    2.00000
 179.97139    0.03985   23.48287   23.08150    0.04906    0.02708    6.50517    3.96954   -1.56558    5.66027    2.00000
 180.02084    0.01603   21.19437   20.95674    0.02629    0.01451   40.49808    1.67578    2.57390    4.90742    2.00000
 180.05202    0.03039   17.01342   16.27776    0.06024    0.03325  681.37354    0.68494    0.67374    1.33934    2.00000
 179.99368   -0.02258   21.30729   21.08023    0.02345    0.01294   36.76624    1.96743   -0.94317    0.86970    2.00000
 180.07872    0.10581   22.87153   22.55169    0.13188    0.07279   10.40257   -1.22938    0.13212   -3.49311    2.00000
 180.04361   -0.00199   23.54773   23.13639    0.04366    0.02409    6.22884    4.06777   -0.28775    3.57743    2.00000
 179.87228    0.06802   22.05577   21.80882    0.14470    0.07986   20.18674   -4.83681   -2.37807   -6.03912    2.00000
 180.03801    0.00577   22.15643   21.90260    0.03844    0.02122   18.50502    4.21748    1.30596    5.00305    2.00000
 180.03212   -0.26761   21.66098   21.43630    0.26953    0.14876   27.40015   -6.53274    2.62316   -2.98533    2.00000
 180.08226   -0.02216   21.17638   20.93583    0.08519    0.04702   41.28147    2.16915    0.66287    2.82461    2.00000
 180.01794   -0.03312   23.20835   22.84753    0.03767    0.02079    8.10148    0.49501   -0.56508   -1.61865    2.00000
 180.08321    0.02398   22.03110   21.78585    0.08659    0.04779   20.59853    1.58821   -1.49740    0.70934    2.00000
 180.07364    0.11957   23.30639   22.93205    0.14043    0.07750    7.44401   -1.94513   -0.89913   -7.20489    2.00000
 179.95224    0.01152   22.36292   22.09243    0.04913    0.02712   15.65776   -2.49578   -2.08536   -5.52070    2.00000
 179.95471   -0.00591   20.98136   20.68583    0.04567    0.02521   50.65087    3.48890   -0.26001    3.52179    2.00000
 179.99666    0.00526   23.48557   23.08379    0.00623    0.00344    6.49365    4.81621    2.80205    7.19414    2.00000
 180.08890   -0.03257   23.42611   23.03348    0.09468    0.05226    6.74695   -1.26876   -2.54501   -4.52230    2.00000
 179.99129    0.01714   21.32145   21.09532    0.01923    0.01061   36.36952    4.33504    0.75197    4.70360    2.00000
 179.90636   -0.10114   23.78660   23.33504    0.13784    0.07608    5.22872    0.97889   -1.07227    3.53797    2.00000
 180.00974    0.02186   23.80089   23.34683    0.02393    0.01321    5.16934    1.73549    0.23043    1.24925    2.00000
 179.97643   -0.00151   23.69622   23.26028    0.02363    0.01304    5.60509    1.61205   -0.68522    7.42597    2.00000
 180.00720   -0.00977   21.72184   21.49498    0.01214    0.00670   25.85649   -1.34379    0.45330   -1.42948    2.00000
 180.06827   -0.04395   22.42292   22.14772    0.08120    0.04481   14.99947   -0.85685   -2.19632   -1.88277    2.00000
 179.99657   -0.01891   23.70744   23.26958    0.01921    0.01061    5.55827   -1.39797   -0.84179   -3.91862    2.00000
 180.26067   -0.08214   22.92891   22.60283    0.27330    0.15084   10.00477    4.51501    1.12506    6.44427    2.00000
 180.01862   -0.17216   23.61418   23.19208    0.17316    0.09557    5.94847   -1.73094   -5.83460   -6.48509    2.00000
 180.03058    0.04223   22.94195   22.61445    0.05214    0.02878    9.91436   -0.91935   -0.37082   -3.38658    2.00000
 180.18211    0.10739   22.32931   22.06148    0.21143    0.11669   16.02640   -2.33691    0.31802   -4.33470    2.00000
 179.99582    0.00054   23.48017   23.07922    0.00421    0.00232    6.51668   -0.89487    3.72295   -0.51393    2.00000
 180.07271   -0.05430   23.06821   22.72539    0.09075    0.05009    9.05149    6.11381    1.51013    6.49154    2.00000
 180.03006   -0.00549   23.76279   23.31538    0.03055    0.01686    5.32768   -0.79814   -2.42581   -5.04635    2.00000
 180.02316   -0.07011   23.28190   22.91130    0.07384    0.04075    7.60543   -0.25078    1.01323    2.84692    2.00000
 180.01019    0.12730   23.28734   22.91591    0.12771    0.07048    7.56956    4.14536    0.03085   -1.30910    2.00000
 180.30779    0.20437   23.78184   23.33111    0.36946    0.20392    5.24851   -6.01189    1.81423   -1.58953    2.00000
 180.03882   -0.07798   22.97918   22.64744    0.08711    0.04808    9.65780   -4.08142    6.02778    3.02351    2.00000
 179.89972   -0.07447   21.19308   20.95524    0.12490    0.06894   40.55404    4.31569    1.06904    5.12338    2.00000
 179.94429    0.05481   22.44425   22.16725    0.07815    0.04313   14.76681    0.24171    2.15780    2.20133    2.00000
 180.07217    0.16912   19.57804   19.06791    0.18388    0.10149  155.65964   -3.06956   -1.66279   -4.80776    2.00000
 180.02194   -0.00163   23.14262   22.79042    0.02201    0.01215    8.54564    5.59306   -1.60989    6.13316    2.00000
 180.03317   -0.02333   21.14848   20.90308    0.04056    0.02239   42.50915   -5.82122   -1.37759   -7.47054    2.00000
 179.96957   -0.00286   23.33088   22.95280    0.03057    0.01687    7.28260   -6.41770   -2.76558  -10.34775    2.00000
 180.02065    0.03058   23.64791   23.22026    0.03690    0.02036    5.80660   -0.85456    1.24756    2.87320    2.00000
 179.99803   -0.01618   23.54233   23.13182    0.01630    0.00900    6.25187    1.86235   -0.07564    4.40489    2.00000
 179.94020    0.11469   23.20103   22.84118    0.12934    0.07139    8.15087   -1.26928   -1.58946   -1.80660    2.00000
 179.97816    0.02010   23.78422   23.33307    0.02968    0.01638    5.23861   -2.73498   -2.33646   -2.38076    2.00000
 179.97852   -0.02306   23.14262   22.79042    0.03152    0.01740    8.54564   -3.69599    0.16150   -3.62775    2.00000
 179.93011    0.01112   20.95324   20.64412    0.07076    0.03905   52.21386    2.15345    1.23694    3.29289    2.00000
 179.93633    0.00122   22.66105   22.36349    0.06369    0.03515   12.43011   -1.46018    0.89010   -2.52153    2.00000
 180.06236    0.03867   23.12102   22.77154    0.07338    0.04050    8.69250    3.03581   -4.31535   -0.15833    2.00000
 180.00252    0.00297   23.32816   22.95050    0.00389    0.00215    7.30053   -7.49315    0.25271   -2.88302    2.00000
 179.76440   -0.04765   23.46125   23.06321    0.24037    0.13267    6.59727   -6.72641   -1.62227  -12.07344    2.00000
 179.99921   -0.06043   22.68713   22.38693    0.06043    0.03336   12.15104    3.17264    1.42150    2.90882    2.00000
 180.02805   -0.03866   22.28213   22.01806    0.04776    0.02636   16.54342   -2.27980   -1.52933   -3.87047    2.00000
 180.04697    0.01111   19.70337   19.19924    0.04826    0.02664  144.08443   -0.73057   -2.54473   -3.38469    2.00000
 179.76027    0.01124   23.36899   22.98509    0.23999    0.13246    7.03151    4.67879   -1.32506    4.28000    2.00000
 180.00308    0.02202   21.40852   21.18570    0.02223    0.01227   33.99195   -3.33582    0.48477   -2.69949    2.00000
 179.78217   -0.02689   23.49368   23.09065    0.21949    0.12114    6.45911    1.45924    3.34300   -2.67608    2.00000
 180.04060    0.01217   23.54773   23.13639    0.04240    0.02340    6.22884   -3.23655   -0.98218   -4.12671    2.00000
 180.05258    0.05698   21.45546   21.23367    0.07753    0.04279   32.73018   -0.78508    0.40816   -0.41423    2.00000
 179.97211    0.08233   22.10466   21.85502    0.08693    0.04798   19.35823   -0.16240    1.04497    0.52549    2.00000
 180.00127   -0.03121   21.28909   21.06084    0.03124    0.01724   37.27632   -2.94513    1.27315   -1.27324    2.00000
 180.05960    0.04945   23.51800   23.11123    0.07744    0.04274    6.35549    2.28842    2.73772    8.67403    2.00000
 179.99786   -0.02977   23.63024   23.20550    0.02984    0.01647    5.88091   -1.82873   -3.84467  -10.39933    2.00000
 179.93314    0.04162   23.70557   23.26803    0.07876    0.04347    5.56608    1.43657    0.98867   -2.19513    2.00000
 179.99484    0.04422   23.75327   23.30752    0.04452    0.02457    5.36726    8.02117    3.02423   15.72212    2.00000
 179.98610   -0.00836   21.83987   21.60725    0.01622    0.00895   23.80132   -1.60838   -2.45904   -2.67564    2.00000
 180.21985    0.04649   23.57562   23.15987    0.22471    0.12402    6.11062   -1.43803    0.27029    4.71178    2.00000
 180.03223    0.05696   23.49098   23.08836    0.06544    0.03612    6.47062    1.86240   -1.33304    2.72670    2.00000
 179.92897    0.03060   23.82947   23.37042    0.07734    0.04269    5.05059   -1.15864   -0.35104    3.46252    2.00000
 180.03416   -0.09544   23.26930   22.90045    0.10138    0.05595    7.68986    0.38494    1.10958    1.06584    2.00000
 180.01193   -0.08014   23.59651   23.17732    0.08102    0.04472    6.02279    1.90894   -2.97326   -4.62117    2.00000
 179.69609    0.15675   20.67610   20.23986    0.34195    0.18873   71.02136    1.33225    1.13138    2.63658    2.00000
 179.86604    0.00636   23.59811   23.17866    0.13411    0.07402    6.01603   -3.76590    1.82701   -5.19090    2.00000
 179.97482    0.15852   23.00719   22.67201    0.16050    0.08859    9.46669   -2.93978   -2.42695   -6.94594    2.00000
 180.01088   -0.01869   23.02277   22.68567    0.02162    0.01194    9.36039    0.17776    2.58697    0.93880    2.00000
 179.96365   -0.00003   21.35896   21.13507    0.03635    0.02006   35.32383   -1.15585   -0.16860   -1.30612    2.00000
 179.95491   -0.02759   23.65505   23.22619    0.05286    0.02918    5.77675   -3.34988    0.71400    2.70952    2.00000
 180.02512    0.01821   23.38532   22.99892    0.03102    0.01712    6.92390    4.98341   -2.18925    9.27470    2.00000
 179.98959    0.00850   21.07169   20.80931    0.01343    0.00741   46.02298    0.69194    0.94866    1.98178    2.00000
 180.05644    0.03212   23.10901   22.76105    0.06494    0.03584    8.77409   -3.17408   -1.85969   -4.17291    2.00000
 179.92372    0.00918   22.13341   21.88156    0.07683    0.04241   18.88223    2.00649    0.80073    1.83689    2.00000
 179.91283   -0.03927   23.06581   22.72329    0.09561    0.05277    9.06781   -0.62609    3.02814   -0.52597    2.00000
 180.02209   -0.16467   23.32000   22.94358    0.16615    0.09170    7.35434    0.80504    0.39609    7.55836    2.00000
 179.95445   -0.07562   23.23760   22.87293    0.08827    0.04872    7.90390   -0.11347    1.22156    3.03454    2.00000
 180.01405   -0.06608   22.73737   22.43187    0.06756    0.03729   11.61584   -1.93773    1.63073   -1.63963    2.00000
 179.93130    0.02582   22.57758   22.28849    0.07338    0.04050   13.32313   -0.52264   -3.73607   -3.62582    2.00000
 179.97716   -0.05579   23.80804   23.35273    0.06028    0.03327    5.13965   -1.81661   -0.20294   -4.79438    2.00000
 179.94855   -0.00399   23.60936   23.18805    0.05161    0.02848    5.96874   -3.93674   -1.16595   -4.91633    2.00000
 179.96532    0.08415   22.48409   22.20356    0.09101    0.05023   14.33448   -2.50526   -0.31863   -1.89816    2.00000
 179.98381    0.01314   22.84284   22.52611    0.02085    0.01151   10.60147    3.29821    0.89330    4.88814    2.00000
 180.07423   -0.06356   22.55440   22.26763    0.09774    0.05394   13.57155    2.62886    0.88739    2.55496    2.00000
 179.96254    0.02284   21.16095   20.91792    0.04387    0.02421   41.95295   -3.38800   -1.18904   -4.84296    2.00000
 180.02461   -0.04129   23.01904   22.68240    0.04807    0.02653    9.38583   -0.86212   -0.60081   -0.37220    2.00000
 179.98563    0.01003   21.24717   21.01618    0.01753    0.00967   38.45117    5.82404   -0.23377    5.29193    2.00000
 180.06699    0.01990   22.39412   22.12118    0.06988    0.03857   15.31545   -0.86952   -1.04283   -0.23988    2.00000
 180.02158   -0.04548   23.80804   23.35273    0.05034    0.02778    5.13965    0.64444    0.57167    1.03624    2.00000
 180.12888   -0.01806   22.29241   22.02751    0.13014    0.07183   16.43089    2.37410   -1.65879    0.56070    2.00000
 179.99976    0.07858   23.54503   23.13410    0.07858    0.04337    6.24035    1.80991   -2.92590   -5.18838    2.00000
 180.02502   -0.00763   22.02836   21.78330    0.02615    0.01443   20.64429   -4.02722   -2.13015   -6.71823    2.00000
 180.03842   -0.00391   23.42881   23.03577    0.03862    0.02132    6.73544    1.67827   -0.76864    0.98029    2.00000
 180.00507   -0.05222   22.93412   22.60748    0.05247    0.02896    9.96860   -3.17791    2.04119   -0.62650    2.00000
 180.02094    0.04837   22.86631   22.54704    0.05271    0.02909   10.43873   -5.46331   -1.54450   -4.17951    2.00000
 179.99554   -0.02191   23.53152   23.12267    0.02236    0.01234    6.29792    4.56319    1.00650   11.59994    2.00000
 180.04704   -0.04170   22.36772   22.09686    0.06287    0.03470   15.60510   -1.32020    0.30869   -0.34716    2.00000
 180.00015    0.04863   21.90246   21.66593    0.04863    0.02684   22.74897   -2.47772    1.41466   -0.52531    2.00000
 179.93631   -0.06949   22.55440   22.26763    0.09426    0.05202   13.57155   11.20847    2.29088   13.70374    2.00000
 179.98708    0.01250   22.36772   22.09686    0.01798    0.00993   15.60510    6.79787   -0.80787    6.18045    2.00000
 180.24844   -0.01567   23.33905   22.95972    0.24894    0.13740    7.22879    7.41856   -1.39946    2.05942    2.00000
 179.98148   -0.01182   23.20347   22.84329    0.02198    0.01213    8.13441    1.23822   -3.12424   -4.55752    2.00000
 180.00636    0.03780   21.35635   21.13240    0.03833    0.02115   35.39392   -2.88142   -3.61196   -5.95710    2.00000
 180.22337   -0.15139   23.42070   23.02890    0.26985    0.14893    6.77002   -6.13002    0.68639   -1.95184    2.00000
 179.94836   -0.05493   21.39026   21.16705    0.07539    0.04161   34.48264    2.19712    1.08954    4.03083    2.00000
 180.01334   -0.03701   19.28362   18.75871    0.03934    0.02171  188.32968    1.38591   -0.65937    0.71413    2.00000
 179.65495   -0.00938   22.80223   22.48986    0.34517    0.19051   10.92537    1.81584   -2.49181   -1.69977    2.00000
 179.99933    0.04308   23.48557   23.08379    0.04308    0.02378    6.49365    1.16747   -1.53648    2.36026    2.00000
 179.99030    0.02600   23.78422   23.33307    0.02775    0.01532    5.23861    3.67274    0.47990    8.85154    2.00000
 179.99306    0.05956   22.32931   22.06148    0.05997    0.03310   16.02640   -0.80289   -2.01564   -1.51680    2.00000
 179.97493   -0.01947   23.44233   23.04720    0.03175    0.01752    6.67787    2.32002   -0.36173   -1.56834    2.00000
 179.84692    0.14910   23.66628   23.23548    0.21368    0.11794    5.72993   -2.98114    1.92032   -0.35855    2.00000
 180.08514   -0.01548   22.17417   21.91883    0.08655    0.04777   18.21397    4.08640   -0.12170    3.18490    2.00000
 179.95848   -0.01494   23.78899   23.33700    0.04412    0.02435    5.21882    1.58862   -1.08561    5.32112    2.00000
 180.00803   -0.06918   22.57758   22.28849    0.06964    0.03844   13.32313    0.06311    0.88288    0.51759    2.00000
 180.10782    0.03336   20.86011   20.48905    0.11287    0.06229   58.17923    5.27651    2.04897    7.38662    2.00000
 180.03236   -0.02432   23.30911   22.93436    0.04048    0.02234    7.42608    1.01300   -0.36096    3.27977    2.00000
 180.03635    0.02699   22.81221   22.49878    0.04528    0.02499   10.81914    1.64306    1.30953    2.82174    2.00000
 180.00914    0.04714   23.72616   23.28508    0.04802    0.02650    5.48025    0.33975    0.26341    1.15882    2.00000
 179.97433    0.03819   22.37012   22.09907    0.04601    0.02540   15.57877    1.19247    2.22552    1.19552    2.00000
 179.93343    0.10112   23.58526   23.16792    0.12106    0.06682    6.07008    5.53868   -1.57929    6.00278    2.00000
 179.96783    0.09151   23.52071   23.11352    0.09700    0.05354    6.34397   -1.22577   -3.29635   -1.78107    2.00000
 180.04044    0.03330   23.16446   22.80942    0.05238    0.02891    8.39784   -3.59115   -1.43205   -8.93943    2.00000
 180.00395    0.05558   23.07541   22.73168    0.05572    0.03075    9.00254    1.98327   -1.43653    1.73299    2.00000
 179.97363    0.02474   21.02054   20.74190    0.03616    0.01996   48.54952    4.20388    0.38726    4.84703    2.00000
 179.93007   -0.02455   23.82233   23.36452    0.07412    0.04091    5.08028    0.83286   -0.95326   -0.04405    2.00000
 180.06570   -0.01692   23.59169   23.17329    0.06785    0.03745    6.04306   -0.97022   -0.82872    1.46544    2.00000
 180.02855    0.03927   22.97056   22.63988    0.04855    0.02680    9.71660    3.46655    0.13192    2.12255    2.00000
 179.97331    0.06335   23.82709   23.36845    0.06874    0.03794    5.06049    3.03659    1.12836   -3.15272    2.00000
 179.94923    0.03178   22.56715   22.27912    0.05989    0.03305   13.43476   -2.14478   -0.83473   -2.30907    2.00000
 179.94089   -0.14949   21.26482   21.03499    0.16076    0.08873   37.95643    2.72244   -1.97551    0.54394    2.00000
 180.17470   -0.02139   22.61410   22.32131    0.17600    0.09714   12.93243   12.25874   -2.85506    9.96239    2.00000
 179.99432   -0.39168   21.96807   21.72717    0.39172    0.21620   21.65088   -1.36018   -0.80055   -2.48013    2.00000
 180.06383   -0.05250   23.07061   22.72749    0.08264    0.04561    9.03517   -1.41372    0.63676   -1.26290    2.00000
 180.00471   -0.01700   23.36626   22.98278    0.01764    0.00974    7.04944   -1.11815    2.98768    1.80195    2.00000
 180.01605   -0.09046   22.47941   22.19929    0.09188    0.05071   14.38535    0.42096   -0.43678    0.03542    2.00000
 179.94307   -0.08567   21.34167   21.11686    0.10286    0.05677   35.80276   -2.94969    0.08298   -3.03041    2.00000
 180.12646    0.04751   23.03220   22.69392    0.13509    0.07456    9.29626    1.54964   -1.49335    2.30046    2.00000
 179.96156   -0.02228   23.44773   23.05177    0.04443    0.02452    6.65484   -1.27038   -1.35859   -1.24302    2.00000
 180.00227   -0.03790   22.13670   21.88457    0.03797    0.02096   18.82835   -2.85034    1.40063   -1.75392    2.00000
 179.97900   -0.03347   23.26930   22.90045    0.03951    0.02181    7.68986    4.11560    0.94793    4.91428    2.00000
 179.96915   -0.08017   23.75803   23.31145    0.08590    0.04741    5.34747    1.96944    2.88469    2.76587    2.00000
 179.96094   -0.00042   22.90543   22.58191    0.03906    0.02156   10.16750    1.05947   -1.20583   -0.73283    2.00000
 180.07495    0.08248   22.90543   22.58191    0.11145    0.06151   10.16750    4.20789    0.80180    3.75516    2.00000
 180.02740   -0.00915   23.23760   22.87293    0.02889    0.01595    7.90390    4.24100    0.71123    8.55827    2.00000
 179.80725   -0.16198   22.01192   21.76799    0.25177    0.13896   20.91881    2.70369   -1.15072    1.76430    2.00000
 180.05936   -0.01091   22.04207   21.79606    0.06035    0.03331   20.41551   -1.72788    1.26801   -0.15271    2.00000
 179.96468    0.16191   20.98136   20.68583    0.16572    0.09146   50.65087   -0.14949    2.68648    1.72948    2.00000
 179.98438    0.01903   22.03658   21.79096    0.02462    0.01359   20.50702   -2.64855    1.26200   -2.61778    2.00000
 179.96175    0.01319   23.39620   23.00814    0.04047    0.02234    6.87450    1.60764   -4.26458    0.66227    2.00000
 179.98834   -0.00341   22.04207   21.79606    0.01215    0.00671   20.41551   -4.64267   -0.52978   -3.80354    2.00000
 180.09579   -0.02947   19.36051   18.84035    0.10022    0.05531  179.30009    3.57264    0.23839    3.83986    2.00000
 179.93478    0.08532   23.14022   22.78832    0.10739    0.05927    8.56195    1.08063    1.94865    1.85464    2.00000
 180.03476   -0.02197   19.53531   19.02338    0.04112    0.02269  159.58409   -0.76295    1.07736    0.44286    2.00000
 180.00330    0.05314   21.48676   21.26565    0.05324    0.02939   31.88900    0.42414    1.47716    1.46957    2.00000
 179.97739   -0.00282   23.76755   23.31931    0.02279    0.01258    5.30789   -4.69262    0.34976  -11.58423    2.00000
 180.02519    0.06818   23.53422   23.12495    0.07269    0.04012    6.28641    0.96915   -2.73620   -5.00262    2.00000
 180.01759    0.02537   23.61418   23.19208    0.03087    0.01704    5.94847   -0.70821    0.48208   -1.71733    2.00000
 179.91675    0.02018   22.43254   22.15657    0.08566    0.04728   14.89402   -2.49096   -0.78337   -3.81980    2.00000
 180.10783    0.00552   22.56193   22.27443    0.10798    0.05960   13.49057   -1.45974   -3.36212   -7.18394    2.00000
 179.93130    0.02120   22.68191   22.38224    0.07189    0.03968   12.20686    3.77166    3.34118    7.21742    2.00000
 179.99854   -0.00131   23.64791   23.22026    0.00197    0.00109    5.80660    0.29261   -0.18018   -0.94622    2.00000
 180.03976    0.07427   23.61578   23.19342    0.08424    0.04649    5.94172    3.18579   -1.01028   -3.24394    2.00000
 180.02258    0.00012   23.39620   23.00814    0.02258    0.01246    6.87450    1.96052    0.12979    0.44610    2.00000
 180.03409    0.03117   21.89430   21.65828    0.04619    0.02549   22.88624   -0.84890   -1.67892   -3.13554    2.00000
 180.06807   -0.14051   21.77476   21.54601    0.15613    0.08617   24.89941    4.58671    0.12538    4.65449    2.00000
 180.21339    0.04501   21.48155   21.26032    0.21809    0.12037   32.02920    1.34769    1.77366    2.93064    2.00000
 179.94768    0.01354   22.42772   22.15214    0.05404    0.02983   14.94681    4.13191    3.09521    7.82601    2.00000
 179.95926   -0.02709   23.29278   22.92052    0.04892    0.02700    7.53369   -0.29015    1.66094    3.97716    2.00000
 179.96542    0.09403   22.40372   22.13003    0.10018    0.05529   15.21013    5.00726   -6.81597   -1.91041    2.00000
 179.93736   -0.10317   23.54773   23.13639    0.12069    0.06661    6.22884    7.88177    1.29636   15.40388    2.00000
 179.97621    0.02406   23.55314   23.14096    0.03384    0.01868    6.20581    2.68621   -1.52288   -0.57444    2.00000
 179.85349    0.12203   22.92369   22.59818    0.19068    0.10524   10.04093   -3.02515   -0.93279   -1.29136    2.00000
 179.96263   -0.00577   23.38804   23.00123    0.03781    0.02087    6.90933   -2.95887    0.57050    0.72902    2.00000
 179.93752   -0.02053   23.50990   23.10437    0.06577    0.03630    6.39003    4.62895    0.72839    3.21301    2.00000
 179.91280    0.00753   21.92698   21.68891    0.08753    0.04831   22.33690    1.84965    2.70621    4.88779    2.00000
 180.15240    0.03537   22.54268   22.25695    0.15645    0.08635   13.69870   -2.34078   -2.68055   -3.52780    2.00000
 179.99945    0.06272   23.49368   23.09065    0.06272    0.03462    6.45911    1.82161   -0.15413    2.83483    2.00000
 179.96655   -0.00193   22.84805   22.53076    0.03351    0.01849   10.56531   -4.74005    4.04423   -1.77454    2.00000
 180.08759   -0.08136   22.47238   22.19288    0.11954    0.06598   14.46164    6.66864   -1.66800    4.39119    2.00000
 180.00974   -0.01485   22.71990   22.41626    0.01776    0.00980   11.80173    1.90008    3.51133    2.96500    2.00000
 179.98747    0.01915   23.50179   23.09751    0.02288    0.01263    6.42457    4.47429    2.07178    8.76772    2.00000
 180.03339    0.02201   23.48287   23.08150    0.03999    0.02207    6.50517   -2.99421   -5.20818  -12.53656    2.00000
 179.85783   -0.02426   22.89239   22.57028    0.14422    0.07960   10.25791    7.26115   -1.69835    9.29313    2.00000
 179.97363    0.00469   21.96807   21.72717    0.02677    0.01478   21.65088   -9.15820   -2.02980  -11.01862    2.00000
 179.96840   -0.02701   23.03460   22.69602    0.04158    0.02295    9.27994    0.75458    0.41531   -0.11468    2.00000
 179.99751   -0.04428   23.06341   22.72119    0.04435    0.02448    9.08412    0.47852    0.90583    0.29476    2.00000
 179.93837    0.03020   21.66362   21.43885    0.06863    0.03788   27.33304    1.49362    1.20009    2.28593    2.00000
 179.95537   -0.09791   22.01192   21.76799    0.10760    0.05939   20.91881   -1.34471    0.38832   -1.91252    2.00000
 180.16827    0.18939   23.19859   22.83906    0.25334    0.13983    8.16734   -2.69156    5.19229    3.85865    2.00000
 180.06041   -0.10537   23.33633   22.95742    0.12145    0.06703    7.24673   -6.90372   -0.54370   -9.15311    2.00000
 180.01289    0.08430   23.14022   22.78832    0.08528    0.04707    8.56195   -1.62536   -2.14822   -0.29123    2.00000
 179.97588   -0.07030   22.82468   22.50993    0.07432    0.04102   10.72736    3.60253    0.51692    2.11027    2.00000
 180.01695    0.09032   19.48585   18.97184    0.09190    0.05072  164.75896   -4.65551   -0.41659   -5.10447    2.00000
 180.32648    0.08421   23.60454   23.18403    0.33717    0.18609    5.98901   -1.89991    2.59494    4.06648    2.00000
 179.99861   -0.05329   22.45831   22.18007    0.05331    0.02942   14.61423    1.13993    1.64333    2.25508    2.00000
 179.97279   -0.03023   23.67938   23.24633    0.04067    0.02245    5.67531   -6.52241   -0.31066   -9.99371    2.00000
 179.97290   -0.03792   22.70493   22.40288    0.04661    0.02573   11.96107    3.33608    0.21091    3.10704    2.00000
 180.07034    0.05523   22.68713   22.38693    0.08944    0.04936   12.15104    1.73126    0.93269    0.55150    2.00000
 180.01604   -0.03164   22.66105   22.36349    0.03547    0.01958   12.43011   -0.27149    3.17470    3.19950    2.00000
 180.02322   -0.06454   22.28213   22.01806    0.06859    0.03786   16.54342    3.30333    1.10581    5.33012    2.00000
 179.99040   -0.08688   22.86631   22.54704    0.08741    0.04824   10.43873   -3.80501    2.35440   -0.67053    2.00000
 180.00278   -0.00088   23.37715   22.99200    0.00290    0.00160    6.97770   -2.67879   -2.43072   -3.55150    2.00000
 179.96767    0.03210   23.53152   23.12267    0.04557    0.02515    6.29792    2.45978   -0.60364    2.21064    2.00000
 180.02641   -0.01677   22.24357   21.98262    0.03129    0.01727   17.07011   -0.71647   -1.65870   -2.57063    2.00000
 179.82437    0.11930   23.81518   23.35863    0.21231    0.11718    5.10997    1.96072   -1.74915   -0.11084    2.00000
 180.00192   -0.05035   23.52071   23.11352    0.05039    0.02781    6.34397    2.87400    0.96354    1.00422    2.00000
 180.00952   -0.02531   23.02740   22.68972    0.02704    0.01492    9.32889   -0.23421    0.38007    1.31557    2.00000
 179.98125    0.05237   22.85066   22.53309    0.05563    0.03070   10.54722   -5.62618    0.11534   -5.62552    2.00000
 180.07031   -0.07908   23.18884   22.83059    0.10581    0.05840    8.23320   -6.11678   -1.54577   -9.07854    2.00000
 180.18208    0.35018   22.31491   22.04821    0.39469    0.21784   16.18439   -5.81094    2.93352   -3.14223    2.00000
 180.04053    0.06248   22.02562   21.78075    0.07448    0.04110   20.69004   -0.97577    1.46411    0.18940    2.00000
 179.89333   -0.04467   22.84284   22.52611    0.11566    0.06383   10.60147   -2.02452   -1.17831   -4.40234    2.00000
 179.78554    0.41802   23.69248   23.25718    0.46982    0.25931    5.62070    2.95621    1.79207   -2.79764    2.00000
 180.01740   -0.12328   22.69994   22.39842    0.12450    0.06871   12.01418   -0.82064   -2.01289   -3.11415    2.00000
 180.00027   -0.05494   19.00446   18.46234    0.05494    0.03032  222.12721    3.39533    2.10503    5.60121    2.00000
 179.94865    0.02109   23.14022   22.78832    0.05550    0.03063    8.56195   -1.52597    0.39509    3.69733    2.00000
 180.18669    0.37562   21.65833   21.43375    0.41946    0.23151   27.46727   -2.50099    1.50130   -1.83906    2.00000
 179.96379    0.02079   22.86109   22.54239    0.04175    0.02304   10.47490   -0.73146   -1.28869    3.79010    2.00000
 179.95879   -0.02099   23.65318   23.22464    0.04624    0.02552    5.78455    3.90976    0.60523    9.03426    2.00000
 179.97141    0.00465   23.29278   22.92052    0.02898    0.01600    7.53369   -1.20040    1.25912   -2.83371    2.00000
 180.08105   -0.00622   23.05381   22.71280    0.08129    0.04486    9.14940   -1.30916   -0.78098   -3.95190    2.00000
 180.04588    0.05508   22.84544   22.52844    0.07168    0.03956   10.58339    0.07171   -0.25482    1.24672    2.00000
 179.98041    0.00213   21.98726   21.74503    0.01971    0.01088   21.33060    1.72179    0.17948    0.97546    2.00000
 179.97549    0.07462   23.83185   23.37239    0.07855    0.04335    5.04069   -3.94575    0.55146    2.48647    2.00000
 179.99065    0.01446   22.90022   22.57726    0.01722    0.00951   10.20367   -0.96883    1.16413    3.96650    2.00000
 179.96767   -0.18161   23.46935   23.07007    0.18446    0.10181    6.56273    1.05803    0.61064   -4.49245    2.00000
 179.97971   -0.02590   23.83185   23.37239    0.03290    0.01816    5.04069   -3.94316   -1.08994   -4.58431    2.00000
 180.00694   -0.00738   22.12574   21.87455    0.01013    0.00559   19.00797    6.88732    5.30793   13.11491    2.00000
 180.07921   -0.10916   21.72713   21.50009    0.13487    0.07444   25.72299   -1.83785   -1.18530   -3.38469    2.00000
 180.03177   -0.07951   23.33088   22.95280    0.08562    0.04726    7.28260    0.73964   -1.35708    0.65349    2.00000
 179.94792   -0.01867   22.66105   22.36349    0.05532    0.03053   12.43011   -7.36598    2.26272   -3.00926    2.00000
 180.01497   -0.09441   23.01904   22.68240    0.09559    0.05276    9.38583   -4.49531    1.04854    0.74222    2.00000
 179.94360    0.06093   23.02119   22.68429    0.08302    0.04582    9.37113    0.90772    1.00759   -1.89744    2.00000
 179.96262   -0.14012   23.58365   23.16658    0.14502    0.08004    6.07684   -3.67621    1.20482   -1.91127    2.00000
 179.97646   -0.09328   18.03343   17.98819    0.09620    0.05310  287.82623   -4.61524    0.53809   -4.11661    2.00000
 179.62573    0.00497   21.41373   21.19103    0.37429    0.20658   33.85176   -1.29677    2.07221    0.74774    2.00000
 179.99786   -0.01631   22.50519   22.22278    0.01645    0.00908   14.10560    3.52956   -0.14477    4.20719    2.00000
 180.01259    0.02637   23.75327   23.30752    0.02922    0.01613    5.36726   -2.62057   -1.97604   -2.30498    2.00000
 180.03516   -0.07930   23.69060   23.25563    0.08674    0.04787    5.62850    1.09094   -2.21468   -1.29048    2.00000
 179.94728   -0.03986   21.58393   21.36219    0.06609    0.03648   29.34958    0.80696    2.01795    3.19065    2.00000
 179.98512   -0.07161   23.26686   22.89833    0.07314    0.04037    7.70632    1.99286   -2.50652    3.08291    2.00000
 179.98268   -0.00596   22.94716   22.61910    0.01831    0.01011    9.87819    2.45105    4.44159    3.87243    2.00000
 180.01627    0.06684   23.06581   22.72329    0.06879    0.03797    9.06781   -0.70741   -4.92390   -2.45883    2.00000
 180.07706   -0.00009   23.76041   23.31342    0.07706    0.04253    5.33757   -2.87102   -4.28773   -9.28296    2.00000
 180.00433   -0.00625   23.55044   23.13868    0.00761    0.00420    6.21732   -4.61098   -1.53315   -7.43685    2.00000
 179.91727   -0.09679   21.76682   21.53836    0.12734    0.07028   25.03668   -9.39094    0.95107   -9.38450    2.00000
 179.98039   -0.04100   21.46590   21.24433    0.04544    0.02508   32.44979   -3.52194    3.24049   -0.38639    2.00000
 180.07574   -0.07217   23.20835   22.84753    0.10462    0.05774    8.10148   -2.29038   -1.21170   -0.44856    2.00000
 180.01137    0.01277   20.89742   20.55301    0.01710    0.00944   55.62842    0.77161   -3.07582   -1.99448    2.00000
 179.96204   -0.11538   22.91587   22.59121    0.12147    0.06704   10.09518    2.29325   -0.98485    4.15395    2.00000
 179.97723   -0.06035   22.08142   21.83291    0.06449    0.03560   19.75476   -0.23391    7.29877    5.53624    2.00000
 179.71513   -0.00165   21.08278   20.82324    0.28486    0.15722   45.50104    1.42463    1.31671    3.06462    2.00000
 179.94408   -0.04394   21.08875   20.83050    0.07113    0.03926   45.22905    2.74014    0.65648    3.06386    2.00000
 179.97969   -0.10070   21.06670   20.80274    0.10273    0.05670   46.26948    3.82505    0.15677    3.94624    2.00000
 179.95010   -0.01760   22.04755   21.80116    0.05291    0.02920   20.32401   -3.72498   -0.34987   -3.76257    2.00000
 180.02258   -0.07005   23.71493   23.27578    0.07360    0.04062    5.52706    6.09591   -2.31397    2.95228    2.00000
 179.96794   -0.00269   23.61096   23.18939    0.03218    0.01776    5.96198   -4.75039    0.63711   -8.44674    2.00000
 179.95506    0.01490   23.41253   23.02198    0.04735    0.02613    6.80485   -1.20706   -3.00634   -7.36244    2.00000
 179.97997    0.03055   23.74487   23.30058    0.03654    0.02017    5.40222    0.17670   -1.09635    1.71049    2.00000
 180.01308   -0.00140   21.93245   21.69400    0.01314    0.00725   22.24568    4.32134   -0.60297    4.34733    2.00000
 179.90018   -0.18005   23.32544   22.94819    0.20587    0.11363    7.31847   -4.43604    0.97767  -12.67979    2.00000
 179.95459    0.09086   22.03110   21.78585    0.10158    0.05606   20.59853    5.79359    0.22087    6.47956    2.00000
 179.98132    0.04052   21.36157   21.13773    0.04462    0.02463   35.25373   -0.32005    3.92015    2.94188    2.00000
 179.97273   -0.07269   23.16690   22.81154    0.07763    0.04285    8.38138   -3.51840   -0.76293   -5.97460    2.00000
 179.99216    0.00973   21.57420   21.35283    0.01251    0.00690   29.59567   -5.53363    0.09181   -6.06130    2.00000
 179.99638    0.00152   23.79851   23.34487    0.00392    0.00216    5.17924    2.95741    3.67092    8.35885    2.00000
 180.00771    0.05390   21.28504   21.05653    0.05445    0.03005   37.38967    0.88461    1.37479    1.73962    2.00000
 180.01550    0.01824   23.78422   23.33307    0.02393    0.01321    5.23861    1.78178   -1.96152    0.45450    2.00000
 179.99393   -0.01054   23.48827   23.08608    0.01216    0.00671    6.48214    1.23029    0.11706   -4.19542    2.00000
 180.02911    0.01655   23.72616   23.28508    0.03350    0.01849    5.48025    2.28609   -1.14806   -0.17084    2.00000
 180.08464   -0.02486   21.55279   21.33225    0.08821    0.04869   30.13707   -4.15740   -2.94238   -8.03113    2.00000
 180.03346    0.01711   23.67564   23.24323    0.03758    0.02074    5.69092    0.94915   -2.02938   -5.00006    2.00000
 180.02951    0.02851   23.45584   23.05863    0.04103    0.02265    6.62030    1.18280    0.58436    0.99828    2.00000
 180.06783    0.07659   21.99274   21.75013    0.10230    0.05646   21.23909   -6.73067    0.45808   -6.66570    2.00000
 179.86482    0.26389   23.72803   23.28663    0.29649    0.16364    5.47245    0.53347   -0.59393    2.80898    2.00000
 179.96857    0.06209   23.29278   22.92052    0.06959    0.03841    7.53369   -2.49159   -3.01445    1.62658    2.00000
 180.01279   -0.02299   22.69745   22.39619    0.02630    0.01452   12.04074   -1.79701    1.09773   -2.68066    2.00000
 180.02016   -0.04352   22.68452   22.38458    0.04797    0.02647   12.17895    6.67103    0.09796    6.36906    2.00000
 179.93076   -0.05575   22.36772   22.09686    0.08890    0.04906   15.60510    3.20451    1.15003    5.22283    2.00000
 180.03609   -0.05054   23.48827   23.08608    0.06210    0.03427    6.48214   -4.15199   -0.24953   -2.24179    2.00000
 179.91644    0.05756   22.58541   22.29553    0.10146    0.05600   13.23941    1.18586   -0.74107   -0.55037    2.00000
 179.98643   -0.07936   23.82471   23.36649    0.08051    0.04444    5.07038   -0.19971    1.48487    6.28530    2.00000
 179.96877    0.27276   22.18959   21.93301    0.27454    0.15152   17.95978    5.88029   -5.06435   -0.47455    2.00000
 180.05157   -0.00128   22.63496   22.34005    0.05158    0.02847   12.70918    4.17800    0.29813    2.51670    2.00000
 180.03833    0.02485   22.80473   22.49209    0.04568    0.02521   10.89881   -4.60908   -1.30342   -5.75514    2.00000
 179.95212   -0.07743   22.98780   22.65500    0.09104    0.05025    9.59899   -5.47422   -1.42218   -8.36845    2.00000
 180.03363    0.03894   19.79595   19.29589    0.05146    0.02840  135.56641   -1.33965   -2.74697   -4.10057    2.00000
 179.99287    0.02543   20.85246   20.47644    0.02641    0.01457   58.82897   -0.47577   -3.62880   -4.15446    2.00000
 179.91632   -0.01149   21.75888   21.53070    0.08447    0.04662   25.17394   -7.30087   -1.64651   -8.68518    2.00000
 179.97635    0.06638   22.48409   22.20356    0.07047    0.03889   14.33448   -0.77531   -0.53104    0.30477    2.00000
 179.97688    0.17948   23.57241   23.15719    0.18096    0.09988    6.12413    7.16372   -0.05617    8.57242    2.00000
 179.87527   -0.12291   21.46329   21.24166    0.17512    0.09665   32.51989    2.85703    0.91592    3.48879    2.00000
 180.05917   -0.13347   23.12102   22.77154    0.14600    0.08058    8.69250   -2.01134   -2.03454   -3.79744    2.00000
 179.96471    0.00729   21.27089   21.04145    0.03605    0.01989   37.78640    4.23927   -0.68544    3.57440    2.00000
 179.97932   -0.01011   22.31731   22.05042    0.02302    0.01271   16.15806    0.78348   -1.94757   -1.18716    2.00000
 179.98671   -0.03741   23.76755   23.31931    0.03970    0.02191    5.30789   -1.30714    0.46059   -1.33008    2.00000
 180.15395   -0.01238   23.74300   23.29903    0.15444    0.08524    5.41002    0.42510   -0.63098   -3.95727    2.00000
 179.94131   -0.02562   23.14022   22.78832    0.06404    0.03534    8.56195    3.54530    3.22798    6.09452    2.00000
 180.01978    0.04117   23.44773   23.05177    0.04567    0.02521    6.65484    1.41183    0.53452    7.11230    2.00000
 179.96594   -0.03940   22.78726   22.47648    0.05208    0.02874   11.08471    6.22160    3.32278   11.93611    2.00000
 179.95151   -0.01407   23.69248   23.25718    0.05049    0.02787    5.62070   -0.23431    2.47624    0.60958    2.00000
 180.03349   -0.05649   23.37715   22.99200    0.06567    0.03625    6.97770   -0.27989    0.01063    1.60317    2.00000
 180.24071   -0.06575   22.82723   22.51221    0.24953    0.13772   10.70962   -6.06264   -2.01691  -11.35184    2.00000
 179.98872   -0.05205   23.08261   22.73797    0.05326    0.02939    8.95358   -2.25073   -3.19595   -6.16931    2.00000
 180.04982    0.00181   23.62864   23.20415    0.04986    0.02752    5.88767    5.92790    0.30771    8.42505    2.00000
 179.96747   -0.02985   21.29516   21.06731    0.04415    0.02437   37.10630   -0.17484   -0.45295   -1.39159    2.00000
 179.98164    0.06647   23.81756   23.36059    0.06896    0.03806    5.10007    0.23438   -1.43948   -6.81103    2.00000
 180.01140    0.01777   21.80993   21.57918    0.02112    0.01166   24.30461    1.28111    0.14789    1.01216    2.00000
 180.14656    0.02258   21.56447   21.34348    0.14829    0.08184   29.84176   -2.76715   -3.75477   -6.85866    2.00000
 179.94492   -0.04500   22.30269   22.03696    0.07113    0.03926   16.31837   -1.45623   -0.99951   -4.80582    2.00000
 180.00166   -0.10376   22.68452   22.38458    0.10377    0.05727   12.17895   -0.04885    4.16342    4.43843    2.00000
 179.98051    0.04695   23.30639   22.93205    0.05083    0.02806    7.44401    4.58877   -1.51700    4.83054    2.00000
 179.96245    0.06395   23.23517   22.87081    0.07416    0.04093    7.92036   -3.32830    6.84133    4.63718    2.00000
 180.02695   -0.00362   22.78976   22.47871    0.02719    0.01501   11.05815   -3.46744    2.51442   -1.52441    2.00000
 180.05704    0.21424   23.38532   22.99892    0.22170    0.12236    6.92390    7.33871   -4.35453    2.80365    2.00000
 180.07083   -0.02122   23.48557   23.08379    0.07394    0.04081    6.49365   -3.31788    1.62360   -3.27539    2.00000
 180.02377   -0.03745   20.77410   20.36214    0.04437    0.02449   64.71964   -3.05468    0.56713   -2.51715    2.00000
 179.99702    0.04456   21.77740   21.54857    0.04466    0.02465   24.85366   -1.03840    2.13393    1.12372    2.00000
 180.06650    0.14860   23.68312   23.24943    0.16280    0.08985    5.65971   -4.08639    2.29200   -6.46740    2.00000
 180.01273    0.03530   21.65304   21.42864    0.03753    0.02071   27.60150   -4.99496    4.00540   -0.69075    2.00000
 179.96490   -0.01904   23.50179   23.09751    0.03993    0.02204    6.42457    0.65642    1.65729   -1.64638    2.00000
 179.99875   -0.01064   22.12683   21.87555    0.01072    0.00592   18.99001    3.24915   -0.94843    2.84168    2.00000
 179.76070   -0.06751   23.72616   23.28508    0.24865    0.13724    5.48025    0.70868   -0.57424    5.78130    2.00000
 179.97610    0.07261   23.32544   22.94819    0.07644    0.04219    7.31847    1.55609    2.97640    6.86054    2.00000
 180.08589    0.03151   20.95431   20.64588    0.09148    0.05049   52.14799    1.81102    2.45863    4.34922    2.00000
 180.00143    0.01102   21.60729   21.38464    0.01111    0.00613   28.75897    1.75861   -1.98061   -0.00795    2.00000
 179.92337   -0.00379   22.72988   22.42518    0.07672    0.04234   11.69551   -2.19810   -1.49905   -2.10144    2.00000
 179.99988    0.02526   22.52862   22.24414    0.02526    0.01394   13.85129   -1.42780   -4.48419   -5.44437    2.00000
 179.99246   -0.02066   22.69496   22.39396    0.02199    0.01214   12.06724    5.03992    1.64354    5.22001    2.00000
 180.05939    0.02459   21.63649   21.41271    0.06427    0.03547   28.02069   -1.97324   -1.61679   -2.98738    2.00000
 180.00229    0.01397   22.80722   22.49432    0.01415    0.00781   10.87225   -2.54165    0.89102   -0.89199    2.00000
 180.04480    0.01592   23.14502   22.79252    0.04755    0.02624    8.52932   -2.95899    1.93493   -2.69570    2.00000
 180.00458   -0.02226   23.23273   22.86869    0.02273    0.01254    7.93683   -2.45572    3.76510   -3.04538    2.00000
 179.97134    0.01084   21.46068   21.23900    0.03064    0.01691   32.58998    0.85422    0.80903    1.52692    2.00000
 180.02715    0.00061   22.88196   22.56098    0.02715    0.01499   10.33024   -3.39883    2.07400    1.83731    2.00000
 179.81232   -0.10921   22.51456   22.23133    0.21715    0.11985   14.00388    0.04085   -2.24972   -1.81114    2.00000
 180.00398    0.00597   23.26686   22.89833    0.00718    0.00396    7.70632    1.44652    1.09530    1.67002    2.00000
 180.00075   -0.00258   21.67950   21.45416    0.00269    0.00148   26.93034   -2.30007   -0.49732   -3.35108    2.00000
 179.97427   -0.00081   22.96020   22.63073    0.02575    0.01421    9.78778   -3.57366   -0.28265   -4.83683    2.00000
 180.01962   -0.03124   23.30911   22.93436    0.03690    0.02036    7.42608    2.50871    1.18739    4.93004    2.00000
 179.99278    0.07643   23.68125   23.24788    0.07677    0.04237    5.66751    1.95425   -0.51366    3.22936    2.00000
 180.00856   -0.01747   21.50443   21.28369    0.01946    0.01074   31.41435    5.07196    1.06249    6.67086    2.00000
 180.16061    0.09680   22.93934   22.61213    0.18753    0.10350    9.93244    6.24457    0.68241    4.31164    2.00000
 179.91795   -0.07147   23.27918   22.90900    0.10881    0.06005    7.62329   -0.67316   -2.10711   -1.25246    2.00000
 180.05396   -0.12315   22.88196   22.56098    0.13445    0.07421   10.33024   -2.16969    2.30871    0.51556    2.00000
 179.99350   -0.01265   22.89500   22.57261    0.01422    0.00785   10.23983    0.76256   -1.57303    1.00912    2.00000
 179.98618    0.09125   20.63465   20.19075    0.09229    0.05094   73.55204   -2.54918   -1.36415   -3.78552    2.00000
 179.99680   -0.00373   22.62192   22.32834    0.00492    0.00272   12.84871   -4.56970    0.74298   -4.57957    2.00000
 179.94351    0.00026   21.85347   21.62001    0.05649    0.03118   23.57255    2.58012   -0.45203    1.65043    2.00000
