#RA        DEC       MAG_G     MAG_I     ANGSEP    RPROJ     SNR       VTRUE       VSYS       VMEAS      VSYSERR    
 180.04607    0.00111   22.96281   22.63305    0.04608    0.02543    9.76970    4.11533    1.57667    7.99000    2.00000
 180.02098    0.02012   22.30012   22.03459    0.02907    0.01604   16.34650    1.36051   -1.03522    0.09753    2.00000
 179.92336    0.15943   22.39652   22.12339    0.17689    0.09763   15.28912   -1.97337   -0.00048   -2.39744    2.00000
 180.00487    0.05961   22.64279   22.34708    0.05981    0.03301   12.62546   -1.14904    0.98198    0.54604    2.00000
 179.92670   -0.00280   23.78422   23.33307    0.07336    0.04049    5.23861   -1.14677   -2.62590    1.08852    2.00000
 180.14986   -0.07048   21.01930   20.74025    0.16560    0.09140   48.61114   -1.98031   -3.04892   -5.11199    2.00000
 179.94652    0.02593   22.43254   22.15657    0.05943    0.03280   14.89402   -1.14978    1.30512    0.04083    2.00000
 179.97789   -0.00899   23.27918   22.90900    0.02387    0.01317    7.62329    2.93662    1.62222    6.29612    2.00000
 180.01949    0.02162   22.95499   22.62608    0.02911    0.01607    9.82395   -3.81445    1.07959   -1.12792    2.00000
 180.03546   -0.06463   22.52394   22.23987    0.07371    0.04068   13.90215   -0.00696   -0.44731    0.50753    2.00000
 180.10301    0.03175   23.13782   22.78623    0.10779    0.05949    8.57827   -1.33625    1.57794   -3.51973    2.00000
 179.97102   -0.00126   21.93793   21.69910    0.02901    0.01601   22.15417    0.06488   -2.79539   -2.70160    2.00000
 180.29333   -0.00929   23.83423   23.37435    0.29347    0.16198    5.03080    1.67671   -1.12486    0.10647    2.00000
 180.02974    0.02900   21.42417   21.20169    0.04154    0.02293   33.57136   -1.52980   -2.21221   -4.34541    2.00000
 180.07561    0.01415   22.19730   21.94009    0.07691    0.04245   17.83268    0.07460    2.71046    2.95327    2.00000
 180.12317    0.09048   18.08630   17.74010    0.15283    0.08435  330.13925    5.29457   -0.66465    4.63014    2.00000
 179.95966   -0.04175   21.63260   21.40897    0.05805    0.03204   28.11913   -0.72025   -0.95572   -1.49835    2.00000
 179.97897    0.03840   21.51154   21.29095    0.04378    0.02416   31.22344    0.71260    4.49722    4.82938    2.00000
 180.02278   -0.00013   23.33633   22.95742    0.02278    0.01257    7.24673   -0.90188   -3.01454    0.09541    2.00000
 179.93712   -0.12582   21.68744   21.46181    0.14066    0.07763   26.72900    0.96866    1.11423    2.21506    2.00000
 179.95651   -0.09923   21.47111   21.24966    0.10834    0.05979   32.30959   -0.73292    1.49098   -0.47422    2.00000
 180.05495    0.00074   19.80045   19.30058    0.05496    0.03033  135.15331    0.82637   -0.25620    0.51258    2.00000
 179.99123   -0.04131   23.05621   22.71490    0.04223    0.02331    9.13308   -2.17630   -2.34368   -2.66109    2.00000
 180.03474   -0.05895   22.66887   22.37052    0.06843    0.03777   12.34639    2.98122   -1.18538    1.89839    2.00000
 179.93806    0.01279   22.43722   22.16085    0.06324    0.03490   14.84311    4.47942    3.73635    6.98668    2.00000
 180.00677    0.04375   23.21322   22.85176    0.04428    0.02444    8.06855    2.50340    0.33392    5.26829    2.00000
 179.96709    0.06177   23.79375   23.34094    0.06999    0.03863    5.19903   -5.46163   -3.80479  -11.73783    2.00000
 179.87610    0.02609   22.02288   21.77820    0.12662    0.06988   20.73579   -0.41860    1.68616    2.11235    2.00000
 180.01047    0.00801   20.85061   20.47353    0.01318    0.00727   58.97897    0.28157   -0.00025    0.61621    2.00000
 180.07005    0.04206   23.46125   23.06321    0.08170    0.04509    6.59727   -1.14242   -1.97946   -3.49029    2.00000
 179.98776   -0.02199   23.43962   23.04491    0.02516    0.01389    6.68938    1.93304   -3.01359   -4.83980    2.00000
 180.02682   -0.02235   23.57401   23.15853    0.03492    0.01927    6.11737   -2.14022   -0.42094   -0.82432    2.00000
 180.09888    0.05285   22.68452   22.38458    0.11212    0.06188   12.17895   -6.61841    2.79080   -4.69293    2.00000
 180.01654   -0.01478   22.38692   22.11455    0.02218    0.01224   15.39445   -0.88999   -3.29984   -2.64882    2.00000
 179.96713    0.01940   22.08607   21.83733    0.03816    0.02106   19.67546   -1.73114   -0.91349   -2.95600    2.00000
 180.02724    0.02648   23.16690   22.81154    0.03799    0.02097    8.38138   -5.22768    0.18350   -2.51561    2.00000
 179.89867    0.11738   22.66887   22.37052    0.15508    0.08559   12.34639    0.12695   -3.89316   -6.28365    2.00000
 180.04601    0.00286   23.55584   23.14325    0.04610    0.02545    6.19430   -1.34823    2.05254   -1.44170    2.00000
 179.97646   -0.02631   20.55599   20.10156    0.03530    0.01948   78.14834   -1.74081   -1.25687   -2.78415    2.00000
 179.91368   -0.03076   21.38765   21.16438    0.09164    0.05058   34.55274   -0.09912   -2.05051   -2.36049    2.00000
 179.96330    0.00234   22.54737   22.26123    0.03677    0.02029   13.64784   -2.26514    1.59321   -1.06546    2.00000
 179.95464   -0.08673   23.27918   22.90900    0.09788    0.05402    7.62329   -0.09850   -0.35516   -1.53664    2.00000
 180.01344   -0.06061   23.56919   23.15450    0.06208    0.03427    6.13764   -0.90347    0.27904    4.21339    2.00000
 179.71875   -0.02291   23.37171   22.98739    0.28219    0.15575    7.01357   -4.26084   -0.51115   -6.00669    2.00000
 179.98724    0.05922   22.95499   22.62608    0.06057    0.03343    9.82395   -2.55976   -0.72454   -4.00466    2.00000
 180.00175   -0.04250   23.46935   23.07007    0.04254    0.02348    6.56273    0.07891   -0.40340   -1.16092    2.00000
 180.00346   -0.00088   21.21879   20.98511    0.00358    0.00197   39.43491   -0.94161    1.42401    1.22122    2.00000
 180.02916   -0.04457   23.27661   22.90680    0.05326    0.02939    7.64046    3.80275   -1.73363    3.20806    2.00000
 179.94907    0.05178   21.44764   21.22568    0.07264    0.04009   32.94048   -3.13702    0.36512   -2.23905    2.00000
 180.02502   -0.00018   23.71119   23.27268    0.02502    0.01381    5.54267    1.32897    0.89922    5.54934    2.00000
 179.99367   -0.00220   21.48415   21.26298    0.00670    0.00370   31.95910   -0.81434   -4.19124   -4.69129    2.00000
 179.92715    0.09322   23.43152   23.03805    0.11831    0.06530    6.72392    1.69715   -1.38071    1.13860    2.00000
 179.98161    0.08637   23.48827   23.08608    0.08830    0.04873    6.48214    1.97727   -0.87281   -0.23892    2.00000
 180.01633   -0.02023   22.09226   21.84323    0.02600    0.01435   19.56971    2.90961    3.18750    6.29909    2.00000
 180.00240   -0.03321   23.50990   23.10437    0.03329    0.01838    6.39003    5.98714    4.86958   12.46555    2.00000
 180.24074   -1.14603   21.66362   21.43885    1.17104    0.64641   27.33304   -5.66202   -1.41933   -8.10714    2.00000
 179.95786    0.00949   21.69538   21.46947    0.04320    0.02384   26.52765   -4.04994   -3.85688   -6.91906    2.00000
 180.04469   -0.02639   23.59329   23.17463    0.05191    0.02865    6.03630    5.21619    1.89821    1.52086    2.00000
 179.67279    0.00013   18.77008   18.21257    0.32721    0.18060  256.53220   -4.47311   -0.23387   -4.70173    2.00000
 180.01807    0.31378   23.40981   23.01967    0.31430    0.17347    6.81646    0.69350    1.72512    4.25584    2.00000
 179.99734   -0.02876   22.85588   22.53774    0.02888    0.01594   10.51106   -2.53821   -0.95033   -2.30358    2.00000
 180.10336    0.01764   22.49113   22.20997    0.10486    0.05788   14.25819    4.33036    2.20384    7.31973    2.00000
 180.09166   -0.07492   23.54773   23.13639    0.11838    0.06534    6.22884   -3.16807    0.90287   -0.01581    2.00000
 180.02002   -0.03948   23.63185   23.20684    0.04426    0.02443    5.87416    2.05982    1.24946    1.33303    2.00000
 180.08981   -0.00958   23.58365   23.16658    0.09032    0.04985    6.07684   -3.76804    2.44587    0.55788    2.00000
 179.98711   -0.00418   21.51065   21.29004    0.01356    0.00748   31.24731    1.80155   -0.99582    0.91312    2.00000
 180.11552    0.19167   21.77740   21.54857    0.22379    0.12352   24.85366   -5.20888    0.55640   -4.32225    2.00000
 180.08730   -0.04990   23.57401   23.15853    0.10055    0.05550    6.11737   -1.70706   -1.19353   -4.08107    2.00000
 179.97966   -0.00028   22.33651   22.06811    0.02034    0.01123   15.94741   -4.70329    0.53584   -5.79962    2.00000
 179.91270   -0.05603   23.48827   23.08608    0.10372    0.05725    6.48214   -2.07289   -3.55357    2.61711    2.00000
 179.93172    0.31456   23.79137   23.33897    0.32188    0.17766    5.20893    0.59480    0.63686   -8.47557    2.00000
 179.90581   -0.03097   21.61313   21.39026    0.09916    0.05473   28.61131    1.70331    0.52323    1.01669    2.00000
 179.95399    0.02930   21.02678   20.75012    0.05454    0.03010   48.24141    1.86281    4.55855    5.99619    2.00000
 179.87991    0.03563   23.63827   23.21221    0.12526    0.06913    5.84713   -2.16048    0.63590   -7.90963    2.00000
 180.05183    0.05889   23.82709   23.36845    0.07846    0.04330    5.06049    0.99762   -0.23516    6.18818    2.00000
 179.95941    0.05072   22.99103   22.65783    0.06496    0.03585    9.57694   -0.06702   -1.63114   -3.70533    2.00000
 180.00104   -0.01661   23.44773   23.05177    0.01664    0.00918    6.65484   -3.84573    2.46056    0.64717    2.00000
 179.98412    0.04455   23.65693   23.22774    0.04730    0.02610    5.76894    1.27018    0.27200    6.63085    2.00000
 180.05350   -0.00479   22.74984   22.44302    0.05370    0.02964   11.48305   -1.03952   -1.82365   -2.74763    2.00000
 179.99960   -0.09614   22.19987   21.94246    0.09614    0.05306   17.79032   -3.11146    1.30788   -1.37738    2.00000
 180.11575    0.03048   21.24510   21.01394    0.11970    0.06607   38.50999   -2.23156    0.52386   -1.03240    2.00000
 179.98930   -0.09121   22.71990   22.41626    0.09184    0.05069   11.80173   -4.74432    1.30261   -5.19617    2.00000
 180.07875   -0.04220   22.86631   22.54704    0.08934    0.04931   10.43873   -0.00653    3.05019    2.14965    2.00000
 180.06258   -0.05732   21.04050   20.76821    0.08486    0.04684   47.56356    1.41182    3.69790    4.85273    2.00000
 179.99812   -0.00165   21.97081   21.72972    0.00250    0.00138   21.60512    5.59104   -0.01944    6.19126    2.00000
 180.08978   -0.06839   22.72739   22.42295    0.11287    0.06229   11.72206   -2.15978    1.54941   -0.45268    2.00000
 179.95325    0.06691   23.64955   23.22162    0.08163    0.04505    5.79973    3.13098   -0.82109    1.61971    2.00000
 180.04854    0.02874   21.94067   21.70166    0.05641    0.03114   22.10842    1.70738    0.49291    2.73260    2.00000
 179.93176    0.02378   22.21529   21.95663    0.07227    0.03989   17.53613    0.17988   -0.10705   -0.68474    2.00000
 180.00198    0.02274   22.30526   22.03932    0.02283    0.01260   16.29024   -3.05335   -2.51186   -4.27802    2.00000
 179.98073    0.00131   22.73238   22.42741    0.01932    0.01066   11.66895    1.73294   -0.30977    1.57938    2.00000
 180.02618    0.01374   22.87674   22.55634    0.02956    0.01632   10.36640   -1.24497    1.64627    0.18042    2.00000
 180.05426   -0.02274   22.36772   22.09686    0.05884    0.03247   15.60510   -3.95152   -0.82236   -4.66298    2.00000
 180.19720    0.00632   22.94977   22.62143    0.19731    0.10890    9.86011   -7.14709   -0.69856   -9.74511    2.00000
 179.95934   -0.04097   21.38504   21.16172    0.05773    0.03186   34.62284    1.51704   -2.32436   -1.05441    2.00000
 180.04460    0.07892   22.74984   22.44302    0.09065    0.05003   11.48305   -3.07574   -0.08439   -6.99897    2.00000
 179.88481    0.04547   22.99642   22.66256    0.12384    0.06835    9.54019   -4.36180   -1.90320  -12.97694    2.00000
 179.98907    0.04417   23.57401   23.15853    0.04551    0.02512    6.11737    1.08464    0.98678    3.33723    2.00000
 179.99007   -0.02340   22.56715   22.27912    0.02542    0.01403   13.43476   -0.28957    0.18455    2.39895    2.00000
 180.10004   -0.14474   22.73986   22.43410    0.17594    0.09711   11.58928    0.88315    0.38645   -1.51889    2.00000
 180.03476   -0.00931   23.49098   23.08836    0.03598    0.01986    6.47062   -6.72469   -1.34134   -8.23346    2.00000
 179.93530   -0.03191   23.38804   23.00123    0.07213    0.03981    6.90933    2.83340    0.17534    6.96860    2.00000
 180.04027    0.01941   21.58393   21.36219    0.04471    0.02468   29.34958    3.13700    0.97242    4.31067    2.00000
 180.01793    0.01851   21.62481   21.40148    0.02577    0.01422   28.31600   -1.67318    3.34754    2.60607    2.00000
 179.97359    0.13371   23.83423   23.37435    0.13629    0.07522    5.03080   -0.45927   -4.87337  -12.17637    2.00000
 180.08919   -0.01651   20.65414   20.21340    0.09070    0.05006   72.38495   -5.46268    1.91867   -3.59911    2.00000
 180.05170    0.12804   22.54972   22.26336    0.13808    0.07621   13.62241    2.69608    0.57929    3.39472    2.00000
 179.98827    0.06441   23.21566   22.85388    0.06547    0.03613    8.05208    0.36992   -2.68521   -2.08930    2.00000
 180.01828    0.05495   23.25223   22.88563    0.05791    0.03196    7.80511    3.28740    1.01935    2.76016    2.00000
 180.03198   -0.03283   22.95499   22.62608    0.04584    0.02530    9.82395   -0.03234    1.32378    4.50446    2.00000
 180.01897    0.04701   23.38532   22.99892    0.05069    0.02798    6.92390    0.16547   -1.17748   -5.15416    2.00000
 180.09648    0.03059   23.08501   22.74007    0.10121    0.05586    8.93726   -1.86752   -2.00103   -1.07223    2.00000
 180.00883   -0.01533   21.62676   21.40335    0.01769    0.00977   28.26678    4.12107   -2.65713    1.88768    2.00000
 180.01826   -0.03052   21.76153   21.53326    0.03556    0.01963   25.12819   -1.16668   -0.33635   -1.98032    2.00000
 180.07504    0.06644   18.06922   18.10178    0.10023    0.05532  271.79233   -0.40045   -2.76731   -3.14567    2.00000
 180.05295   -0.02163   23.28462   22.91361    0.05720    0.03157    7.58749   -1.56247    0.48377    0.75685    2.00000
 179.97688    0.03316   23.48287   23.08150    0.04042    0.02231    6.50517    3.02979   -1.50274    3.47455    2.00000
 180.01219    0.02596   17.91668   17.92707    0.02868    0.01583  298.25177    0.83059    0.31008    1.15215    2.00000
 180.11108   -0.02394   23.33905   22.95972    0.11364    0.06272    7.22879   -2.65160   -0.65294    1.70488    2.00000
 179.93655   -0.00033   21.98451   21.74248    0.06344    0.03501   21.37635   -4.10746   -0.36315   -4.22738    2.00000
 179.96503   -0.00223   22.42052   22.14550    0.03504    0.01934   15.02581   -2.53247   -1.18007   -3.89012    2.00000
 180.02522    0.04899   23.65318   23.22464    0.05511    0.03042    5.78455   -3.19945    1.93313   -1.00614    2.00000
 180.00800    0.07688   23.14502   22.79252    0.07729    0.04266    8.52932    3.62423    1.12192    5.07565    2.00000
 180.11163    0.01570   23.73925   23.29593    0.11273    0.06222    5.42563   -8.09718   -2.18711  -16.44194    2.00000
 180.00613    0.00143   22.26413   22.00152    0.00630    0.00348   16.74035   -3.92856   -3.11853   -5.82155    2.00000
 179.95868    0.01215   21.80721   21.57663    0.04307    0.02377   24.35037   -2.42836   -0.47595   -2.94930    2.00000
 179.99425   -0.07742   23.55044   23.13868    0.07763    0.04285    6.21732   -0.97935   -2.45833   -4.87821    2.00000
 180.13916   -0.09250   23.05381   22.71280    0.16710    0.09223    9.14940   -0.75090    1.87535    1.97546    2.00000
 179.95142   -0.06881   22.62192   22.32834    0.08423    0.04649   12.84871    4.88828   -0.69690    4.20462    2.00000
 179.99937   -0.00667   23.71306   23.27423    0.00670    0.00370    5.53487   -0.44920    1.96125    0.74155    2.00000
 180.01801    0.00767   23.03220   22.69392    0.01957    0.01080    9.29626    0.52835   -1.30604    2.73516    2.00000
 180.03125   -0.05806   22.77978   22.46979    0.06594    0.03639   11.16438    3.37873   -1.87760    0.51982    2.00000
 180.02435    0.03095   22.95760   22.62840    0.03938    0.02174    9.80587    3.26911   -2.08149   -3.01119    2.00000
 179.96667    0.08496   21.57225   21.35096    0.09127    0.05037   29.64489   -2.62516   -3.09140   -6.17971    2.00000
 180.17888   -0.17181   21.33762   21.11255    0.24803    0.13689   35.91611   -9.17240   -1.30486  -10.83694    2.00000
 180.07974    0.03165   21.86164   21.62766    0.08580    0.04736   23.43528    0.40073    1.10980    2.14665    2.00000
 180.04140   -0.07307   22.36772   22.09686    0.08397    0.04635   15.60510    1.61712    1.96341    4.29038    2.00000
 179.92268    0.07792   23.74112   23.29748    0.10977    0.06059    5.41783   -3.68163    1.19817   -6.50444    2.00000
 179.94763    0.12250   23.52341   23.11581    0.13322    0.07353    6.33246   -0.57143   -0.96999   -0.22664    2.00000
 179.88332    0.06485   21.63260   21.40897    0.13349    0.07368   28.11913  -10.85750   -1.82514  -12.26630    2.00000
 179.96640   -0.01481   23.42881   23.03577    0.03672    0.02027    6.73544   -1.86448   -2.10904   -5.16510    2.00000
 179.85025   -0.04296   22.64279   22.34708    0.15579    0.08598   12.62546   -2.82431   -0.82590   -6.11017    2.00000
 180.02148   -0.10615   21.18409   20.94479    0.10830    0.05977   40.94573   -2.99509    2.52872   -0.07623    2.00000
 179.92294    0.09360   23.65505   23.22619    0.12124    0.06691    5.77675   -1.19295   -1.29701   -6.62438    2.00000
 180.02003    0.00893   22.98457   22.65216    0.02193    0.01210    9.62105   -3.08104   -3.52275   -6.69527    2.00000
 179.99918   -0.03248   23.70557   23.26803    0.03249    0.01793    5.56608    2.53853    0.75569    4.48498    2.00000
 180.01001    0.04359   22.01466   21.77055    0.04472    0.02468   20.87306   -1.14612   -2.70334   -3.26154    2.00000
 179.96703    0.15614   22.91065   22.58656    0.15958    0.08808   10.13134   -2.81118   -1.19330   -5.21376    2.00000
 179.99129    0.04368   23.82471   23.36649    0.04454    0.02458    5.07038   -1.82458   -3.50794   -0.54977    2.00000
 180.11046   -0.02420   23.18884   22.83059    0.11308    0.06241    8.23320   -0.89136   -0.68059   -2.29436    2.00000
 180.00499    0.03653   21.63455   21.41084    0.03687    0.02035   28.06991    0.72254   -0.74718    0.23398    2.00000
 180.04356   -0.04462   23.30095   22.92744    0.06236    0.03442    7.47988    2.27428    1.00265    3.46027    2.00000
 179.92982    0.08047   21.95711   21.71696    0.10677    0.05893   21.83389    2.14907    2.09389    4.43511    2.00000
 179.99310    0.01551   23.09941   22.75266    0.01697    0.00937    8.83936    8.96188   -0.28171    8.02120    2.00000
 179.97749   -0.06021   23.80327   23.34880    0.06428    0.03548    5.15945    1.29482   -2.17844    3.85373    2.00000
 180.05434    0.05098   23.31728   22.94128    0.07450    0.04112    7.37227   -2.73647   -1.20740   -8.15332    2.00000
 179.93668   -0.01512   22.49113   22.20997    0.06510    0.03593   14.25819    1.21295    0.25542    0.99017    2.00000
 180.01109    0.00435   21.79904   21.56898    0.01191    0.00657   24.48763   -3.50832    4.37069   -0.55422    2.00000
 179.98759    0.01510   23.56125   23.14782    0.01954    0.01079    6.17127   -1.96834   -2.01133   -3.54681    2.00000
 179.97176   -0.03663   21.35635   21.13240    0.04626    0.02553   35.39392    1.49666   -0.32197    1.45382    2.00000
 179.97943   -0.13422   22.71741   22.41403    0.13579    0.07494   11.82829   -3.72073    0.68257   -3.51653    2.00000
 180.06372   -0.07752   22.77479   22.46533    0.10035    0.05538   11.21749   -3.58904   -3.66679   -9.86600    2.00000
 179.97717    0.02806   23.17421   22.81789    0.03617    0.01996    8.33198   -0.73757   -0.97288   -2.88287    2.00000
 180.02464    0.00365   23.50990   23.10437    0.02491    0.01375    6.39003   -2.96599    3.48146   -4.00973    2.00000
 180.08372    0.02078   22.28727   22.02278    0.08627    0.04761   16.48716    1.46426   -4.80374   -2.49609    2.00000
 180.03371   -0.03583   23.28734   22.91591    0.04918    0.02715    7.56956    0.83757   -2.59367   -0.46482    2.00000
 179.94972   -0.04226   22.99642   22.66256    0.06569    0.03625    9.54019   -2.14257    0.39449   -0.51693    2.00000
 179.91838    0.00191   23.66254   23.23239    0.08164    0.04506    5.74554   -3.57687    2.78087    0.78819    2.00000
 180.03731   -0.00267   23.54773   23.13639    0.03740    0.02064    6.22884   -1.75579    1.96726    3.23638    2.00000
 179.90881   -0.00048   23.23517   22.87081    0.09118    0.05032    7.92036    7.88313    0.75777    5.68169    2.00000
 180.09096    0.01060   23.63827   23.21221    0.09157    0.05054    5.84713   -1.01868    1.23851    6.95762    2.00000
 179.98137   -0.01946   23.57080   23.15585    0.02694    0.01487    6.13088   -1.79436   -1.08090    3.16071    2.00000
 180.06770    0.03818   21.29920   21.07161    0.07772    0.04290   36.99295   -0.57002   -0.70710   -0.20758    2.00000
 179.99808   -0.06240   22.22044   21.96136    0.06243    0.03445   17.45140    0.01238   -4.30473   -4.57745    2.00000
 180.06218   -0.06848   21.38765   21.16438    0.09250    0.05105   34.55274    1.01016    1.68301    2.69562    2.00000
 180.05042    0.01528   23.38804   23.00123    0.05267    0.02907    6.90933    1.88134   -0.17061    4.81593    2.00000
 179.92514   -0.05604   23.27174   22.90256    0.09351    0.05161    7.67339    0.89410   -1.90017    3.08659    2.00000
 179.95248   -0.04407   21.83170   21.59960    0.06481    0.03577   23.93858    3.88393    0.96283    5.71741    2.00000
 180.01369   -0.04283   23.52881   23.12038    0.04496    0.02482    6.30943   -5.36129   -1.03536   -8.91702    2.00000
 179.99812   -0.09942   21.32347   21.09747    0.09944    0.05488   36.31284    3.28971    0.39823    3.57338    2.00000
 180.00934    0.01923   22.98133   22.64933    0.02138    0.01180    9.64310   -3.73456    1.30328   -2.52422    2.00000
 180.06030   -0.02576   23.08501   22.74007    0.06557    0.03619    8.93726   -1.51506   -1.28739   -5.55807    2.00000
 179.99998   -0.04678   22.96948   22.63893    0.04678    0.02582    9.72395    3.25323   -2.77094   -3.04535    2.00000
 180.41138    0.26241   20.88869   20.53804    0.48795    0.26931   56.18940   -0.29489    0.61468   -0.05559    2.00000
 180.01421   -0.01295   22.37492   22.10349    0.01921    0.01061   15.52610    3.46201    1.75443    2.68606    2.00000
 179.94566    0.10650   22.94716   22.61910    0.11956    0.06599    9.87819   -1.68563   -0.17270    0.29015    2.00000
 179.94456   -0.12996   22.79475   22.48317    0.14129    0.07798   11.00504   -2.61989    3.11885    3.19159    2.00000
 180.03427   -0.04184   20.81635   20.41969    0.05408    0.02985   61.75387   -0.64118    0.70399   -0.12744    2.00000
 180.00296   -0.00306   23.32000   22.94358    0.00426    0.00235    7.35434    1.96310    0.33002    1.09439    2.00000
 180.01009   -0.02636   22.68191   22.38224    0.02822    0.01558   12.20686    3.84413   -1.30445    4.18551    2.00000
 179.96713    0.00025   22.20758   21.94954    0.03287    0.01814   17.66322   -6.07690    4.42145   -1.86437    2.00000
 180.25748   -0.26809   22.20501   21.94718    0.37170    0.20515   17.70559   -4.14876   -0.90388   -6.91058    2.00000
 179.96893   -0.01685   21.81265   21.58173    0.03535    0.01951   24.25886   -3.65898   -2.49726   -7.26767    2.00000
 180.05313    0.01903   21.61508   21.39213    0.05644    0.03115   28.56209    1.73990    0.56450    2.05117    2.00000
 179.98393    0.01626   23.67189   23.24013    0.02285    0.01261    5.70652    0.52265   -1.54116   -0.58406    2.00000
 179.99179    0.05185   18.19178   17.87900    0.05250    0.02897  306.44962    5.81208    1.33440    7.18494    2.00000
 180.03526    0.01894   23.23029   22.86658    0.04003    0.02209    7.95329   -3.57163   -1.71150   -3.00204    2.00000
 180.01640    0.00574   22.83501   22.51914    0.01738    0.00959   10.65572   -1.63882    0.55559    0.39627    2.00000
 180.02296   -0.04538   23.21566   22.85388    0.05086    0.02807    8.05208   -1.86332   -0.15958   -1.68031    2.00000
 180.03758   -0.01032   23.28462   22.91361    0.03898    0.02151    7.58749   -1.79640   -1.88374   -2.23631    2.00000
 179.92752    0.00915   22.93934   22.61213    0.07305    0.04032    9.93244   -3.41464   -2.84549   -3.88979    2.00000
 180.02988    0.01999   18.20061   17.59940    0.03594    0.01984  354.13663    3.65094    4.18882    7.86780    2.00000
 179.99739   -0.02064   23.44233   23.04720    0.02080    0.01148    6.67787    1.93925   -0.70305    0.48238    2.00000
 180.00583    0.02241   22.93934   22.61213    0.02316    0.01278    9.93244   -1.18852    1.23716    1.86448    2.00000
 179.98628   -0.02936   22.65583   22.35880    0.03241    0.01789   12.48592    2.41920    0.95986    1.66333    2.00000
 179.36784   -0.03994   23.69996   23.26338    0.63342    0.34961    5.58948    3.19366   -2.09110   -4.45785    2.00000
 179.94730    0.00678   23.58365   23.16658    0.05313    0.02932    6.07684   -4.74922   -1.41544  -10.31803    2.00000
 180.03964    0.04654   21.88886   21.65318    0.06113    0.03374   22.97774    2.61767   -1.32608    1.88764    2.00000
 180.02129    0.06903   22.15753   21.90360    0.07224    0.03987   18.48706   -0.71234    0.56112   -0.43197    2.00000
 179.86342    0.03312   20.88948   20.53940    0.14054    0.07757   56.13841    6.75782    2.11742    9.13191    2.00000
 179.80881   -0.06915   17.99177   17.79239    0.20331    0.11221  321.22122   -0.73655    0.94629    0.24816    2.00000
 180.03850   -0.01703   23.04901   22.70860    0.04210    0.02323    9.18203    0.08772    0.30613    1.19945    2.00000
 180.06743    0.06870   21.58393   21.36219    0.09626    0.05313   29.34958    1.15504    0.09856    1.85924    2.00000
 179.90756   -0.01743   22.62453   22.33068    0.09407    0.05192   12.82081    1.07510   -0.77323    1.93565    2.00000
 180.03990    0.07219   23.25955   22.89198    0.08248    0.04552    7.75571    1.94686   -3.06018   -1.63097    2.00000
 179.86542   -0.29842   22.69234   22.39161    0.32736    0.18068   12.09523   -0.84577    1.31438   -0.87962    2.00000
 180.12070   -0.25070   22.00370   21.76034    0.27824    0.15357   21.05607   -1.40076   -0.22804   -0.97463    2.00000
 179.90636    0.00750   21.95437   21.71441    0.09394    0.05185   21.87965    2.54761   -2.25290   -0.94276    2.00000
 180.02956   -0.03512   22.78477   22.47425    0.04590    0.02533   11.11126    1.88645   -2.57331   -2.46467    2.00000
 180.09439    0.05542   23.66254   23.23239    0.10946    0.06041    5.74554    1.94350   -2.31086   -4.00604    2.00000
 179.89069   -0.01555   22.62192   22.32834    0.11042    0.06094   12.84871   -0.69459   -2.17431   -1.68689    2.00000
 179.99699    0.03726   22.55682   22.26984    0.03738    0.02063   13.54530   -1.94455   -1.60019   -5.19803    2.00000
 179.95235    0.13288   20.82376   20.43133    0.14116    0.07791   61.15389    0.01989    0.57387    0.16140    2.00000
 179.97806    0.00200   22.27955   22.01569    0.02203    0.01216   16.57155   -0.63175   -2.44673   -3.26446    2.00000
 180.11877   -0.28325   22.41812   22.14329    0.30715    0.16952   15.05214    0.27053   -0.05830   -0.46240    2.00000
 179.97639   -0.02093   23.07781   22.73378    0.03156    0.01742    8.98622   -4.37543   -3.12718   -7.91937    2.00000
 180.05034   -0.02863   23.49368   23.09065    0.05791    0.03196    6.45911   -2.82201    0.13489    2.80108    2.00000
 180.00079    0.02087   23.43152   23.03805    0.02089    0.01153    6.72392    3.87823    0.53916    7.27178    2.00000
 180.05737   -0.01139   22.47941   22.19929    0.05849    0.03228   14.38535    1.13715    0.97361    1.27424    2.00000
 179.97676   -0.06647   21.17766   20.93733    0.07042    0.03886   41.22551    3.90808   -0.53733    3.88700    2.00000
 179.83504   -0.02668   21.10518   20.85046    0.16711    0.09223   44.48108   -0.64710    2.33312    1.61213    2.00000
 180.04688    0.04776   23.60775   23.18671    0.06693    0.03694    5.97550   -2.44773    3.08386    8.36753    2.00000
 180.06326   -0.03703   21.79632   21.56643    0.07331    0.04046   24.53338   -0.65167    3.11691    2.59776    2.00000
 179.90797    0.04226   23.13302   22.78203    0.10126    0.05589    8.61091   -1.81685    1.81815    0.46116    2.00000
 179.89540    0.01383   22.27441   22.01097    0.10551    0.05823   16.62782    0.00877   -2.27211   -3.11739    2.00000
 180.06326   -0.08994   22.66626   22.36818    0.10996    0.06069   12.37430    1.22980   -1.55365   -1.46526    2.00000
 180.02979    0.00713   22.96281   22.63305    0.03062    0.01690    9.76970   -4.78061   -0.16498   -4.18356    2.00000
 179.98987   -0.01220   23.34994   22.96895    0.01585    0.00875    7.15705   -4.22039   -0.27884   -4.96578    2.00000
 179.98689   -0.03114   23.59811   23.17866    0.03379    0.01865    6.01603    1.36168    1.86239    4.74566    2.00000
 180.02248    0.00310   22.24871   21.98734    0.02269    0.01252   16.98538    6.48244    0.26180    5.22267    2.00000
 180.00069    0.00039   22.87935   22.55866    0.00079    0.00043   10.34832    3.01778   -3.80361   -0.62969    2.00000
 180.06131    0.07812   23.08501   22.74007    0.09931    0.05481    8.93726    2.80036   -1.80827    1.54513    2.00000
 179.97961   -0.03067   23.08981   22.74427    0.03683    0.02033    8.90463    1.20623   -2.74170    3.77170    2.00000
 179.90102    0.03623   21.30324   21.07592    0.10541    0.05818   36.87959   -0.51934   -1.48316   -2.30555    2.00000
 180.07858   -0.06946   20.85932   20.48769    0.10489    0.05789   58.24936   -1.03094    1.71188    0.65445    2.00000
 180.00850    0.01157   21.44503   21.22301    0.01436    0.00792   33.01057    1.22080    1.34614    3.40263    2.00000
 180.40048   -0.62965   22.96281   22.63305    0.74622    0.41188    9.76970    0.08369   -1.17041   -2.10134    2.00000
 179.91481   -0.10368   23.49368   23.09065    0.13419    0.07406    6.45911   -4.73562    0.70100   -3.84576    2.00000
 180.02812   -0.03395   22.67409   22.37521    0.04409    0.02433   12.29058    0.48217   -0.48085   -2.45219    2.00000
 179.96890   -0.03902   20.74106   20.31910    0.04990    0.02754   66.93741   -1.24572    2.76969    1.48806    2.00000
 180.03168   -0.01339   20.29752   19.82313    0.03440    0.01898   95.47814    4.86062   -2.64810    2.10409    2.00000
 180.01559   -0.13840   22.17674   21.92119    0.13927    0.07687   18.17160    6.99672   -3.58302    3.30138    2.00000
 180.05167    0.00582   20.88313   20.52852    0.05200    0.02870   56.54639    0.58256    2.56879    3.07093    2.00000
 179.95963    0.00954   22.25899   21.99679    0.04149    0.02290   16.81592   -0.70822   -1.04101   -1.74286    2.00000
 180.01257   -0.00845   22.93934   22.61213    0.01516    0.00837    9.93244    1.40956   -2.19525   -6.14412    2.00000
 180.00417   -0.02624   21.83170   21.59960    0.02657    0.01467   23.93858   -2.68575   -2.01725   -5.27832    2.00000
 180.06808   -0.10445   22.54268   22.25695    0.12469    0.06882   13.69870    1.64469    0.69010    3.27795    2.00000
 180.05247    0.08892   18.50835   17.93218    0.10325    0.05699  297.37878   -3.45582    0.61223   -2.81077    2.00000
 179.94002    0.01485   23.66067   23.23084    0.06179    0.03410    5.75334    4.34615   -1.34338    2.44061    2.00000
 180.03305    0.01805   23.68499   23.25098    0.03766    0.02078    5.65191    5.02943    2.40633    8.57179    2.00000
 179.81697   -0.24091   23.60293   23.18268    0.30256    0.16699    5.99576    0.62292   -0.30904   -3.85502    2.00000
 179.93806   -0.12064   23.55314   23.14096    0.13561    0.07484    6.20581   -2.62197   -1.40972   -9.18502    2.00000
 179.92847   -0.11117   23.73551   23.29283    0.13220    0.07296    5.44123    2.06778    1.05811    3.51268    2.00000
 179.99742   -0.00759   22.46769   22.18861    0.00802    0.00442   14.51250   -4.37579   -0.21694   -4.73502    2.00000
 180.13190   -0.03578   22.12135   21.87055    0.13666    0.07543   19.07982   -2.11756   -0.79054   -3.40996    2.00000
 180.05731   -0.00504   22.43488   22.15871    0.05753    0.03175   14.86854   -0.47906   -0.38617   -1.47594    2.00000
 180.00444    0.00635   22.94977   22.62143    0.00775    0.00428    9.86011    6.99458   -0.74130    9.71218    2.00000
 180.06013    0.03912   22.68191   22.38224    0.07174    0.03959   12.20686   -2.86308   -1.15052   -2.46697    2.00000
 179.94090    0.02822   22.07289   21.82480    0.06548    0.03614   19.90016    4.69236    1.14642    6.74541    2.00000
 180.02650   -0.01661   23.65318   23.22464    0.03128    0.01726    5.78455    0.83981   -0.91026    3.89144    2.00000
 179.94214   -0.01598   22.24871   21.98734    0.06003    0.03313   16.98538   -2.77816    0.81149   -2.24227    2.00000
 179.93050   -0.02317   21.59367   21.37154    0.07327    0.04044   29.10349    3.86738   -0.01941    3.81981    2.00000
 180.01118   -0.03396   20.95431   20.64588    0.03575    0.01973   52.14799   -2.78939    0.83394   -2.43427    2.00000
 179.95131    0.05792   22.65844   22.36115    0.07567    0.04176   12.45802   -4.67730   -1.06339   -6.20254    2.00000
 179.96411   -0.04193   20.88313   20.52852    0.05520    0.03046   56.54639   -0.54880   -2.43706   -3.20799    2.00000
 180.01642   -0.00163   22.55933   22.27209    0.01650    0.00911   13.51848    5.77603    1.14389    6.02535    2.00000
 180.07841   -0.00488   23.45314   23.05635    0.07857    0.04337    6.63182    4.57701   -1.57079    0.14930    2.00000
 179.91405    0.10699   22.45831   22.18007    0.13724    0.07575   14.61423    5.36691   -0.82034    5.34841    2.00000
 178.95479    0.35874   21.65039   21.42609    1.10505    0.60998   27.66861   -3.38504    1.41452   -1.48827    2.00000
 179.96877    0.01270   22.71242   22.40957    0.03372    0.01861   11.88140   -2.46800    0.17595   -2.39999    2.00000
 180.05048   -0.05357   21.73242   21.50519    0.07360    0.04062   25.63148   10.33545    3.81501   13.59230    2.00000
 180.03577    0.01156   23.37987   22.99431    0.03759    0.02075    6.95977    2.21814    2.39441    6.47475    2.00000
 179.91119    0.00861   23.76041   23.31342    0.08923    0.04925    5.33757    3.46523   -1.38190    6.80029    2.00000
 180.00206   -0.02564   22.30526   22.03932    0.02572    0.01420   16.29024    1.14928   -0.63434    1.74102    2.00000
 180.03784   -0.04806   23.40437   23.01506    0.06117    0.03376    6.83968   -0.36490   -1.19377   -7.07149    2.00000
 179.97888   -0.01800   19.34769   18.82675    0.02775    0.01532  180.80502   -2.27881   -0.86286   -3.11489    2.00000
 179.98828    0.02775   23.44503   23.04949    0.03012    0.01663    6.66636    3.03257    1.38730    3.48475    2.00000
 180.08339    0.00051   21.94615   21.70676    0.08339    0.04603   22.01691    1.25526    2.48355    4.31642    2.00000
 179.94064    0.00412   21.13504   20.88675    0.05950    0.03284   43.12113   -0.74533   -2.62668   -3.59687    2.00000
 180.01468    0.00764   22.11164   21.86166    0.01655    0.00914   19.23918    1.78948    0.12235    2.99086    2.00000
 179.97914   -0.01027   23.54233   23.13182    0.02325    0.01283    6.25187   -3.87541   -0.24166   -5.50387    2.00000
 180.03716    0.03268   17.38311   16.78283    0.04949    0.02731  533.99719   -5.70649   -1.63240   -7.33141    2.00000
 179.99463    0.26463   22.34131   22.07253    0.26468    0.14609   15.89474    0.86057   -2.36149    0.48927    2.00000
 180.02071    0.03638   23.12102   22.77154    0.04185    0.02310    8.69250   -1.88666    0.81145   -4.14442    2.00000
 179.91367    0.07179   23.74674   23.30213    0.11228    0.06197    5.39442    0.56156   -3.53112   -3.16520    2.00000
 179.97749   -0.09285   23.65318   23.22464    0.09554    0.05273    5.78455   -1.37067   -0.34907   -1.96502    2.00000
 179.93571   -0.13087   20.01869   19.52933    0.14580    0.08047  115.57204   -0.27371   -1.15735   -1.34152    2.00000
 180.13435    0.39139   23.33905   22.95972    0.41381    0.22840    7.22879   -0.87860    2.26280    3.04173    2.00000
 179.97891    0.01179   21.17638   20.93583    0.02416    0.01334   41.28147   -3.21450   -2.02040   -5.50437    2.00000
 179.98341    0.00433   23.61418   23.19208    0.01713    0.00946    5.94847   -3.11089    1.30928    0.59548    2.00000
 179.99852   -0.05514   23.38804   23.00123    0.05516    0.03044    6.90933    0.69430    2.49937    5.88331    2.00000
 179.83044   -0.26462   20.88631   20.53396    0.31429    0.17346   56.34240    5.49223   -2.03813    3.57770    2.00000
 179.98753    0.05633   21.06171   20.79616    0.05770    0.03184   46.51597    0.31223    3.20109    3.88618    2.00000
 179.95580   -0.05656   22.03658   21.79096    0.07179    0.03962   20.50702    5.64567    1.53995    6.24332    2.00000
 179.97818   -0.00489   23.81518   23.35863    0.02236    0.01234    5.10997   -3.42534    1.28641   -4.51675    2.00000
 180.01791   -0.02102   21.80449   21.57408    0.02762    0.01525   24.39612   -0.72938    0.71079   -0.57210    2.00000
 180.69162   -0.22279   23.82947   23.37042    0.72662    0.40106    5.05059   -7.61695   -0.96857  -14.40775    2.00000
 180.14104    0.02849   23.75088   23.30555    0.14389    0.07942    5.37716    4.24201    2.33332    2.73593    2.00000
 180.23233    0.04284   23.04661   22.70651    0.23625    0.13039    9.19835   -3.41357   -0.06420   -2.95776    2.00000
 180.06140   -0.04109   21.36939   21.14573    0.07388    0.04078   35.04343    2.45616   -0.11493    2.28815    2.00000
 180.03397    0.02899   22.25385   21.99207    0.04466    0.02465   16.90065    2.71520    0.36185    2.19401    2.00000
 180.02097   -0.04808   23.04661   22.70651    0.05244    0.02895    9.19835   -1.63147   -0.75473   -1.63854    2.00000
 179.98363   -0.04514   23.79375   23.34094    0.04802    0.02650    5.19903    1.21849   -1.13867   -4.56477    2.00000
 180.02438   -0.08829   19.93616   19.44272    0.09160    0.05055  122.62638    2.62275    2.50391    5.03064    2.00000
 180.00323    0.02848   21.29111   21.06300    0.02866    0.01582   37.21965   -0.78661    0.72727   -1.23568    2.00000
 179.99194   -0.05461   22.60627   22.31427    0.05520    0.03046   13.01615   -0.97015    0.11563   -2.30575    2.00000
 180.10446    0.06663   21.45286   21.23101    0.12390    0.06838   32.80028    2.28210    0.73170    3.53938    2.00000
 180.00343    0.04468   22.59845   22.30724    0.04481    0.02473   13.09987    2.90081   -0.81381    3.28089    2.00000
 179.94034    0.16471   22.62192   22.32834    0.17518    0.09669   12.84871   -1.76286   -4.14827   -5.39253    2.00000
 180.03110    0.04384   23.75803   23.31145    0.05375    0.02967    5.34747   -0.17702   -3.62973   -7.62932    2.00000
 179.99413   -0.03016   21.60535   21.38277    0.03073    0.01696   28.80818   -5.41953   -0.71158   -6.43939    2.00000
 180.06581    0.05352   21.91607   21.67869    0.08482    0.04682   22.52020    5.55106   -0.41772    5.58531    2.00000
 180.01247    0.08622   23.36082   22.97817    0.08712    0.04808    7.08531   -5.87416    0.44131   -2.19730    2.00000
 180.03712   -0.11629   23.47206   23.07236    0.12207    0.06738    6.55122   -2.51973    0.59597   -4.62155    2.00000
 179.92523   -0.00190   21.88341   21.64807    0.07479    0.04128   23.06925    1.66309   -3.41716   -2.57429    2.00000
 180.02872   -0.13551   23.25955   22.89198    0.13852    0.07645    7.75571   -0.33896    4.57450    2.00180    2.00000
 179.97946   -0.04318   22.77978   22.46979    0.04782    0.02639   11.16438   -0.23020   -0.63768    1.40407    2.00000
 179.83649    0.02818   22.72489   22.42072    0.16592    0.09158   11.74862    0.06150    0.19973   -3.29941    2.00000
 180.02432   -0.01522   23.38804   23.00123    0.02870    0.01584    6.90933   -3.52097   -1.49732   -7.06655    2.00000
 180.26186    0.18565   22.49816   22.21638    0.32100    0.17717   14.18190   -3.22219    0.91170   -3.21954    2.00000
 180.07423    0.00389   23.72241   23.28198    0.07434    0.04103    5.49585   -4.80592   -0.15809   -6.96045    2.00000
 180.00471   -0.03902   21.51065   21.29004    0.03930    0.02169   31.24731   -2.67961    1.16648   -1.24028    2.00000
 180.07234    0.09152   22.15972   21.90561    0.11666    0.06439   18.45113    2.91949    0.36060    3.84013    2.00000
 179.92410   -0.17448   21.83170   21.59960    0.19027    0.10502   23.93858   -4.00985    0.05859   -4.26176    2.00000
 179.99635   -0.06255   22.62975   22.33537    0.06265    0.03458   12.76499    4.16683   -0.21324    2.96017    2.00000
 179.92284    0.03663   21.10816   20.85409    0.08542    0.04715   44.34508    2.60942   -2.82352   -0.48629    2.00000
 179.97375    0.07689   23.81756   23.36059    0.08125    0.04484    5.10007   -0.29261   -0.48118   -8.41899    2.00000
 180.05525    0.20451   23.14502   22.79252    0.21185    0.11692    8.52932   -1.05629   -0.24527   -0.65260    2.00000
 179.98058   -0.06007   23.21810   22.85599    0.06314    0.03485    8.03562   -5.11980    0.80088   -5.64507    2.00000
 179.99207    0.01638   23.59651   23.17732    0.01820    0.01005    6.02279    2.64388    0.63798    6.44930    2.00000
 180.32161    0.03161   22.70493   22.40288    0.32317    0.17836   11.96107   -4.35202    1.35531   -2.37685    2.00000
 179.99046   -0.00965   21.53197   21.31182    0.01357    0.00749   30.67459    4.10700   -0.72594    3.76501    2.00000
 180.01494    0.02737   22.95760   22.62840    0.03119    0.01721    9.80587    1.89677   -2.91011   -2.62157    2.00000
 179.94302    0.06681   23.78660   23.33504    0.08780    0.04846    5.22872    1.36817   -0.13895   -2.27266    2.00000
 179.89807    0.09781   22.64540   22.34943    0.14126    0.07797   12.59755   -4.64904    2.52370   -2.36561    2.00000
 179.95415    0.00816   22.16301   21.90861    0.04657    0.02570   18.39724    5.96528   -2.55468    4.97452    2.00000
 179.87093    0.00173   23.58847   23.17061    0.12909    0.07125    6.05657    1.96885    2.27116   -0.54960    2.00000
 180.02461    0.04479   23.14502   22.79252    0.05111    0.02821    8.52932   -0.62315   -4.29895   -4.33021    2.00000
 179.99870   -0.02261   21.55863   21.33786    0.02265    0.01250   29.98942    0.15720   -1.72475   -1.01949    2.00000
 180.07278    0.02119   22.95238   22.62375    0.07581    0.04184    9.84203   -5.91394    2.64878   -1.55638    2.00000
 180.21834   -0.39590   23.15715   22.80307    0.45212    0.24954    8.44724   -1.97293   -0.65768   -5.71819    2.00000
 180.15675   -0.28731   23.31455   22.93897    0.32729    0.18064    7.39021    1.24167    2.52638    1.65276    2.00000
 179.97154    0.01351   21.99000   21.74758    0.03150    0.01739   21.28484   -1.47039    3.08311    1.30481    2.00000
 179.93471   -0.00787   22.55682   22.26984    0.06576    0.03630   13.54530   -0.84152   -0.71775   -1.06269    2.00000
 180.02660   -0.00175   23.53692   23.12724    0.02665    0.01471    6.27489   -5.75577   -1.69934   -8.17775    2.00000
 179.93814    0.09037   22.66105   22.36349    0.10952    0.06045   12.43011    1.66945    0.29668   -0.32551    2.00000
 179.94591   -0.03005   22.95499   22.62608    0.06188    0.03415    9.82395    3.51320    1.52394    8.36501    2.00000
 179.96950   -0.08915   22.41332   22.13887    0.09422    0.05200   15.10480   -3.70158    1.74605   -2.49801    2.00000
 180.03671   -0.06476   22.09691   21.84765    0.07444    0.04108   19.49041   -1.42895    2.73161    0.99302    2.00000
 180.04010    0.03138   21.77476   21.54601    0.05092    0.02811   24.89941    4.17340   -1.11998    3.58107    2.00000
 179.83363    0.06951   22.25128   21.98971    0.18030    0.09951   16.94302   -5.79692    0.84490   -4.27217    2.00000
 180.11798    0.14071   22.79724   22.48540    0.18363    0.10135   10.97848    2.68494   -2.41483    4.45181    2.00000
 180.00378    0.00643   20.79277   20.38646    0.00746    0.00412   63.46611   -2.99193   -3.63457   -6.60307    2.00000
 179.97493    0.10475   22.94456   22.61678    0.10770    0.05944    9.89627    1.09571   -0.41419   -0.69483    2.00000
 180.01530   -0.00623   21.46590   21.24433    0.01653    0.00912   32.44979    1.69575    1.05175    2.87076    2.00000
 180.06609    0.19504   23.57723   23.16121    0.20594    0.11366    6.10386   -3.89888   -0.30697   -8.42683    2.00000
 179.97289    0.02856   22.91326   22.58888    0.03938    0.02174   10.11326    4.44260    2.80733    8.32544    2.00000
 179.97823    0.06312   23.75565   23.30949    0.06676    0.03685    5.35737    6.65964   -0.59887   11.97823    2.00000
 180.02371    0.11327   21.64039   21.41645    0.11572    0.06387   27.92226    2.46463   -0.33992    2.15828    2.00000
 179.97737   -0.03112   21.67685   21.45161    0.03848    0.02124   26.99746   -0.86118   -0.45026   -1.08705    2.00000
 180.36707   -0.02248   23.21322   22.85176    0.36775    0.20297    8.06855   -5.81742    3.89902   -3.11259    2.00000
 179.99237   -0.02533   22.75483   22.44748    0.02646    0.01460   11.42994    3.35570   -3.03092   -1.29020    2.00000
 179.95126    0.05882   23.66815   23.23703    0.07638    0.04215    5.72213   -0.64893   -0.14454    0.48670    2.00000
 180.05768    0.08506   22.11697   21.86654    0.10277    0.05672   19.15168    1.72198   -1.32916   -0.16501    2.00000
 179.97438   -0.10635   22.57497   22.28615    0.10939    0.06038   13.35104    0.49108    1.02289    0.43466    2.00000
 180.02023   -0.03523   22.27955   22.01569    0.04062    0.02242   16.57155   -5.04361   -2.11900   -6.50315    2.00000
 180.00107    0.02173   23.81994   23.36256    0.02175    0.01201    5.09017    2.59440   -1.08092    5.77745    2.00000
 180.02364    0.05069   22.28213   22.01806    0.05593    0.03087   16.54342   -2.04112   -0.25343   -2.80165    2.00000
 180.03140   -0.01706   23.76517   23.31735    0.03574    0.01973    5.31778   -2.94161   -0.82080    2.34876    2.00000
 179.94376    0.01106   22.36292   22.09243    0.05731    0.03163   15.65776   -3.57740   -4.07281   -6.89904    2.00000
 180.08237    0.09005   23.07061   22.72749    0.12204    0.06735    9.03517    3.46005    1.32440    0.51273    2.00000
 180.06004    0.09015   23.60454   23.18403    0.10831    0.05978    5.98901    2.06559   -1.22131    2.96956    2.00000
 180.00156    0.05130   23.80566   23.35076    0.05133    0.02833    5.14955    7.35869    0.83754    8.78710    2.00000
 180.00201    0.11082   23.55854   23.14554    0.11084    0.06117    6.18278   -0.14314    0.05586    0.18342    2.00000
 179.96942   -0.05282   22.00370   21.76034    0.06103    0.03368   21.05607   -2.50535    2.69929   -0.70175    2.00000
 180.01521    0.06136   23.64309   23.21623    0.06321    0.03489    5.82687    0.86440   -3.48881   -4.41746    2.00000
 179.90718   -0.02967   23.52341   23.11581    0.09744    0.05378    6.33246   -1.58930    0.40219   -1.54298    2.00000
 179.99719   -0.07230   23.82709   23.36845    0.07236    0.03994    5.06049    0.36774   -0.62611   -1.43421    2.00000
 179.97411    0.04313   23.36082   22.97817    0.05030    0.02776    7.08531    1.54937   -1.25943   -2.47962    2.00000
 179.97896    0.03671   21.32953   21.10393    0.04231    0.02335   36.14281   -1.99969   -0.43719   -2.57751    2.00000
 179.97893    0.10366   22.30269   22.03696    0.10578    0.05838   16.31837    1.53981   -2.30764   -2.31313    2.00000
 179.98103    0.03775   22.23586   21.97553    0.04225    0.02332   17.19721   -3.50300    0.19147   -1.96654    2.00000
 179.95940   -0.00757   22.33171   22.06369    0.04131    0.02280   16.00007   -6.28055   -2.39672   -7.94392    2.00000
 179.97035    0.08917   23.83185   23.37239    0.09397    0.05186    5.04069   -0.85993    1.49380    3.10883    2.00000
 180.00700   -0.00678   22.39892   22.12560    0.00975    0.00538   15.26279   -3.16998   -0.30949   -1.76215    2.00000
 180.10989    0.18366   21.76682   21.53836    0.21403    0.11813   25.03668    4.45011   -4.62654   -0.43997    2.00000
 180.03868    0.00409   20.86250   20.49313    0.03890    0.02147   57.96885   -1.36343   -0.03795   -1.35885    2.00000
 179.92842    0.05224   21.24864   21.01775    0.08862    0.04891   38.40983   -4.23617   -0.37598   -3.99223    2.00000
 179.92924    0.02455   23.77470   23.32521    0.07489    0.04134    5.27820   -0.15338    2.38668    4.15191    2.00000
 180.00053   -0.00919   17.11645   16.39554    0.00921    0.00508  642.69836   -3.75343   -0.83002   -4.59556    2.00000
 180.04601   -0.04231   21.51420   21.29367    0.06250    0.03450   31.15185   -1.94159    0.05912   -2.57436    2.00000
 179.98595    0.01083   23.71119   23.27268    0.01774    0.00979    5.54267   -4.92463    1.73836   -2.50511    2.00000
 179.85829   -0.04961   23.41798   23.02659    0.15014    0.08287    6.78163    8.25650   -3.08922    8.44052    2.00000
 179.95947   -0.01874   23.61900   23.19610    0.04464    0.02464    5.92821   -0.04198   -4.37888  -12.57201    2.00000
 179.94554    0.01559   23.04661   22.70651    0.05664    0.03126    9.19835    1.15713    0.47749    0.36313    2.00000
 180.05783   -0.05253   18.13020   18.02518    0.07813    0.04312  282.34369    3.16610   -1.07389    2.09253    2.00000
 180.12959   -0.05198   23.16934   22.81366    0.13963    0.07706    8.36491   -7.81931   -0.33380   -6.35422    2.00000
 180.01305    0.01218   20.97305   20.67358    0.01785    0.00985   51.10986    0.80562   -0.52767    0.87255    2.00000
 180.05891   -0.03028   23.07781   22.73378    0.06624    0.03656    8.98622    1.54610   -0.00276   -3.03454    2.00000
 179.98447   -0.07255   23.52071   23.11352    0.07420    0.04095    6.34397   -3.34426   -0.05119   -3.81987    2.00000
 179.95464    0.04476   20.91122   20.57557    0.06373    0.03518   54.78290    0.99427    0.34822    0.91569    2.00000
 179.88170    0.00906   23.66254   23.23239    0.11865    0.06549    5.74554   -4.68975   -1.10340  -12.34661    2.00000
 180.06155    0.02287   23.65880   23.22929    0.06567    0.03625    5.76114   -2.61982    1.74429   -4.19499    2.00000
 179.96725    0.01305   23.73364   23.29128    0.03525    0.01945    5.44904    6.87744   -2.70951   10.70690    2.00000
 180.04482   -0.01987   23.01042   22.67484    0.04903    0.02706    9.44464   -0.49305   -0.05933    2.17725    2.00000
 180.16821   -0.14140   23.49638   23.09294    0.21975    0.12128    6.44760    6.14769    0.87478    6.82323    2.00000
 180.01573   -0.01426   23.26686   22.89833    0.02123    0.01172    7.70632    1.12768   -3.07005   -0.17004    2.00000
 180.01012   -0.03776   23.41798   23.02659    0.03909    0.02157    6.78163   -2.02619   -1.16537   -1.49860    2.00000
 180.07568   -0.16160   18.10081   17.87114    0.17844    0.09848  307.78955   -0.29768    1.27668    1.00388    2.00000
 180.03767   -0.00645   22.54268   22.25695    0.03821    0.02109   13.69870    2.55314    3.63604    4.48497    2.00000
 180.05727   -0.08174   22.71491   22.41180    0.09980    0.05508   11.85484   -4.11960   -0.70247   -4.35299    2.00000
 180.03275   -0.03032   21.17124   20.92986    0.04463    0.02463   41.50530    6.04468   -3.32402    2.43903    2.00000
 180.00076   -0.03821   22.41092   22.13666    0.03821    0.02109   15.13113   -3.35790   -0.23640   -4.15645    2.00000
 180.12871   -0.07203   23.28190   22.91130    0.14749    0.08140    7.60543    3.57906    1.11190    5.73557    2.00000
 179.99831    0.04520   19.75322   19.25137    0.04523    0.02496  139.49086    0.79921   -1.20034   -0.27943    2.00000
 180.01318   -0.07448   22.82723   22.51221    0.07564    0.04175   10.70962   -2.33202    0.18002   -2.28253    2.00000
 180.12891    0.02153   21.81809   21.58684    0.13070    0.07214   24.16735    3.80390   -2.46721    0.49629    2.00000
 180.12041    0.89198   23.41253   23.02198    0.90006    0.49681    6.80485   -7.60536   -0.47093   -1.67031    2.00000
 179.99854    0.05699   22.01740   21.77310    0.05701    0.03147   20.82730   -3.59862   -6.11718  -10.69587    2.00000
 180.04137    0.02062   21.83170   21.59960    0.04622    0.02551   23.93858    4.77644   -0.54463    3.83166    2.00000
 179.88425   -0.05425   22.00370   21.76034    0.12783    0.07055   21.05607    3.55969    0.86431    4.28909    2.00000
 179.99413   -0.01765   22.86892   22.54936    0.01861    0.01027   10.42065   -2.50433    0.59746   -1.58997    2.00000
 180.00916   -0.00121   22.55440   22.26763    0.00923    0.00510   13.57155    0.12131    1.70442    0.20365    2.00000
 179.99590    0.04322   22.77978   22.46979    0.04341    0.02396   11.16438    4.84439   -1.74969    2.07922    2.00000
 179.92940    0.07347   23.82233   23.36452    0.10190    0.05624    5.08028    2.63877    0.91183   -1.62100    2.00000
 180.03465   -0.02669   17.16596   16.52745    0.04374    0.02414  601.17493    3.68598   -0.67165    3.03760    2.00000
 179.80930    0.03204   21.55668   21.33599    0.19338    0.10673   30.03864   -7.10706   -0.35170   -7.28494    2.00000
 179.99042    0.00691   23.66628   23.23548    0.01181    0.00652    5.72993   -2.41312    1.91762    1.19253    2.00000
 179.97981   -0.00440   22.96020   22.63073    0.02066    0.01140    9.78778    5.79036   -2.18713    5.21592    2.00000
 179.92294    0.08993   23.66254   23.23239    0.11843    0.06537    5.74554    2.97283   -1.48173    3.23189    2.00000
 180.08424   -0.04057   23.79137   23.33897    0.09351    0.05161    5.20893   -2.67667    2.60823    1.04385    2.00000
 180.04153    0.02350   23.49908   23.09523    0.04773    0.02634    6.43608   -2.54745    0.39723    0.01292    2.00000
 180.00127    0.02806   22.85848   22.54006    0.02809    0.01551   10.49298   -4.81926   -0.85371   -4.95367    2.00000
 179.96207   -0.09114   23.37443   22.98970    0.09873    0.05449    6.99564    4.37747   -1.75613    4.62949    2.00000
 180.03197    0.07985   23.38532   22.99892    0.08600    0.04747    6.92390    4.78729    0.41173    5.64331    2.00000
 179.95131    0.02388   22.94716   22.61910    0.05423    0.02993    9.87819    8.43007    1.45369   10.62909    2.00000
 179.97606    0.00649   21.73771   21.51029    0.02481    0.01369   25.53997   -2.34742    0.93061   -1.87785    2.00000
 180.00024   -0.00681   20.00255   19.51239    0.00681    0.00376  116.73021   -2.70196   -1.23615   -3.97502    2.00000
 180.01201   -0.00048   22.84284   22.52611    0.01202    0.00664   10.60147    1.31603   -1.55133   -3.98908    2.00000
 180.03877    0.01400   21.75359   21.52560    0.04122    0.02275   25.26545   -0.94750    0.89562    0.19420    2.00000
 180.01370    0.05466   22.40372   22.13003    0.05635    0.03110   15.21013    2.88641    2.89042    5.94984    2.00000
 180.02975    0.01151   22.34131   22.07253    0.03190    0.01761   15.89474   -5.94036   -1.95238   -7.47495    2.00000
 179.94121   -0.12490   23.79851   23.34487    0.13804    0.07619    5.17924   -6.03283   -0.13566   -6.02652    2.00000
 179.95940    0.00434   22.98026   22.64838    0.04084    0.02254    9.65045   -0.81210    2.55988    0.71640    2.00000
 179.96147    0.03715   18.04941   18.07206    0.05352    0.02954  275.88681   -1.15378   -1.40612   -2.60833    2.00000
 180.06598   -0.06686   23.83423   23.37435    0.09393    0.05184    5.03080    3.72430    0.83041   14.76561    2.00000
 179.92699   -0.02948   23.04661   22.70651    0.07874    0.04346    9.19835   -2.77514    2.09429   -0.71505    2.00000
 180.08662   -0.07532   22.59323   22.30256    0.11479    0.06336   13.15569   -2.30036   -0.26857   -2.31189    2.00000
 179.95491    0.14279   23.32816   22.95050    0.14974    0.08264    7.30053   -1.77842   -1.22699   -0.80601    2.00000
 180.03349    0.06215   23.70932   23.27113    0.07061    0.03897    5.55047   -1.09394   -0.59509    1.10984    2.00000
 180.03891   -0.05118   23.43692   23.04263    0.06429    0.03548    6.70090   -1.22043    0.74427    1.32182    2.00000
 180.02278    0.06713   23.78660   23.33504    0.07089    0.03912    5.22872   -1.55554    3.22948   -3.77750    2.00000
 179.98651   -0.00084   22.90282   22.57958    0.01352    0.00746   10.18559   -2.79964   -0.36524   -6.52310    2.00000
 179.93234   -0.07932   22.70244   22.40065    0.10425    0.05754   11.98763   -0.35728    6.43364    6.26419    2.00000
 180.02625   -0.06263   22.87413   22.55401    0.06791    0.03748   10.38449   -2.88403   -1.16372    0.04374    2.00000
 180.03198    0.03344   21.98177   21.73993    0.04627    0.02554   21.42210   -4.64646    0.20331   -3.70920    2.00000
 180.00066    0.06462   21.63649   21.41271    0.06462    0.03567   28.02069   -2.50401    2.52169    0.61866    2.00000
 179.99957    0.05091   23.33905   22.95972    0.05091    0.02810    7.22879    6.82791    1.71955    7.39755    2.00000
 180.01003   -0.02574   21.84259   21.60980    0.02762    0.01525   23.75556    4.83711   -1.20896    3.89351    2.00000
 179.95038   -0.11151   23.27918   22.90900    0.12205    0.06736    7.62329    4.79623    0.48613    7.12240    2.00000
 180.01820    0.04114   23.81042   23.35469    0.04499    0.02483    5.12976    9.00743   -0.51785    6.87151    2.00000
 179.99699    0.00849   22.24614   21.98498    0.00900    0.00497   17.02775    1.49848    1.44437    3.50136    2.00000
 180.03357    0.07780   22.49347   22.21210    0.08474    0.04677   14.23276    3.03947    3.49825    6.41952    2.00000
 179.94292   -0.01705   23.80327   23.34880    0.05957    0.03288    5.15945    2.79970    2.13999    5.07556    2.00000
 180.02071   -0.04623   22.89500   22.57261    0.05066    0.02796   10.23983    0.04036    1.09550    0.35757    2.00000
 180.01045   -0.00113   22.47003   22.19075    0.01051    0.00580   14.48707   -0.22916    1.47641    2.51457    2.00000
 179.93095   -0.08982   22.67930   22.37990    0.11329    0.06252   12.23476    5.95659   -0.73002    4.65524    2.00000
 179.97916    0.01104   22.32931   22.06148    0.02358    0.01301   16.02640   -1.75941   -0.90655   -1.25404    2.00000
 179.98334   -0.00037   22.09226   21.84323    0.01668    0.00921   19.56971    0.37278   -0.86128    1.51573    2.00000
 180.00591    0.02540   23.66628   23.23548    0.02608    0.01439    5.72993   -2.13040   -1.17225   -5.64582    2.00000
 180.01091    0.01853   23.09461   22.74846    0.02150    0.01187    8.87199    1.88373   -0.72894    0.36463    2.00000
 180.04529   -0.21408   22.97271   22.64177    0.21882    0.12077    9.70190    0.19139   -1.01967   -1.45706    2.00000
 180.00883   -0.02888   22.92630   22.60050    0.03020    0.01667   10.02285   -2.31825    0.66218   -2.60814    2.00000
 179.97928   -0.00481   21.72977   21.50264    0.02127    0.01174   25.67723   -0.57100   -3.45902   -3.39783    2.00000
 179.94966    0.06229   19.56680   19.05619    0.08009    0.04421  156.69238    2.53538   -0.58382    2.03302    2.00000
 179.99382   -0.09143   22.13341   21.88156    0.09164    0.05058   18.88223    2.81799   -1.96486   -0.32383    2.00000
 179.91516   -0.04613   21.56641   21.34535    0.09657    0.05330   29.79255    4.27204   -2.92549    0.36390    2.00000
 180.00125    0.01633   23.36899   22.98509    0.01637    0.00904    7.03151   -2.46818   -0.62405   -1.85100    2.00000
 179.96181    0.01143   20.35556   19.88503    0.03986    0.02200   91.24488   -3.43408    0.92697   -2.16216    2.00000
 179.98724    0.03621   22.71242   22.40957    0.03839    0.02119   11.88140    3.36424   -0.73151    3.42693    2.00000
 179.95209   -0.05913   22.18445   21.92828    0.07611    0.04201   18.04451   -1.46507   -1.31026   -1.90167    2.00000
 179.99503   -0.05011   21.82626   21.59449    0.05035    0.02779   24.03009   -1.41841    0.51153   -0.54215    2.00000
 180.00969    0.03143   22.61149   22.31896    0.03289    0.01815   12.96034    7.28063    0.26942    5.92539    2.00000
 180.04901   -0.06227   22.94456   22.61678    0.07924    0.04374    9.89627   -5.21689   -0.63311   -4.73059    2.00000
 179.90294    0.00224   18.51799   17.94258    0.09709    0.05359  295.60587    1.59596   -0.20959    1.37059    2.00000
 180.00154    0.00419   22.51456   22.23133    0.00446    0.00246   14.00388   -2.01985   -0.48412   -2.58419    2.00000
 180.03917    0.02727   23.70932   23.27113    0.04773    0.02634    5.55047   -0.62674    1.42790   -1.68286    2.00000
 179.98566    0.03065   22.87935   22.55866    0.03384    0.01868   10.34832   -1.62696    0.11069    0.06595    2.00000
 180.05907    0.04960   23.78184   23.33111    0.07713    0.04257    5.24851    2.15979   -3.25772   -4.48311    2.00000
 179.95816   -0.02103   23.13302   22.78203    0.04683    0.02584    8.61091   -7.42598   -1.42304  -10.52094    2.00000
 179.98056   -0.00167   23.52071   23.11352    0.01951    0.01077    6.34397    1.55001   -0.15692    0.34863    2.00000
 179.99640   -0.00114   18.11965   17.80400    0.00378    0.00209  319.24118    1.20469    0.87192    2.05974    2.00000
 180.00827   -0.03724   22.42052   22.14550    0.03815    0.02106   15.02581   -2.24143   -2.45297   -4.29507    2.00000
 180.06429   -0.07544   23.08501   22.74007    0.09912    0.05471    8.93726    3.70621    0.13871    0.87491    2.00000
 180.08205    0.03162   22.71491   22.41180    0.08792    0.04852   11.85484   -3.48583   -1.89581   -3.95861    2.00000
 180.07098   -0.01667   21.79632   21.56643    0.07292    0.04024   24.53338   -3.89664   -0.33854   -3.96786    2.00000
 179.92206   -0.35907   22.23329   21.97317    0.36743    0.20280   17.23957    2.52322    0.45172    2.15072    2.00000
 180.00916    0.03096   22.99103   22.65783    0.03229    0.01782    9.57694    2.79098    0.16314    5.40622    2.00000
 179.98514   -0.06808   21.29313   21.06515    0.06968    0.03846   37.16297   -2.09480    2.48457    0.27114    2.00000
 180.08504    0.14554   22.89761   22.57493    0.16856    0.09303   10.22175   -0.76701    1.26485    0.32302    2.00000
 179.95625    0.12075   23.51530   23.10895    0.12843    0.07088    6.36700    1.70431   -1.02342    4.60554    2.00000
 179.94411    0.00518   23.64955   23.22162    0.05614    0.03098    5.79973    0.36974   -0.44155   -2.85422    2.00000
 179.95576   -0.04759   21.45807   21.23634    0.06498    0.03586   32.66008   -6.34834    1.70810   -4.08944    2.00000
 180.07256    0.02076   23.08021   22.73588    0.07546    0.04165    8.96990    0.15028   -0.69778    3.41283    2.00000
 180.05693   -0.04234   23.74868   23.30374    0.07095    0.03916    5.38631   -6.07298    0.98340   -0.19631    2.00000
 180.00787   -0.02457   23.26198   22.89410    0.02580    0.01424    7.73925   -5.54657    2.88410    1.26933    2.00000
 180.02919   -0.01072   23.04181   22.70231    0.03110    0.01716    9.23099    4.69611    3.09436    7.98012    2.00000
 180.05280   -0.01271   22.37732   22.10570    0.05431    0.02997   15.49977    0.39275   -0.18294    0.92159    2.00000
 179.96033   -0.04368   22.86892   22.54936    0.05900    0.03256   10.42065    1.34215   -0.25958    0.29651    2.00000
 180.00891    0.03064   22.70493   22.40288    0.03191    0.01761   11.96107    6.17043    1.94013    7.43694    2.00000
 180.01968    0.09861   21.59756   21.37529    0.10055    0.05550   29.00506   -2.95755    0.42973   -2.83340    2.00000
 180.04184    0.01140   21.55863   21.33786    0.04336    0.02393   29.98942   -2.16217    0.80677   -1.09728    2.00000
 179.94925   -0.04258   23.81518   23.35863    0.06624    0.03656    5.10997    5.39324   -0.16029    8.71143    2.00000
 179.99197    0.04518   23.41798   23.02659    0.04589    0.02533    6.78163    1.52696   -1.45180   -4.48173    2.00000
 179.99796    0.01315   23.76993   23.32128    0.01330    0.00734    5.29799   -4.89064    0.87380   -3.62746    2.00000
 180.17493    0.27077   22.55440   22.26763    0.32237    0.17792   13.57155   -8.04050   -2.14051   -9.00551    2.00000
 179.84474   -0.04240   23.55854   23.14554    0.16095    0.08883    6.18278    1.70202    3.73253    2.24399    2.00000
 180.01918   -0.03068   23.57241   23.15719    0.03618    0.01997    6.12413   -2.90169    1.05457  -10.43734    2.00000
 180.04625    0.05332   19.13031   18.59665    0.07058    0.03896  206.25179   -4.88025    2.23996   -2.63501    2.00000
 180.07219    0.05342   23.79375   23.34094    0.08981    0.04957    5.19903    0.24999    1.46868    5.30966    2.00000
 180.01170    0.11290   23.56389   23.15006    0.11350    0.06264    6.16001    2.24529    1.05241    1.25740    2.00000
 179.88435   -0.05683   21.68215   21.45671    0.12886    0.07112   26.86323    2.13913    0.27250    1.72013    2.00000
 179.93002    0.00314   23.29278   22.92052    0.07005    0.03866    7.53369   -0.95371   -0.15054    3.20815    2.00000
 180.00655    0.01286   23.12342   22.77364    0.01443    0.00797    8.67618   -6.86568    0.36858   -5.40182    2.00000
 180.02902    0.00513   21.09323   20.83594    0.02948    0.01627   45.02506   -1.73900   -2.44572   -4.02932    2.00000
 180.02142    0.00291   23.26442   22.89621    0.02162    0.01194    7.72278    3.09287    2.60821    7.11592    2.00000
 180.03818   -0.02785   21.84259   21.60980    0.04724    0.02608   23.75556   -2.75930   -0.30554   -3.95701    2.00000
 180.06583   -0.04033   23.67938   23.24633    0.07719    0.04260    5.67531   -0.13652    1.28040    5.15908    2.00000
 180.01691    0.05370   20.90691   20.56854    0.05630    0.03107   55.04639   -3.98773    1.62347   -1.85550    2.00000
 180.08839    0.03498   22.62192   22.32834    0.09507    0.05247   12.84871   -3.20839    0.67369   -2.02753    2.00000
 179.91551    0.03227   23.64955   23.22162    0.09044    0.04992    5.79973    2.49612    0.54513   -3.54716    2.00000
 180.25899   -0.06804   21.72713   21.50009    0.26778    0.14779   25.72299    5.66847   -0.04174    5.31838    2.00000
 179.95021   -0.09526   22.07212   21.82406    0.10749    0.05933   19.91338    0.26953   -3.04749   -1.95095    2.00000
 180.02539   -0.00372   23.74674   23.30213    0.02566    0.01416    5.39442   -1.04677   -1.26699   -4.64433    2.00000
 179.60690    0.24380   23.12342   22.77364    0.46255    0.25530    8.67618    5.20564    0.95337    7.68679    2.00000
 179.98959   -0.05569   22.06399   21.81647    0.05666    0.03127   20.04948    3.20944   -0.77035    2.46734    2.00000
 180.00256    0.02656   23.50719   23.10209    0.02669    0.01473    6.40154    0.94966    1.09732    0.10397    2.00000
 179.98080   -0.08278   23.46395   23.06550    0.08498    0.04690    6.58576   -0.75437    2.26839   -2.09793    2.00000
 179.94579   -0.05683   21.34167   21.11686    0.07853    0.04334   35.80276    3.88803   -3.07720    0.49123    2.00000
 179.97627    0.01905   22.48644   22.20570    0.03043    0.01679   14.30905    1.04792    0.18320    0.38955    2.00000
 180.15004   -0.07967   22.98995   22.65689    0.16988    0.09376    9.58429    9.67302    1.24738   12.09199    2.00000
 180.03979    0.09477   21.64775   21.42354    0.10278    0.05673   27.73573    1.85946    4.47120    6.01420    2.00000
 180.00555    0.01457   23.21810   22.85599    0.01560    0.00861    8.03562   -6.20676    4.38121   -3.93850    2.00000
 179.98915   -0.00460   23.68499   23.25098    0.01178    0.00650    5.65191    0.48252    2.36624    1.97199    2.00000
 180.07623   -0.09488   23.54773   23.13639    0.12172    0.06718    6.22884   -5.08613   -3.11826   -3.02197    2.00000
 179.25810    0.21437   22.48878   22.20783    0.77225    0.42625   14.28362    3.32934   -5.07435   -1.50008    2.00000
 180.04314   -0.00839   22.97164   22.64082    0.04393    0.02425    9.70925    1.95556    1.09552    2.92154    2.00000
 179.99490   -0.01721   23.70932   23.27113    0.01795    0.00991    5.55047   -0.73916   -0.57933  -10.37902    2.00000
 180.00897    0.04108   22.61149   22.31896    0.04204    0.02321   12.96034   -1.47954    1.62158    2.04883    2.00000
 180.00842   -0.02202   21.82626   21.59449    0.02358    0.01301   24.03009    2.88784   -1.51084    1.43794    2.00000
 180.47032   -0.27563   23.05141   22.71070    0.54513    0.30088    9.16571    1.90264    2.17752    1.75182    2.00000
 180.04654   -0.02928   22.34131   22.07253    0.05498    0.03035   15.89474    3.97003    2.09939    7.86898    2.00000
 179.98692    0.03438   23.76279   23.31538    0.03678    0.02030    5.32768    0.86265   -1.31363   -5.96549    2.00000
 179.89066    0.06707   23.39620   23.00814    0.12828    0.07080    6.87450    2.47392   -0.20541    0.69756    2.00000
 179.96938   -0.05833   22.99534   22.66161    0.06588    0.03636    9.54754   -1.15091    4.02097    3.39832    2.00000
 179.97723   -0.10084   23.35266   22.97125    0.10338    0.05706    7.13912   -3.22174   -0.66459   -1.74926    2.00000
 180.08627   -0.03704   22.96625   22.63610    0.09388    0.05181    9.74600    3.22914   -0.44069    3.14659    2.00000
 179.93761    0.17111   19.67821   19.17284    0.18213    0.10052  146.41145   -0.98212    2.35366    1.31484    2.00000
 180.01370    0.05723   22.56193   22.27443    0.05885    0.03248   13.49057    3.56022    4.86106   10.01051    2.00000
 179.98599    0.01539   21.14848   20.90308    0.02080    0.01148   42.50915   -1.64896    0.97737   -0.80979    2.00000
 179.98682    0.00607   23.70370   23.26648    0.01452    0.00802    5.57388    1.87392   -1.81089   -2.34155    2.00000
 179.96689   -0.06052   22.91065   22.58656    0.06898    0.03807   10.13134    3.75077    0.65663    3.69964    2.00000
 180.00548   -0.05070   23.25467   22.88774    0.05100    0.02815    7.78864   -4.00542    1.31995   -0.22458    2.00000
 179.88872    0.00896   22.43722   22.16085    0.11164    0.06161   14.84311   -3.93164   -0.21058   -6.71340    2.00000
 179.93259    0.14435   23.66067   23.23084    0.15931    0.08793    5.75334   -9.40328    3.11803   -9.65201    2.00000
 180.01524   -0.00953   22.57497   22.28615    0.01798    0.00993   13.35104   -1.51278   -3.46405   -3.70659    2.00000
 179.96202   -0.02810   23.78184   23.33111    0.04724    0.02608    5.24851   -0.42874   -1.47537    1.57903    2.00000
 180.19093    0.07795   23.47746   23.07693    0.20623    0.11382    6.52819   -0.92544    3.55235   -0.59238    2.00000
 179.95183    0.02024   23.78184   23.33111    0.05225    0.02884    5.24851    4.95095   -0.63217   11.67004    2.00000
 180.00525   -0.14407   23.56759   23.15316    0.14417    0.07957    6.14439    8.99955   -2.72790   10.67298    2.00000
 180.08699   -0.01943   22.98564   22.65311    0.08914    0.04920    9.61369    2.13460   -0.09363    1.95880    2.00000
 180.01401    0.03237   22.86892   22.54936    0.03527    0.01947   10.42065    0.53637   -1.80470   -2.23111    2.00000
 179.92213    0.07457   23.66067   23.23084    0.10781    0.05950    5.75334   -3.68894   -0.36538   -8.34354    2.00000
 179.92363    0.01564   21.80176   21.57153    0.07795    0.04302   24.44187    2.98360   -2.26358   -0.13349    2.00000
 179.98904   -0.01898   22.51456   22.23133    0.02192    0.01210   14.00388    4.91200   -1.69612    2.98613    2.00000
 179.95535   -0.02250   22.41812   22.14329    0.05000    0.02759   15.05214   -0.41815   -1.16754   -0.62299    2.00000
 179.99338    0.00321   22.91065   22.58656    0.00736    0.00406   10.13134    1.87631    3.30498    1.67839    2.00000
 180.04655    0.01690   21.55279   21.33225    0.04953    0.02734   30.13707    5.47408    2.03197    7.44325    2.00000
 179.95763    0.10063   21.23557   21.00362    0.10919    0.06026   38.78144   -0.17612    2.96446    2.78666    2.00000
 180.00883   -0.03152   21.59756   21.37529    0.03274    0.01807   29.00506   -3.90100    3.68547   -0.16467    2.00000
 180.00275   -0.12203   23.38532   22.99892    0.12206    0.06737    6.92390   -0.94039   -2.12949    1.16194    2.00000
 179.93059   -0.01171   23.21078   22.84964    0.07039    0.03885    8.08501   -1.55255    1.44017    0.68098    2.00000
 180.00125   -0.03206   22.00370   21.76034    0.03209    0.01771   21.05607   -2.89098   -0.23971   -3.20679    2.00000
 179.96960   -0.05011   17.93269   17.88977    0.05861    0.03235  304.61270   -1.58748   -0.78435   -2.36880    2.00000
 180.02354   -0.01621   21.25875   21.02852    0.02859    0.01578   38.12645   -5.84006    0.37973   -5.27683    2.00000
 180.43494   -0.32268   23.69435   23.25873    0.54156    0.29891    5.61289   -0.47139   -1.75388   -2.61774    2.00000
 179.99168    0.07538   22.97918   22.64744    0.07583    0.04185    9.65780   -2.68844   -0.37129    0.10174    2.00000
 180.01326   -0.15256   17.99180   18.02800    0.15314    0.08452  281.95572   -4.35108    1.07530   -3.25875    2.00000
 179.98416    0.00272   23.03701   22.69811    0.01607    0.00887    9.26362    1.45779    0.61986    4.05528    2.00000
 180.10913    0.01994   23.39892   23.01045    0.11094    0.06123    6.86289    4.73848    1.69129   13.54020    2.00000
 179.86644    0.00932   21.03177   20.75670    0.13388    0.07389   47.99492   -4.36239   -5.46534   -9.50812    2.00000
 179.95517   -0.01913   22.62975   22.33537    0.04874    0.02690   12.76499    1.38624    3.38181    4.82346    2.00000
 179.94522   -0.11285   23.12822   22.77783    0.12545    0.06924    8.64354    0.21988   -2.17930   -5.73236    2.00000
 180.03183   -0.11471   22.57497   22.28615    0.11904    0.06570   13.35104   -4.53156   -2.39107   -3.05053    2.00000
 180.11539   -0.02982   21.86708   21.63276    0.11917    0.06577   23.34378    1.44099   -1.55880   -0.32680    2.00000
 179.89545    0.01620   21.86436   21.63021    0.10580    0.05839   23.38953   -0.76781    0.98259   -0.40172    2.00000
 179.97726   -0.01547   23.19616   22.83694    0.02750    0.01518    8.18380   -0.93792    0.66839    0.20439    2.00000
 179.97678   -0.04121   22.59845   22.30724    0.04730    0.02610   13.09987    0.69139    1.39029    2.05201    2.00000
 180.00954   -0.00922   21.83987   21.60725    0.01327    0.00732   23.80132    4.20962    2.15861    6.85280    2.00000
 180.00803   -0.01714   22.66626   22.36818    0.01892    0.01044   12.37430   -1.44261   -2.01013   -3.76366    2.00000
 179.96373    0.16030   22.64540   22.34943    0.16435    0.09071   12.59755    1.72846    1.06976    2.94162    2.00000
 180.07677    0.03184   23.61418   23.19208    0.08311    0.04587    5.94847    2.07139    1.39953    0.39257    2.00000
 180.00192   -0.03123   23.84138   23.38025    0.03129    0.01727    5.00111   -4.45148   -4.03993    1.36632    2.00000
 179.96487    0.05851   22.67148   22.37286    0.06825    0.03767   12.31848   -3.42747    1.40178   -2.94098    2.00000
 180.02657    0.04971   23.73738   23.29438    0.05636    0.03111    5.43343    4.65464   -0.28479   -4.01844    2.00000
 180.03716    0.01250   23.59490   23.17597    0.03920    0.02164    6.02954   -1.31169    0.79014    2.61265    2.00000
 180.01114   -0.00481   23.17665   22.82001    0.01214    0.00670    8.31552   -4.98351    0.23969   -4.20717    2.00000
 179.94618   -0.02178   22.54034   22.25482    0.05806    0.03205   13.72413   -2.01399    1.03611   -0.70758    2.00000
 180.03078    0.11399   22.89761   22.57493    0.11807    0.06516   10.22175    0.62875    2.39646    3.16754    2.00000
 179.97292   -0.01706   23.52341   23.11581    0.03201    0.01767    6.33246    3.05257    0.57027    5.57437    2.00000
 180.07779   -0.05505   22.95238   22.62375    0.09530    0.05260    9.84203   -1.77937    1.83413    0.01445    2.00000
 179.96945   -0.06723   23.15715   22.80307    0.07384    0.04075    8.44724   -4.19854   -0.02847   -3.30779    2.00000
 180.03796   -0.02375   23.40437   23.01506    0.04477    0.02471    6.83968    6.70947   -2.80242    9.95880    2.00000
 179.99316    0.05117   22.73737   22.43187    0.05162    0.02849   11.61584    3.11309    3.91599    7.11113    2.00000
 179.67348   -0.52470   23.74487   23.30058    0.61800    0.34110    5.40222   -0.45910    0.31892    0.28949    2.00000
 179.99028   -0.11409   22.40132   22.12781    0.11450    0.06320   15.23646    2.82977    0.14010    3.72910    2.00000
 180.05257   -0.01324   23.77708   23.32718    0.05421    0.02992    5.26830   -1.69325   -1.28733    0.68978    2.00000
 180.00443    0.00264   23.57883   23.16256    0.00516    0.00285    6.09710   -0.60353   -0.87634   -3.83659    2.00000
 179.96078    0.02880   20.46311   20.00075    0.04865    0.02685   83.34362   -1.98556    2.30881    0.39581    2.00000
 180.08134   -0.25921   22.67669   22.37755    0.27167    0.14994   12.26267    1.91709   -2.33604   -2.97958    2.00000
 179.91658    0.01386   22.95760   22.62840    0.08456    0.04667    9.80587    1.93663   -0.90612   -3.83207    2.00000
 180.00874   -0.00853   22.62192   22.32834    0.01221    0.00674   12.84871   -4.45431    0.35687   -3.26725    2.00000
 180.10529    0.15594   22.32691   22.05926    0.18815    0.10385   16.05273   -0.78859    0.20992    0.72722    2.00000
 180.00562    0.02090   22.21272   21.95427    0.02164    0.01194   17.57849    2.83304   -2.36451    1.34929    2.00000
 179.96407   -0.02853   23.69996   23.26338    0.04587    0.02532    5.58948   -0.66960    2.53705    2.86328    2.00000
 179.86372   -0.15435   21.43721   21.21502    0.20590    0.11364   33.22087   -0.47607   -0.87882   -0.32615    2.00000
 180.02596    0.01168   23.20835   22.84753    0.02846    0.01571    8.10148   -2.62210    0.86733   -2.23273    2.00000
 179.92946    0.05695   21.22650   20.99379    0.09066    0.05004   39.10928    3.23742   -5.82921   -3.21288    2.00000
 179.92183    0.05263   22.60106   22.30959    0.09424    0.05201   13.07197   -3.90976   -1.84336   -5.99826    2.00000
 180.04681    0.08220   22.03932   21.79351    0.09459    0.05221   20.46127    1.94310    1.84398    3.75993    2.00000
 179.64157    0.03374   22.66887   22.37052    0.36001    0.19870   12.34639    3.51896   -0.48154    1.73143    2.00000
 179.96889    0.04622   22.58280   22.29318    0.05572    0.03075   13.26732   -2.17526    1.61627   -3.54726    2.00000
 180.01241    0.03871   23.32816   22.95050    0.04065    0.02244    7.30053    1.94555   -1.37834    3.60876    2.00000
 180.00104   -0.01049   23.73177   23.28973    0.01054    0.00582    5.45684   -6.40291    0.55079   -4.92846    2.00000
 180.06860    0.00511   22.26156   21.99916    0.06879    0.03797   16.77356   -0.83872   -3.50429   -3.91857    2.00000
 179.99594   -0.03362   23.75803   23.31145    0.03386    0.01869    5.34747   -2.30034   -1.41907    1.29883    2.00000
 179.87157   -0.00688   22.33411   22.06590    0.12862    0.07099   15.97374   -2.55301   -2.35532   -4.75366    2.00000
 180.03741   -0.05950   23.05861   22.71700    0.07029    0.03879    9.11676   -2.56838   -0.47407   -5.57044    2.00000
 180.00223   -0.00982   21.42938   21.20702    0.01007    0.00556   33.43117   -0.16169    1.64077    2.10668    2.00000
 179.94183   -0.00785   21.60729   21.38464    0.05870    0.03240   28.75897   -2.80128    3.08461   -0.62376    2.00000
 179.89761    0.04269   23.37171   22.98739    0.11093    0.06122    7.01357   -2.10062    3.97267    3.57860    2.00000
 180.02438    0.02241   21.02054   20.74190    0.03313    0.01828   48.54952   -2.13515    0.88603   -1.22895    2.00000
 180.02016    0.01890   22.09381   21.84470    0.02764    0.01525   19.54328   -2.84765   -1.54684   -4.22036    2.00000
 180.07625   -0.03151   23.24979   22.88351    0.08250    0.04554    7.82157    3.31930    0.94143    5.32798    2.00000
 179.98721    0.03371   23.54503   23.13410    0.03606    0.01990    6.24035    0.07863   -1.43079   -1.24913    2.00000
