#RA        DEC       MAG_G     MAG_I     ANGSEP    RPROJ     SNR       VTRUE       VSYS       VMEAS      VSYSERR    
 180.00917   -0.01026   21.84531   21.61235    0.01376    0.00760   23.70981    4.22063   -1.29786    0.69137    2.00000
 180.05495    0.00696   23.12342   22.77364    0.05537    0.03056    8.67618    2.09733    1.23056   -1.13899    2.00000
 180.00151    0.03646   23.51800   23.11123    0.03649    0.02014    6.35549    1.37492    2.05553   -0.77620    2.00000
 180.00668    0.06890   22.81969   22.50547    0.06922    0.03821   10.76205   -0.46061   -3.88957   -5.48870    2.00000
 180.00706    0.03423   22.11086   21.86092    0.03495    0.01929   19.25249    1.38206   -0.72027   -0.08301    2.00000
 179.68001   -0.11393   21.20208   20.96570    0.33967    0.18747   40.16234    5.38038    1.99022    7.02771    2.00000
 180.03214   -0.01719   22.70244   22.40065    0.03644    0.02011   11.98763    1.34195   -0.93913   -1.53717    2.00000
 179.98230   -0.03434   22.33411   22.06590    0.03863    0.02132   15.97374    6.00135    0.86926    6.24821    2.00000
 180.28632   -0.22913   23.39620   23.00814    0.36671    0.20240    6.87450    1.92743   -2.65296   -0.79646    2.00000
 180.18443    0.08554   21.12011   20.86860    0.20330    0.11220   43.80110    3.85356   -2.12003    1.37422    2.00000
 179.99525    0.33320   22.36532   22.09464    0.33324    0.18392   15.63143    7.45867   -0.50158    6.96069    2.00000
 179.98602    0.06459   23.61739   23.19476    0.06608    0.03647    5.93496   -2.05654   -0.54132    0.35857    2.00000
 179.94695   -0.01912   22.72240   22.41849    0.05640    0.03113   11.77518    0.22029   -3.17977   -2.42149    2.00000
 179.97084   -0.02528   23.54233   23.13182    0.03859    0.02130    6.25187   -1.84212    2.06002   -1.86883    2.00000
 180.03310   -0.04137   23.28190   22.91130    0.05298    0.02924    7.60543   -2.12450    0.40520   -0.76729    2.00000
 179.95547    0.02270   19.89760   19.40223    0.04997    0.02758  126.19437    0.95523   -2.42495   -1.40725    2.00000
 180.01024    0.06240   18.92754   18.38053    0.06324    0.03490  233.39720    2.34448   -0.39549    1.91426    2.00000
 180.04294    0.04701   23.30095   22.92744    0.06367    0.03514    7.47988   -1.57151   -0.47757   -2.45267    2.00000
 179.96689    0.00211   22.62714   22.33302    0.03318    0.01831   12.79290    0.15059    2.74997    3.52508    2.00000
 180.04768   -0.01303   22.46066   22.18220    0.04943    0.02728   14.58880   -3.10304    0.87572   -0.41475    2.00000
 180.58304    0.11438   21.88886   21.65318    0.59415    0.32794   22.97774    5.54066    0.14051    4.98932    2.00000
 179.86629   -0.00501   23.70744   23.26958    0.13381    0.07385    5.55827    1.83912    0.26092    2.41727    2.00000
 179.94865    0.04223   17.48933   16.81785    0.06648    0.03669  524.78705    1.04275   -0.71953    0.31017    2.00000
 179.95932    0.03870   20.85694   20.48361    0.05615    0.03099   58.45974    0.45731    0.62870    1.04754    2.00000
 180.01424   -0.01289   22.28470   22.02042    0.01920    0.01060   16.51529    1.68471    1.40784    2.87340    2.00000
 179.86839   -0.19219   23.13782   22.78623    0.23293    0.12856    8.57827   -0.05266    0.74419    3.09593    2.00000
 180.02718   -0.01803   22.81969   22.50547    0.03261    0.01800   10.76205   -5.12911    0.28172   -5.46295    2.00000
 179.98834   -0.01027   21.97903   21.73738    0.01554    0.00858   21.46786    1.96449    1.33629    3.22485    2.00000
 179.98198   -0.00095   21.12310   20.87223    0.01805    0.00996   43.66511    4.33985    0.34148    4.81711    2.00000
 179.95950    0.00124   20.84228   20.46044    0.04051    0.02236   59.65394   -1.76682   -1.86742   -3.58910    2.00000
 179.97046    0.02745   22.87935   22.55866    0.04032    0.02225   10.34832    2.26353    0.11097    5.25696    2.00000
 179.95894   -0.05220   22.65061   22.35412    0.06641    0.03665   12.54174    1.99907    2.59966    1.90090    2.00000
 179.95331   -0.01071   22.72489   22.42072    0.04790    0.02644   11.74862    0.06935    0.82610   -1.30952    2.00000
 179.95277    0.02224   23.27174   22.90256    0.05219    0.02881    7.67339    0.76951   -2.98160   -3.60494    2.00000
 180.00075   -0.07710   23.76993   23.32128    0.07710    0.04255    5.29799    2.64801   -1.40243   -0.89613    2.00000
 179.98305    0.07813   23.77470   23.32521    0.07995    0.04413    5.27820    7.89152   -2.28718    9.75984    2.00000
 180.05766    0.00316   22.51925   22.23560    0.05776    0.03188   13.95302    0.23781   -1.56393   -0.33199    2.00000
 180.00922    0.03144   22.16301   21.90861    0.03276    0.01808   18.39724   -4.65420    0.04835   -5.55843    2.00000
 179.92824   -0.08680   22.23072   21.97081    0.11263    0.06216   17.28194    0.80785    0.11686    1.83288    2.00000
 179.95352    0.13671   23.61900   23.19610    0.14440    0.07970    5.92821   -0.50503   -3.53383  -11.36981    2.00000
 179.89474   -0.07333   22.61410   22.32131    0.12829    0.07081   12.93243   -1.72952   -3.44104   -6.25304    2.00000
 180.21550    0.03250   22.50987   22.22705    0.21793    0.12028   14.05474    4.01295   -0.09796    4.08972    2.00000
 179.90425   -0.03193   22.13889   21.88657    0.10093    0.05571   18.79242    3.21805   -3.88333   -0.61433    2.00000
 180.03900   -0.15473   23.67377   23.24168    0.15957    0.08807    5.69872    0.83061   -0.20423   -5.45796    2.00000
 179.97108    0.00114   23.63345   23.20818    0.02894    0.01597    5.86740   -2.30263   -3.68205   -5.13036    2.00000
 179.97768   -0.00435   21.19694   20.95972    0.02275    0.01256   40.38617   -6.20748    1.25192   -4.36567    2.00000
 180.04666   -0.02093   22.66365   22.36583    0.05114    0.02822   12.40220    3.11165    0.32355    3.43110    2.00000
 180.02943    0.03774   21.07293   20.81096    0.04785    0.02641   45.96136   -0.07734    0.60310    0.55895    2.00000
 180.00861   -0.32027   23.41253   23.02198    0.32039    0.17683    6.80485   -3.62663   -1.44911   -7.01803    2.00000
 180.01642   -0.03020   23.45314   23.05635    0.03437    0.01897    6.63182   -4.18083   -0.72518   -2.20749    2.00000
 179.92256    0.00249   22.43722   22.16085    0.07748    0.04276   14.84311    1.60347    1.70069    2.67965    2.00000
 180.02382    0.01216   21.82082   21.58939    0.02675    0.01476   24.12160   -4.77420   -0.84121   -6.04010    2.00000
 180.10690   -0.11140   22.10621   21.85650    0.15440    0.08522   19.33179    1.83106   -0.16410    2.27906    2.00000
 179.96637   -0.05342   23.72990   23.28818    0.06312    0.03484    5.46464    2.37750   -1.51676    3.53727    2.00000
 180.02377   -0.02205   21.71390   21.48733    0.03242    0.01789   26.05784   -1.48168    0.33441   -2.08305    2.00000
 179.98392    0.00921   22.60627   22.31427    0.01853    0.01023   13.01615    4.40350    0.39451    4.70878    2.00000
 180.06725    0.05320   22.88717   22.56563    0.08574    0.04732   10.29408    0.01353    1.73099    1.93167    2.00000
 180.00426   -0.04410   22.62714   22.33302    0.04430    0.02445   12.79290    1.93574    2.16094    5.96211    2.00000
 180.01984    0.02804   23.35266   22.97125    0.03435    0.01896    7.13912   -6.04919    1.25985   -6.20786    2.00000
 180.01292   -0.02354   21.22256   20.98948    0.02686    0.01483   39.27087    2.54435   -0.35668    2.06253    2.00000
 180.00858    0.03327   21.88341   21.64807    0.03436    0.01896   23.06925    3.21690    1.69670    3.68267    2.00000
 180.00549   -0.12961   22.91847   22.59353    0.12972    0.07160   10.07709   -3.71775    0.72881   -4.40969    2.00000
 180.01430   -0.07766   22.33651   22.06811    0.07896    0.04358   15.94741    4.79299   -1.97249    1.82722    2.00000
 179.89256    0.08710   23.02012   22.68335    0.13831    0.07634    9.37848   -5.17129   -0.26675   -4.82618    2.00000
 179.94238   -0.01060   21.19051   20.95226    0.05858    0.03233   40.66595   -0.25907    2.95722    2.46788    2.00000
 180.01447    0.03056   23.25467   22.88774    0.03381    0.01866    7.78864   -1.60381    0.07384   -4.16414    2.00000
 179.97137   -0.05813   22.94716   22.61910    0.06480    0.03576    9.87819   -0.26351    0.23479   -0.43526    2.00000
 180.00243    0.02246   22.43957   22.16298    0.02259    0.01247   14.81768   -3.00710    0.79924   -3.18849    2.00000
 180.13087   -0.07909   23.15227   22.79884    0.15292    0.08440    8.48017   -5.90530   -0.04802   -4.10411    2.00000
 180.02013   -0.18878   22.99426   22.66067    0.18985    0.10478    9.55489   -6.67024    4.48156   -4.94065    2.00000
 179.95628    0.08816   22.81470   22.50101    0.09841    0.05431   10.79675   -0.89956    1.04266   -2.57308    2.00000
 180.00269    0.07059   22.43254   22.15657    0.07064    0.03899   14.89402    1.12860   -2.41759    1.82486    2.00000
 179.93777    0.02609   22.32211   22.05484    0.06747    0.03724   16.10540    1.53410    4.07169    4.18020    2.00000
 179.78915   -0.11908   23.41253   23.02198    0.24215    0.13365    6.80485   -7.75618    2.96533   -3.73594    2.00000
 179.98488   -0.01773   22.47941   22.19929    0.02330    0.01286   14.38535   -2.12099   -0.72873   -1.80887    2.00000
 179.94456    0.02363   22.73737   22.43187    0.06026    0.03326   11.61584   -1.41445   -0.64111   -1.78081    2.00000
 179.93610   -0.03165   21.78274   21.55369    0.07130    0.03935   24.76178   -1.53790    0.37576   -1.93377    2.00000
 180.03104    0.02642   21.94615   21.70676    0.04076    0.02250   22.01691    0.01044    0.40427   -0.61463    2.00000
 180.04723   -0.01721   21.01680   20.73697    0.05026    0.02774   48.73439   -2.21768   -3.15024   -5.69336    2.00000
 179.92059    0.12503   23.08501   22.74007    0.14811    0.08175    8.93726   -1.99555   -1.59469   -2.78209    2.00000
 180.04849    0.16496   22.43254   22.15657    0.17194    0.09490   14.89402   -1.44057   -1.24149   -1.46284    2.00000
 180.20210   -0.10907   22.73238   22.42741    0.22965    0.12675   11.66895    8.95692   -2.81344    8.28704    2.00000
 179.99522    0.05477   22.65583   22.35880    0.05498    0.03035   12.48592    2.26221   -0.62592    3.40853    2.00000
 179.96840   -0.11911   23.78422   23.33307    0.12323    0.06801    5.23861   -1.93254    0.55748   -6.20854    2.00000
 179.99164   -0.04317   22.28984   22.02514    0.04397    0.02427   16.45903   -7.02470    1.38264   -2.88264    2.00000
 180.02379    0.05256   22.12574   21.87455    0.05770    0.03184   19.00797   -2.11179   -0.17848   -3.74326    2.00000
 180.03859    0.00810   22.79724   22.48540    0.03943    0.02176   10.97848   -1.13021    0.03207    0.07464    2.00000
 179.97255    0.01265   23.18640   22.82847    0.03022    0.01668    8.24966   -2.34589   -0.44916   -2.42920    2.00000
 179.95605    0.06822   23.37443   22.98970    0.08115    0.04479    6.99564    1.23568   -4.67686   -3.50623    2.00000
 179.98755    0.07529   23.53962   23.12953    0.07631    0.04212    6.26338    3.15883    3.71600   14.07472    2.00000
 180.01982   -0.00702   21.16866   20.92688    0.02103    0.01161   41.61721    3.30753   -0.82899    2.83941    2.00000
 179.83055    0.09014   22.92630   22.60050    0.19193    0.10593   10.02285    2.76868    2.56175    7.65257    2.00000
 180.03188    0.02298   23.57883   23.16256    0.03930    0.02169    6.09710    2.22678   -1.45902    1.14010    2.00000
 179.81079    0.04573   23.32544   22.94819    0.19466    0.10744    7.31847    5.96169   -0.67953    4.99966    2.00000
 179.98686    0.01357   23.74112   23.29748    0.01889    0.01042    5.41783    6.08904   -2.04257    3.35582    2.00000
 180.06046    0.00414   23.08981   22.74427    0.06059    0.03344    8.90463    2.43855    3.47643    2.79163    2.00000
 180.11089    0.28443   22.19473   21.93773    0.30528    0.16849   17.87505    0.60548    0.48615    2.08003    2.00000
 180.08139   -0.04377   23.66815   23.23703    0.09241    0.05100    5.72213    3.10011   -1.60081    1.29314    2.00000
 179.97153   -0.01628   22.37492   22.10349    0.03280    0.01810   15.52610   -1.92157    1.37757   -1.66468    2.00000
 179.99516   -0.01395   22.58019   22.29084    0.01476    0.00815   13.29522   -0.88746    0.55892   -0.18485    2.00000
 180.03674   -0.02288   22.15862   21.90460    0.04329    0.02389   18.46909    0.72439   -4.37085   -4.89655    2.00000
 179.96135    0.05816   22.41092   22.13666    0.06983    0.03854   15.13113   -1.78498   -0.15901   -3.41925    2.00000
 180.08672    0.00527   22.19473   21.93773    0.08687    0.04794   17.87505   -1.81091   -0.56907   -3.57576    2.00000
 179.99612   -0.01756   23.59169   23.17329    0.01798    0.00993    6.04306    6.72532   -2.81375   -2.36164    2.00000
 180.05138    0.00099   23.36899   22.98509    0.05138    0.02836    7.03151   -0.96078    0.85219   -1.09921    2.00000
 179.99837   -0.01486   22.92108   22.59586    0.01495    0.00825   10.05901    2.09554    2.99007    6.73386    2.00000
 180.01707   -0.02333   22.51925   22.23560    0.02890    0.01595   13.95302   -5.57921   -1.68743   -7.16467    2.00000
 180.00757   -0.01734   23.45044   23.05406    0.01892    0.01044    6.64333    2.67231   -3.11283    1.15718    2.00000
 179.98306    0.06369   21.58977   21.36780    0.06590    0.03637   29.20193   -3.12862    3.30909   -0.38090    2.00000
 179.99039   -0.03446   22.66105   22.36349    0.03578    0.01975   12.43011   -1.69714   -1.13891   -2.68698    2.00000
 180.02939   -0.04115   23.59811   23.17866    0.05057    0.02791    6.01603    5.91327   -0.81896    8.05491    2.00000
 179.39754   -0.07464   22.89761   22.57493    0.60706    0.33506   10.22175    1.01040    0.69814    3.35246    2.00000
 179.99471    0.03394   22.10776   21.85797    0.03435    0.01896   19.30536    0.18311   -1.41567   -0.57824    2.00000
 179.94283   -0.01610   23.32000   22.94358    0.05941    0.03279    7.35434    4.57531   -1.76599    2.81058    2.00000
 180.00168   -0.06183   23.23273   22.86869    0.06186    0.03414    7.93683   -2.94901   -0.44882   -4.86939    2.00000
 180.10095    0.08582   21.88886   21.65318    0.13250    0.07313   22.97774   -1.96224    1.19256   -1.05895    2.00000
 180.08369    0.06048   22.52862   22.24414    0.10327    0.05699   13.85129    0.57990   -2.90277   -2.30157    2.00000
 180.05440   -0.06418   21.78274   21.55369    0.08413    0.04643   24.76178   -3.94330    0.41247   -2.97399    2.00000
 180.00385    0.01397   23.46125   23.06321    0.01448    0.00799    6.59727   -0.66411   -0.28062   -2.18256    2.00000
 179.98869    0.05951   22.94195   22.61445    0.06057    0.03343    9.91436    3.55919    1.11262    6.40067    2.00000
 180.02847   -0.14221   22.28727   22.02278    0.14503    0.08005   16.48716   -2.92184   -1.83680   -6.80624    2.00000
 179.94182   -0.07281   22.31971   22.05263    0.09320    0.05144   16.13173   -3.02884    0.47758   -3.29263    2.00000
 179.62709   -0.15485   21.86980   21.63532    0.40378    0.22286   23.29802    1.86235    2.49084    4.47389    2.00000
 179.96980    0.00556   22.28470   22.02042    0.03071    0.01695   16.51529    0.67629    1.35550    3.55072    2.00000
 180.01060   -0.02742   21.72184   21.49498    0.02940    0.01623   25.85649   -4.50291    3.36708   -1.02286    2.00000
 180.09492   -0.15942   23.63988   23.21355    0.18554    0.10240    5.84038   10.12646    1.00117   16.14741    2.00000
 179.96642    0.03553   23.13062   22.77993    0.04889    0.02699    8.62723    3.26167   -1.13798    4.54905    2.00000
 180.00668    0.01826   23.82471   23.36649    0.01944    0.01073    5.07038   -3.24286   -0.68208   -6.06312    2.00000
 179.96545    0.04460   21.69273   21.46692    0.05641    0.03114   26.59476    4.96387    1.41000    6.40264    2.00000
 179.96442   -0.07730   23.48017   23.07922    0.08510    0.04697    6.51668    0.37688   -1.01765   -4.51741    2.00000
 180.02550    0.00135   23.42070   23.02890    0.02553    0.01409    6.77002    5.33558   -2.73597    2.38492    2.00000
 180.00989    0.04943   22.54268   22.25695    0.05042    0.02783   13.69870   -6.26329   -2.52458   -7.34126    2.00000
 180.03094    0.00342   23.23760   22.87293    0.03112    0.01718    7.90390   -6.37848    0.20647   -3.92231    2.00000
 180.01373   -0.04683   22.38932   22.11676    0.04880    0.02694   15.36812    1.38852    5.59050    6.48429    2.00000
 179.96779   -0.04261   23.43962   23.04491    0.05341    0.02948    6.68938   -1.27831   -1.44676   -4.85271    2.00000
 180.00368   -0.04864   21.61897   21.39587    0.04878    0.02692   28.46366   -6.15996    0.31373   -6.59375    2.00000
 179.94815    0.09241   23.45044   23.05406    0.10597    0.05849    6.64333   -2.13367   -2.18367   -1.13271    2.00000
 180.04153    0.10621   23.68125   23.24788    0.11405    0.06294    5.66751   -3.15186    0.25441   -1.91872    2.00000
 180.12190    0.04115   23.52611   23.11809    0.12866    0.07101    6.32095    1.09880   -0.59355   -2.23731    2.00000
 180.04073    0.08801   22.36292   22.09243    0.09697    0.05352   15.65776   -5.31408    1.48665   -3.81513    2.00000
 180.03796   -0.12352   22.67148   22.37286    0.12923    0.07132   12.31848    2.99433   -1.37891   -1.23599    2.00000
 180.05171    0.01761   21.39287   21.16971    0.05463    0.03015   34.41255    6.39481    2.25105    7.85073    2.00000
 180.06293    0.02999   23.79137   23.33897    0.06971    0.03847    5.20893   -3.12943   -2.59035   -3.27310    2.00000
 179.53154    0.11157   22.22558   21.96608    0.48156    0.26579   17.36667    3.29389    0.03318    4.04738    2.00000
 179.99036    0.01473   23.12342   22.77364    0.01760    0.00972    8.67618   -3.47985    2.13942    2.25092    2.00000
 180.15674    0.00874   23.34994   22.96895    0.15698    0.08664    7.15705    0.00830   -1.50255    3.36162    2.00000
 180.05899   -0.11529   22.47941   22.19929    0.12951    0.07148   14.38535   -0.48893    1.55612   -1.38624    2.00000
 179.77635    0.02391   21.97081   21.72972    0.22492    0.12414   21.60512   -0.35568   -0.01804    0.17896    2.00000
 179.71104   -0.04728   23.11381   22.76525    0.29279    0.16160    8.74145    8.14930   -2.20888    8.01980    2.00000
 180.00369    0.01527   21.37461   21.15106    0.01571    0.00867   34.90323   -4.96483   -1.08975   -6.19942    2.00000
 179.98105    0.02638   23.06581   22.72329    0.03248    0.01793    9.06781    4.02266    2.08497    5.31482    2.00000
 179.92432   -0.11306   21.37200   21.14839    0.13605    0.07509   34.97333   -0.71315    2.76642    1.56413    2.00000
 180.02284   -0.08118   23.82233   23.36452    0.08433    0.04654    5.08028   -2.20407   -3.12497    0.77901    2.00000
 179.96269   -0.04420   22.36532   22.09464    0.05785    0.03193   15.63143   -0.06492    3.11224    3.32096    2.00000
 180.15292   -0.07297   23.58205   23.16524    0.16945    0.09352    6.08359   -3.20424   -4.63987   -7.09717    2.00000
 179.99554   -0.01792   22.89761   22.57493    0.01847    0.01019   10.22175    1.12445   -0.39928   -1.17209    2.00000
 180.01826    0.02872   23.64631   23.21892    0.03404    0.01879    5.81335   -1.73127    0.42052   -2.03672    2.00000
 180.01205    0.01407   20.05097   19.56320    0.01853    0.01023  113.25571    1.17926    0.15051    1.34275    2.00000
 179.96341    0.10414   23.16446   22.80942    0.11038    0.06092    8.39784   -3.03554    1.88740    0.12650    2.00000
 179.97926    0.03702   22.93412   22.60748    0.04244    0.02342    9.96860   -2.74429   -0.50363   -2.47002    2.00000
 179.96523    0.01910   21.41634   21.19370    0.03969    0.02190   33.78166    6.29577   -1.58559    4.42996    2.00000
 180.02756   -0.02564   21.27291   21.04361    0.03764    0.02078   37.72973    4.11787    0.30956    3.91292    2.00000
 180.01215   -0.00120   20.72787   20.30223    0.01220    0.00673   67.80719   -1.82441    0.23743   -1.90609    2.00000
 180.00951   -0.14228   20.83487   20.44879    0.14260    0.07870   60.25392   -1.12273    2.11431    0.61820    2.00000
 179.92751   -0.02506   22.20501   21.94718    0.07669    0.04233   17.70559   -3.63424    3.55094    0.50628    2.00000
 179.99013    0.00935   20.99904   20.71185    0.01360    0.00750   49.67553    0.36276   -0.44899    0.08836    2.00000
 179.95554   -0.05767   23.09461   22.74846    0.07283    0.04019    8.87199   -2.04892   -3.92597   -8.21337    2.00000
 180.02985    0.05291   23.72054   23.28043    0.06074    0.03352    5.50366    5.70850    0.78741    8.73464    2.00000
 180.03896   -0.03640   23.08981   22.74427    0.05332    0.02943    8.90463    4.57919    0.98056    7.40149    2.00000
 179.99055   -0.00511   22.45128   22.17366    0.01074    0.00593   14.69052    4.29856   -1.70050    2.09939    2.00000
 179.92375    0.01271   23.82233   23.36452    0.07730    0.04267    5.08028    5.33385    4.12719    8.19408    2.00000
 180.03304   -0.02421   23.13302   22.78203    0.04095    0.02260    8.61091    1.48231    1.43034    2.62607    2.00000
 179.93324    0.02924   23.78184   23.33111    0.07288    0.04022    5.24851    2.75041    1.29015    4.15682    2.00000
 180.04253    0.04272   22.68191   22.38224    0.06028    0.03327   12.20686   -5.01056   -3.96233   -9.79387    2.00000
 179.93196   -0.01784   23.29550   22.92283    0.07034    0.03882    7.51575    0.70313   -1.62080    0.09581    2.00000
 179.96095    0.03189   22.98457   22.65216    0.05042    0.02783    9.62105   -3.81671    0.25702   -4.10747    2.00000
 180.00136    0.04707   23.29006   22.91822    0.04709    0.02599    7.55162    2.99654   -4.09640    3.82170    2.00000
 179.98943   -0.00492   21.83987   21.60725    0.01167    0.00644   23.80132    4.88748    3.36466    8.36644    2.00000
 179.99139    0.01254   23.68686   23.25253    0.01521    0.00839    5.64410    1.36595    0.19427   -2.21400    2.00000
 180.19012    0.14703   20.28814   19.81323    0.24034    0.13265   96.15546   -3.79815   -2.77872   -6.34006    2.00000
 179.91100   -0.11680   23.78422   23.33307    0.14684    0.08105    5.23861    0.15304    2.90812    8.27647    2.00000
 180.00845   -0.07387   23.72990   23.28818    0.07435    0.04103    5.46464   -1.32132   -0.25753   -0.38645    2.00000
 180.09857   -0.00795   22.92108   22.59586    0.09889    0.05458   10.05901    3.06197   -2.46833   -0.46395    2.00000
 180.05428    0.07754   23.34994   22.96895    0.09464    0.05223    7.15705    3.20906    1.53573    1.13591    2.00000
 179.97073    0.07990   21.89430   21.65828    0.08509    0.04696   22.88624   -3.91686    1.77223   -0.10921    2.00000
 180.02937   -0.00888   23.56389   23.15006    0.03069    0.01694    6.16001    3.20792    3.13549    8.50963    2.00000
 180.11182   -0.04275   22.21787   21.95899    0.11970    0.06607   17.49376   -2.85568   -3.24616   -6.24412    2.00000
 179.95467   -0.01129   22.03658   21.79096    0.04671    0.02578   20.50702   -1.43310   -0.49498   -1.72048    2.00000
 179.99347   -0.10256   21.58393   21.36219    0.10277    0.05672   29.34958   -3.65110    1.88550   -1.91776    2.00000
 180.09483    0.07582   21.57420   21.35283    0.12142    0.06701   29.59567    0.18626   -0.24173   -0.80236    2.00000
 179.96350    0.10214   23.13542   22.78413    0.10847    0.05986    8.59459    1.94676    1.60333    4.37387    2.00000
 179.98738   -0.05888   23.81518   23.35863    0.06022    0.03324    5.10997   -3.37018    0.76046   -0.26460    2.00000
 180.04341   -0.04570   22.68191   22.38224    0.06303    0.03479   12.20686    0.89505    1.62601    2.63821    2.00000
 180.03246   -0.03962   21.78543   21.55622    0.05121    0.02827   24.71640   -0.22924   -0.25499   -0.06893    2.00000
 179.96310   -0.13809   23.80327   23.34880    0.14294    0.07889    5.15945    3.67457   -1.59855    1.76751    2.00000
 179.97218    0.00439   23.34721   22.96664    0.02816    0.01554    7.17499   -2.14699    0.94312   -0.12908    2.00000
 180.14476   -0.14813   23.62864   23.20415    0.20711    0.11431    5.88767   -6.35817   -1.14622   -8.33004    2.00000
 180.01208    0.00454   23.82471   23.36649    0.01291    0.00713    5.07038   -3.37463    3.87868    2.47808    2.00000
 179.97778    0.22053   23.34994   22.96895    0.22165    0.12233    7.15705    1.26915    3.95993    9.68457    2.00000
 179.91405   -0.05017   22.84805   22.53076    0.09952    0.05493   10.56531   -6.69777   -1.56221   -6.89758    2.00000
 180.06497    0.00387   21.50798   21.28732    0.06509    0.03592   31.31890   -0.04163   -1.87951   -2.14799    2.00000
 179.99791    0.02420   22.50050   22.21851    0.02429    0.01341   14.15646   -0.26658   -0.62974   -4.01984    2.00000
 180.03285    0.06777   22.61931   22.32599    0.07531    0.04157   12.87662    0.86428    0.39751    1.90279    2.00000
 180.00784   -0.02071   21.25471   21.02421    0.02214    0.01222   38.23980   -2.21565    2.90290    0.72859    2.00000
 179.98235    0.01563   22.78227   22.47202    0.02358    0.01301   11.13782   -2.48346    0.47246   -2.06153    2.00000
 180.03735   -0.06891   23.13542   22.78413    0.07838    0.04326    8.59459    3.02702    1.31331    4.69702    2.00000
 180.06007    0.05073   22.00096   21.75779    0.07864    0.04340   21.10183   -5.77808   -1.77382   -6.17991    2.00000
 179.99576    0.04462   22.87935   22.55866    0.04482    0.02474   10.34832    4.86088    1.57515    6.79775    2.00000
 179.92529   -0.07698   22.16191   21.90761    0.10726    0.05920   18.41520   -0.37036   -2.55858   -3.79810    2.00000
 180.02345   -0.07155   23.17178   22.81577    0.07530    0.04156    8.34845    2.81219    0.54228    4.90215    2.00000
 180.00842   -0.00114   22.74734   22.44079    0.00851    0.00470   11.50961    4.76893    1.78665    4.96570    2.00000
 179.98351   -0.04370   22.26927   22.00624    0.04671    0.02578   16.68408    1.55299   -1.90153    1.08424    2.00000
 179.98927    0.04274   23.21810   22.85599    0.04406    0.02432    8.03562    0.59096    0.53547   -2.34910    2.00000
 180.01369    0.02810   23.45854   23.06092    0.03125    0.01725    6.60879    1.52019    1.37895    0.44076    2.00000
 179.97150    0.09553   22.91587   22.59121    0.09969    0.05502   10.09518    0.91885   -0.60608    1.21613    2.00000
 179.95932   -0.02921   23.00288   22.66823    0.05009    0.02764    9.49609   -3.95967    1.43361   -0.54179    2.00000
 180.01340   -0.02208   23.81280   23.35666    0.02582    0.01425    5.11986   -4.88754    1.45612   -6.78724    2.00000
 180.01518    0.05312   23.77946   23.32914    0.05525    0.03049    5.25841    2.04485   -3.97465    2.21364    2.00000
 180.02599   -0.03159   20.94785   20.63533    0.04090    0.02258   52.54323    1.41207    0.84441    2.49665    2.00000
 179.96709    0.00188   23.36899   22.98509    0.03298    0.01820    7.03151   -3.31807   -3.17582   -9.86925    2.00000
 180.00069   -0.01509   23.48287   23.08150    0.01511    0.00834    6.50517   -3.94092    1.56458   -1.05326    2.00000
 179.99422   -0.04673   21.65569   21.43120    0.04709    0.02599   27.53438    3.45298   -1.94073    2.02969    2.00000
 179.93068   -0.02249   23.52611   23.11809    0.07288    0.04022    6.32095    1.49068    4.31569    8.90989    2.00000
 179.97591    0.00635   22.84544   22.52844    0.02492    0.01376   10.58339    1.89609    4.24770    4.38510    2.00000
 179.99756   -0.00020   23.53422   23.12495    0.00245    0.00135    6.28641    7.86342    1.58930   12.50481    2.00000
 180.07758    0.08100   23.36082   22.97817    0.11216    0.06190    7.08531    3.54028   -1.17605    3.88186    2.00000
 179.97066    0.00987   23.62703   23.20281    0.03096    0.01709    5.89443    1.39966    0.67096    4.87277    2.00000
 179.97632   -0.09783   21.59561   21.37342    0.10065    0.05555   29.05427    0.64655    3.82167    4.81457    2.00000
 180.23470    0.08739   23.52341   23.11581    0.25044    0.13822    6.33246    4.82609   -5.46684    1.62921    2.00000
 180.06390    0.08149   22.69234   22.39161    0.10356    0.05716   12.09523    2.27358   -1.99381    0.95957    2.00000
 180.01750    0.05302   23.52341   23.11581    0.05583    0.03081    6.33246   -1.95623    2.67063   -1.31609    2.00000
 180.03259   -0.05793   22.53565   22.25055    0.06647    0.03669   13.77500    3.19475   -2.32880    0.24194    2.00000
 179.71394   -0.00699   23.07541   22.73168    0.28614    0.15793    9.00254   -3.86683   -0.70845   -1.56143    2.00000
 179.97842    0.04709   23.19128   22.83271    0.05180    0.02859    8.21673    1.15247   -0.87114    2.51756    2.00000
 180.07336   -0.01554   22.94977   22.62143    0.07500    0.04139    9.86011    3.88980    1.20724    7.94619    2.00000
 179.92191   -0.05549   21.95985   21.71952    0.09581    0.05288   21.78814    2.26721   -2.79815   -0.46510    2.00000
 180.11749   -0.05138   23.11141   22.76315    0.12824    0.07078    8.75777    5.92866   -0.34119    8.77891    2.00000
 180.25478   -0.05558   22.96733   22.63704    0.26076    0.14392    9.73865   -2.19710   -1.91924    1.44144    2.00000
 180.02534   -0.02454   22.56976   22.28146    0.03528    0.01947   13.40685    0.97649    0.74837   -0.79216    2.00000
 180.01884   -0.00531   23.17909   22.82212    0.01958    0.01081    8.29905    2.86674    0.65811    2.93579    2.00000
 179.97568   -0.01575   23.28462   22.91361    0.02898    0.01600    7.58749    5.44698   -0.12214    1.34924    2.00000
 180.12737    0.01703   22.39652   22.12339    0.12851    0.07092   15.28912   -3.56956    2.29920   -0.29489    2.00000
 180.06252   -0.30301   21.33358   21.10824    0.30939    0.17076   36.02946    3.80808    1.81917    4.25494    2.00000
 179.90221    0.04987   23.04181   22.70231    0.10977    0.06059    9.23099   -3.32536   -1.66151   -4.86375    2.00000
 179.98286    0.02501   22.68974   22.38927    0.03033    0.01674   12.12314   -1.52731   -0.95435   -0.51123    2.00000
 179.97134   -0.05045   23.02500   22.68763    0.05803    0.03203    9.34521   -5.50214   -2.45214   -9.43929    2.00000
 179.97525   -0.00945   23.42611   23.03348    0.02649    0.01462    6.74695    2.11962    1.58379    5.68684    2.00000
 179.97101    0.01848   22.27441   22.01097    0.03438    0.01898   16.62782   -4.41023    0.78171   -3.75262    2.00000
 180.00781    0.08504   23.11622   22.76735    0.08540    0.04713    8.72513    5.57099    0.43921    7.44386    2.00000
 180.06123    0.02629   21.61508   21.39213    0.06665    0.03679   28.56209   -3.81597    3.32795   -0.39381    2.00000
 180.00247   -0.04803   21.79360   21.56387    0.04809    0.02654   24.57914    2.70467   -0.50181    2.94623    2.00000
 180.01662    0.02867   23.78422   23.33307    0.03313    0.01828    5.23861   -1.18718    0.78768   -2.55300    2.00000
 179.91878    0.14125   23.00503   22.67012    0.16294    0.08993    9.48139   -2.55261   -2.10764   -4.69906    2.00000
 180.06833   -0.06683   23.23517   22.87081    0.09558    0.05275    7.92036    1.35188   -3.31995   -2.58004    2.00000
 180.08665   -0.16293   17.98907   17.68038    0.18454    0.10185  340.32593    5.52336    4.21028    9.74275    2.00000
 179.91174    0.22812   23.55854   23.14554    0.24459    0.13500    6.18278    4.28986   -1.35508   -0.37539    2.00000
 180.02786   -0.00731   19.86812   19.37127    0.02880    0.01590  128.92284   -0.63914    1.69510    0.94138    2.00000
 179.94167   -0.00745   23.01150   22.67579    0.05881    0.03246    9.43729    2.64000    1.45268    3.51030    2.00000
 179.81122    0.03409   23.14502   22.79252    0.19183    0.10588    8.52932    4.02253   -0.50778    5.56599    2.00000
 179.97205    0.02791   21.62676   21.40335    0.03950    0.02180   28.26678    0.15963    0.08599    0.41102    2.00000
 180.07986   -0.04611   23.83423   23.37435    0.09222    0.05090    5.03080    2.69567    2.84922    6.96061    2.00000
 179.90215   -0.01898   23.03701   22.69811    0.09968    0.05501    9.26362    0.71750    2.13763    3.77073    2.00000
 180.02730    0.00875   23.32272   22.94589    0.02866    0.01582    7.33640    0.11239    0.85948   -4.32983    2.00000
 179.94466   -0.09711   22.26670   22.00388    0.11178    0.06169   16.71221    3.89356   -1.88985    0.86070    2.00000
 179.99052   -0.03006   22.40852   22.13445    0.03152    0.01740   15.15746    3.00015    1.75938    4.15377    2.00000
 180.00481   -0.02307   21.61897   21.39587    0.02357    0.01301   28.46366   -0.27954    0.06206    1.29337    2.00000
 179.81342    0.03748   23.57723   23.16121    0.19031    0.10504    6.10386    0.70678    4.13063    4.05058    2.00000
 179.99947    0.04435   23.82233   23.36452    0.04435    0.02448    5.08028   -4.74783    2.65951    6.10356    2.00000
 179.94415   -0.07779   22.61931   22.32599    0.09576    0.05285   12.87662    0.85840    2.20228    2.24081    2.00000
 179.68832   -0.15620   21.84259   21.60980    0.34863    0.19242   23.75556   -4.14326   -1.58220   -5.59390    2.00000
 179.99997    0.02860   21.67156   21.44651    0.02860    0.01579   27.13169    4.23888    0.40216    4.90998    2.00000
 179.91599   -0.04052   20.04866   19.56078    0.09328    0.05149  113.42116   -0.67801    0.15479   -0.37628    2.00000
 179.90469    0.03444   23.60775   23.18671    0.10134    0.05593    5.97550    2.01993   -3.11086   -3.13069    2.00000
 179.96881    0.01550   23.61096   23.18939    0.03483    0.01922    5.96198    5.45657    2.91317   12.05205    2.00000
 180.04742    0.08259   23.10421   22.75686    0.09524    0.05256    8.80672    0.28064    2.40424    3.42489    2.00000
 179.98016    0.01209   23.24248   22.87716    0.02322    0.01282    7.87097   -0.60072   -1.67129   -1.06443    2.00000
 179.98886   -0.00036   22.99318   22.65972    0.01115    0.00615    9.56224   -0.38655   -0.01908   -0.11901    2.00000
 180.05522   -0.19343   23.64470   23.21757    0.20115    0.11102    5.82011   -4.04632    0.75144   -1.66205    2.00000
 180.03789   -0.01917   23.12582   22.77574    0.04245    0.02343    8.65986   -1.83403   -1.31135   -9.86477    2.00000
 179.89769   -0.06552   21.94615   21.70676    0.12149    0.06705   22.01691   -3.53536   -1.10663   -5.34348    2.00000
 180.08171   -0.03904   23.04901   22.70860    0.09056    0.04998    9.18203   -3.11752   -1.76342   -4.43248    2.00000
 179.98399   -0.04798   22.54268   22.25695    0.05058    0.02792   13.69870   -1.55006    1.40181    1.26726    2.00000
 180.31557    0.00957   23.76279   23.31538    0.31572    0.17425    5.32768   -0.65900   -0.23365   -3.64776    2.00000
 179.91818   -0.02587   23.66441   23.23394    0.08580    0.04736    5.73773   -0.03954    1.86518    0.74077    2.00000
 180.02261    0.05300   23.40165   23.01276    0.05762    0.03180    6.85129   -5.89448   -1.55564   -4.49013    2.00000
 179.93483    0.07989   22.80473   22.49209    0.10310    0.05690   10.89881   -0.79424   -1.19521   -2.53800    2.00000
 179.93112    0.04325   22.86109   22.54239    0.08134    0.04489   10.47490    2.25114    1.22330    5.60531    2.00000
 180.06378    0.01675   22.54972   22.26336    0.06594    0.03639   13.62241    1.41836    0.12797    1.07776    2.00000
 180.02216   -0.01208   22.24357   21.98262    0.02524    0.01393   17.07011    0.03475   -3.36067   -4.75354    2.00000
 179.97646    0.05728   23.12102   22.77154    0.06193    0.03418    8.69250    1.51913    5.13048    7.74671    2.00000
 180.07274    0.01988   23.04421   22.70441    0.07541    0.04162    9.21467    4.17897   -0.80521    4.76427    2.00000
 179.96512    0.04434   21.02678   20.75012    0.05641    0.03114   48.24141   -2.32744   -1.67657   -4.23882    2.00000
 179.97433    0.03262   22.70244   22.40065    0.04151    0.02291   11.98763    3.97592    1.82316    6.09772    2.00000
 180.13776   -0.12032   23.30911   22.93436    0.18290    0.10095    7.42608    2.92073    1.56190    6.47552    2.00000
 179.96390   -0.02486   22.00918   21.76544    0.04383    0.02419   20.96456   -2.57953    1.72623   -1.28055    2.00000
 180.03293   -0.00833   22.99103   22.65783    0.03397    0.01875    9.57694   -0.79048    0.25453   -1.16654    2.00000
 180.41429   -0.17796   22.74236   22.43633    0.45090    0.24887   11.56272    1.57859   -0.64851    1.96543    2.00000
 179.98662   -0.04670   23.60132   23.18134    0.04858    0.02681    6.00252   -3.05182    1.46827   -0.11794    2.00000
 179.98431    0.08950   23.73364   23.29128    0.09086    0.05015    5.44904    2.29154   -4.58158    3.06514    2.00000
 180.00037    0.00102   23.69809   23.26183    0.00108    0.00060    5.59729   -5.54195   -1.60361   -3.38702    2.00000
 180.03113   -0.01148   22.26156   21.99916    0.03318    0.01831   16.77356    1.02604   -0.56502    0.27227    2.00000
 179.91975    0.13313   23.42881   23.03577    0.15544    0.08579    6.73544   -1.80724    0.40827   -2.10928    2.00000
 180.02824   -0.09695   23.50990   23.10437    0.10098    0.05573    6.39003    1.70968    0.48699    5.62272    2.00000
 180.00829    0.03716   22.74236   22.43633    0.03807    0.02101   11.56272    1.35604   -1.89190    2.32910    2.00000
 180.05278    0.10714   21.75888   21.53070    0.11944    0.06592   25.17394   -7.33530   -0.23513   -6.70559    2.00000
 179.99780    0.06158   22.86631   22.54704    0.06161    0.03401   10.43873   -0.67543    0.96756   -3.13145    2.00000
 179.92964   -0.02767   22.35331   22.08359    0.07560    0.04173   15.76309    0.31723    0.16235    0.61317    2.00000
 179.92436    0.02642   22.91847   22.59353    0.08012    0.04422   10.07709    0.45522   -3.46235   -2.60907    2.00000
 180.00394    0.04466   22.35331   22.08359    0.04483    0.02475   15.76309   -2.81627   -2.49575   -6.87734    2.00000
 179.99612   -0.02287   22.54737   22.26123    0.02320    0.01280   13.64784   -4.40446   -5.30749  -10.24634    2.00000
 179.94373   -0.00122   23.29550   22.92283    0.05629    0.03107    7.51575    2.33592    1.46098    6.36253    2.00000
 180.03096   -0.03662   22.54972   22.26336    0.04795    0.02647   13.62241   -1.90317   -0.08125   -4.91178    2.00000
 180.01537   -0.01734   22.52159   22.23773    0.02316    0.01278   13.92758    0.25510   -1.37667    1.76476    2.00000
 180.02290    0.02960   22.38212   22.11012    0.03743    0.02066   15.44711   -2.14757   -0.39775   -3.55955    2.00000
 180.02126   -0.11761   22.85848   22.54006    0.11951    0.06596   10.49298    2.32295   -0.68160    1.76175    2.00000
 180.14774   -0.18942   23.47206   23.07236    0.24022    0.13258    6.55122    8.84359    0.16122    8.99181    2.00000
 179.98389   -0.05072   23.60614   23.18537    0.05322    0.02937    5.98225    2.37973    0.79724    6.13938    2.00000
 179.99457    0.03005   23.45044   23.05406    0.03054    0.01686    6.64333   -7.09196   -0.03300  -14.62212    2.00000
 180.45055    0.07456   23.17421   22.81789    0.45668    0.25206    8.33198    1.00255   -0.72130   -2.56801    2.00000
 180.00723    0.05225   23.79851   23.34487    0.05275    0.02911    5.17924   -2.57779    0.44451   -3.94649    2.00000
 180.03841   -0.04441   23.65131   23.22309    0.05871    0.03240    5.79235   -0.38844    1.14527    5.31355    2.00000
 180.01074    0.02022   23.35810   22.97586    0.02289    0.01264    7.10325   -6.80916   -1.54467   -4.10776    2.00000
 180.00397   -0.06088   22.31011   22.04378    0.06101    0.03367   16.23705   -0.73290   -3.95040   -4.38685    2.00000
 179.91875    0.05676   22.58802   22.29787    0.09912    0.05471   13.21150   -4.03997   -1.59889   -4.33782    2.00000
 179.58865    0.08006   23.30911   22.93436    0.41906    0.23129    7.42608    5.82635    1.96780    3.25329    2.00000
 179.53632   -0.10946   23.24004   22.87504    0.47643    0.26296    7.88743   -0.69234    3.60769    2.70675    2.00000
 179.93259   -0.02197   23.19616   22.83694    0.07091    0.03914    8.18380   -0.51252    3.34968   -0.21808    2.00000
 180.01724    0.05123   21.85892   21.62511    0.05406    0.02983   23.48104   -4.24347    0.66929   -4.52310    2.00000
 180.01595   -0.03102   21.51509   21.29458    0.03488    0.01925   31.12799   -1.26967   -1.10166   -1.25823    2.00000
 179.96455   -0.21675   22.47941   22.19929    0.21963    0.12122   14.38535    1.46744   -3.55889   -2.04764    2.00000
 179.92732    0.08815   22.86631   22.54704    0.11425    0.06306   10.43873   -6.41394    0.68711   -6.03863    2.00000
 180.03560    0.06677   22.57497   22.28615    0.07567    0.04176   13.35104   -3.27152    0.86479   -2.23392    2.00000
 179.93697    0.00431   22.44191   22.16512    0.06317    0.03487   14.79225    2.93849   -2.18030    1.18848    2.00000
 179.98386    0.00252   17.61836   16.96145    0.01634    0.00902  487.01413   -2.38757   -0.03594   -2.38815    2.00000
 180.00163   -0.01442   23.04181   22.70231    0.01451    0.00801    9.23099    3.85345   -0.35879    6.16882    2.00000
 180.02850    0.07054   22.87674   22.55634    0.07609    0.04199   10.36640    3.34867    1.69282    4.15598    2.00000
 180.23352    0.06820   20.26939   19.79342    0.24327    0.13427   97.51010    0.55803   -2.49219   -1.93621    2.00000
 179.88527   -0.34037   21.03052   20.75505    0.35919    0.19824   48.05654   -0.19952   -0.82209   -1.25515    2.00000
 180.01044    0.03461   23.83423   23.37435    0.03615    0.01995    5.03080    2.33578   -0.41978    2.75347    2.00000
 180.02023   -0.05743   23.80804   23.35273    0.06089    0.03361    5.13965    3.67055    0.67452    4.39624    2.00000
 179.90202   -0.04247   23.40437   23.01506    0.10679    0.05894    6.83968   -2.51310   -1.74794   -7.53258    2.00000
 180.20084    0.10255   22.44425   22.16725    0.22549    0.12445   14.76681    3.66352   -0.45202    1.77204    2.00000
 179.98959   -0.01557   21.88341   21.64807    0.01872    0.01033   23.06925    5.08821    0.37567    5.54607    2.00000
 179.94049   -0.02417   22.58280   22.29318    0.06423    0.03545   13.26732    6.52037   -2.40511    3.96298    2.00000
 179.87718    0.04656   23.63185   23.20684    0.13135    0.07249    5.87416   -0.19044   -0.67789   -3.82639    2.00000
 180.07787   -0.02251   23.79137   23.33897    0.08104    0.04473    5.20893    5.33997   -0.77628    1.12000    2.00000
 180.03426    0.03154   22.55933   22.27209    0.04656    0.02570   13.51848    5.20235   -3.31167   -1.71566    2.00000
 180.02693   -0.00208   23.81994   23.36256    0.02701    0.01491    5.09017   -1.06802   -0.13655   -3.67151    2.00000
 179.97647   -0.12083   22.86631   22.54704    0.12310    0.06794   10.43873    2.72562    2.46763    2.83370    2.00000
 179.93338    0.09457   23.55584   23.14325    0.11568    0.06385    6.19430   -6.48660    2.97646   -1.06546    2.00000
 180.02609    0.04090   22.61149   22.31896    0.04851    0.02678   12.96034   -1.22990    0.86822   -0.04931    2.00000
 179.96152   -0.03860   23.42611   23.03348    0.05451    0.03009    6.74695   -3.98006    2.10223    3.88177    2.00000
 179.93654    0.00760   22.98026   22.64838    0.06391    0.03527    9.65045    1.30682    0.58399    3.67384    2.00000
 180.01062   -0.03753   23.13542   22.78413    0.03900    0.02153    8.59459   -1.05327    0.26572   -1.95388    2.00000
 179.99141    0.15883   23.59490   23.17597    0.15906    0.08779    6.02954   -1.11444    4.94069    0.47445    2.00000
 180.03001   -0.01135   22.11086   21.86092    0.03209    0.01771   19.25249   -8.00097    0.72396   -7.74098    2.00000
 180.10855   -0.04857   23.20591   22.84541    0.11892    0.06563    8.11794   -6.69380   -0.87385   -6.55591    2.00000
 180.06451   -0.04412   22.02288   21.77820    0.07817    0.04314   20.73579   -1.94291    3.94668    1.47948    2.00000
 180.03294   -0.00182   22.56454   22.27678    0.03300    0.01821   13.46266   -1.21160    2.38236    1.80323    2.00000
 180.00835    0.03978   23.48017   23.07922    0.04065    0.02244    6.51668   -2.77229   -0.16226   -7.84241    2.00000
 179.99883   -0.01200   22.10466   21.85502    0.01206    0.00666   19.35823    0.42291    0.28534    0.59332    2.00000
 180.05055   -0.01759   22.34371   22.07474    0.05352    0.02954   15.86841   -4.54594   -0.65606   -6.41374    2.00000
 179.97551   -0.01699   23.53962   23.12953    0.02981    0.01645    6.26338    3.63370   -3.03131   -0.38328    2.00000
 180.13477   -0.14569   23.71306   23.27423    0.19847    0.10954    5.53487   -2.30455    1.39369   -0.35949    2.00000
 179.98483   -0.04444   22.92630   22.60050    0.04695    0.02591   10.02285    1.67251   -2.34521   -1.12069    2.00000
 180.06627    0.01379   22.03110   21.78585    0.06769    0.03736   20.59853    0.68341    1.48598    2.01193    2.00000
 180.00728   -0.02398   22.60106   22.30959    0.02506    0.01383   13.07197   -1.90150   -1.91993   -3.16144    2.00000
 179.76836   -0.13217   23.24004   22.87504    0.26670    0.14720    7.88743   -2.08557   -1.68229    0.28602    2.00000
 179.84135    0.02196   23.63345   23.20818    0.16015    0.08839    5.86740    2.29058    2.52606    6.38840    2.00000
 180.03432    0.04338   22.86370   22.54471    0.05531    0.03053   10.45681   -2.84457    4.59237    1.24300    2.00000
 179.88103   -0.08712   21.65039   21.42609    0.14747    0.08139   27.66861   -0.39534   -2.40280   -2.51079    2.00000
 180.03439    0.02969   22.31971   22.05263    0.04543    0.02507   16.13173    0.17773    2.97900    4.04645    2.00000
 179.93581    0.03180   23.35538   22.97356    0.07165    0.03954    7.12118    2.27288    3.67005    6.79182    2.00000
 180.00716    0.00616   23.21078   22.84964    0.00944    0.00521    8.08501   -4.90267   -0.77062  -12.37552    2.00000
 180.05310   -0.09974   23.59811   23.17866    0.11299    0.06236    6.01603   -3.60756    2.25445   -0.58100    2.00000
 179.97891   -0.05557   21.26887   21.03930    0.05943    0.03280   37.84308   -0.15731    1.32074    1.73876    2.00000
 179.93448   -0.01555   22.97271   22.64177    0.06733    0.03716    9.70190   -2.25840    3.03905    2.52931    2.00000
 179.98312   -0.05379   23.30095   22.92744    0.05638    0.03112    7.47988    0.53173   -0.78580   -0.37199    2.00000
 180.07707    0.10512   22.57237   22.28381    0.13034    0.07194   13.37894   -9.25788   -0.27116  -10.97641    2.00000
 180.09317    0.02712   21.45807   21.23634    0.09704    0.05356   32.66008   -1.93173    1.82711    0.25765    2.00000
 179.90994    0.01714   22.74236   22.43633    0.09167    0.05060   11.56272   -0.75851    1.42479    0.62316    2.00000
 179.98914   -0.01563   23.57883   23.16256    0.01904    0.01051    6.09710   -3.43213   -0.73714   -3.25431    2.00000
 180.03786   -0.01123   23.69622   23.26028    0.03948    0.02179    5.60509    4.83459    3.06771    8.93978    2.00000
 179.85236    0.02825   22.41812   22.14329    0.15033    0.08297   15.05214    2.16461    1.67876    3.64262    2.00000
 180.06055   -0.00069   23.55854   23.14554    0.06055    0.03342    6.18278    3.00023   -0.91034    2.71161    2.00000
 180.01489    0.00095   23.45044   23.05406    0.01493    0.00824    6.64333    6.89081   -1.15709    2.45100    2.00000
 180.03543    0.00913   23.49908   23.09523    0.03659    0.02020    6.43608    0.75368   -1.45594    2.00683    2.00000
 179.62933   -0.06712   20.71532   20.28711    0.37669    0.20791   68.58638   -0.22595   -2.35150   -2.41087    2.00000
 179.95062   -0.30161   23.34994   22.96895    0.30562    0.16868    7.15705   -5.89825    0.23647   -8.28618    2.00000
 179.99667   -0.01832   23.27174   22.90256    0.01862    0.01028    7.67339   -2.83229    0.85929   -2.27394    2.00000
 180.01205   -0.00449   23.61578   23.19342    0.01287    0.00711    5.94172    3.74188   -0.54178   -0.90861    2.00000
 179.98953    0.01850   23.33088   22.95280    0.02126    0.01173    7.28260    4.79400   -1.66355    2.70636    2.00000
 179.94620    0.08554   21.92424   21.68635    0.10106    0.05578   22.38294   -3.34934    0.08190   -4.16630    2.00000
 180.01669   -0.01877   23.47476   23.07464    0.02513    0.01387    6.53971   -2.02198   -1.53066   -2.90451    2.00000
 179.98244    0.08259   23.67564   23.24323    0.08443    0.04660    5.69092    1.63309   -1.36717   -4.80279    2.00000
 179.96304    0.03092   23.77232   23.32325    0.04818    0.02659    5.28809    1.03088   -0.88154    7.95614    2.00000
 179.96204   -0.01440   23.08741   22.74217    0.04061    0.02241    8.92095    0.40707    2.65752    2.38835    2.00000
 180.04604   -0.13795   23.38804   23.00123    0.14542    0.08026    6.90933   -0.81820    1.87754    3.49878    2.00000
 180.03119   -0.03654   21.97355   21.73227    0.04804    0.02652   21.55937   -2.19138   -4.03925   -6.23653    2.00000
 179.97627   -0.03145   23.56598   23.15182    0.03939    0.02174    6.15115   -0.08845    3.28538    3.90130    2.00000
 180.01472    0.00847   22.12903   21.87756    0.01700    0.00938   18.95409    0.58034   -2.68372   -3.80352    2.00000
 180.00380    0.04882   21.56447   21.34348    0.04897    0.02703   29.84176    1.98870    3.74005    5.52025    2.00000
 179.97948    0.09573   22.99642   22.66256    0.09790    0.05403    9.54019    0.19296    0.50872   -1.56766    2.00000
 179.99715   -0.04741   21.85892   21.62511    0.04750    0.02622   23.48104   -2.98703   -0.38946   -3.38886    2.00000
 179.97899    0.00361   23.19128   22.83271    0.02132    0.01177    8.21673   -1.14003   -0.47924   -1.26233    2.00000
 179.90021    0.00730   22.36051   22.09022    0.10007    0.05523   15.68409   -9.20548   -0.09136  -10.53748    2.00000
 180.00359   -0.05882   23.49908   23.09523    0.05893    0.03252    6.43608   -5.31604   -2.69839   -6.42948    2.00000
 180.01627   -0.00754   22.00370   21.76034    0.01792    0.00989   21.05607    3.92528   -2.38471    1.51321    2.00000
 180.15457   -0.11529   23.68125   23.24788    0.19283    0.10643    5.66751    3.26063    0.08389   -1.81577    2.00000
 180.10065    0.04398   22.76481   22.45640    0.10984    0.06062   11.32371    2.05523    3.55602    6.99073    2.00000
 179.97450   -0.20453   21.42938   21.20702    0.20611    0.11376   33.43117   -7.92484    1.24719   -6.12906    2.00000
 179.93658    0.08169   22.05577   21.80882    0.10342    0.05708   20.18674    2.76429    1.42474    3.85323    2.00000
 179.99391   -0.03216   23.64309   23.21623    0.03274    0.01807    5.82687    1.45903   -0.70968    0.23703    2.00000
 180.15813   -0.20996   23.78660   23.33504    0.26284    0.14507    5.22872   -1.43108   -2.59642    0.07091    2.00000
 179.96964   -0.08152   23.35266   22.97125    0.08699    0.04801    7.13912   -0.64408   -0.21119   -1.86996    2.00000
 179.95676   -0.02061   21.76682   21.53836    0.04790    0.02644   25.03668    0.31463    0.41725    0.78013    2.00000
 180.02824   -0.03237   23.49638   23.09294    0.04296    0.02371    6.44760   -1.68898    0.37106   -2.72129    2.00000
 180.05428   -0.00157   23.77946   23.32914    0.05430    0.02997    5.25841   -2.50120   -2.60358   -8.50511    2.00000
 179.96581   -0.04059   19.35410   18.83355    0.05308    0.02930  180.05257    5.11320    0.96808    5.93278    2.00000
 180.02142    0.47291   22.90022   22.57726    0.47340    0.26128   10.20367    1.59335    0.49695    3.42182    2.00000
 180.35313   -0.29438   23.70932   23.27113    0.45974    0.25374    5.55047    3.44779    0.04040    6.61611    2.00000
 179.92181   -0.01718   21.53374   21.31363    0.08006    0.04418   30.62686   -0.68819    2.68965    2.20406    2.00000
 179.92912    0.12249   21.36157   21.13773    0.14152    0.07811   35.25373   -2.64332   -0.38238   -3.22922    2.00000
 180.01541    0.00499   23.33905   22.95972    0.01620    0.00894    7.22879    2.47457    0.16905   -0.67330    2.00000
 179.99931   -0.02045   23.48017   23.07922    0.02046    0.01129    6.51668    2.81434   -1.29051    1.55512    2.00000
 179.96844   -0.00352   23.51800   23.11123    0.03176    0.01753    6.35549    0.37886   -2.09572    0.44618    2.00000
 180.02014   -0.03620   23.10421   22.75686    0.04142    0.02286    8.80672   -2.03832   -0.34450   -2.20560    2.00000
 179.98911   -0.14236   23.38532   22.99892    0.14277    0.07880    6.92390    4.62279    1.37284    2.77013    2.00000
 180.02858   -0.00230   23.71119   23.27268    0.02868    0.01583    5.54267   -0.90440    1.14717   -0.65528    2.00000
 179.94876    0.11115   23.00180   22.66728    0.12239    0.06755    9.50344   -1.99053    2.01263   -3.57017    2.00000
 180.03078    0.03145   21.80176   21.57153    0.04400    0.02428   24.44187   -4.06772    1.54082   -2.80887    2.00000
 180.07455    0.02993   21.64775   21.42354    0.08033    0.04434   27.73573   -6.50669    1.52677   -4.72648    2.00000
 179.99875    0.01935   22.97595   22.64460    0.01939    0.01070    9.67985    4.75294   -2.27775    2.75856    2.00000
 180.04179   -0.05538   22.42532   22.14993    0.06938    0.03829   14.97314    3.18211    0.15508    1.32208    2.00000
 179.99788    0.00308   23.07541   22.73168    0.00374    0.00207    9.00254    1.92159   -0.56813    1.36285    2.00000
 180.02388    0.04085   23.55044   23.13868    0.04732    0.02612    6.21732   -2.69919    3.20621   -0.03004    2.00000
 180.12392   -0.05233   23.71119   23.27268    0.13450    0.07424    5.54267    3.32455   -3.25488    1.77525    2.00000
 180.07185   -0.03333   23.21322   22.85176    0.07921    0.04372    8.06855    1.37381   -0.21695    0.57160    2.00000
 179.99643    0.05006   23.35810   22.97586    0.05019    0.02770    7.10325    0.26455   -3.39302   -4.69530    2.00000
 179.90820   -0.28227   23.43152   23.03805    0.29682    0.16382    6.72392   -1.43795    2.26440    2.83396    2.00000
 180.10306    0.10505   23.53692   23.12724    0.14716    0.08122    6.27489    0.17782   -1.57398   -2.61928    2.00000
 180.11238    0.01359   21.88341   21.64807    0.11320    0.06248   23.06925    3.14699   -2.86953    0.40364    2.00000
 180.04980   -0.09859   23.39076   23.00353    0.11046    0.06096    6.89772    4.19402    0.44857    2.39558    2.00000
 179.97026   -0.04318   23.09701   22.75056    0.05243    0.02894    8.85567   -1.67246    0.43368    1.61419    2.00000
 179.98763   -0.01564   23.67938   23.24633    0.01995    0.01101    5.67531    2.58602    0.82822    7.12004    2.00000
 180.17853   -0.12284   22.03384   21.78841    0.21670    0.11960   20.55278   -0.46673    0.01533    0.82413    2.00000
 180.03403   -0.12879   23.30095   22.92744    0.13321    0.07352    7.47988   -4.93465    3.04384    0.81094    2.00000
 179.91711    0.05641   22.93151   22.60515    0.10026    0.05534    9.98668    1.29063    2.55314    4.00585    2.00000
 179.94551   -0.02449   21.79088   21.56132    0.05974    0.03297   24.62489    2.32956    0.07019    3.02709    2.00000
 180.09276   -0.10738   22.91326   22.58888    0.14190    0.07832   10.11326   -2.47845   -1.48445   -2.31617    2.00000
 179.98154    0.00160   23.50449   23.09980    0.01854    0.01023    6.41306   -4.17150   -3.73916   -3.37228    2.00000
 179.94173   -0.00141   23.10661   22.75895    0.05829    0.03217    8.79040   -1.64342    0.33033   -0.98655    2.00000
 179.96111    0.06252   23.70744   23.26958    0.07364    0.04064    5.55827    5.54329    3.29041    8.54215    2.00000
 179.91228   -0.01640   22.37732   22.10570    0.08925    0.04926   15.49977   -0.38897   -1.31355   -1.99958    2.00000
 179.94675    0.02080   23.80566   23.35076    0.05716    0.03155    5.14955   -5.34837    1.66014   -2.06265    2.00000
 180.00919   -0.15118   23.06581   22.72329    0.15146    0.08360    9.06781   -5.66057   -0.05820   -9.98477    2.00000
 179.61333    0.28120   23.72616   23.28508    0.47812    0.26389    5.48025   -2.36842   -0.23419   -6.62093    2.00000
 179.99033    0.03937   22.45363   22.17580    0.04054    0.02237   14.66509   -4.35644    3.32380   -2.46126    2.00000
 180.05695    0.02260   23.22541   22.86234    0.06127    0.03382    7.98622   -2.13632    0.18490   -2.00230    2.00000
 179.88696   -0.09831   23.74300   23.29903    0.14980    0.08268    5.41002    2.24879   -2.92602   -5.16953    2.00000
 180.00905   -0.02861   20.93277   20.61073    0.03001    0.01656   53.46544    1.72830    0.52235    2.42248    2.00000
 179.82355    0.26959   23.00611   22.67106    0.32220    0.17783    9.47404    1.59065   -0.32212   -1.51867    2.00000
 180.02231    0.02080   22.09536   21.84618    0.03050    0.01684   19.51684   -0.85955    1.82188   -0.01077    2.00000
 179.88396    0.19433   21.38504   21.16172    0.22634    0.12492   34.62284    5.25502    1.53486    7.38919    2.00000
 179.85735    0.11087   21.25269   21.02206    0.18067    0.09972   38.29648    0.74612   -1.07805   -0.28688    2.00000
 179.93250    0.01048   21.43460   21.21235    0.06831    0.03770   33.29097    1.60674    3.22356    4.83174    2.00000
 179.99496   -0.02650   21.24193   21.01050    0.02698    0.01489   38.60047    0.41317    3.75852    4.07097    2.00000
 180.04994    0.07510   23.59811   23.17866    0.09019    0.04978    6.01603   -4.28043   -0.04308   -5.60903    2.00000
 179.95927   -0.08795   23.54233   23.13182    0.09692    0.05349    6.25187   -5.37243   -2.21504   -7.38716    2.00000
 179.99625   -0.07184   22.50753   22.22492    0.07194    0.03970   14.08017    2.96570   -0.47237    1.62964    2.00000
 179.99449    0.04079   23.30367   22.92975    0.04116    0.02272    7.46195   -6.25296    0.75693   -1.35691    2.00000
 179.96947    0.00383   23.46125   23.06321    0.03077    0.01698    6.59727    0.35525   -0.28600   -2.42190    2.00000
 179.90227   -0.00088   22.08064   21.83217    0.09775    0.05395   19.76798   -5.72977   -1.30494   -5.69173    2.00000
 179.82184    0.01938   22.76231   22.45417    0.17921    0.09891   11.35027   -7.97952    1.29807   -5.83323    2.00000
 180.02222   -0.01133   20.50513   20.04635    0.02493    0.01376   80.99337    0.82732   -0.23382    0.48609    2.00000
 179.99796    0.07422   23.82947   23.37042    0.07425    0.04098    5.05059   -2.93951   -0.50343  -10.79076    2.00000
 180.00204   -0.00346   23.08501   22.74007    0.00402    0.00222    8.93726   -2.62121    0.08545    0.88672    2.00000
 180.00096   -0.03644   22.32691   22.05926    0.03645    0.02012   16.05273   -1.38510   -0.88444   -1.72150    2.00000
 180.00015    0.04392   23.33088   22.95280    0.04392    0.02424    7.28260   -4.83515    1.95547   -1.61747    2.00000
 179.75652    0.00585   23.17665   22.82001    0.24355    0.13442    8.31552   -7.83599   -2.95313   -6.77472    2.00000
 179.89690    0.03719   22.78227   22.47202    0.10961    0.06049   11.13782    7.55669   -3.32048    7.13236    2.00000
 180.05785   -0.00733   23.15227   22.79884    0.05832    0.03219    8.48017    1.97487    1.70255    5.25063    2.00000
 179.59706    0.03093   23.64955   23.22162    0.40412    0.22305    5.79973   -7.00533    0.91287   -6.69521    2.00000
 180.04259   -0.29541   23.49908   23.09523    0.29846    0.16473    6.43608   -1.11868   -0.17414   -6.94978    2.00000
 179.99208   -0.00515   23.48557   23.08379    0.00945    0.00522    6.49365    0.01637   -0.44673   -2.18182    2.00000
 180.00117    0.01033   21.68479   21.45926    0.01040    0.00574   26.79611   -6.19356   -2.09505   -8.00218    2.00000
 180.14040   -0.01218   22.10544   21.85576    0.14092    0.07778   19.34501    2.84792    2.44135    5.61224    2.00000
 179.97652   -0.00862   23.65318   23.22464    0.02502    0.01381    5.78455   -0.71433   -0.45045    2.00234    2.00000
 179.97829    0.00347   21.87525   21.64042    0.02199    0.01214   23.20651   -0.69557   -0.10804   -1.05620    2.00000
 180.09651   -0.40334   21.96807   21.72717    0.41473    0.22890   21.65088   -1.82507    2.99533    1.86150    2.00000
 180.05225   -0.03637   23.62703   23.20281    0.06366    0.03513    5.89443   -3.25132   -1.23572  -10.08081    2.00000
 179.96930    0.01930   21.52841   21.30819    0.03626    0.02001   30.77004    3.85992    3.02759    6.56529    2.00000
 180.14352   -0.09941   21.57031   21.34909    0.17458    0.09636   29.69411    2.65300    0.18896    1.73548    2.00000
 180.01282   -0.05080   22.35331   22.08359    0.05239    0.02892   15.76309    0.11640    0.57491   -0.43022    2.00000
 179.91960   -0.02215   22.13999   21.88758    0.08339    0.04603   18.77446   -1.10919    1.56613    0.74141    2.00000
 180.01317    0.03976   23.71119   23.27268    0.04188    0.02311    5.54267    3.55274   -0.23987    6.10775    2.00000
 179.90298   -0.02184   23.82709   23.36845    0.09945    0.05489    5.06049    2.12425   -1.50800   12.31602    2.00000
 180.01607    0.01251   23.54503   23.13410    0.02037    0.01124    6.24035    3.74367   -0.48255   -0.85572    2.00000
 180.06049   -0.05090   23.20347   22.84329    0.07905    0.04363    8.13441    1.42503    1.04363    6.15518    2.00000
 179.99281    0.00464   23.27918   22.90900    0.00856    0.00473    7.62329   -0.69347    3.09129    5.33489    2.00000
 179.98154    0.00767   23.63345   23.20818    0.01999    0.01103    5.86740   -2.29306    0.32866   -1.06315    2.00000
 180.02267    0.03493   22.36772   22.09686    0.04164    0.02298   15.60510    0.21331    2.30497    3.30090    2.00000
 180.01608    0.01397   22.25899   21.99679    0.02131    0.01176   16.81592    0.40272    4.20206    4.38648    2.00000
 180.00363    0.06151   23.16202   22.80731    0.06161    0.03401    8.41431    0.66733    0.00595   -1.21516    2.00000
 179.65401    0.25463   23.20835   22.84753    0.42959    0.23710    8.10148   -8.47383   -1.22785   -9.25819    2.00000
 180.01849   -0.07056   23.30095   22.92744    0.07294    0.04026    7.47988    1.53341    1.49330    5.08430    2.00000
 179.92087    0.05709   23.24736   22.88139    0.09757    0.05385    7.83804    1.09846    0.47883    4.71523    2.00000
 179.95822   -0.04230   23.42881   23.03577    0.05946    0.03282    6.73544   -2.11045   -0.08884   -7.23031    2.00000
 179.99583    0.00449   21.80993   21.57918    0.00613    0.00338   24.30461    1.76811    1.42634    3.86230    2.00000
 179.99994   -0.03325   22.59584   22.30490    0.03326    0.01835   13.12778   -0.11006   -2.07444   -3.29547    2.00000
 179.96072   -0.01978   21.48676   21.26565    0.04398    0.02428   31.88900    1.77542    2.40011    4.39895    2.00000
 179.99239    0.00797   23.68873   23.25408    0.01102    0.00608    5.63630   -1.77711   -1.57676   -2.41904    2.00000
 180.06207   -0.04666   23.10421   22.75686    0.07766    0.04286    8.80672   -0.00299   -1.13962    3.08557    2.00000
 179.97635   -0.00092   22.75732   22.44971    0.02367    0.01306   11.40338    3.73433   -0.84062    2.33118    2.00000
 180.00331    0.01405   21.69273   21.46692    0.01443    0.00797   26.59476    1.71177    0.58702    2.16164    2.00000
 180.00040    0.00200   23.37715   22.99200    0.00204    0.00113    6.97770    2.30913   -2.01642    3.31758    2.00000
 180.00021   -0.00839   23.75327   23.30752    0.00840    0.00463    5.36726   -5.06033    0.00446   -2.84512    2.00000
 180.02939    0.07018   23.68312   23.24943    0.07609    0.04199    5.65971   -1.81737   -0.77091   -1.36779    2.00000
 179.93761   -0.03742   22.86892   22.54936    0.07276    0.04016   10.42065   -0.30571    1.60536    2.00854    2.00000
 180.03120    0.01594   23.72616   23.28508    0.03503    0.01933    5.48025   -4.04376   -0.53734   -0.57483    2.00000
 180.00443   -0.04773   19.44398   18.92793    0.04793    0.02645  169.61525    2.14375   -0.88459    1.28756    2.00000
 180.01585    0.01946   22.57758   22.28849    0.02510    0.01385   13.32313   -7.08434   -3.66867  -11.07959    2.00000
 179.99173    0.02052   23.76517   23.31735    0.02212    0.01221    5.31778   -2.51878   -1.40096   -5.05993    2.00000
 179.86877   -0.03448   23.59329   23.17463    0.13567    0.07488    6.03630   -2.46813    0.50407   -0.01728    2.00000
 179.91737   -0.03308   23.05861   22.71700    0.08900    0.04912    9.11676    2.99114   -3.03690    2.54611    2.00000
 179.95142    0.00780   19.49033   18.97651    0.04921    0.02716  164.24269    1.22093    3.32063    4.54016    2.00000
 180.01530   -0.03908   22.88196   22.56098    0.04197    0.02316   10.33024   -4.72973   -1.75239   -6.68178    2.00000
 180.04498    0.00749   22.01192   21.76799    0.04561    0.02517   20.91881   -0.00170    3.49267    3.65638    2.00000
 179.90347    0.02331   20.83765   20.45316    0.09930    0.05480   60.02893    4.50485    4.22764    8.85210    2.00000
 179.92986   -0.03008   21.07544   20.81426    0.07633    0.04213   45.83775   -3.15185    1.79020   -1.33855    2.00000
 179.99359    0.08299   22.57237   22.28381    0.08324    0.04594   13.37894   -5.08849    0.30715   -7.21641    2.00000
 180.04887    0.03923   21.81809   21.58684    0.06267    0.03459   24.16735    0.74541    1.16686    1.34267    2.00000
 179.98817   -0.07132   23.49368   23.09065    0.07229    0.03990    6.45911   -0.92984   -3.94103   -6.32678    2.00000
 180.02332   -0.00412   22.84284   22.52611    0.02368    0.01307   10.60147    5.43747    1.33896    4.95950    2.00000
 179.98157   -0.00893   22.92630   22.60050    0.02048    0.01131   10.02285   -1.32384    2.69001    1.11469    2.00000
 180.00233   -0.09575   22.26413   22.00152    0.09578    0.05286   16.74035    0.00405    0.45812    1.30965    2.00000
 180.07323    0.03723   21.11712   20.86497    0.08215    0.04534   43.93710   -0.53873   -0.25970   -1.10216    2.00000
 180.01195   -0.00235   23.62221   23.19879    0.01218    0.00672    5.91469    1.52142   -0.88673    2.37639    2.00000
 179.90321   -0.03545   23.80804   23.35273    0.10308    0.05689    5.13965   -3.83288    0.84972   -1.83309    2.00000
 179.91994    0.01851   22.36772   22.09686    0.08219    0.04536   15.60510    6.36694    0.49076    5.26388    2.00000
 180.07454    0.00676   23.07781   22.73378    0.07484    0.04131    8.98622   -2.16081   -1.27406   -4.05629    2.00000
 180.01495   -0.02626   23.07061   22.72749    0.03022    0.01668    9.03517    3.84515    1.13474    4.13058    2.00000
 179.93411    0.17741   23.64149   23.21489    0.18924    0.10445    5.83362   -0.65143    1.82078   -2.52419    2.00000
 179.99670    0.00373   23.56389   23.15006    0.00497    0.00274    6.16001   -7.68554    0.58172   -9.15694    2.00000
 180.06651    0.01296   22.43722   22.16085    0.06777    0.03740   14.84311   -1.28969    1.38603    0.68471    2.00000
 179.95007   -0.03033   22.26156   21.99916    0.05841    0.03224   16.77356   -6.04114   -0.18670   -5.31575    2.00000
 180.06189   -0.02063   22.42532   22.14993    0.06524    0.03601   14.97314   -0.43767    1.40226    0.13853    2.00000
 180.04640    0.04054   23.11141   22.76315    0.06161    0.03401    8.75777    0.17683    2.77724    7.45049    2.00000
 179.97763    0.07046   23.16690   22.81154    0.07393    0.04080    8.38138   -1.65449    0.37535   -3.51565    2.00000
 179.99454    0.02740   23.56389   23.15006    0.02794    0.01542    6.16001   -1.73864    2.37836   -4.45799    2.00000
 179.91441   -0.58750   23.55854   23.14554    0.59370    0.32769    6.18278   -1.23937   -0.02321    0.06008    2.00000
 179.98363    0.01119   22.49347   22.21210    0.01984    0.01095   14.23276   -1.82880    1.22311   -1.10560    2.00000
 180.00526    0.04576   23.24979   22.88351    0.04606    0.02542    7.82157   -2.79402    0.51395   -4.96384    2.00000
 180.15828   -0.10500   22.99965   22.66539    0.18994    0.10483    9.51814   -1.67334    1.50104   -0.01981    2.00000
 180.04465    0.10525   22.42532   22.14993    0.11433    0.06310   14.97314    0.16620   -2.98108   -4.27918    2.00000
 179.94716    0.08192   23.20103   22.84118    0.09748    0.05380    8.15087    0.18691   -0.92620   -1.92297    2.00000
 179.97690    0.05262   23.01796   22.68146    0.05747    0.03172    9.39318    1.90014    1.60900    1.67480    2.00000
 180.00465    0.06421   22.15095   21.89759    0.06438    0.03553   18.59483   -0.69863    2.44812    1.85910    2.00000
 180.02908    0.01759   23.69435   23.25873    0.03399    0.01876    5.61289   -3.42343    0.82663   -2.27960    2.00000
 179.97684    0.03113   22.80971   22.49655    0.03880    0.02141   10.84570    5.70506    0.41936    6.17319    2.00000
 179.86588   -0.19670   22.33651   22.06811    0.23807    0.13140   15.94741   -1.04660   -3.88907   -5.21137    2.00000
 179.96565    0.04027   22.96841   22.63799    0.05293    0.02921    9.73130    0.13535    3.93278    2.39246    2.00000
 179.97398    0.08701   23.24979   22.88351    0.09081    0.05012    7.82157    0.07402   -0.25804    0.77404    2.00000
 179.97189   -0.01467   22.39652   22.12339    0.03171    0.01750   15.28912    0.04726    3.30260    1.56917    2.00000
 179.98962    0.01272   21.61508   21.39213    0.01641    0.00906   28.56209    3.35022   -2.13130    1.44277    2.00000
 179.93301   -0.02570   22.01740   21.77310    0.07175    0.03960   20.82730    0.41114   -0.40111    0.18873    2.00000
 180.09435    0.09399   23.77946   23.32914    0.13317    0.07350    5.25841   -6.05670    0.54151   -3.60987    2.00000
 180.09167   -0.05916   23.01581   22.67957    0.10910    0.06021    9.40788    1.55732   -2.73878   -0.21940    2.00000
 180.02991   -0.07919   23.11381   22.76525    0.08465    0.04672    8.74145    4.18945   -0.00363    6.20022    2.00000
 179.96146    0.04716   23.82709   23.36845    0.06090    0.03361    5.06049   -3.10538    2.37358   -5.50085    2.00000
 180.02924    0.06476   23.61418   23.19208    0.07105    0.03921    5.94847    1.67099    1.25277   10.16621    2.00000
 179.97604    0.02434   21.42156   21.19903    0.03416    0.01885   33.64146    3.52254   -2.01768    1.55517    2.00000
 179.96913   -0.26940   22.96733   22.63704    0.27116    0.14966    9.73865   -1.99490    1.50218    1.11424    2.00000
 180.03354   -0.24783   23.42070   23.02890    0.25009    0.13803    6.77002    6.49313   -0.96897    4.66719    2.00000
 179.94395   -0.07366   22.09536   21.84618    0.09255    0.05108   19.51684    1.52066   -0.92549    0.12057    2.00000
 179.99702    0.10996   22.65322   22.35646    0.11000    0.06071   12.51383   -0.99622   -3.26250   -3.88153    2.00000
 180.14697    0.00756   16.48110   15.64804    0.14716    0.08122  917.13190   -8.19383    1.65076   -6.52608    2.00000
 180.08575   -0.05349   23.77470   23.32521    0.10107    0.05578    5.27820    7.22251   -0.17921    4.51292    2.00000
 180.15216   -0.02114   22.06673   21.81902    0.15362    0.08479   20.00373   -2.74997   -1.18273   -3.86546    2.00000
 180.06146    0.02293   22.88457   22.56331    0.06561    0.03621   10.31216   -3.89074    2.33748   -2.04032    2.00000
 180.03133    0.05947   22.58280   22.29318    0.06722    0.03710   13.26732    2.00531   -0.31877    1.08609    2.00000
 179.98943   -0.02426   23.59811   23.17866    0.02647    0.01461    6.01603   -0.39804   -0.76187    0.72287    2.00000
 179.97313   -0.03000   21.10966   20.85590    0.04027    0.02223   44.27709    3.43733   -0.97408    2.27002    2.00000
 180.00490    0.09145   23.55044   23.13868    0.09158    0.05055    6.21732   -0.17936   -1.79327   -6.58169    2.00000
 180.04485    0.03233   22.80971   22.49655    0.05529    0.03051   10.84570   -2.22501   -0.54539   -1.96109    2.00000
 180.03021    0.03666   22.75483   22.44748    0.04750    0.02622   11.42994   -4.99863   -1.84702   -8.84635    2.00000
 180.01465    0.03184   22.17417   21.91883    0.03504    0.01934   18.21397    1.35396    0.22642    1.32210    2.00000
 180.04443   -0.05036   23.12822   22.77783    0.06717    0.03707    8.64354   -2.26297   -2.50938   -2.16033    2.00000
 180.00461    0.02093   22.38452   22.11234    0.02143    0.01183   15.42078    5.12295    1.43744    6.57870    2.00000
 179.98325   -0.01781   22.56976   22.28146    0.02445    0.01350   13.40685    1.15442   -1.89682   -2.24914    2.00000
 180.02609    0.01626   22.58802   22.29787    0.03074    0.01697   13.21150   -0.10997    1.32441    2.41270    2.00000
 179.94603   -0.04071   20.17170   19.69028    0.06760    0.03731  104.56442    6.37306    3.86098   10.11284    2.00000
 179.89833    0.07248   21.32347   21.09747    0.12486    0.06892   36.31284    2.69681    1.16507    4.00825    2.00000
 180.01933    0.02731   23.67751   23.24478    0.03346    0.01847    5.68312    2.70112    1.64599    7.32057    2.00000
 179.97330   -0.02128   23.48557   23.08379    0.03416    0.01885    6.49365   -2.75935    1.45290    0.38178    2.00000
 180.00371    0.09619   22.78726   22.47648    0.09626    0.05313   11.08471    7.53698   -2.00871    7.87733    2.00000
 180.17989   -0.11642   21.55863   21.33786    0.21427    0.11826   29.98942   -5.10266    1.31979   -4.91469    2.00000
 179.94754   -0.01079   22.05577   21.80882    0.05356    0.02956   20.18674    0.40215    1.24198    0.46476    2.00000
 180.03621    0.05091   20.59496   20.14539    0.06248    0.03448   75.88961   -1.49731    3.42745    2.07170    2.00000
 179.96523    0.01960   23.52341   23.11581    0.03991    0.02203    6.33246   -2.80036   -1.16106   -0.14621    2.00000
 179.98082   -0.01875   23.18884   22.83059    0.02682    0.01481    8.23320    0.71897   -2.44191    1.11552    2.00000
 180.12112   -0.05996   23.76279   23.31538    0.13516    0.07460    5.32768   -1.54243   -0.29609    5.94323    2.00000
 179.99669    0.02841   23.52611   23.11809    0.02860    0.01579    6.32095   -2.99837    2.19673    3.24009    2.00000
 180.00774    0.16547   22.37492   22.10349    0.16565    0.09143   15.52610   -1.54979   -1.32984   -2.83523    2.00000
 179.97382    0.01275   22.01740   21.77310    0.02912    0.01607   20.82730   -0.58504    0.27395   -0.16908    2.00000
 179.99583    0.00157   23.30367   22.92975    0.00445    0.00246    7.46195    0.53168    1.56526    6.17654    2.00000
 180.01514    0.00282   23.38259   22.99661    0.01540    0.00850    6.94184    0.65168   -3.95510   -1.06985    2.00000
 180.03214    0.00255   23.19372   22.83482    0.03224    0.01779    8.20027   -6.45528   -0.81108   -5.22919    2.00000
 180.12727   -0.31542   23.45044   23.05406    0.34014    0.18773    6.64333   -0.03697    1.16091    0.04494    2.00000
 180.05688    0.01951   21.95711   21.71696    0.06013    0.03319   21.83389   -0.63265   -1.77957   -0.46436    2.00000
 179.98744    0.00443   21.91063   21.67359    0.01332    0.00735   22.61171   -2.95210    0.41521   -2.28412    2.00000
 180.00403   -0.03339   23.48017   23.07922    0.03364    0.01856    6.51668   -2.46188    0.89833   -1.96564    2.00000
 180.02274    0.01669   23.35266   22.97125    0.02821    0.01557    7.13912    0.08407   -2.28703   -3.50758    2.00000
 180.07651    0.09424   21.83442   21.60215    0.12139    0.06700   23.89283    0.14523   -1.63711   -2.43538    2.00000
 179.98347    0.00560   23.51530   23.10895    0.01745    0.00963    6.36700    0.79584    1.62921    4.38495    2.00000
 180.06772   -0.10629   23.17665   22.82001    0.12603    0.06956    8.31552   -3.71462   -0.62730   -7.62180    2.00000
 180.00600   -0.05462   21.16095   20.91792    0.05494    0.03032   41.95295    3.10468    0.43926    4.02164    2.00000
 180.11771    0.00562   22.84023   22.52379    0.11784    0.06504   10.61955   -3.65039    3.22879    0.79938    2.00000
 179.93668    0.10148   21.41113   21.18837    0.11961    0.06602   33.92186   -2.42966   -1.20860   -3.67754    2.00000
 179.97330   -0.01143   22.89761   22.57493    0.02906    0.01604   10.22175    3.61155   -1.55617    4.86874    2.00000
 180.01173    0.02082   22.83762   22.52146    0.02389    0.01319   10.63763    2.92423    2.61998    3.83184    2.00000
 180.11916    0.19586   23.69435   23.25873    0.22926    0.12653    5.61289    0.20578    0.43507   -0.81878    2.00000
 180.01535   -0.02747   21.73242   21.50519    0.03147    0.01737   25.63148   -0.25473    1.67458    0.71603    2.00000
 179.97934   -0.00087   23.03460   22.69602    0.02067    0.01141    9.27994    2.97235    1.10629   10.23050    2.00000
 180.07217    0.05042   21.56641   21.34535    0.08805    0.04859   29.79255   -4.24030   -4.59612   -9.46973    2.00000
 180.02998    0.04633   21.17766   20.93733    0.05518    0.03046   41.22551   -2.40466    0.83861   -1.29394    2.00000
 179.98302   -0.01369   23.12582   22.77574    0.02181    0.01204    8.65986   -4.94754    2.88388   -2.34684    2.00000
 180.12090    0.02782   22.06947   21.82158    0.12405    0.06847   19.95797   -3.35856    1.21646   -2.13456    2.00000
 179.99191   -0.07064   20.60026   20.15144    0.07110    0.03924   75.57794    0.70058    0.87567    1.77408    2.00000
 180.02466   -0.01458   22.45128   22.17366    0.02865    0.01581   14.69052    0.11786   -1.06060   -0.48617    2.00000
 180.04800   -0.07735   21.41634   21.19370    0.09104    0.05025   33.78166    1.68547   -2.02598   -0.61220    2.00000
 179.99683   -0.03385   23.57883   23.16256    0.03400    0.01877    6.09710   -4.52273   -1.90721  -14.58264    2.00000
 179.93652    0.02122   22.88978   22.56796    0.06693    0.03694   10.27600    0.82846   -0.88311   -2.88432    2.00000
 179.95393    0.01235   22.90804   22.58423    0.04769    0.02632   10.14942    1.15792    0.32770    2.07251    2.00000
 179.98477   -0.05168   22.46535   22.18648    0.05388    0.02974   14.53793    1.15466    1.44256    3.43434    2.00000
 179.97990   -0.02040   22.13451   21.88257    0.02864    0.01581   18.86427    0.61112   -1.22434   -0.69024    2.00000
 179.92543   -0.03530   22.61149   22.31896    0.08250    0.04554   12.96034   -3.28166    1.66887   -2.50018    2.00000
 180.00211   -0.02077   23.53152   23.12267    0.02088    0.01152    6.29792    2.44268   -0.60588    3.92574    2.00000
 180.01091   -0.02904   22.41092   22.13666    0.03102    0.01712   15.13113   -6.74538   -1.51970   -9.32873    2.00000
 179.92767   -0.07795   22.16520   21.91061    0.10633    0.05869   18.36132   -2.69054    1.76336   -0.63722    2.00000
 179.97058    0.04025   23.83185   23.37239    0.04986    0.02752    5.04069   -1.07853   -2.80734    1.70563    2.00000
 179.98167    0.04158   23.41525   23.02428    0.04544    0.02508    6.79324    2.41074   -1.06137    9.88076    2.00000
 179.94675   -0.04109   23.70557   23.26803    0.06727    0.03713    5.56608    5.31050   -4.74291    3.12225    2.00000
 179.96552   -0.04187   23.71306   23.27423    0.05425    0.02994    5.53487   -3.37875   -3.59783   -6.84238    2.00000
 179.98055   -0.03477   22.14328   21.89058    0.03985    0.02199   18.72057    1.68413    0.77095    1.81038    2.00000
 180.08221   -0.08047   20.91445   20.58084    0.11504    0.06349   54.58528    1.11751    0.84313    2.24722    2.00000
 180.11156   -0.04067   23.17909   22.82212    0.11874    0.06553    8.29905    2.28532    1.97287    9.55351    2.00000
 179.96375   -0.05618   21.81265   21.58173    0.06687    0.03690   24.25886    0.37843    4.02548    3.86481    2.00000
 180.00182    0.01327   22.33651   22.06811    0.01339    0.00739   15.94741    2.91006   -0.93811    1.16730    2.00000
 179.94614   -0.01993   23.33361   22.95511    0.05743    0.03170    7.26466    1.15404   -1.59807   -4.41914    2.00000
 179.82974   -0.13244   21.16095   20.91792    0.21570    0.11905   41.95295   -3.75907   -1.15645   -4.22899    2.00000
 179.95193    0.01381   23.83423   23.37435    0.05001    0.02760    5.03080   -3.70235    2.98071   -1.69616    2.00000
 179.99619    0.00999   18.02367   17.63934    0.01069    0.00590  347.32483    4.75474    0.51662    5.26264    2.00000
 179.95177    0.04248   18.80274   18.24765    0.06428    0.03548  251.70035   -1.46500    2.66260    1.13056    2.00000
 180.01903   -0.07195   21.44242   21.22035    0.07442    0.04108   33.08067   -1.94177   -1.09655   -3.62686    2.00000
 179.99623   -0.05280   22.67669   22.37755    0.05294    0.02922   12.26267    1.51390    1.20859    3.50626    2.00000
 180.04739    0.03913   23.32816   22.95050    0.06146    0.03392    7.30053   -1.40710    0.88419   -0.99613    2.00000
 180.05305    0.02552   22.87674   22.55634    0.05887    0.03249   10.36640   -1.19642    0.76642   -0.48823    2.00000
 179.93387   -0.02921   22.79475   22.48317    0.07229    0.03990   11.00504   -1.32248   -3.24159   -4.18415    2.00000
 180.02486    0.08326   21.86436   21.63021    0.08689    0.04796   23.38953    3.45429   -0.41250    1.78343    2.00000
 180.04279    0.00147   22.71990   22.41626    0.04281    0.02363   11.80173    4.86176   -2.83194    0.40177    2.00000
 179.93402    0.06345   21.23376   21.00166    0.09153    0.05052   38.83314   -3.17107   -0.98923   -4.48216    2.00000
 180.11574    0.05226   21.34167   21.11686    0.12700    0.07009   35.80276   -0.51023   -4.07436   -5.11234    2.00000
 179.99541   -0.07386   23.37171   22.98739    0.07401    0.04085    7.01357    3.56879   -4.49744    4.29621    2.00000
 180.08479    0.17774   23.76755   23.31931    0.19693    0.10869    5.30789   -6.97357    1.40523  -11.97083    2.00000
 179.81766    0.26180   22.82219   22.50770    0.31904    0.17609   10.74471   -0.02682   -1.53475   -2.47978    2.00000
 179.96065    0.00756   21.71654   21.48988    0.04007    0.02211   25.99072   -7.43112   -3.37501  -11.99370    2.00000
 179.96449    0.25566   22.86631   22.54704    0.25811    0.14246   10.43873    5.15613   -0.86226    3.90131    2.00000
 179.88248   -0.03621   21.46590   21.24433    0.12298    0.06787   32.44979   -0.34842   -3.31604   -3.56644    2.00000
 179.97852   -0.10827   23.54503   23.13410    0.11038    0.06092    6.24035   -1.81326    2.97680    2.84200    2.00000
 180.03017    0.06071   22.31731   22.05042    0.06779    0.03742   16.15806   -3.24049    1.10950   -1.48420    2.00000
 180.01302    0.01760   22.93934   22.61213    0.02189    0.01208    9.93244    2.52968    2.01157    4.27431    2.00000
 179.92067   -0.07343   22.41332   22.13887    0.10810    0.05966   15.10480   -1.52487   -0.65628   -2.21450    2.00000
 179.99341   -0.01173   23.74674   23.30213    0.01346    0.00743    5.39442    3.61325   -0.85538   -2.22884    2.00000
 179.89323    0.05738   22.69234   22.39161    0.12120    0.06689   12.09523   -1.56841   -1.43276   -1.05878    2.00000
 180.00331   -0.01351   20.55156   20.09676    0.01391    0.00768   78.39574   -5.11800   -1.17916   -6.28613    2.00000
 179.97099    0.08505   22.04755   21.80116    0.08986    0.04960   20.32401   -0.59000    1.61472    0.53186    2.00000
 179.98378    0.02862   23.29006   22.91822    0.03290    0.01816    7.55162   -2.42197    0.73104   -3.55151    2.00000
 179.97311    0.00720   21.41895   21.19636    0.02783    0.01536   33.71156    1.99095    1.51306    3.72414    2.00000
 179.98476    0.14099   22.70493   22.40288    0.14181    0.07827   11.96107   -2.29915    1.96964   -0.85302    2.00000
 180.20592   -0.09346   22.69496   22.39396    0.22613    0.12480   12.06724    2.11165    0.06193    2.22269    2.00000
 179.96330    0.01385   19.38353   18.86454    0.03923    0.02165  176.62572   -7.64631    1.75569   -5.82733    2.00000
 180.01836   -0.00959   23.15227   22.79884    0.02071    0.01143    8.48017   -0.76414    1.82244   -2.97099    2.00000
 179.97598    0.02024   23.12582   22.77574    0.03140    0.01733    8.65986    2.01157   -2.64812   -6.25414    2.00000
 180.00688   -0.03808   23.27174   22.90256    0.03870    0.02136    7.67339    0.63286   -4.71919   -0.25582    2.00000
 179.98198    0.00190   22.96281   22.63305    0.01812    0.01000    9.76970    0.30724   -3.92382   -4.06953    2.00000
 179.97914   -0.02118   22.67148   22.37286    0.02973    0.01641   12.31848    2.92435   -2.13406   -1.55656    2.00000
 180.01131   -0.03644   23.20591   22.84541    0.03815    0.02106    8.11794   -0.43256    4.01164    2.34895    2.00000
 180.02504   -0.11251   23.45584   23.05863    0.11526    0.06362    6.62030   -3.55638   -1.58224   -9.05080    2.00000
 180.06091   -0.04228   22.75732   22.44971    0.07416    0.04093   11.40338   -1.56184    1.44999    0.94477    2.00000
 179.76602    0.07481   21.21879   20.98511    0.24565    0.13558   39.43491    1.61245    2.96654    5.02016    2.00000
 180.02066    0.01639   21.99822   21.75524    0.02637    0.01455   21.14758    0.07283   -2.39615   -2.21854    2.00000
 179.57738   -0.13383   22.56976   22.28146    0.44331    0.24468   13.40685   -0.27383    4.75756    4.24132    2.00000
 179.93214    0.13358   21.51065   21.29004    0.14983    0.08269   31.24731   -3.74610    2.61285   -1.88267    2.00000
 180.04965    0.01512   22.33651   22.06811    0.05190    0.02864   15.94741    3.14147   -0.47049    2.82047    2.00000
 179.93814   -0.01217   23.22541   22.86234    0.06305    0.03480    7.98622    1.15983    1.74029    2.40945    2.00000
 180.00700    0.07009   22.02014   21.77565    0.07044    0.03888   20.78155    0.02216    1.89971    1.02643    2.00000
 180.00687    0.17150   23.39620   23.00814    0.17164    0.09473    6.87450   -2.21223    3.87009    6.86880    2.00000
 180.18346   -0.46799   21.78816   21.55877    0.50266    0.27743   24.67064   -3.00587    2.10608   -0.13494    2.00000
 179.98607    0.00765   22.58802   22.29787    0.01589    0.00877   13.21150   -2.53181   -1.51886   -5.17830    2.00000
 179.89684    0.04693   22.15643   21.90260    0.11334    0.06255   18.50502    1.56826    1.18666    0.51762    2.00000
 180.02335   -0.01312   22.12245   21.87155    0.02679    0.01478   19.06186   -3.47417   -1.36530   -6.24994    2.00000
 180.03065   -0.00773   21.50354   21.28279    0.03161    0.01744   31.43821   -0.24230    1.35113    0.64302    2.00000
 179.98706    0.03872   23.01796   22.68146    0.04083    0.02253    9.39318    0.56019   -3.98518   -1.75240    2.00000
 180.03703   -0.09532   21.64259   21.41857    0.10226    0.05644   27.86649    2.48557   -4.19503   -2.43884    2.00000
 179.98740    0.00049   22.50284   22.22065    0.01261    0.00696   14.13103   -3.52341    1.85993   -2.73672    2.00000
 179.99207    0.02860   23.28462   22.91361    0.02968    0.01638    7.58749    0.27087   -0.69002   -0.75409    2.00000
 180.02519   -0.01846   23.76517   23.31735    0.03123    0.01723    5.31778    1.73105    3.80279    3.55886    2.00000
 179.74547   -0.01308   23.03701   22.69811    0.25487    0.14067    9.26362   -2.19752   -2.83966   -5.00727    2.00000
 179.97992   -0.02622   22.21272   21.95427    0.03303    0.01823   17.57849   -3.57324    0.77124   -1.15095    2.00000
 179.93266    0.06509   22.81470   22.50101    0.09365    0.05169   10.79675    3.01076    3.19082    4.11710    2.00000
