#RA        DEC       MAG_G     MAG_I     ANGSEP    RPROJ     SNR       VTRUE       VSYS       VMEAS      VSYSERR    
 179.67722    0.09898   22.18188   21.92592    0.33762    0.18634   18.08687   -0.40402    1.79629    1.78017    2.00000
 180.05099    0.07708   22.03384   21.78841    0.09242    0.05101   20.55278   -1.46151    2.44210    2.09845    2.00000
 180.05634    0.00854   22.69745   22.39619    0.05697    0.03144   12.04074   -4.27055    1.46309   -2.71156    2.00000
 179.99550   -0.03190   17.92296   17.94804    0.03222    0.01778  294.67419   -0.94299   -0.51956   -1.44472    2.00000
 180.02170    0.02058   21.87797   21.64297    0.02991    0.01651   23.16076    2.03779    3.10983    4.73105    2.00000
 179.94376    0.02183   23.36082   22.97817    0.06033    0.03330    7.08531    6.11432    1.47769    3.31932    2.00000
 179.99619    0.05173   22.98133   22.64933    0.05187    0.02863    9.64310    1.51441    1.18609    2.22954    2.00000
 179.92935    0.06353   22.78726   22.47648    0.09501    0.05244   11.08471   -6.99533   -1.00904   -9.75876    2.00000
 180.00647   -0.00995   22.75483   22.44748    0.01187    0.00655   11.42994    0.73470   -0.40820   -1.83107    2.00000
 179.86690    0.02170   23.08021   22.73588    0.13486    0.07443    8.96990   -0.34121   -1.31469   -3.80960    2.00000
 179.90967   -0.18228   23.22541   22.86234    0.20344    0.11228    7.98622   -0.18159    1.08688    8.95467    2.00000
 180.01489   -0.00840   23.01150   22.67579    0.01710    0.00944    9.43729   -3.21047    0.06326   -1.03042    2.00000
 179.96320    0.10741   23.25955   22.89198    0.11354    0.06266    7.75571   -2.25640    1.26244   -1.52670    2.00000
 179.90958   -0.03630   23.74487   23.30058    0.09743    0.05377    5.40222    4.20004    1.37395    2.00736    2.00000
 180.00555   -0.09848   22.30012   22.03459    0.09864    0.05444   16.34650    5.36533    1.73483    7.68030    2.00000
 180.00253   -0.02465   22.31971   22.05263    0.02478    0.01368   16.13173    1.43863    1.69517    2.47712    2.00000
 179.98785   -0.01712   22.98241   22.65027    0.02099    0.01159    9.63575    2.54574   -2.31279   -0.17255    2.00000
 180.02544    0.04840   22.82723   22.51221    0.05468    0.03018   10.70962    1.06049   -2.87884   -4.72131    2.00000
 180.07933    0.05025   23.60454   23.18403    0.09391    0.05183    5.98901   -0.85985    1.61460    6.10186    2.00000
 180.00140    0.06264   23.09221   22.74637    0.06265    0.03458    8.88831   -0.22198    0.73471   -4.21487    2.00000
 179.97870    0.03272   23.19372   22.83482    0.03904    0.02155    8.20027   -1.18029    1.17616    2.15706    2.00000
 179.98099    0.00101   23.11622   22.76735    0.01904    0.01051    8.72513   -3.59466   -0.34854   -1.98096    2.00000
 180.05734   -0.04469   19.13477   18.60141    0.07270    0.04012  205.72507   -5.98711   -0.28406   -6.33496    2.00000
 179.89783    0.05133   23.23517   22.87081    0.11434    0.06311    7.92036    5.73847    1.01100    6.89263    2.00000
 180.06378   -0.05335   23.12342   22.77364    0.08315    0.04589    8.67618    1.34329   -0.04267    0.45441    2.00000
 180.00394    0.03918   23.54773   23.13639    0.03938    0.02174    6.22884   -3.06606    0.14187   -4.59254    2.00000
 179.97031    0.04355   21.06296   20.79780    0.05271    0.02909   46.45434    2.06543   -0.90277    0.97903    2.00000
 179.99155    0.04338   21.18794   20.94927    0.04420    0.02440   40.77786    3.59694   -2.74915    1.05657    2.00000
 180.07387   -0.02924   22.04207   21.79606    0.07945    0.04385   20.41551    0.84584    1.45193    1.45404    2.00000
 179.99406   -0.01368   23.73364   23.29128    0.01492    0.00823    5.44904    0.57506    0.90496   -1.92966    2.00000
 179.97472   -0.04333   23.19128   22.83271    0.05017    0.02769    8.21673   -0.96267   -0.41328   -2.29222    2.00000
 179.98885    0.09212   23.79137   23.33897    0.09279    0.05121    5.20893   -1.12216   -0.63269    1.74684    2.00000
 180.11929   -0.08620   23.26930   22.90045    0.14719    0.08124    7.68986    0.74806   -3.75861    1.55346    2.00000
 180.00377   -0.05559   23.14262   22.79042    0.05572    0.03075    8.54564    2.90022    0.93477    2.71510    2.00000
 180.07837    0.07809   22.01192   21.76799    0.11063    0.06106   20.91881   -0.32563    0.91732    1.76707    2.00000
 179.99480    0.02188   22.51925   22.23560    0.02249    0.01241   13.95302   -0.37196   -1.34920   -1.79588    2.00000
 179.95753    0.09555   19.87039   19.37366    0.10456    0.05771  128.71295   -2.06629   -0.22999   -2.20622    2.00000
 179.94769    0.03239   23.78660   23.33504    0.06153    0.03396    5.22872   -1.32486   -0.35604   -3.10256    2.00000
 179.99051    0.02240   23.76041   23.31342    0.02433    0.01343    5.33757    3.01955    4.69336    5.46900    2.00000
 179.96857    0.00457   23.39892   23.01045    0.03176    0.01753    6.86289   -6.87289   -0.82241   -6.19301    2.00000
 179.71779    0.03357   19.78696   19.28652    0.28420    0.15686  136.39259   -2.40403    2.34620   -0.07103    2.00000
 179.92950   -0.01111   22.50753   22.22492    0.07137    0.03939   14.08017    5.63418    2.42171    7.37350    2.00000
 179.86925    0.01950   23.52881   23.12038    0.13220    0.07296    6.30943   -0.29438    1.91432    8.70754    2.00000
 179.76328   -0.13354   21.03302   20.75834    0.27180    0.15001   47.93329    5.13196   -2.19850    2.77248    2.00000
 179.98012   -0.03286   18.74763   18.18845    0.03840    0.02120  259.85410   -3.33772   -0.57834   -3.90645    2.00000
 180.12309    0.11762   23.40165   23.01276    0.17026    0.09397    6.85129   -1.13363    0.00657   -7.95214    2.00000
 180.02023   -0.00644   23.72616   23.28508    0.02124    0.01173    5.48025    5.64379   -1.71158    0.06704    2.00000
 180.08968    0.06356   23.39076   23.00353    0.10991    0.06066    6.89772   -2.26991   -1.11042   -4.51969    2.00000
 179.97169   -0.00131   21.25875   21.02852    0.02833    0.01564   38.12645    4.23150    1.04606    5.35603    2.00000
 179.98882    0.07009   23.08501   22.74007    0.07097    0.03917    8.93726   -0.87717   -0.60795   -0.09809    2.00000
 179.93651    0.31040   21.11115   20.85772    0.31682    0.17486   44.20909   -4.43346   -1.31883   -6.11669    2.00000
 179.97090   -0.00482   21.62092   21.39774    0.02950    0.01628   28.41444   -3.97331    2.54590   -1.70974    2.00000
 179.99818   -0.08993   22.72240   22.41849    0.08995    0.04964   11.77518   -3.24705   -3.64670   -8.17384    2.00000
 179.97641    0.06752   20.88552   20.53260    0.07152    0.03947   56.39340   -0.37804   -1.78703   -2.01555    2.00000
 180.05276   -0.10413   21.32953   21.10393    0.11674    0.06443   36.14281    3.77806   -4.23698    0.48916    2.00000
 180.04617    0.02166   23.64470   23.21757    0.05101    0.02815    5.82011   -3.53447    2.46495   -2.35482    2.00000
 179.99310   -0.04767   21.16352   20.92090    0.04817    0.02659   41.84103    1.17247    1.76809    2.94134    2.00000
 180.05391   -0.01636   23.53962   23.12953    0.05634    0.03109    6.26338    0.69231    0.08949    3.84870    2.00000
 180.06618    0.16634   23.34994   22.96895    0.17902    0.09881    7.15705   -0.88998   -3.76559   -1.94732    2.00000
 179.94032    0.01680   21.38765   21.16438    0.06199    0.03422   34.55274    1.53662    2.30791    4.58396    2.00000
 179.82628    0.13208   23.25223   22.88563    0.21823    0.12044    7.80511    2.05595    1.62536    3.38528    2.00000
 180.05557   -0.07863   23.31183   22.93666    0.09629    0.05314    7.40814    2.44404    3.85602    5.63319    2.00000
 179.87613   -0.05300   23.31728   22.94128    0.13473    0.07436    7.37227    0.94894   -0.14283   -2.65251    2.00000
 180.01608   -0.10496   21.54305   21.32290    0.10618    0.05860   30.38316    1.87178    1.18936    3.20753    2.00000
 180.04118    0.04268   23.23273   22.86869    0.05931    0.03273    7.93683    3.48066    0.54041    5.30570    2.00000
 179.96030   -0.01644   23.60132   23.18134    0.04297    0.02372    6.00252    3.31589   -0.67424   -2.72031    2.00000
 180.20711    0.26758   22.22558   21.96608    0.33837    0.18676   17.36667   -2.30910    1.30866   -2.62685    2.00000
 180.01064    0.07133   22.14985   21.89659    0.07212    0.03980   18.61279    3.10426    0.69486    3.85686    2.00000
 180.00420    0.02779   23.68312   23.24943    0.02811    0.01551    5.65971   -0.30735   -0.34753   -2.07616    2.00000
 179.97913    0.16094   22.25385   21.99207    0.16229    0.08957   16.90065   -5.43655    2.75211   -1.69914    2.00000
 180.03069   -0.00769   23.79137   23.33897    0.03163    0.01746    5.20893   -0.02470    0.25343    2.03464    2.00000
 180.06036   -0.06968   22.65844   22.36115    0.09219    0.05088   12.45802    3.13025    1.95752    3.06445    2.00000
 179.94568    0.08801   21.86164   21.62766    0.10342    0.05708   23.43528    6.33638   -0.17301    5.15468    2.00000
 179.97285   -0.01604   18.78845   18.23230    0.03153    0.01740  253.81429    1.33390    0.62537    1.94336    2.00000
 179.93765    0.08790   21.99822   21.75524    0.10777    0.05948   21.14758   -5.11441   -0.30482   -5.00776    2.00000
 179.98019    0.00696   23.35810   22.97586    0.02099    0.01159    7.10325   -3.26313    1.73531   -1.10263    2.00000
 179.97217   -0.00742   21.84803   21.61490    0.02880    0.01590   23.66405   -2.03644    1.80921    0.19491    2.00000
 180.01126   -0.03792   21.46590   21.24433    0.03956    0.02183   32.44979    0.77529   -1.14411    0.31470    2.00000
 180.09827   -0.09330   23.03941   22.70021    0.13551    0.07479    9.24730    5.56258    0.57709    6.50475    2.00000
 179.86964   -0.05348   23.18640   22.82847    0.14090    0.07776    8.24966    1.76296   -0.30832    4.86987    2.00000
 179.97609    0.18824   22.27441   22.01097    0.18975    0.10473   16.62782   -1.15405    1.57330    1.50515    2.00000
 179.96722    0.05593   21.95985   21.71952    0.06482    0.03578   21.78814    1.76748    1.67588    3.38696    2.00000
 179.70016    0.02592   21.43460   21.21235    0.30094    0.16610   33.29097    0.37677   -0.44847   -0.05239    2.00000
 180.06557    0.03774   23.55584   23.14325    0.07565    0.04176    6.19430    1.12994   -0.14292   -2.69085    2.00000
 180.02254    0.01657   23.39620   23.00814    0.02798    0.01544    6.87450   -5.55466    0.33379   -7.18164    2.00000
 180.07487   -0.03972   22.68713   22.38693    0.08476    0.04678   12.15104    4.79363    1.79665    5.83613    2.00000
 180.28934   -0.15140   21.69802   21.47202    0.32655    0.18023   26.46053   -3.47159    1.98656   -1.37059    2.00000
 179.97803    0.00975   22.84544   22.52844    0.02403    0.01327   10.58339    3.82129    1.02283    4.78108    2.00000
 180.05116    0.06490   22.42052   22.14550    0.08264    0.04561   15.02581   -0.17689   -0.36427    0.69619    2.00000
 180.04030   -0.04597   23.68125   23.24788    0.06113    0.03374    5.66751   -6.41901   -3.56893   -6.67105    2.00000
 179.90054    0.09469   23.26686   22.89833    0.13732    0.07579    7.70632    0.72281   -0.72642    2.36640    2.00000
 180.00389   -0.01541   23.17421   22.81789    0.01589    0.00877    8.33198   -2.00036   -0.67451   -0.87444    2.00000
 180.00244    0.08638   19.11023   18.57522    0.08641    0.04769  208.62206    3.71669   -1.74712    1.86425    2.00000
 180.01254    0.01969   20.90583   20.56678    0.02335    0.01289   55.11226   -2.71600    1.94062   -0.78276    2.00000
 180.01299    0.01199   23.62382   23.20013    0.01768    0.00976    5.90794   -1.50592   -0.97119   -3.48091    2.00000
 180.01909    0.01892   22.10544   21.85576    0.02688    0.01483   19.34501   -1.38773    1.85714    0.03334    2.00000
 180.24017    0.17930   22.55933   22.27209    0.29971    0.16542   13.51848    1.82911   -0.25381    3.11915    2.00000
 180.09686   -0.06324   23.79137   23.33897    0.11568    0.06385    5.20893   -6.42491    2.53960   -9.61033    2.00000
 180.02921   -0.02244   21.52042   21.30002    0.03683    0.02033   30.98481   -0.75749    1.17030    1.58999    2.00000
 179.97659   -0.04229   23.40165   23.01276    0.04834    0.02668    6.85129   -1.32928   -2.17263   -2.39255    2.00000
 180.02254   -0.06861   23.42070   23.02890    0.07222    0.03986    6.77002   -1.03982    3.12087   -0.37924    2.00000
 180.00076   -0.00205   22.16410   21.90961    0.00219    0.00121   18.37928   -1.06081   -1.68827   -3.89364    2.00000
 180.05428   -0.06824   22.41332   22.13887    0.08720    0.04813   15.10480   -4.09746    2.93166   -1.38970    2.00000
 179.97385    0.05695   20.94785   20.63533    0.06267    0.03459   52.54323   -7.67277   -1.36310   -8.87614    2.00000
 180.09651   -0.02871   23.02740   22.68972    0.10069    0.05557    9.32889   -2.03293   -2.75864   -4.79753    2.00000
 179.93488    0.02437   22.95499   22.62608    0.06954    0.03838    9.82395   -1.02387    0.41304   -3.04822    2.00000
 179.99609    0.06044   22.89761   22.57493    0.06056    0.03343   10.22175    0.31311   -3.12827   -5.02203    2.00000
 180.05836   -0.06931   23.66441   23.23394    0.09061    0.05001    5.73773    1.97768    0.18407    1.08227    2.00000
 180.04112   -0.03102   23.48557   23.08379    0.05151    0.02843    6.49365   -0.39366    0.48144   -0.20013    2.00000
 180.04932   -0.00436   23.42341   23.03119    0.04950    0.02732    6.75847    1.90674   -0.11668   -2.71410    2.00000
 180.27711   -0.33129   22.58541   22.29553    0.43191    0.23839   13.23941    0.17628    3.01739    0.49616    2.00000
 179.99974    0.03051   21.47894   21.25765    0.03052    0.01684   32.09929   -2.41686   -2.35467   -4.56097    2.00000
 179.93138   -0.01700   21.36939   21.14573    0.07070    0.03902   35.04343    0.64718    2.83609    3.40380    2.00000
 179.99364    0.01621   22.78227   22.47202    0.01741    0.00961   11.13782    0.33655    0.97453    0.09530    2.00000
 179.99716    0.04609   21.29516   21.06731    0.04618    0.02549   37.10630    3.36727    0.01331    2.70134    2.00000
 179.99438    0.00665   21.94615   21.70676    0.00870    0.00480   22.01691   -2.78198   -1.91213   -2.98210    2.00000
 179.95813    0.08094   21.70861   21.48223    0.09113    0.05030   26.19207   -2.85137    3.81077    0.15436    2.00000
 179.98715   -0.05364   23.59008   23.17195    0.05516    0.03044    6.04981    0.24937    1.45050    4.39636    2.00000
 180.03558   -0.09486   23.20835   22.84753    0.10131    0.05592    8.10148    0.63791    0.27512   -1.15143    2.00000
 180.02541   -0.03117   23.31455   22.93897    0.04022    0.02220    7.39021   -0.92886    1.76933   -3.00899    2.00000
 180.14603   -0.08117   23.38259   22.99661    0.16706    0.09221    6.94184   -1.28328   -1.12676   -2.92971    2.00000
 180.00951   -0.00839   22.51925   22.23560    0.01267    0.00699   13.95302    3.73572    0.44140    4.11023    2.00000
 180.06348   -0.00323   22.51456   22.23133    0.06355    0.03508   14.00388   -4.82344    1.58863   -4.25767    2.00000
 180.00333    0.06029   21.86164   21.62766    0.06038    0.03333   23.43528    2.74921   -0.19585    2.78001    2.00000
 180.01593    0.04550   22.15314   21.89960    0.04821    0.02661   18.55891    3.46462   -1.91681    2.84408    2.00000
 179.99109   -0.09673   23.08981   22.74427    0.09714    0.05361    8.90463   -1.94129   -1.89926   -2.25028    2.00000
 180.04979   -0.04440   23.78422   23.33307    0.06671    0.03682    5.23861    0.16167   -0.41308   -2.36925    2.00000
 180.06296    0.08030   22.67148   22.37286    0.10204    0.05632   12.31848    0.77157    0.04339    3.68643    2.00000
 179.96481   -0.01118   21.34167   21.11686    0.03692    0.02038   35.80276    6.05132   -0.81584    5.39907    2.00000
 180.03870    0.02125   21.81537   21.58429    0.04415    0.02437   24.21310   -1.68599    0.38909   -1.11648    2.00000
 179.95869   -0.19137   23.52341   23.11581    0.19578    0.10805    6.33246    3.30280    0.53711    2.34082    2.00000
 179.93352    0.17045   22.73986   22.43410    0.18295    0.10098   11.58928    0.35543   -1.25940   -1.43399    2.00000
 179.97664   -0.00247   22.77978   22.46979    0.02349    0.01296   11.16438    1.82536   -0.59175    2.12997    2.00000
 179.88159    0.04673   23.20103   22.84118    0.12730    0.07026    8.15087   -2.32121    0.92171   -1.43081    2.00000
 179.93044   -0.00212   21.93245   21.69400    0.06959    0.03841   22.24568   -0.03035   -4.05173   -4.94854    2.00000
 179.93707    0.03801   23.06101   22.71909    0.07351    0.04057    9.10044   -3.78539   -1.64074   -6.20020    2.00000
 180.00523   -0.01425   22.93673   22.60980    0.01518    0.00838    9.95052    1.23740    2.50516    2.88203    2.00000
 180.07874   -0.03327   23.79137   23.33897    0.08547    0.04717    5.20893    0.40877    1.83381    2.80773    2.00000
 179.99637   -0.01275   21.83987   21.60725    0.01325    0.00732   23.80132   -0.08756   -0.01978   -1.68998    2.00000
 179.97241    0.00355   23.58205   23.16524    0.02781    0.01535    6.08359    0.41617    1.89097    0.81499    2.00000
 180.03519   -0.12961   19.77121   19.27011    0.13430    0.07412  137.83846   -1.61170   -0.47189   -2.06531    2.00000
 179.95667    0.10040   23.11381   22.76525    0.10935    0.06035    8.74145    1.11388    0.23060    1.27377    2.00000
 180.04875    0.04014   23.30367   22.92975    0.06315    0.03485    7.46195    4.30710    1.30254    3.66196    2.00000
 180.18105   -0.28799   22.65844   22.36115    0.34017    0.18775   12.45802    1.23056    0.39000    3.25043    2.00000
 179.94180    0.00470   21.80721   21.57663    0.05838    0.03222   24.35037    2.97707    0.48506    2.76257    2.00000
 179.98454    0.02381   21.35635   21.13240    0.02838    0.01567   35.39392   -6.71505   -3.74356  -10.39669    2.00000
 180.10831    0.05789   23.77232   23.32325    0.12280    0.06777    5.28809    2.34958    1.42755    2.66641    2.00000
 179.99887   -0.12499   23.62060   23.19744    0.12499    0.06899    5.92145    1.11037    2.05909    4.33127    2.00000
 179.98183    0.13463   22.42292   22.14772    0.13585    0.07498   14.99947    7.62213    3.88488   11.53679    2.00000
 179.96471    0.08840   21.52308   21.30274    0.09519    0.05254   30.91322   -1.07960   -2.40777   -3.46715    2.00000
 179.96368    0.02084   22.57497   22.28615    0.04187    0.02311   13.35104    0.34494   -1.18110   -1.07096    2.00000
 179.96191    0.01876   23.35810   22.97586    0.04245    0.02343    7.10325   -3.62469   -2.74649   -4.22078    2.00000
 180.00743    0.06996   23.28462   22.91361    0.07035    0.03883    7.58749   -2.07111    1.60483   -0.37726    2.00000
 179.96039   -0.06730   21.44503   21.22301    0.07809    0.04310   33.01057    0.72310    3.24937    3.38414    2.00000
 180.02029    0.03165   21.37461   21.15106    0.03759    0.02075   34.90323   -8.01719    2.11483   -6.26226    2.00000
 180.04880    0.09663   22.62192   22.32834    0.10825    0.05975   12.84871   -1.70171    3.47506    1.06319    2.00000
 180.00705   -0.01467   21.09622   20.83957    0.01627    0.00898   44.88907   -2.34872   -0.91147   -2.89308    2.00000
 179.97717   -0.03882   17.99126   18.01517    0.04504    0.02486  283.72299    0.53357   -5.18509   -4.64308    2.00000
 180.01083    0.02045   22.60627   22.31427    0.02315    0.01278   13.01615    5.10702    0.86309    4.17778    2.00000
 180.07477   -0.08933   23.00396   22.66917    0.11649    0.06430    9.48874   -0.45081    0.71671    1.94958    2.00000
 179.74319   -0.06853   23.55854   23.14554    0.26579    0.14669    6.18278   -1.71660    1.29207   -1.24745    2.00000
 180.02917    0.01328   22.54034   22.25482    0.03206    0.01770   13.72413   -4.50210   -1.75764   -7.98351    2.00000
 180.00101   -0.04292   23.49908   23.09523    0.04293    0.02370    6.43608   -5.00680   -0.43956   -1.08371    2.00000
 179.95802    0.01403   23.68499   23.25098    0.04426    0.02443    5.65191    1.42972    1.14327   -3.32372    2.00000
 180.01874    0.01504   22.34611   22.07695    0.02403    0.01327   15.84208    0.04400   -1.77193   -1.95527    2.00000
 179.98802   -0.03623   22.81221   22.49878    0.03816    0.02106   10.81914   -3.89006   -0.20129   -0.54703    2.00000
 180.01897   -0.03572   23.65131   23.22309    0.04045    0.02232    5.79235   -0.45686    0.46346   -4.19742    2.00000
 179.94968    0.18770   23.04901   22.70860    0.19433    0.10726    9.18203    0.10513   -3.73526   -2.53725    2.00000
 179.99474   -0.00170   20.96993   20.66899    0.00553    0.00305   51.28198    4.36949    0.63928    5.13916    2.00000
 179.79739    0.18265   22.17674   21.92119    0.27278    0.15055   18.17160    3.33441    1.86193    5.70279    2.00000
 180.06116   -0.01445   21.23920   21.00755    0.06283    0.03468   38.67803    4.01267    1.25790    6.06811    2.00000
 180.00618    0.07143   23.41525   23.02428    0.07170    0.03957    6.79324   -2.05973   -0.19457   -2.48013    2.00000
 179.97643   -0.01366   23.83185   23.37239    0.02724    0.01504    5.04069    7.87095   -0.61925   10.65768    2.00000
 180.14977   -0.12221   23.62221   23.19879    0.19330    0.10669    5.91469   -0.86836    3.29500    9.72480    2.00000
 180.18472   -0.53474   23.13782   22.78623    0.56574    0.31226    8.57827    2.76094    0.53260    8.11380    2.00000
 180.00285    0.00025   22.98457   22.65216    0.00287    0.00158    9.62105    2.23885   -0.39308    4.65971    2.00000
 179.95796    0.03114   23.09941   22.75266    0.05232    0.02888    8.83936    1.99549    0.52114    0.72132    2.00000
 179.99208   -0.03166   23.44233   23.04720    0.03263    0.01801    6.67787    0.40932    2.01701    1.62066    2.00000
 179.88802   -0.03091   22.78976   22.47871    0.11618    0.06412   11.05815   -3.95628   -0.94105   -3.80806    2.00000
 179.96039   -0.00925   23.81994   23.36256    0.04067    0.02245    5.09017   -3.51394   -1.03872   -3.45156    2.00000
 180.22888   -0.17644   21.92970   21.69145    0.28900    0.15951   22.29143    1.29067   -4.78130   -4.19856    2.00000
 179.98843   -0.03239   21.58393   21.36219    0.03440    0.01898   29.34958    1.19448   -2.45754   -1.63419    2.00000
 179.97740    0.00127   21.83442   21.60215    0.02264    0.01250   23.89283   -4.54235    1.89714   -3.12254    2.00000
 179.96938    0.11324   23.67938   23.24633    0.11731    0.06474    5.67531    4.53992   -0.24960    9.72705    2.00000
 180.04195    0.01070   22.78726   22.47648    0.04329    0.02389   11.08471   -3.09606    0.49606   -3.74049    2.00000
 180.01459    0.02422   22.86109   22.54239    0.02827    0.01560   10.47490   -5.86108    0.65417   -5.37243    2.00000
 179.99516    0.03655   22.96493   22.63494    0.03687    0.02035    9.75504   -1.47256    1.03743    7.03624    2.00000
 179.97392   -0.09553   23.72803   23.28663    0.09903    0.05466    5.47245   -1.73048   -2.16288   -5.86004    2.00000
 180.39938   -0.21883   23.36354   22.98047    0.45541    0.25136    7.06738   -0.91333   -2.35266   -3.55368    2.00000
 179.98746   -0.02649   23.22541   22.86234    0.02931    0.01618    7.98622    4.17312    0.16147    5.07190    2.00000
 179.96387   -0.02695   23.45044   23.05406    0.04508    0.02488    6.64333   -4.35089   -3.44792  -10.71339    2.00000
 180.08687    0.21929   22.12683   21.87555    0.23587    0.13018   18.99001   -3.23012    1.63837   -1.41383    2.00000
 180.16833   -0.13692   22.82468   22.50993    0.21698    0.11976   10.72736   -9.10462    2.21429   -6.79461    2.00000
 179.91502    0.00124   20.29986   19.82561    0.08498    0.04690   95.30881    1.63945    2.81973    4.30016    2.00000
 179.98474    0.03593   23.65505   23.22619    0.03904    0.02155    5.77675    1.91044    1.60307   -1.31129    2.00000
 180.03328    0.00077   21.01057   20.72875    0.03329    0.01838   49.04222    5.03256   -2.56601    2.22950    2.00000
 180.09401    0.05890   23.33905   22.95972    0.11094    0.06123    7.22879   -0.82244   -2.21486   -3.76831    2.00000
 180.03539   -0.07969   22.54503   22.25909    0.08720    0.04813   13.67327    1.05759   -1.13955    0.11012    2.00000
 179.96555   -0.02172   22.41572   22.14108    0.04073    0.02248   15.07847   -1.69638   -0.76915   -3.87657    2.00000
 179.97928   -0.00183   23.14742   22.79462    0.02080    0.01148    8.51300    1.81444   -3.76055   -3.79042    2.00000
 179.91016   -0.02800   23.23029   22.86658    0.09411    0.05194    7.95329    1.92073    3.35738    4.10045    2.00000
 179.92564    0.05659   23.48557   23.08379    0.09345    0.05158    6.49365    0.39134   -0.06901    1.01698    2.00000
 179.83031    0.00660   23.61257   23.19074    0.16983    0.09373    5.95523    2.99669   -2.43244    1.94613    2.00000
 180.00076   -0.02726   22.07129   21.82328    0.02727    0.01505   19.92747   -2.11150    1.10792    0.51013    2.00000
 179.93454   -0.03937   22.17931   21.92356    0.07639    0.04216   18.12924  -10.64220    1.34302   -8.89691    2.00000
 179.91646   -0.04011   22.67669   22.37755    0.09268    0.05115   12.26267   -6.18878   -5.44580  -13.01402    2.00000
 179.96999    0.09527   18.18534   17.58292    0.09988    0.05513  356.94748   -1.28952   -0.19792   -1.49945    2.00000
 179.89716    0.03571   23.37171   22.98739    0.10886    0.06008    7.01357   -0.61571   -0.34599   -2.89649    2.00000
 179.97327   -0.07341   23.17421   22.81789    0.07813    0.04312    8.33198    4.04607   -0.67791    3.19755    2.00000
 179.94060   -0.05312   22.37972   22.10791    0.07969    0.04398   15.47344   -2.27069   -2.17812   -5.44998    2.00000
 180.10747   -0.11191   23.44233   23.04720    0.15515    0.08563    6.67787    2.09841    3.28694    4.79963    2.00000
 180.01471   -0.04128   23.47206   23.07236    0.04382    0.02419    6.55122    2.56265   -1.37420   -0.75260    2.00000
 180.04926    0.04918   23.68499   23.25098    0.06960    0.03842    5.65191   -2.06938    1.08427   -1.28746    2.00000
 180.06323   -0.04995   23.20835   22.84753    0.08059    0.04448    8.10148   -1.43069   -3.53655   -4.78553    2.00000
 179.98875   -0.01794   22.88978   22.56796    0.02117    0.01168   10.27600   -5.85019   -2.65713  -11.84923    2.00000
 180.06483    0.00825   22.52628   22.24200    0.06536    0.03607   13.87672    0.23078    0.60840   -0.57119    2.00000
 180.28220    0.60709   22.84284   22.52611    0.66947    0.36951   10.60147   -4.44813   -5.79340   -7.88671    2.00000
 180.02802    0.05518   21.70596   21.47967    0.06188    0.03415   26.25919   -0.32277   -3.98694   -4.37088    2.00000
 179.65811   -0.16598   23.65693   23.22774    0.38005    0.20976    5.76894   -1.01796   -0.66717    0.01923    2.00000
 179.97452   -0.05430   22.47003   22.19075    0.05998    0.03310   14.48707    0.30761    2.79027    3.27613    2.00000
 180.02550   -0.02551   22.14657   21.89359    0.03606    0.01990   18.66668    0.06728   -0.36233   -0.01699    2.00000
 179.99689    0.02333   23.80327   23.34880    0.02354    0.01299    5.15945   -4.35844   -1.32089   -8.59530    2.00000
 180.01617    0.02580   23.55044   23.13868    0.03045    0.01681    6.21732    1.12389   -0.85758    0.13459    2.00000
 179.93797   -0.02583   23.44233   23.04720    0.06719    0.03709    6.67787    0.21061    1.45198    1.76231    2.00000
 180.05180   -0.01920   23.04661   22.70651    0.05525    0.03049    9.19835   -0.42727    0.24384   -1.94260    2.00000
 180.00252    0.06481   22.32451   22.05705    0.06486    0.03580   16.07906    2.96867   -1.26949    0.88440    2.00000
 179.98560   -0.00178   23.72241   23.28198    0.01452    0.00802    5.49585   -3.55761    1.42109   -4.74706    2.00000
 179.98470    0.01983   21.93519   21.69655    0.02505    0.01383   22.19992   -3.68299    0.45808   -2.98762    2.00000
 180.03268    0.06175   22.63757   22.34240    0.06987    0.03856   12.68127   -1.70841   -0.64625   -4.78641    2.00000
 179.97041    0.03255   23.78899   23.33700    0.04398    0.02428    5.21882    1.09128    0.27640    3.95460    2.00000
 180.05409   -0.01302   22.56193   22.27443    0.05564    0.03071   13.49057   -0.32104    1.08889    0.31955    2.00000
 179.93706   -0.00576   22.63757   22.34240    0.06320    0.03488   12.68127   -1.73778    0.07336   -2.05635    2.00000
 179.98268    0.05436   22.42772   22.15214    0.05705    0.03149   14.94681    1.86212    1.05210    4.17876    2.00000
 179.97435    0.01376   22.44425   22.16725    0.02911    0.01607   14.76681   -3.69480    2.61153   -0.37494    2.00000
 179.96095    0.00956   21.55668   21.33599    0.04021    0.02219   30.03864    3.00118    7.26452   10.17541    2.00000
 180.00613   -0.00101   23.32000   22.94358    0.00621    0.00343    7.35434   -6.06823    0.62469   -4.90397    2.00000
 179.97440   -0.03909   22.67669   22.37755    0.04672    0.02579   12.26267    5.67455    2.13478    5.08925    2.00000
 179.96941   -0.00017   23.33088   22.95280    0.03060    0.01689    7.28260   -0.68096    0.88150    3.84710    2.00000
 179.97118    0.05024   23.49368   23.09065    0.05792    0.03197    6.45911   -1.99365   -0.72562    2.58519    2.00000
 180.10892    0.10706   21.00735   20.72410    0.15273    0.08430   49.21655   -1.79108   -4.07631   -5.98041    2.00000
 180.06802    0.01016   18.01399   17.95287    0.06878    0.03796  293.85010    0.45513    1.25271    1.64692    2.00000
 180.01102    0.08116   23.56598   23.15182    0.08191    0.04521    6.15115    4.35554    1.14021   11.46939    2.00000
 179.94055    0.03656   22.52628   22.24200    0.06980    0.03852   13.87672   -1.44517    0.51396    0.05405    2.00000
 179.96800    0.00909   22.88457   22.56331    0.03327    0.01836   10.31216   -1.21523   -2.64325   -6.39749    2.00000
 179.96861   -0.02317   23.50449   23.09980    0.03901    0.02153    6.41306    2.95632    1.01555    0.75740    2.00000
 180.02486    0.01172   21.08726   20.82868    0.02747    0.01516   45.29705   -1.56018    0.69380   -1.30458    2.00000
 180.17751    0.16304   22.77229   22.46309    0.24102    0.13302   11.24404   -3.98551   -3.76127   -9.90793    2.00000
 180.00961    0.02863   22.61149   22.31896    0.03020    0.01667   12.96034   -5.00467   -2.64663   -8.64569    2.00000
 180.01578    0.03158   22.98241   22.65027    0.03530    0.01948    9.63575   -2.78233   -0.28823   -2.95240    2.00000
 180.08459    0.04252   23.04661   22.70651    0.09468    0.05226    9.19835   -1.83769   -0.88079   -2.67661    2.00000
 180.04980   -0.08321   21.70596   21.47967    0.09697    0.05352   26.25919   -1.21726   -3.37719   -3.98951    2.00000
 180.16429   -0.31532   22.32691   22.05926    0.35556    0.19624   16.05273   -6.26952    1.24990   -7.71037    2.00000
 180.00755   -0.06847   23.19128   22.83271    0.06888    0.03802    8.21673   -0.00086    0.22745    1.47322    2.00000
 180.06538    0.01086   23.59972   23.18000    0.06628    0.03658    6.00928   -1.34785   -1.82565   -1.31901    2.00000
 179.87927    0.10305   21.86980   21.63532    0.15873    0.08761   23.29802    9.26572    1.08743    9.54585    2.00000
 179.95805   -0.01143   23.51800   23.11123    0.04348    0.02400    6.35549    3.76132   -0.75852    3.30003    2.00000
 179.92297   -0.11012   22.79974   22.48763    0.13439    0.07417   10.95192    4.13049    0.67958    6.26480    2.00000
 180.00670    0.00347   22.50519   22.22278    0.00755    0.00417   14.10560   -3.97602    1.84761   -2.63466    2.00000
 180.00970    0.03588   23.82471   23.36649    0.03717    0.02052    5.07038    1.74983   -1.05650   -0.60695    2.00000
 179.97450   -0.02070   22.06399   21.81647    0.03284    0.01812   20.04948   -0.20948   -0.11438   -0.29869    2.00000
 179.98372   -0.00243   22.40852   22.13445    0.01646    0.00909   15.15746    4.79784   -0.96698    3.66578    2.00000
 179.96231    0.11551   22.82468   22.50993    0.12150    0.06706   10.72736    1.42987    0.72165    3.11999    2.00000
 180.12642   -0.03813   23.08981   22.74427    0.13204    0.07288    8.90463   -4.08936    4.28855   -0.46873    2.00000
 179.98311    0.01366   22.95760   22.62840    0.02173    0.01199    9.80587    2.71630    0.38774    3.17571    2.00000
 179.97566    0.01925   21.31133   21.08454    0.03104    0.01713   36.65289    4.04756    0.30221    4.95172    2.00000
 180.08539    0.04057   23.36082   22.97817    0.09454    0.05218    7.08531   -3.80842    0.23874   -4.12834    2.00000
 180.11224   -0.06049   23.80327   23.34880    0.12750    0.07037    5.15945   -0.68376    4.88018    4.49233    2.00000
 179.93132    0.01140   23.46395   23.06550    0.06962    0.03842    6.58576    0.18470   -0.96663    0.53103    2.00000
 180.03526   -0.08237   23.20103   22.84118    0.08961    0.04946    8.15087   -2.90623    3.37947   -1.87220    2.00000
 180.00703   -0.03153   21.34774   21.12333    0.03230    0.01783   35.63274    1.92361   -2.11450   -0.51485    2.00000
 179.74649    0.16016   22.26670   22.00388    0.29987    0.16550   16.71221   -5.13673   -0.51232   -7.03867    2.00000
 179.99942    0.03529   22.64800   22.35177    0.03530    0.01948   12.56964    2.19381    0.03797    2.22321    2.00000
 179.99454    0.02469   23.80804   23.35273    0.02529    0.01396    5.13965   -1.40539    0.20594   -0.31363    2.00000
 179.97772    0.01199   21.66098   21.43630    0.02530    0.01397   27.40015    3.02952   -0.63934    2.15881    2.00000
 179.97679    0.03876   23.65505   23.22619    0.04518    0.02493    5.77675    7.25209   -0.45406    2.71170    2.00000
 180.00227    0.05463   22.88978   22.56796    0.05468    0.03018   10.27600    3.75139   -2.70112    0.85668    2.00000
 179.79340    0.01590   22.04207   21.79606    0.20722    0.11437   20.41551    0.46462   -3.79599   -2.13320    2.00000
 179.97360   -0.03760   22.56454   22.27678    0.04594    0.02535   13.46266   -2.39542    1.00208   -1.15374    2.00000
 180.07774   -0.01423   23.60454   23.18403    0.07903    0.04362    5.98901   -0.26846   -1.16777   -2.84443    2.00000
 179.99986   -0.03408   21.45025   21.22834    0.03408    0.01881   32.87038    2.92450    1.37144    5.55974    2.00000
 180.08170    0.04541   23.78899   23.33700    0.09347    0.05159    5.21882   -4.02156    0.20689   -7.22917    2.00000
 179.98181   -0.01239   17.94773   17.97327    0.02201    0.01215  290.37167    2.13165    0.31743    2.44723    2.00000
 180.04630    0.04445   22.11478   21.86454    0.06418    0.03542   19.18760   -0.79414   -3.67473   -5.16240    2.00000
 179.81120    0.01265   23.58044   23.16390    0.18922    0.10443    6.09035    2.92879    0.44502    3.86953    2.00000
 180.01500   -0.03820   23.16446   22.80942    0.04104    0.02265    8.39784    0.00524   -0.08512    2.02492    2.00000
 179.93356    0.04247   23.32816   22.95050    0.07885    0.04352    7.30053    0.57462    0.68334    2.79246    2.00000
 179.99551   -0.00511   22.87674   22.55634    0.00680    0.00375   10.36640   -2.99719   -2.06404   -4.08219    2.00000
 179.92044   -0.05666   22.35091   22.08138    0.09767    0.05391   15.78942    0.01127    0.84878    1.65564    2.00000
 179.83781   -0.13139   23.37443   22.98970    0.20873    0.11520    6.99564   -0.81835    0.00641   -3.03816    2.00000
 180.04347    0.03096   23.75327   23.30752    0.05337    0.02946    5.36726   -1.56502   -0.96710   -2.52816    2.00000
 180.00935    0.09734   23.71680   23.27733    0.09779    0.05397    5.51926   -0.13253    1.42207   -0.42572    2.00000
 179.98074   -0.01860   21.78274   21.55369    0.02677    0.01478   24.76178    3.12941   -0.10645    2.39664    2.00000
 179.98837    0.07487   21.47894   21.25765    0.07577    0.04182   32.09929   -2.63026   -1.21319   -4.04862    2.00000
 179.96509    0.02158   20.93923   20.62127    0.04104    0.02265   53.07021    1.49809   -4.75231   -3.69915    2.00000
 179.97992    0.01517   23.59169   23.17329    0.02516    0.01389    6.04306   -0.68823   -0.08517    0.36995    2.00000
 179.95297    0.05346   23.35538   22.97356    0.07120    0.03930    7.12118   -0.09213   -1.65991    2.16799    2.00000
 180.01691    0.06131   22.73986   22.43410    0.06359    0.03510   11.58928   -0.08480   -0.16029   -2.08164    2.00000
 179.99583   -0.04442   23.64631   23.21892    0.04462    0.02463    5.81335   -6.61614   -1.59104   -9.83629    2.00000
 179.97391    0.02053   20.86805   20.50266    0.03320    0.01833   57.51536   -3.87012   -1.56317   -5.61930    2.00000
 179.95679    0.03701   22.15753   21.90360    0.05690    0.03140   18.48706    0.46774    0.81513   -0.08461    2.00000
 180.01978   -0.01143   22.54268   22.25695    0.02284    0.01261   13.69870   -1.82380    1.52262    2.13095    2.00000
 179.96484   -0.02677   23.54503   23.13410    0.04419    0.02439    6.24035   -5.80170    3.47723   -0.27063    2.00000
 179.96471    0.01418   22.79974   22.48763    0.03804    0.02099   10.95192    3.62492    0.75748    5.99015    2.00000
 180.00111    0.13644   21.98726   21.74503    0.13644    0.07531   21.33060   -4.55588   -2.82027   -8.08511    2.00000
 179.87939   -0.16659   23.49368   23.09065    0.20567    0.11351    6.45911    0.38166    1.52063    5.77228    2.00000
 179.99651    0.03614   22.91326   22.58888    0.03631    0.02004   10.11326   -0.20442    0.08380   -2.62353    2.00000
 179.97937    0.00577   22.96493   22.63494    0.02142    0.01182    9.75504   -0.64733   -1.25893   -2.20180    2.00000
 179.96605   -0.02980   23.47476   23.07464    0.04518    0.02493    6.53971    0.51433    1.09348    1.25641    2.00000
 179.91988    0.05052   23.00611   22.67106    0.09472    0.05228    9.47404    4.64085    0.27385    6.65246    2.00000
 179.99149    0.13023   22.97487   22.64366    0.13051    0.07203    9.68720    0.28715   -0.66191    0.37042    2.00000
 179.99918    0.07394   21.04799   20.77807    0.07394    0.04081   47.19382    0.13155    1.41028    1.23864    2.00000
 179.98042    0.00853   23.43962   23.04491    0.02135    0.01178    6.68938   -0.43392   -0.66575    8.58372    2.00000
 180.02931    0.03429   23.29278   22.92052    0.04511    0.02490    7.53369   -1.27069    2.12261   -0.08149    2.00000
 179.99815    0.00096   22.41092   22.13666    0.00208    0.00115   15.13113   -3.86106   -0.63019   -5.57729    2.00000
 180.00772    0.00832   22.33411   22.06590    0.01135    0.00627   15.97374   -2.40494   -2.63100   -3.35849    2.00000
 180.00392   -0.03300   22.56715   22.27912    0.03323    0.01834   13.43476    0.16847    1.24388    0.39286    2.00000
 179.98082   -0.05947   23.82233   23.36452    0.06249    0.03449    5.08028    1.74351    3.09730    0.48572    2.00000
 180.02933    0.02053   21.70331   21.47712    0.03580    0.01976   26.32630    0.26219    1.08319    1.22638    2.00000
 180.05260   -0.06844   22.35571   22.08580    0.08631    0.04764   15.73676    0.21133   -1.33589    0.45068    2.00000
 179.96809   -0.02301   19.40911   18.89136    0.03933    0.02171  173.65974   -0.88807    0.95773   -0.02248    2.00000
 180.00755   -0.03640   22.91326   22.58888    0.03717    0.02052   10.11326   -1.37505   -0.76743   -2.08834    2.00000
 179.99203   -0.04789   21.58199   21.36032    0.04855    0.02680   29.39880    1.32241    2.94648    5.43785    2.00000
 180.00987   -0.02922   23.50990   23.10437    0.03085    0.01702    6.39003   -2.32090    3.22118   -2.06785    2.00000
 180.04002   -0.01279   23.06581   22.72329    0.04202    0.02319    9.06781    0.17095   -1.21347   -0.97492    2.00000
 179.84602   -0.04772   21.92424   21.68635    0.16120    0.08897   22.38294    2.15577   -2.20126   -0.33276    2.00000
 179.99001   -0.03205   23.70183   23.26493    0.03357    0.01853    5.58168    3.48041    2.12150    9.72348    2.00000
 180.04153    0.07267   23.64309   23.21623    0.08371    0.04620    5.82687    3.64381   -3.63610    3.12441    2.00000
 179.90059   -0.13936   21.71654   21.48988    0.17118    0.09448   25.99072   -3.97784   -3.54469   -8.14063    2.00000
 180.06606   -0.05197   22.17931   21.92356    0.08405    0.04639   18.12924    0.11702    0.63089   -0.86784    2.00000
 179.98692    0.01670   23.32000   22.94358    0.02121    0.01170    7.35434   -4.32598    0.85589   -3.93341    2.00000
 179.91232   -0.10051   21.88613   21.65063    0.13338    0.07361   23.02350   -1.34768    0.66024   -1.65463    2.00000
 179.97394    0.00812   22.30012   22.03459    0.02729    0.01506   16.34650   -0.24078    4.47416    3.12940    2.00000
 180.00916    0.02523   21.35178   21.12763    0.02684    0.01481   35.51938   -1.80177   -1.12127   -3.03245    2.00000
 179.94096    0.25563   22.54737   22.26123    0.26236    0.14480   13.64784    1.47880    0.35851    4.04247    2.00000
 180.01338    0.01267   23.45584   23.05863    0.01843    0.01017    6.62030   -5.85720   -0.13061   -3.87354    2.00000
 180.07712   -0.15912   21.95985   21.71952    0.17683    0.09760   21.78814    2.56892    1.85877    4.92042    2.00000
 179.96382    0.01442   22.87674   22.55634    0.03895    0.02150   10.36640    0.33677   -0.83822    2.29533    2.00000
 179.98129    0.00798   21.14549   20.89945    0.02034    0.01123   42.64514    2.15606    1.43770    4.41837    2.00000
 180.05904   -0.10806   21.80721   21.57663    0.12313    0.06796   24.35037    0.93202   -0.80943    0.02839    2.00000
 179.98441   -0.01791   23.80566   23.35076    0.02374    0.01310    5.14955    1.21878    1.45345    4.78708    2.00000
 179.94054    0.04247   23.21566   22.85388    0.07308    0.04033    8.05208   -4.73553   -0.09586   -4.31687    2.00000
 179.94176    0.02310   21.94889   21.70931    0.06265    0.03458   21.97115   -1.72250   -1.59121   -2.91054    2.00000
 180.03085    0.04705   23.74300   23.29903    0.05626    0.03105    5.41002   -6.98682    1.77655   -7.01416    2.00000
 179.95285   -0.00576   22.36051   22.09022    0.04750    0.02622   15.68409  -15.31395    0.84373  -14.48096    2.00000
 180.09447    0.12096   22.31731   22.05042    0.15348    0.08471   16.15806    0.12291    0.17418    0.20369    2.00000
 180.08675    0.00580   23.33088   22.95280    0.08693    0.04798    7.28260    0.05619   -1.67611   -1.79895    2.00000
 179.98453    0.01896   22.79475   22.48317    0.02447    0.01350   11.00504    0.54723   -1.47951   -1.02911    2.00000
 179.98988   -0.02050   23.10901   22.76105    0.02285    0.01261    8.77409    4.68031    0.15365    4.04766    2.00000
 179.99725   -0.00517   23.47746   23.07693    0.00585    0.00323    6.52819    2.10934   -3.67625    2.30493    2.00000
 179.95741   -0.00313   23.46395   23.06550    0.04269    0.02356    6.58576    2.51323   -0.95460    5.80026    2.00000
 180.07034    0.03296   23.40981   23.01967    0.07768    0.04288    6.81646    0.16078    2.61115    2.05272    2.00000
 180.03929    0.02927   22.75483   22.44748    0.04899    0.02704   11.42994    8.57920   -0.18324   12.09659    2.00000
 180.00684   -0.02053   22.66105   22.36349    0.02164    0.01194   12.43011   -0.82449    2.71699    0.71175    2.00000
 180.02728   -0.00775   22.43957   22.16298    0.02836    0.01565   14.81768   -3.17657    5.15560    2.41686    2.00000
 179.96040    0.02879   23.70370   23.26648    0.04896    0.02702    5.57388    2.33787    3.04174    3.72908    2.00000
 179.94408    0.03436   22.83501   22.51914    0.06563    0.03623   10.65572   -4.80460   -0.65557   -7.73448    2.00000
 180.01707   -0.04178   22.28213   22.01806    0.04514    0.02491   16.54342   -6.53188   -2.90101  -11.29389    2.00000
 180.08411    0.02136   22.62975   22.33537    0.08676    0.04789   12.76499   -6.21853   -0.22935   -3.99707    2.00000
 180.08302   -0.07257   23.83661   23.37632    0.11027    0.06086    5.02090   -4.65793    1.88814    2.09541    2.00000
 180.00575   -0.04740   22.25899   21.99679    0.04775    0.02636   16.81592    0.10926   -0.73179   -1.11472    2.00000
 179.99251    0.00679   22.77978   22.46979    0.01011    0.00558   11.16438    1.62420    1.04598    2.23350    2.00000
 180.02361    0.00840   23.78660   23.33504    0.02506    0.01383    5.22872    7.00775   -0.43890    3.31537    2.00000
 179.66298    0.30101   23.82233   23.36452    0.45187    0.24940    5.08028   -6.28706    2.80682   -2.36879    2.00000
 179.98535    0.01633   21.43721   21.21502    0.02194    0.01211   33.22087   -1.33568    4.63389    3.28231    2.00000
 179.98833   -0.03768   23.32544   22.94819    0.03944    0.02177    7.31847   -2.86501   -0.45530   -5.41338    2.00000
 180.00667    0.00931   22.18702   21.93064    0.01145    0.00632   18.00214    3.54699   -0.87991    2.11275    2.00000
 180.00563   -0.03369   22.74236   22.43633    0.03416    0.01885   11.56272   -2.49725   -5.84360   -9.29421    2.00000
 179.91377   -0.05123   22.28727   22.02278    0.10030    0.05536   16.48716   -2.07155    3.23658   -0.16483    2.00000
 179.87053   -0.03385   22.72739   22.42295    0.13382    0.07386   11.72206    0.45448   -1.97441   -1.20086    2.00000
 179.93903    0.06539   22.84544   22.52844    0.08942    0.04935   10.58339   -2.12124   -1.81284   -2.55635    2.00000
 180.06561   -0.13724   22.03384   21.78841    0.15212    0.08396   20.55278    1.66971   -1.25656   -0.22542    2.00000
 180.01714   -0.00077   23.10661   22.75895    0.01716    0.00947    8.79040    4.99928   -1.08094    1.19378    2.00000
 179.92590   -0.00062   23.55314   23.14096    0.07411    0.04090    6.20581    0.82358   -0.98787    0.95280    2.00000
 180.07124    0.02837   21.84259   21.60980    0.07668    0.04232   23.75556    0.82732   -3.82379   -3.69708    2.00000
 180.08514    0.26374   22.41332   22.13887    0.27714    0.15296   15.10480   -1.79060    1.91171   -1.51886    2.00000
 179.96613   -0.00150   23.55044   23.13868    0.03390    0.01871    6.21732   -3.20078    2.20138   -3.25938    2.00000
 180.14880    0.03335   22.60366   22.31193    0.15249    0.08416   13.04406   -3.19169    0.26809   -2.75844    2.00000
 180.07072    0.05232   17.38815   16.78884    0.08797    0.04855  532.41626    0.94798    0.16844    1.09136    2.00000
 180.08488   -0.01608   22.02288   21.77820    0.08640    0.04768   20.73579   -0.73592    4.85461    5.62925    2.00000
 179.96994   -0.07108   22.59845   22.30724    0.07718    0.04260   13.09987    1.58820   -3.65139   -4.62811    2.00000
 179.92204    0.08257   23.58205   23.16524    0.11355    0.06267    6.08359    0.10688    0.93467   -7.28662    2.00000
 180.10358   -0.00541   23.65693   23.22774    0.10372    0.05725    5.76894    1.24354    3.00090    1.75807    2.00000
 180.01175   -0.08864   23.40709   23.01737    0.08942    0.04935    6.82807   -4.13571   -3.37954  -11.45975    2.00000
 180.09578   -0.00871   21.87525   21.64042    0.09618    0.05308   23.20651   -4.56760   -3.29207   -8.15034    2.00000
 179.90805   -0.03449   23.01581   22.67957    0.09821    0.05420    9.40788    1.67354    1.04168    4.49111    2.00000
 180.18996   -0.18200   23.09941   22.75266    0.26307    0.14520    8.83936    3.50367    2.21081    6.73206    2.00000
 180.01944   -0.03052   22.32451   22.05705    0.03618    0.01997   16.07906   -2.09873    1.49541   -0.02530    2.00000
 180.01614   -0.02228   22.84805   22.53076    0.02752    0.01519   10.56531    2.12207   -0.74712    1.86168    2.00000
 180.14059   -0.11140   23.29822   22.92513    0.17938    0.09900    7.49782   -4.27202    1.81564   -1.34893    2.00000
 180.05022    0.03309   23.52071   23.11352    0.06014    0.03319    6.34397   -1.55658    0.78454    0.01891    2.00000
 180.05333   -0.01137   20.88790   20.53668    0.05452    0.03009   56.24040    1.39227   -0.52984    0.92138    2.00000
 179.94737    0.26404   22.86631   22.54704    0.26924    0.14860   10.43873   -1.01715    4.16011    0.49844    2.00000
 180.08398    0.01514   22.18959   21.93301    0.08534    0.04710   17.95978   -7.94125    0.74643   -7.89249    2.00000
 179.98772    0.02730   22.17160   21.91647    0.02994    0.01653   18.25633   -3.10837   -1.94807   -5.22820    2.00000
 180.02174   -0.01505   16.95119   16.20497    0.02644    0.01460  705.27582    5.28950   -2.43527    2.83555    2.00000
 180.02454   -0.01346   22.62192   22.32834    0.02799    0.01545   12.84871   -2.79692    1.92937   -2.93101    2.00000
 179.88934    0.03373   20.95000   20.63885    0.11568    0.06385   52.41148   -1.32943   -2.83620   -3.95264    2.00000
 179.96182   -0.10679   22.45597   22.17793    0.11341    0.06259   14.63966   -2.50614    0.18998   -3.54896    2.00000
 180.02377    0.01036   23.64955   23.22162    0.02594    0.01432    5.79973   -2.40657    0.87254    5.10645    2.00000
 180.01614   -0.05003   21.85075   21.61746    0.05257    0.02902   23.61830    2.57776    2.61819    5.30829    2.00000
 180.07886   -0.01426   21.74300   21.51540    0.08014    0.04423   25.44846   -1.61224   -0.79544   -2.40378    2.00000
 180.05695   -0.03707   23.10181   22.75476    0.06796    0.03751    8.82304   -0.94331   -1.09321   -4.95118    2.00000
 179.93307    0.17864   23.63024   23.20550    0.19077    0.10529    5.88091   -2.98279    1.07145    0.47151    2.00000
 179.98398   -0.01289   22.25642   21.99443    0.02056    0.01135   16.85829   -2.83876   -2.86573   -6.17271    2.00000
 179.99651   -0.01144   23.62542   23.20147    0.01196    0.00660    5.90118    2.62033   -0.59052   -1.04254    2.00000
 179.99162   -0.07870   21.63260   21.40897    0.07914    0.04368   28.11913    6.33188    0.22618    6.53380    2.00000
 179.95241    0.04984   21.51242   21.29186    0.06891    0.03803   31.19958   -1.29533   -0.28588   -1.22616    2.00000
 179.98901    0.03248   22.93673   22.60980    0.03428    0.01892    9.95052   -5.33688   -0.75359   -3.18888    2.00000
 179.84161    0.22629   22.10621   21.85650    0.27621    0.15245   19.33179    2.66736    5.27656    8.48272    2.00000
 179.96301    0.06896   22.74734   22.44079    0.07825    0.04319   11.50961    2.20195    0.40713    2.69087    2.00000
 180.01685   -0.00095   22.44425   22.16725    0.01688    0.00932   14.76681   -1.23047    1.68591    1.42013    2.00000
 180.01768   -0.04172   21.30122   21.07377    0.04532    0.02501   36.93627    1.71345   -0.17626    0.91782    2.00000
 180.01260    0.12920   21.52486   21.30456    0.12981    0.07165   30.86549   -1.89426   -1.18449   -2.85263    2.00000
 179.97473   -0.04098   23.25223   22.88563    0.04814    0.02657    7.80511    0.17550    4.66063    5.31288    2.00000
 180.00250    0.00930   21.80721   21.57663    0.00963    0.00531   24.35037    1.74630   -2.53687   -0.82204    2.00000
 179.92719    0.00551   23.54773   23.13639    0.07303    0.04031    6.22884   -3.18581   -0.34145    0.62750    2.00000
 180.04689    0.07281   21.78543   21.55622    0.08660    0.04780   24.71640    2.71139    0.49967    3.02429    2.00000
 180.00516    0.01460   21.36679   21.14306    0.01549    0.00855   35.11353   -1.33518   -2.91395   -4.32303    2.00000
 179.99815    0.03084   22.79475   22.48317    0.03090    0.01705   11.00504   -4.79356   -0.08040   -3.53618    2.00000
 179.94351   -0.07533   23.61578   23.19342    0.09416    0.05197    5.94172   -0.06576   -1.91505   -1.85879    2.00000
 180.25407   -0.07923   23.61096   23.18939    0.26614    0.14689    5.96198   -7.74785   -0.07956   -8.69032    2.00000
 179.95168    0.01647   23.18640   22.82847    0.05105    0.02818    8.24966    2.81247   -4.37961   -0.05237    2.00000
 179.97021   -0.01107   23.34177   22.96203    0.03178    0.01754    7.21086    1.75051   -0.50424   -3.84894    2.00000
 179.95329    0.02426   21.23059   20.99822    0.05263    0.02905   38.94354    4.05223   -3.20029    0.74269    2.00000
 180.01740    0.01251   21.50798   21.28732    0.02143    0.01183   31.31890    1.33737    3.11043    4.99896    2.00000
 179.98724    0.02084   23.32000   22.94358    0.02443    0.01348    7.35434   -1.70166    0.26341   -9.20616    2.00000
 179.82437    0.22363   21.25875   21.02852    0.28436    0.15694   38.12645    3.37554   -0.70580    2.96458    2.00000
 180.00578    0.02925   23.49098   23.08836    0.02982    0.01646    6.47062   -5.58387   -0.73036   -7.35624    2.00000
 179.98289    0.03646   23.14022   22.78832    0.04027    0.02223    8.56195   -2.72453    0.52174   -5.51384    2.00000
 179.95509   -0.00700   22.06125   21.81392    0.04546    0.02509   20.09524    2.11576    1.12424    2.55906    2.00000
 180.04848   -0.02549   22.51222   22.22919    0.05477    0.03023   14.02931   -1.47509   -0.46949   -2.92372    2.00000
 180.00623    0.01046   23.12822   22.77783    0.01218    0.00672    8.64354    0.96104   -2.68579   -5.56950    2.00000
 179.97911    0.00358   21.40591   21.18304    0.02119    0.01170   34.06205    1.56000    0.97475    2.19143    2.00000
 180.02750   -0.07646   22.25899   21.99679    0.08126    0.04485   16.81592    1.31814    0.90590    2.88483    2.00000
 179.96298    0.06316   23.36626   22.98278    0.07321    0.04040    7.04944   -0.00024   -0.77475   -7.04791    2.00000
 179.96274   -0.04844   22.68974   22.38927    0.06111    0.03373   12.12314    5.11187    0.97350    6.83585    2.00000
 180.02863   -0.04762   22.40132   22.12781    0.05556    0.03067   15.23646    0.06355   -0.14374   -2.12450    2.00000
 180.02518   -0.03009   23.41798   23.02659    0.03923    0.02165    6.78163   -1.38953   -2.41696   -1.41288    2.00000
 180.07143   -0.03935   22.61410   22.32131    0.08155    0.04501   12.93243    0.55209    0.24876    2.38784    2.00000
 180.17139    0.01981   23.27418   22.90468    0.17253    0.09522    7.65693    0.05854    3.59754    8.07041    2.00000
 180.25052   -0.09914   21.89430   21.65828    0.26943    0.14870   22.88624    1.36049    0.60288    1.44300    2.00000
 179.85863    0.07157   22.99642   22.66256    0.15846    0.08746    9.54019   -1.87915    1.85276    2.88367    2.00000
 179.94838   -0.00306   23.00288   22.66823    0.05171    0.02854    9.49609   -3.24150   -1.86620   -3.07251    2.00000
 179.98122   -0.03852   22.06125   21.81392    0.04286    0.02365   20.09524   -5.76301    1.10690   -5.28965    2.00000
 179.98303   -0.01766   22.20501   21.94718    0.02449    0.01352   17.70559   -1.90831   -1.03543   -1.80839    2.00000
 179.91711   -0.23794   22.75982   22.45194    0.25196    0.13906   11.37683   -3.72084    1.24251    0.09857    2.00000
 180.42484    0.11955   22.26413   22.00152    0.44133    0.24359   16.74035   -7.96673    2.01599   -6.01631    2.00000
 179.99088   -0.07563   21.94341   21.70421    0.07617    0.04204   22.06266   -0.52275    1.00645    0.62192    2.00000
 179.99368    0.00775   22.88196   22.56098    0.00999    0.00552   10.33024   -0.58097   -3.38725   -1.13433    2.00000
 179.95401   -0.02130   23.44503   23.04949    0.05068    0.02797    6.66636   -2.08449   -0.88592   -1.91980    2.00000
 180.09756    0.07106   22.73986   22.43410    0.12069    0.06661   11.58928   -4.94964    0.58420   -6.05369    2.00000
 180.04953   -0.03485   22.91847   22.59353    0.06056    0.03343   10.07709   -3.20695    2.37721    1.08868    2.00000
 180.05907   -0.02667   22.85588   22.53774    0.06480    0.03576   10.51106    1.79320   -0.14235    4.30664    2.00000
 180.06371    0.01421   22.09846   21.84912    0.06527    0.03602   19.46397   -0.66416    1.61860    0.85323    2.00000
 180.24605   -0.33837   23.76279   23.31538    0.41837    0.23091    5.32768   -1.48058   -0.58829    0.40363    2.00000
 180.02521   -0.04110   23.77232   23.32325    0.04821    0.02661    5.28809   -0.95816   -3.64622   -1.53456    2.00000
 179.61821    0.03506   23.79613   23.34290    0.38340    0.21161    5.18913   -1.77200    0.51286   -3.68003    2.00000
 180.04764    0.03338   21.83987   21.60725    0.05816    0.03210   23.80132   -0.88600    1.37743    0.55708    2.00000
 179.95551    0.03664   22.92630   22.60050    0.05764    0.03182   10.02285   -1.48196   -0.14623    0.22568    2.00000
 180.02232   -0.00319   23.73551   23.29283    0.02255    0.01245    5.44123   -1.42996    2.33728    1.85749    2.00000
 179.97183    0.17228   22.97702   22.64555    0.17457    0.09635    9.67250    0.41537    2.65369    5.46019    2.00000
 179.93654   -0.04212   22.26156   21.99916    0.07616    0.04204   16.77356   -1.56475    2.76425    0.46073    2.00000
 179.91641   -0.01536   23.60614   23.18537    0.08499    0.04691    5.98225    3.02867    1.55497   12.87303    2.00000
 179.97704    0.03876   23.19616   22.83694    0.04505    0.02486    8.18380    2.55392   -2.26663   -0.07238    2.00000
 180.02599    0.00575   23.40437   23.01506    0.02661    0.01469    6.83968    1.32410    1.22993    5.20983    2.00000
 179.92188    0.17016   22.22044   21.96136    0.18724    0.10334   17.45140   -6.69484    0.57390   -4.89479    2.00000
 179.98514    0.07449   23.79375   23.34094    0.07596    0.04192    5.19903   -1.03111   -0.07812    2.70657    2.00000
 180.11528   -0.08178   23.35538   22.97356    0.14134    0.07801    7.12118   -2.58186   -3.30405   -8.17387    2.00000
 180.00374    0.01631   20.97929   20.68277    0.01673    0.00923   50.76562    1.33583   -1.55782   -0.27951    2.00000
 179.97325   -0.03022   23.62703   23.20281    0.04036    0.02227    5.89443   -5.56889    0.77283   -1.75557    2.00000
 180.05803    0.00762   23.44233   23.04720    0.05853    0.03231    6.67787   -4.20587   -1.23021  -10.82955    2.00000
 179.89244   -0.03321   21.88886   21.65318    0.11258    0.06213   22.97774    4.09718    1.92244    5.66243    2.00000
 180.03558    0.00681   23.22298   22.86023    0.03622    0.01999    8.00269   -3.91692   -1.69608   -6.80934    2.00000
 179.93884   -0.00348   23.25955   22.89198    0.06125    0.03380    7.75571    3.73019   -1.39828    3.50341    2.00000
 179.99899   -0.03250   23.77708   23.32718    0.03252    0.01795    5.26830   -3.08271    1.95966    0.73474    2.00000
 179.98184   -0.00541   22.86892   22.54936    0.01895    0.01046   10.42065   -4.21770   -0.32749   -4.93628    2.00000
 179.87807    0.04005   21.31942   21.09316    0.12834    0.07083   36.42619   -1.54434   -2.64665   -4.00510    2.00000
 179.95493    0.06741   22.85848   22.54006    0.08110    0.04476   10.49298    2.63687   -0.12855    3.69691    2.00000
 180.01839   -0.07750   22.70743   22.40511    0.07965    0.04396   11.93451   -0.73270    2.91344    3.11961    2.00000
 180.70709   -0.45428   23.05621   22.71490    0.84044    0.46389    9.13308   -9.78520    3.91826   -9.68204    2.00000
 179.98050   -0.03963   23.50449   23.09980    0.04416    0.02437    6.41306    6.54994   -1.00630    8.24597    2.00000
 179.99409   -0.05186   23.38532   22.99892    0.05219    0.02881    6.92390    5.82441    0.11897    6.33491    2.00000
 180.01738   -0.01684   23.23760   22.87293    0.02420    0.01336    7.90390   -0.79326    0.10676    3.28493    2.00000
 180.02527   -0.03871   21.88886   21.65318    0.04623    0.02552   22.97774    2.84387   -0.14959    2.04929    2.00000
 180.03212   -0.00275   22.09381   21.84470    0.03224    0.01779   19.54328   -0.30567    0.88845    1.78519    2.00000
 179.88823    0.00978   23.76041   23.31342    0.11219    0.06192    5.33757   -0.24018   -2.64366    2.83683    2.00000
 180.02707   -0.03512   21.80993   21.57918    0.04434    0.02447   24.30461   -3.50857    1.05324   -3.18770    2.00000
 179.92387   -0.02019   23.63827   23.21221    0.07875    0.04346    5.84713    3.71457    2.17251    3.82565    2.00000
 180.06503   -0.03970   23.63827   23.21221    0.07620    0.04206    5.84713   -4.97316    1.91834   -1.42146    2.00000
 180.05222   -0.04371   22.80971   22.49655    0.06810    0.03758   10.84570    1.39392   -2.67706   -1.51964    2.00000
 180.04604    0.04800   22.73986   22.43410    0.06651    0.03671   11.58928   -3.62724   -2.55740   -5.77019    2.00000
 179.97229    0.06109   23.72990   23.28818    0.06708    0.03702    5.46464   -1.51912   -0.14712    7.11913    2.00000
 179.97389    0.05004   23.34994   22.96895    0.05644    0.03115    7.15705   -1.41722    2.69775    3.51732    2.00000
 179.97346    0.02283   23.52071   23.11352    0.03501    0.01932    6.34397   -2.43089   -1.42222   -6.90865    2.00000
 180.07777    0.04723   21.33560   21.11040    0.09100    0.05023   35.97279   -4.82274    1.96759   -2.76247    2.00000
 179.98666    0.03990   22.65583   22.35880    0.04207    0.02322   12.48592   -0.97504    0.39404   -3.02520    2.00000
 180.14005   -0.23436   23.52341   23.11581    0.27302    0.15068    6.33246    3.06074   -0.16502    4.50980    2.00000
 180.00119   -0.01368   23.49908   23.09523    0.01374    0.00758    6.43608   -5.09763    0.98814   -1.22229    2.00000
 180.01260    0.00712   22.77978   22.46979    0.01447    0.00799   11.16438    4.15421   -0.05351    5.82953    2.00000
 180.03793    0.15930   23.76517   23.31735    0.16375    0.09038    5.31778    5.37513   -0.62971    8.92835    2.00000
 179.90494   -0.12677   20.96993   20.66899    0.15845    0.08745   51.28198   -2.84788    1.67285   -0.74842    2.00000
 179.97031   -0.19899   23.35810   22.97586    0.20119    0.11104    7.10325   -4.01393   -2.68916  -10.81739    2.00000
 179.99007    0.03195   22.02836   21.78330    0.03346    0.01847   20.64429   -5.42562    0.56834   -6.06702    2.00000
 179.98392    0.03077   21.22423   20.99134    0.03471    0.01916   39.20136    0.18714   -1.03633   -0.97033    2.00000
 180.07576    0.06685   22.12574   21.87455    0.10103    0.05576   19.00797   -2.77151    0.00198   -3.16585    2.00000
 179.99911   -0.26416   23.80089   23.34683    0.26416    0.14580    5.16934    1.71825    0.81255    5.60537    2.00000
 179.97037   -0.01085   23.72990   23.28818    0.03156    0.01742    5.46464    1.19583    2.97629    4.75705    2.00000
 180.00557    0.00963   21.65039   21.42609    0.01112    0.00614   27.66861   -1.07139   -2.97867   -3.20628    2.00000
 179.98950    0.00864   22.72240   22.41849    0.01360    0.00750   11.77518    4.08798    0.21997    4.14650    2.00000
 179.92950   -0.02706   22.50753   22.22492    0.07550    0.04167   14.08017   -0.64230    0.60433   -1.73489    2.00000
 179.99191    0.02721   21.91335   21.67614    0.02838    0.01567   22.56596    0.56827   -0.66729    0.29653    2.00000
 179.93942    0.01234   22.17931   21.92356    0.06182    0.03412   18.12924    1.33848   -0.73447    1.74662    2.00000
 179.97423    0.05926   23.57241   23.15719    0.06462    0.03567    6.12413    5.25472   -3.49845    3.87052    2.00000
 180.03918    0.00384   23.66815   23.23703    0.03937    0.02173    5.72213   -3.16699    0.04265   -5.57389    2.00000
 180.12033    0.14389   21.90518   21.66849    0.18757    0.10352   22.70322   -0.53758    0.93144    0.97357    2.00000
 180.10435   -0.05484   23.50179   23.09751    0.11789    0.06507    6.42457   -3.33394   -1.53486  -11.20438    2.00000
 179.97581   -0.04490   23.54503   23.13410    0.05100    0.02815    6.24035    3.19505   -0.60525    7.00548    2.00000
 180.22604    0.59769   23.28734   22.91591    0.63900    0.35269    7.56956    2.94314    1.07856    8.15962    2.00000
 179.86391    0.03359   22.85066   22.53309    0.14019    0.07737   10.54722   -2.67404    1.00176   -2.94053    2.00000
 179.95680    0.04363   22.65061   22.35412    0.06140    0.03389   12.54174    3.24233    1.45648    2.98383    2.00000
 179.98291   -0.04941   23.24248   22.87716    0.05228    0.02885    7.87097    4.58613    0.45304    4.12396    2.00000
 179.92062   -0.16096   23.10661   22.75895    0.17947    0.09905    8.79040    4.33775    1.62846    4.71147    2.00000
 179.95808    0.01642   21.88886   21.65318    0.04501    0.02484   22.97774   -0.59628   -0.27955   -1.65880    2.00000
 179.96423   -0.01765   22.02836   21.78330    0.03989    0.02202   20.64429   -0.35702    0.98492    0.53470    2.00000
 180.00710    0.03898   23.24736   22.88139    0.03962    0.02187    7.83804   -3.19337    0.14464   -0.41386    2.00000
 180.00650    0.02902   23.31183   22.93666    0.02974    0.01642    7.40814   -4.18356    2.46212   -2.46799    2.00000
 179.95009   -0.03033   23.72616   23.28508    0.05841    0.03224    5.48025   -9.66902   -3.58801  -13.95942    2.00000
 179.99648    0.04812   23.78184   23.33111    0.04825    0.02663    5.24851   -2.30436   -0.24657   -9.16011    2.00000
 180.17294    0.02844   21.79360   21.56387    0.17527    0.09673   24.57914   -1.89108    1.01704   -1.85267    2.00000
 179.88242    0.05928   23.74868   23.30374    0.13169    0.07268    5.38631    1.34031   -2.19390   -4.22938    2.00000
 180.00343   -0.02256   23.06821   22.72539    0.02282    0.01259    9.05149   -1.63792    2.19417   -0.77282    2.00000
 180.03923    0.09916   23.16446   22.80942    0.10664    0.05886    8.39784    0.36833   -2.57597   -2.89130    2.00000
 180.02817   -0.02847   23.66254   23.23239    0.04005    0.02211    5.74554    3.45666    0.59813   -0.08263    2.00000
 179.93420   -0.04102   22.03932   21.79351    0.07753    0.04279   20.46127   -3.17687    4.26566    1.45028    2.00000
 180.00229   -0.01993   23.43152   23.03805    0.02006    0.01107    6.72392   -0.92898    0.31549   -3.19508    2.00000
 180.00330   -0.03080   23.54773   23.13639    0.03097    0.01709    6.22884   -6.05154   -1.14233   -7.64608    2.00000
 180.01294    0.02148   22.33171   22.06369    0.02507    0.01384   16.00007   -2.13306   -5.26427   -5.74630    2.00000
 180.02113   -0.01082   21.51331   21.29277    0.02374    0.01310   31.17572    5.19045   -0.00028    5.17575    2.00000
 180.01480   -0.04299   23.20835   22.84753    0.04547    0.02510    8.10148   -1.36960    1.35784   -0.40040    2.00000
 180.14117    0.00948   22.45363   22.17580    0.14149    0.07809   14.66509    4.33371   -2.49108    0.63716    2.00000
 179.92319    0.00401   23.71493   23.27578    0.07692    0.04246    5.52706    1.28115   -1.82252    5.98684    2.00000
 179.93808    0.05174   23.00934   22.67390    0.08069    0.04453    9.45199    0.21661    0.26193    3.59373    2.00000
 180.05141    0.05688   16.06725   15.13182    0.07667    0.04232 1167.56152   -0.87304   -2.32788   -3.20664    2.00000
 180.02702    0.04529   18.03958   17.64837    0.05275    0.02911  345.78482   -1.90289   -2.04592   -3.96839    2.00000
 180.04048    0.06036   23.03220   22.69392    0.07267    0.04011    9.29626   -4.44153   -0.56770   -3.50373    2.00000
 179.96535   -0.04862   23.60775   23.18671    0.05971    0.03296    5.97550    4.90168    0.01689    6.77853    2.00000
 179.84824   -0.00665   22.88196   22.56098    0.15192    0.08385   10.33024   -5.73729   -0.59825   -5.23318    2.00000
 180.02779   -0.00837   21.89702   21.66083    0.02902    0.01602   22.84048    0.33664   -1.27537   -0.38964    2.00000
 179.96744    0.08216   23.78184   23.33111    0.08838    0.04878    5.24851    2.37456   -0.07411    9.80355    2.00000
 180.03386    0.02687   23.10901   22.76105    0.04322    0.02386    8.77409   -0.83499   -0.58977   -2.29076    2.00000
 180.01282    0.06213   23.16202   22.80731    0.06344    0.03501    8.41431    1.71232    0.90548   -2.17603    2.00000
 180.04865    0.06101   22.34371   22.07474    0.07803    0.04306   15.86841   -1.62026   -1.10401   -3.22898    2.00000
 180.04248   -0.09003   23.67189   23.24013    0.09955    0.05494    5.70652   -1.53087    2.87381   -2.52203    2.00000
 179.95076   -0.04652   23.35538   22.97356    0.06774    0.03739    7.12118    0.67169   -3.98495   -1.02166    2.00000
 179.98776   -0.01626   23.46395   23.06550    0.02036    0.01124    6.58576   -5.59584   -1.99560   -5.53937    2.00000
 179.99905   -0.01403   22.84544   22.52844    0.01407    0.00776   10.58339    1.90771    1.93520    3.29837    2.00000
 180.09413    0.09635   23.75327   23.30752    0.13469    0.07434    5.36726    2.75533   -3.02158   -1.80760    2.00000
 180.02669    0.03762   21.46590   21.24433    0.04613    0.02546   32.44979   -1.07940    1.32587    0.60356    2.00000
 179.96243   -0.06418   20.86170   20.49177    0.07437    0.04105   58.03898   -1.62759    2.51569    0.72438    2.00000
 179.97414    0.01951   23.24004   22.87504    0.03241    0.01789    7.88743   -3.58152   -3.57200   -4.83197    2.00000
 179.98338   -0.01437   23.51800   23.11123    0.02197    0.01212    6.35549   -4.50467   -1.49189   -6.92935    2.00000
 180.01381   -0.07841   22.93412   22.60748    0.07961    0.04394    9.96860   -1.50446    1.22439    0.50768    2.00000
 180.03967   -0.01197   23.71306   23.27423    0.04145    0.02288    5.53487   -1.00843   -0.19579   -3.37808    2.00000
 179.97362   -0.04751   23.57562   23.15987    0.05435    0.03000    6.11062   -0.03208    1.24476    1.12495    2.00000
 180.15488   -0.43882   23.58847   23.17061    0.46534    0.25684    6.05657   -2.12462   -3.88232   -2.93501    2.00000
 179.98058   -0.02348   22.57497   22.28615    0.03048    0.01682   13.35104   -4.35170    0.49322   -4.04994    2.00000
 179.90572    0.01577   23.38804   23.00123    0.09559    0.05276    6.90933   -2.87582    2.17002   -2.81889    2.00000
 179.86600    0.38877   23.18153   22.82424    0.41121    0.22696    8.28259    6.22790    1.99922    6.03575    2.00000
 179.96384    0.00690   22.43012   22.15435    0.03682    0.02032   14.92048   -1.46566    1.92150    2.33142    2.00000
 180.01799   -0.06342   23.40981   23.01967    0.06593    0.03639    6.81646    0.63628   -1.47482    2.34729    2.00000
 180.01767   -0.01006   21.01431   20.73368    0.02033    0.01122   48.85764   -0.80105   -1.06026   -1.63766    2.00000
 179.84642   -0.11516   23.50179   23.09751    0.19196    0.10595    6.42457   -3.61014    1.96222   -8.62838    2.00000
 179.98093   -0.01570   22.90022   22.57726    0.02471    0.01364   10.20367    0.36992    3.17192    5.57601    2.00000
 180.07654   -0.01631   18.04845   18.07270    0.07825    0.04319  275.79828   -5.15911   -0.61538   -5.76213    2.00000
 180.01443   -0.01586   21.64775   21.42354    0.02145    0.01184   27.73573   -1.21717    1.88368    0.76371    2.00000
 180.12202   -0.10936   21.67685   21.45161    0.16385    0.09043   26.99746    0.44762    3.92436    5.23175    2.00000
 180.01006   -0.01331   23.77708   23.32718    0.01668    0.00921    5.26830   -2.89054    1.20282    6.42014    2.00000
 180.03024   -0.03459   22.62975   22.33537    0.04595    0.02536   12.76499    4.30628    0.71501    4.46075    2.00000
 180.03709    0.02065   23.24979   22.88351    0.04246    0.02344    7.82157   -0.57596   -1.11492   -1.78024    2.00000
 180.08907    0.02024   22.10544   21.85576    0.09134    0.05041   19.34501   -2.62281    0.66448   -1.85231    2.00000
 179.99129    0.03111   23.09461   22.74846    0.03230    0.01783    8.87199    1.64905   -0.83846   -0.82303    2.00000
 180.01863    0.01529   23.49098   23.08836    0.02410    0.01330    6.47062    1.68323   -1.01773    0.27190    2.00000
 179.99879    0.05630   22.33891   22.07032    0.05631    0.03108   15.92108    4.65583   -0.50628    3.57549    2.00000
 179.65111   -0.17535   23.76041   23.31342    0.39047    0.21551    5.33757   -6.46268   -0.84895   -1.20330    2.00000
 179.98117    0.00987   23.33088   22.95280    0.02126    0.01173    7.28260   -4.36400    0.70258   -2.43164    2.00000
 179.70039    0.13487   23.47206   23.07236    0.32857    0.18135    6.55122   -8.81072    0.90208   -4.69536    2.00000
 179.98592    0.03806   22.21787   21.95899    0.04059    0.02240   17.49376   -1.10008   -0.74848   -2.76380    2.00000
 180.04247   -0.00842   19.28149   18.75644    0.04330    0.02390  188.58051   -2.43526   -1.73906   -4.18357    2.00000
 180.05663   -0.03232   21.03676   20.76327    0.06519    0.03598   47.74842    2.10384    2.66300    4.39995    2.00000
 179.99413    0.06003   20.46975   20.00795    0.06032    0.03329   82.97252   -2.51633   -0.70499   -3.24208    2.00000
 180.00423   -0.01445   20.95746   20.65062    0.01505    0.00831   51.97045    1.47710    0.60000    2.00332    2.00000
 179.98460   -0.00502   23.18153   22.82424    0.01618    0.00893    8.28259    1.57629   -2.05620    2.11552    2.00000
 179.96609    0.03903   22.05029   21.80372    0.05171    0.02854   20.27825   -6.43378   -1.57904   -8.21653    2.00000
 179.93541    0.01953   23.38259   22.99661    0.06747    0.03724    6.94184   -0.19090    0.72689    6.72331    2.00000
 179.97523    0.01867   20.74106   20.31910    0.03101    0.01712   66.93741    0.43513   -4.50004   -3.95299    2.00000
 179.88487   -0.09595   23.17909   22.82212    0.14988    0.08272    8.29905   -5.38909    3.92650   -0.26952    2.00000
 180.11151    0.10405   22.14108   21.88858    0.15251    0.08418   18.75650    1.16919    0.23306    1.15267    2.00000
 179.96945   -0.00946   23.83185   23.37239    0.03199    0.01765    5.04069   -2.48476   -0.54979   -1.56115    2.00000
 180.03423   -0.04048   22.86892   22.54936    0.05302    0.02926   10.42065   -1.67305    0.91373    3.48853    2.00000
 179.99547    0.02421   22.03110   21.78585    0.02463    0.01359   20.59853   -4.53190    2.34425   -1.18258    2.00000
 179.97809   -0.01151   22.03110   21.78585    0.02474    0.01366   20.59853    1.37395    4.66625    5.79052    2.00000
 179.70177   -0.02587   22.52394   22.23987    0.29935    0.16522   13.90215    8.46457    2.27090    9.46031    2.00000
 180.09691    0.02463   22.87153   22.55169    0.09999    0.05519   10.40257    1.90621    3.22271    9.01310    2.00000
 180.04028   -0.02717   23.56125   23.14782    0.04859    0.02682    6.17127    2.12094    1.93183    4.37768    2.00000
 179.94743    0.03799   20.96889   20.66746    0.06486    0.03580   51.33935    6.69425    2.89994    9.72008    2.00000
 179.98482   -0.01282   20.93384   20.61248    0.01987    0.01097   53.39957    2.36251    0.66535    2.58618    2.00000
 179.93643   -0.05723   21.38243   21.15905    0.08553    0.04721   34.69294    5.78715   -1.07467    5.22483    2.00000
 179.99130   -0.00126   21.65039   21.42609    0.00878    0.00484   27.66861    7.27248   -0.68412    7.74098    2.00000
 180.10400   -0.03105   22.10234   21.85281    0.10854    0.05991   19.39788   -5.03968   -1.39787   -6.75333    2.00000
 179.98726   -0.01392   22.06947   21.82158    0.01887    0.01042   19.95797    1.52165    2.95432    5.75685    2.00000
 179.86449   -0.09010   17.17088   16.45783    0.16274    0.08982  622.24213   -0.48349    1.02216    0.56372    2.00000
 180.01028   -0.04096   23.47206   23.07236    0.04223    0.02331    6.55122    1.51911    0.86984    0.84668    2.00000
 179.90585   -0.02573   23.20591   22.84541    0.09760    0.05387    8.11794    2.64969    0.98574    3.62337    2.00000
 179.96408   -0.01183   23.08021   22.73588    0.03782    0.02087    8.96990   -1.97646    2.36548    0.31776    2.00000
 179.94267    0.03456   22.70743   22.40511    0.06694    0.03695   11.93451   -4.74807    2.73229   -0.72396    2.00000
 179.90715    0.06623   23.10421   22.75686    0.11405    0.06294    8.80672   -2.79623    3.82848    2.72805    2.00000
 179.86781    0.05237   21.15581   20.91194    0.14218    0.07847   42.17677    2.46195   -0.71465    1.79771    2.00000
 179.95097    0.03439   23.81042   23.35469    0.05988    0.03305    5.12976   -2.70718    0.39238   -4.65283    2.00000
 179.95123   -0.26211   21.22136   20.98809    0.26661    0.14715   39.32300   -2.56672   -3.23949   -5.72804    2.00000
 180.22862   -0.14543   22.72240   22.41849    0.27096    0.14955   11.77518   -0.82625    2.77948    1.42002    2.00000
 179.98306   -0.02624   22.41332   22.13887    0.03124    0.01724   15.10480    3.51398   -0.56254    1.43048    2.00000
 180.05309    0.05441   23.27918   22.90900    0.07602    0.04196    7.62329    1.84910   -0.84331   -1.14036    2.00000
 180.00958    0.02492   22.40852   22.13445    0.02670    0.01474   15.15746    5.88465   -2.00108    3.88011    2.00000
 179.97781    0.02527   23.75565   23.30949    0.03362    0.01856    5.35737   -3.02664    2.34336   -0.54237    2.00000
 179.92279    0.02072   22.95760   22.62840    0.07994    0.04412    9.80587   -1.05293    1.88470   -1.55942    2.00000
 179.96962    0.00950   23.09221   22.74637    0.03183    0.01757    8.88831   -2.31312   -2.67427   -5.43931    2.00000
 180.11028    0.05429   23.42611   23.03348    0.12291    0.06784    6.74695    3.05141    4.84528    6.61864    2.00000
 180.02377    0.00391   23.33905   22.95972    0.02409    0.01329    7.22879   -3.88541   -3.77732   -8.43953    2.00000
 180.06976    0.02034   21.70067   21.47457    0.07266    0.04010   26.39342   -4.74492    0.65826   -3.84154    2.00000
 180.01981   -0.02307   21.61508   21.39213    0.03040    0.01678   28.56209    2.64527    1.36271    3.30051    2.00000
 180.30122    0.09862   22.45363   22.17580    0.31696    0.17494   14.66509    3.03935    1.46567    3.91642    2.00000
 179.94441    0.04142   23.60454   23.18403    0.06933    0.03826    5.98901    0.52959   -0.91618   -0.71111    2.00000
 179.99353    0.00391   22.85588   22.53774    0.00756    0.00417   10.51106    0.32163    1.40810    2.20800    2.00000
 179.86887    0.05039   22.45128   22.17366    0.14048    0.07753   14.69052    9.62565    0.25128   12.16521    2.00000
 179.95844    0.04682   22.47472   22.19502    0.06260    0.03455   14.43621   -2.25743   -3.02556   -6.67082    2.00000
 179.79372    0.10273   21.59367   21.37154    0.23045    0.12719   29.10349    1.10163   -0.71498   -0.42630    2.00000
 179.95374   -0.11690   22.29241   22.02751    0.12573    0.06939   16.43089    1.90692    3.75591    5.43985    2.00000
 179.98761   -0.03369   22.52159   22.23773    0.03589    0.01981   13.92758    2.56126    1.03888    2.89889    2.00000
 180.00069    0.02890   21.77211   21.54346    0.02890    0.01595   24.94517   -2.51976   -2.00235   -2.85625    2.00000
 180.08296    0.05061   21.80176   21.57153    0.09718    0.05363   24.44187   -1.92082   -0.82756   -2.58028    2.00000
 179.97977    0.01892   20.63201   20.18772    0.02770    0.01529   73.70787   -2.04139    1.64006   -0.54111    2.00000
 180.01743    0.03149   23.06581   22.72329    0.03599    0.01987    9.06781    1.60116   -0.42383    2.14959    2.00000
 179.83417    0.34853   23.02119   22.68429    0.38597    0.21303    9.37113    1.67822    1.57417   -1.34729    2.00000
 179.98891   -0.01268   22.20501   21.94718    0.01686    0.00930   17.70559   -1.01873   -2.04264   -2.68299    2.00000
 180.08607   -0.02718   23.65693   23.22774    0.09027    0.04982    5.76894    1.59253   -0.75606   -1.66784    2.00000
 179.99651   -0.02491   23.77470   23.32521    0.02515    0.01388    5.27820    2.14193   -4.48150   -2.26702    2.00000
 180.04701   -0.03386   22.44894   22.17153    0.05794    0.03198   14.71595    2.91242    1.79115    5.17708    2.00000
 180.09970   -0.08775   21.01930   20.74025    0.13282    0.07330   48.61114    2.02627    2.24654    4.11238    2.00000
 180.01762   -0.06744   22.91326   22.58888    0.06971    0.03847   10.11326   -3.78159    1.12599   -0.12535    2.00000
 179.92482   -0.01145   20.19478   19.71460    0.07605    0.04197  102.90085    0.19942    3.00057    3.07803    2.00000
 179.81323    0.20456   23.36354   22.98047    0.27699    0.15288    7.06738    3.10911   -1.83201   -0.28831    2.00000
 180.01181    0.02478   22.42772   22.15214    0.02745    0.01515   14.94681   -2.82415   -2.04231   -5.51710    2.00000
 179.93378    0.02029   21.67950   21.45416    0.06926    0.03823   26.93034    3.60445    3.44214    6.47674    2.00000
 179.90848    0.05452   23.58044   23.16390    0.10653    0.05879    6.09035    4.58400   -0.10124    3.62023    2.00000
 179.73746    0.34880   22.43488   22.15871    0.43657    0.24095   14.86854   -3.57050   -1.24208   -4.65956    2.00000
 179.99403    0.00016   22.50753   22.22492    0.00597    0.00330   14.08017   -2.34998   -1.58528   -5.46988    2.00000
 180.05013    0.07217   23.47206   23.07236    0.08787    0.04850    6.55122    0.63822    2.73142    4.16159    2.00000
 180.00783    0.04801   23.21810   22.85599    0.04864    0.02685    8.03562    1.72290    4.43951    6.47525    2.00000
 180.00038    0.01255   23.60132   23.18134    0.01256    0.00693    6.00252   -3.00073    2.50201    2.65029    2.00000
 180.02348    0.02259   22.09924   21.84986    0.03258    0.01798   19.45075    3.60489   -0.34645    4.25573    2.00000
 180.06221   -0.12319   22.43012   22.15435    0.13800    0.07617   14.92048   -0.33344    0.48289    0.95929    2.00000
 179.97238    0.03326   21.85075   21.61746    0.04324    0.02386   23.61830    4.34712    2.90050    6.65723    2.00000
 179.98706   -0.07902   21.47894   21.25765    0.08007    0.04419   32.09929    4.59715    1.12814    5.56748    2.00000
 180.01242    0.01545   23.08261   22.73797    0.01982    0.01094    8.95358    4.65971    1.78124    1.83872    2.00000
 180.03545    0.01167   23.14502   22.79252    0.03731    0.02059    8.52932    0.31561    2.87660    2.30191    2.00000
 179.96635    0.07806   23.80089   23.34683    0.08500    0.04691    5.16934   -3.69376   -0.43247   -2.64434    2.00000
 179.98289    0.03386   22.64800   22.35177    0.03794    0.02094   12.56964    0.05517   -3.37132   -1.53678    2.00000
 179.92358   -0.05177   21.79088   21.56132    0.09229    0.05094   24.62489   -7.43196   -1.36544   -8.75673    2.00000
 179.94969    0.03488   22.57758   22.28849    0.06122    0.03379   13.32313   -1.23683    0.17454   -0.34438    2.00000
 180.02441    0.00427   23.06341   22.72119    0.02478    0.01368    9.08412   -0.73961    0.79007    1.37875    2.00000
 179.98853   -0.04624   20.88710   20.53532    0.04764    0.02629   56.29140   -3.00420    0.20066   -2.59833    2.00000
 179.77704   -0.13270   23.28190   22.91130    0.25946    0.14320    7.60543    2.01687   -1.71152   -3.98927    2.00000
 180.03065   -0.03207   22.55206   22.26550    0.04437    0.02449   13.59698   -3.47739   -4.78105   -8.75198    2.00000
 179.95525   -0.00951   22.75483   22.44748    0.04576    0.02526   11.42994   -1.41336    0.16367    1.92371    2.00000
