#RA        DEC       MAG_G     MAG_I     ANGSEP    RPROJ     SNR       VTRUE       VSYS       VMEAS      VSYSERR    
 179.94424    0.03720   23.08501   22.74007    0.06702    0.03699    8.93726    1.27094    4.93174    7.84874    2.00000
 180.01512    0.01852   23.71493   23.27578    0.02391    0.01320    5.52706   -3.33918   -0.12580    0.37567    2.00000
 180.01474    0.09156   21.59561   21.37342    0.09274    0.05118   29.05427   -1.92989   -2.66626   -3.29618    2.00000
 180.16118    0.00457   22.54034   22.25482    0.16124    0.08899   13.72413   -2.84429    0.75766   -2.39829    2.00000
 180.08974   -0.03584   23.69248   23.25718    0.09662    0.05333    5.62070   -1.07013   -2.07189    0.73776    2.00000
 180.01793   -0.03165   20.89583   20.55029    0.03638    0.02008   55.73042   -3.67969   -2.60745   -6.64378    2.00000
 179.96788    0.00290   23.33633   22.95742    0.03225    0.01780    7.24673   -2.97695    1.59491    1.24655    2.00000
 180.04279   -0.00883   23.18153   22.82424    0.04369    0.02412    8.28259   -0.36715   -0.97087    0.18975    2.00000
 180.00606    0.04683   23.19128   22.83271    0.04722    0.02606    8.21673   -1.43734    2.80294    1.55056    2.00000
 179.98257    0.02347   21.93519   21.69655    0.02923    0.01614   22.19992    2.91351    1.09470    4.50660    2.00000
 180.06310    0.00614   22.38932   22.11676    0.06339    0.03499   15.36812   -2.39100    1.83760   -1.10780    2.00000
 180.14449   -0.22288   23.38259   22.99661    0.26561    0.14660    6.94184   -4.01398   -0.40525   -5.40881    2.00000
 179.95979    0.04598   22.85588   22.53774    0.06108    0.03371   10.51106    0.67614   -2.66007   -1.57817    2.00000
 179.86984    0.01424   21.36679   21.14306    0.13094    0.07227   35.11353   -2.70445    2.11442   -0.53525    2.00000
 179.71301    0.11788   22.79225   22.48094    0.31025    0.17124   11.03159   12.42451    0.63215   14.27205    2.00000
 180.03778    0.03091   21.30324   21.07592    0.04882    0.02694   36.87959    4.74146   -3.40535    1.47635    2.00000
 180.01801   -0.03241   23.06341   22.72119    0.03707    0.02046    9.08412    0.11276    0.02460   -0.36034    2.00000
 180.04440   -0.01582   22.71242   22.40957    0.04714    0.02602   11.88140    3.79560    3.74718    7.98729    2.00000
 179.89609   -0.01367   22.17931   21.92356    0.10480    0.05784   18.12924   -0.80395   -0.90984   -2.50157    2.00000
 180.05779    0.01888   22.13670   21.88457    0.06079    0.03355   18.82835   -0.49793   -0.33411   -1.47561    2.00000
 179.88261   -0.01751   23.10661   22.75895    0.11868    0.06550    8.79040    1.43593    0.98050   -1.23508    2.00000
 179.96780   -0.01929   21.24419   21.01296    0.03753    0.02071   38.53584   -1.35511   -0.96683   -2.19383    2.00000
 179.97218   -0.00673   23.21810   22.85599    0.02863    0.01580    8.03562   -4.98052    3.41573    0.52628    2.00000
 179.98297    0.02527   22.99534   22.66161    0.03048    0.01682    9.54754    1.05999   -2.41522    3.71221    2.00000
 180.03094    0.14521   23.42881   23.03577    0.14847    0.08194    6.73544   -2.69580    2.18501    3.61007    2.00000
 180.13155    0.30489   22.68452   22.38458    0.33206    0.18327   12.17895    0.34450    3.19370    5.38151    2.00000
 180.10518   -0.24774   23.02980   22.69182    0.26915    0.14855    9.31257   -1.59979   -3.34770   -5.80660    2.00000
 180.00545   -0.02324   22.19473   21.93773    0.02387    0.01317   17.87505   -3.14848   -2.91795   -6.07181    2.00000
 179.96034   -0.15401   20.92738   20.60194    0.15903    0.08777   53.79481    4.32879    1.76388    5.79796    2.00000
 179.96371   -0.01878   23.53152   23.12267    0.04085    0.02255    6.29792   -6.83086    0.02392   -9.29628    2.00000
 180.01466    0.02352   21.92970   21.69145    0.02771    0.01530   22.29143    4.26079    0.50810    3.57898    2.00000
 180.06459    0.01238   23.34721   22.96664    0.06576    0.03630    7.17499   -1.03554   -0.93443   -0.21892    2.00000
 179.94530    0.17578   18.00936   17.96147    0.18410    0.10161  292.38342   -6.93226    3.53009   -3.38095    2.00000
 180.16103   -0.17245   22.55933   22.27209    0.23594    0.13022   13.51848   -5.07058    0.17961   -4.76055    2.00000
 180.11993    0.05452   23.17665   22.82001    0.13175    0.07272    8.31552   -7.54728   -1.77690   -9.29157    2.00000
 179.94388    0.02502   23.47476   23.07464    0.06145    0.03392    6.53971    4.05266    1.16558    8.78233    2.00000
 180.02103   -0.03261   22.62192   22.32834    0.03880    0.02141   12.84871    3.97092    4.89264    7.87279    2.00000
 180.00763    0.03590   23.10901   22.76105    0.03670    0.02026    8.77409   -0.71058    0.57837   -1.63029    2.00000
 179.92993    0.00162   21.51864   21.29821    0.07009    0.03868   31.03254   -3.14717    0.91800   -3.76637    2.00000
 179.97099    0.03496   23.38259   22.99661    0.04543    0.02507    6.94184    1.84229    0.89508    6.13966    2.00000
 179.93050    0.01757   22.88717   22.56563    0.07170    0.03957   10.29408    2.82806   -0.28185    5.23606    2.00000
 179.99413    0.03743   21.85347   21.62001    0.03788    0.02091   23.57255   -4.58159    1.56780   -3.29825    2.00000
 179.91933   -0.01779   22.38932   22.11676    0.08260    0.04559   15.36812   -1.48762    2.40218    3.98951    2.00000
 180.04404    0.00003   23.24492   22.87928    0.04404    0.02430    7.85450    0.71695    0.03847   -1.43864    2.00000
 179.78123    0.11529   22.92369   22.59818    0.24729    0.13649   10.04093   -4.22304   -2.41513   -5.60811    2.00000
 179.99937   -0.01547   22.06399   21.81647    0.01549    0.00855   20.04948    0.85823    0.17077    1.74149    2.00000
 179.99159    0.01190   23.72054   23.28043    0.01457    0.00804    5.50366   -3.03871   -0.64734   -0.87250    2.00000
 180.00735    0.00533   20.23190   19.75381    0.00908    0.00501  100.21938   -0.57405   -2.15010   -2.67904    2.00000
 179.94743    0.01262   23.76517   23.31735    0.05406    0.02983    5.31778   -1.96631    2.08570   -4.46476    2.00000
 180.04086    0.02779   21.40069   21.17771    0.04941    0.02727   34.20225   -1.78118   -1.26979   -3.11029    2.00000
 179.87267   -0.08533   21.57225   21.35096    0.15328    0.08460   29.64489    2.78886   -2.45717   -0.20822    2.00000
 180.03229    0.01711   23.54773   23.13639    0.03654    0.02017    6.22884    0.96267    1.62073    4.56038    2.00000
 179.72893    0.23033   21.70331   21.47712    0.35571    0.19633   26.32630    3.02874    0.53315    3.22062    2.00000
 179.86745   -0.15551   21.29718   21.06946    0.20434    0.11278   37.04962    6.22074   -1.46856    4.44445    2.00000
 179.94112    0.00595   22.94716   22.61910    0.05918    0.03266    9.87819   -2.64067    1.29207   -0.69607    2.00000
 179.95261    0.01339   22.48878   22.20783    0.04925    0.02718   14.28362   -2.98359    3.00711    0.00221    2.00000
 179.93552    0.09876   22.37252   22.10128    0.11794    0.06509   15.55244    0.70368    3.20893    3.80311    2.00000
 180.00626   -0.02406   23.82947   23.37042    0.02486    0.01372    5.05059   -1.00151    0.37996   -2.58722    2.00000
 180.04785   -0.00643   23.56759   23.15316    0.04828    0.02665    6.14439    2.72721    3.13900    6.54953    2.00000
 180.00281   -0.03693   20.97409   20.67511    0.03703    0.02044   51.05248    0.51463    0.37371    0.89138    2.00000
 180.10262   -0.02438   19.97718   19.48578    0.10547    0.05821  118.83091   -1.05465   -0.47129   -1.49475    2.00000
 179.90125    0.01183   23.45314   23.05635    0.09946    0.05489    6.63182    0.45464   -1.81812   -3.31040    2.00000
 180.02309    0.02763   23.38532   22.99892    0.03601    0.01987    6.92390    2.01380   -1.76006    0.28473    2.00000
 180.14236   -0.11884   23.29006   22.91822    0.18545    0.10236    7.55162   -2.97426    0.71634   -6.17022    2.00000
 180.01161    0.00255   22.43722   22.16085    0.01188    0.00656   14.84311    1.60668    0.01904    4.28754    2.00000
 179.88879    0.13264   23.68312   23.24943    0.17309    0.09553    5.65971    1.57550   -1.56534   -2.18273    2.00000
 180.01974   -0.02546   23.66067   23.23084    0.03223    0.01779    5.75334   -2.63149   -0.48379    0.22596    2.00000
 180.00677    0.01537   23.71306   23.27423    0.01679    0.00927    5.53487    3.27981   -0.00996   11.29181    2.00000
 180.02892    0.01096   23.11381   22.76525    0.03092    0.01707    8.74145    2.61779   -1.07472   -1.17104    2.00000
 179.96986    0.07156   22.75732   22.44971    0.07765    0.04285   11.40338    0.47254    0.78952    0.18138    2.00000
 179.94443   -0.04339   23.54233   23.13182    0.07051    0.03891    6.25187   -0.52389    3.74887   -2.51169    2.00000
 180.02760    0.03262   19.79371   19.29355    0.04273    0.02358  135.77295    2.37999   -4.23557   -1.86034    2.00000
 179.99205    0.03141   23.56125   23.14782    0.03241    0.01789    6.17127   -0.17072    0.60848    1.25726    2.00000
 179.97298    0.00503   23.18884   22.83059    0.02750    0.01518    8.23320    0.68056   -0.10322   -0.98691    2.00000
 180.04237    0.05871   23.83185   23.37239    0.07241    0.03996    5.04069    0.99921   -2.11743   -4.31120    2.00000
 179.96008    0.01513   22.43012   22.15435    0.04269    0.02356   14.92048   -0.81182    0.98660   -0.23323    2.00000
 179.93414   -0.09785   22.49581   22.21424    0.11795    0.06510   14.20733   -4.19236    0.73700   -4.02880    2.00000
 180.05409   -0.20086   21.18280   20.94330    0.20802    0.11481   41.00169   -0.37182   -1.42633   -1.86833    2.00000
 179.94830    0.02705   22.61671   22.32365    0.05834    0.03220   12.90453    6.51549    0.84839    5.07325    2.00000
 180.00531   -0.05113   22.84023   22.52379    0.05140    0.02837   10.61955    1.91779    1.09110    3.19767    2.00000
 180.03780   -0.02007   23.59008   23.17195    0.04279    0.02362    6.04981   -0.24748    0.44880    5.34142    2.00000
 179.99101    0.09537   21.68479   21.45926    0.09580    0.05287   26.79611   -3.24609    1.51708   -1.36800    2.00000
 180.18045   -0.05692   23.42070   23.02890    0.18922    0.10443    6.77002    4.96099   -3.80361    0.24839    2.00000
 179.98373   -0.02744   21.75094   21.52305    0.03190    0.01761   25.31120   -1.78540    0.28425   -1.64797    2.00000
 179.99312    0.00208   22.63496   22.34005    0.00719    0.00397   12.70918    4.26545    0.32188    4.42208    2.00000
 180.00288   -0.04422   21.22514   20.99232    0.04431    0.02446   39.16453    5.54060    1.44892    6.74472    2.00000
 179.99979   -0.01779   23.17178   22.81577    0.01779    0.00982    8.34845    4.34611    1.56510    5.67004    2.00000
 180.01569    0.03376   21.34167   21.11686    0.03722    0.02055   35.80276    2.63620   -0.12008    1.74365    2.00000
 179.88210   -0.14472   22.57237   22.28381    0.18667    0.10303   13.37894    2.44518    0.99405    4.14009    2.00000
 179.99779   -0.02391   23.37443   22.98970    0.02401    0.01325    6.99564    3.21119   -2.71705    5.04765    2.00000
 179.94518    0.03759   22.35331   22.08359    0.06647    0.03669   15.76309    7.13868    1.28935    9.32507    2.00000
 179.85852    0.15093   23.64955   23.22162    0.20687    0.11418    5.79973    0.31613    1.04082   -4.98973    2.00000
 180.09189    0.04448   22.79724   22.48540    0.10209    0.05634   10.97848    1.17270   -2.88973   -2.00279    2.00000
 179.97340   -0.39909   22.82219   22.50770    0.39997    0.22076   10.74471    0.57775   -0.20734    1.11907    2.00000
 179.63779    0.96474   23.38259   22.99661    1.03049    0.56881    6.94184   -4.65755   -1.33329   -9.49779    2.00000
 180.03613   -0.05854   21.86164   21.62766    0.06879    0.03797   23.43528    4.76431    2.14883    6.06489    2.00000
 179.94086    0.07002   23.10181   22.75476    0.09166    0.05059    8.82304    0.62032    0.06266    3.02621    2.00000
 180.04324   -0.11323   23.84138   23.38025    0.12121    0.06690    5.00111   -2.26136    0.55812   -1.36912    2.00000
 180.01395   -0.07097   21.61703   21.39400    0.07233    0.03992   28.51287    1.51552   -0.20380    1.72438    2.00000
 180.08031   -0.06944   22.27184   22.00861    0.10616    0.05859   16.65595   -0.74800   -2.07599   -3.93997    2.00000
 180.23131    0.29452   21.46068   21.23900    0.37449    0.20669   32.58998   -6.91534    0.83350   -6.55260    2.00000
 179.97343    0.02033   22.29755   22.03223    0.03345    0.01846   16.37463    0.70063    2.30994    3.36161    2.00000
 179.99442    0.03481   21.24329   21.01198    0.03526    0.01946   38.56170  -12.90917    2.36967  -10.55200    2.00000
 179.91229    0.11047   22.92108   22.59586    0.14105    0.07785   10.05901    0.52686   -1.99215    0.26043    2.00000
 179.95963    0.02628   23.55314   23.14096    0.04817    0.02659    6.20581   -0.62352    1.04435    2.33448    2.00000
 179.92192   -0.02128   21.35635   21.13240    0.08093    0.04467   35.39392   -2.44576    1.54752   -1.44785    2.00000
 180.01862   -0.06744   21.62676   21.40335    0.06996    0.03861   28.26678   -1.62752   -2.70851   -4.36580    2.00000
 180.19447    0.14398   20.93169   20.60897    0.24197    0.13355   53.53132    5.47945    0.76046    6.18939    2.00000
 179.99956    0.07011   23.39892   23.01045    0.07011    0.03870    6.86289    3.75244   -0.89916    1.27661    2.00000
 180.08061    0.07306   23.24248   22.87716    0.10880    0.06005    7.87097    6.33293   -3.74482    6.42937    2.00000
 179.97421   -0.00463   20.75111   20.33220    0.02620    0.01446   66.26244    1.21019    0.09766    1.42486    2.00000
 180.01517   -0.15920   19.08124   18.54426    0.15992    0.08826  212.04578   -0.64477    0.33999   -0.28272    2.00000
 179.98486    0.01344   23.54503   23.13410    0.02024    0.01117    6.24035   -0.07968    1.81164    3.58356    2.00000
 180.08649    0.13147   22.85848   22.54006    0.15736    0.08685   10.49298   -2.12431   -1.95794   -0.45803    2.00000
 179.92313    0.00322   22.66887   22.37052    0.07694    0.04246   12.34639    2.99364    1.27901    3.51827    2.00000
 179.99651    0.14410   23.67002   23.23858    0.14414    0.07956    5.71433    1.23755    0.42165    0.53863    2.00000
 180.01747    0.16713   23.56598   23.15182    0.16804    0.09274    6.15115   -5.64079    0.39899   -3.92703    2.00000
 180.02525    0.01528   23.01042   22.67484    0.02953    0.01630    9.44464   -0.41148   -2.27774   -2.79617    2.00000
 179.92001    0.04198   21.95437   21.71441    0.09034    0.04986   21.87965    3.15178   -2.84845   -0.38821    2.00000
 180.08044    0.11110   22.38452   22.11234    0.13717    0.07571   15.42078   -0.80209   -0.37061   -2.11026    2.00000
 179.95784    0.04558   21.63065   21.40710    0.06208    0.03427   28.16835    0.46484    0.92645    0.50327    2.00000
 180.00522    0.01962   21.20594   20.97017    0.02031    0.01121   39.99447   -0.53203    1.97281    1.72894    2.00000
 179.94066    0.09513   23.76279   23.31538    0.11212    0.06188    5.32768   -0.04116    0.43698    2.11438    2.00000
 179.98570   -0.10792   23.03701   22.69811    0.10886    0.06008    9.26362    1.23411   -1.46232    3.92845    2.00000
 179.90599    0.09005   22.46535   22.18648    0.13018    0.07185   14.53793    2.87041   -0.89893    3.15678    2.00000
 180.01241    0.03308   21.58977   21.36780    0.03534    0.01950   29.20193   -0.39721    2.33527    2.09308    2.00000
 180.06442    0.10382   22.61410   22.32131    0.12219    0.06744   12.93243    6.18195    2.94328    9.74818    2.00000
 180.06487   -0.01276   22.59584   22.30490    0.06610    0.03648   13.12778    1.98450    1.16250    6.14469    2.00000
 180.00085   -0.02021   23.39620   23.00814    0.02023    0.01117    6.87450    0.13697   -1.76268   -6.00727    2.00000
 179.97665    0.08141   22.93673   22.60980    0.08470    0.04675    9.95052   -0.81749   -2.38991   -4.45015    2.00000
 180.12949    0.06914   23.08981   22.74427    0.14679    0.08102    8.90463    2.26464   -0.21961   -0.89495    2.00000
 180.00507    0.02155   20.92954   20.60545    0.02213    0.01222   53.66306    0.69181    1.46738    2.38591    2.00000
 180.00386    0.00544   22.39652   22.12339    0.00667    0.00368   15.28912   -7.31870   -0.18304   -6.41677    2.00000
 180.07217   -0.04634   22.57237   22.28381    0.08578    0.04734   13.37894   -0.36454   -0.04332    0.50703    2.00000
 180.01459   -0.00306   23.43692   23.04263    0.01490    0.00823    6.70090    2.27511    0.96689    0.07388    2.00000
 180.25090   -0.14965   22.68452   22.38458    0.29214    0.16124   12.17895    1.76592   -0.08825    0.53497    2.00000
 180.02177   -0.05218   23.09221   22.74637    0.05654    0.03121    8.88831   -1.36712   -0.47267   -2.73759    2.00000
 180.02393   -0.02791   23.71493   23.27578    0.03677    0.02029    5.52706    0.72031   -2.35169    0.18835    2.00000
 179.97089    0.15626   23.48557   23.08379    0.15894    0.08773    6.49365   -2.84858   -0.39752   -1.53296    2.00000
 179.91658    0.03569   23.22541   22.86234    0.09073    0.05008    7.98622   -4.86770   -2.87078   -9.40498    2.00000
 179.95972   -0.03047   21.70331   21.47712    0.05050    0.02787   26.32630   -0.97920    1.31341    0.59352    2.00000
 179.99678    0.04327   22.66105   22.36349    0.04339    0.02395   12.43011   -0.71211   -2.40824   -2.83486    2.00000
 180.42538   -0.18942   22.95499   22.62608    0.46565    0.25701    9.82395    5.12142   -0.56027    4.35092    2.00000
 180.00058    0.01877   23.77946   23.32914    0.01878    0.01037    5.25841   -1.71972   -0.30931    5.57266    2.00000
 180.08635    0.09912   21.85892   21.62511    0.13146    0.07256   23.48104    4.56939    3.09760    8.08723    2.00000
 179.92326   -0.03354   23.16202   22.80731    0.08375    0.04622    8.41431    2.25711    2.35341    6.38942    2.00000
 179.96312   -0.00540   23.17909   22.82212    0.03728    0.02057    8.29905    1.07104   -1.27125    0.80204    2.00000
 179.98853   -0.01782   23.67377   23.24168    0.02119    0.01170    5.69872   -2.72321    0.61348    2.03180    2.00000
 179.95970   -0.14098   21.60924   21.38651    0.14663    0.08093   28.70975   -0.12549   -1.30740   -0.96011    2.00000
 179.98322   -0.01533   23.11622   22.76735    0.02273    0.01254    8.72513    2.79894   -3.47302   -0.34666    2.00000
 180.03851    0.02632   22.06673   21.81902    0.04665    0.02575   20.00373   -4.62293   -0.83048   -4.93072    2.00000
 180.21091   -0.05570   21.12310   20.87223    0.21814    0.12039   43.66511    1.78324    0.21031    2.36384    2.00000
 180.21446    0.01148   21.37983   21.15639    0.21476    0.11853   34.76304   -0.12619   -0.22913    0.06543    2.00000
 180.01907    0.02238   21.94341   21.70421    0.02941    0.01623   22.06266    0.80293   -0.86545    0.13128    2.00000
 179.99435   -0.00123   23.76041   23.31342    0.00578    0.00319    5.33757    2.71096    1.23826    9.29922    2.00000
 179.99281    0.03641   23.71867   23.27888    0.03711    0.02048    5.51146   -3.85391    1.36822   -1.86970    2.00000
 180.02313   -0.02237   22.36051   22.09022    0.03218    0.01776   15.68409    1.65602    0.67650    2.24159    2.00000
 179.95090   -0.10557   22.29755   22.03223    0.11643    0.06426   16.37463   -0.53810    2.09202    0.94434    2.00000
 179.98918   -0.00837   17.46543   16.79164    0.01369    0.00755  531.68103   -3.31581   -1.63125   -4.94709    2.00000
 180.01768    0.01600   22.62453   22.33068    0.02384    0.01316   12.82081   -2.88630    1.31142   -1.81920    2.00000
 179.92143    0.02725   23.65318   23.22464    0.08315    0.04589    5.78455    1.01946    0.80055    0.75738    2.00000
 180.27505   -0.10529   23.21566   22.85388    0.29451    0.16255    8.05208    1.55756    0.45741   -0.87768    2.00000
 180.01131    0.02391   23.34177   22.96203    0.02644    0.01460    7.21086    1.17135   -2.07341    3.06891    2.00000
 179.96593   -0.09385   23.44773   23.05177    0.09984    0.05510    6.65484   -5.41106    2.60671    2.27874    2.00000
 180.02409    0.00682   23.34177   22.96203    0.02505    0.01383    7.21086   -1.93409    0.55924    1.56193    2.00000
 179.96268   -0.09111   22.69496   22.39396    0.09846    0.05434   12.06724   -4.62388   -3.41343   -8.98895    2.00000
 180.11275    0.05294   23.16934   22.81366    0.12455    0.06874    8.36491    2.12723   -1.09042    5.13858    2.00000
 180.00301   -0.01971   23.50719   23.10209    0.01994    0.01100    6.40154    3.33543   -1.72226    4.58175    2.00000
 180.11935   -0.16338   23.44503   23.04949    0.20233    0.11167    6.66636   -0.08185    0.72812   -0.85200    2.00000
 179.99417    0.07474   22.59584   22.30490    0.07497    0.04138   13.12778    0.06751   -3.25647   -4.21587    2.00000
 180.08980   -0.00208   23.74868   23.30374    0.08982    0.04957    5.38631   -4.66380   -2.91424   -8.03127    2.00000
 179.66524   -0.42024   23.06341   22.72119    0.53727    0.29654    9.08412    1.89589    2.39919    3.11277    2.00000
 180.02322    0.06194   23.44773   23.05177    0.06615    0.03651    6.65484   -0.62593   -0.75155   -4.27060    2.00000
 180.04443    0.07464   22.96493   22.63494    0.08687    0.04794    9.75504   -2.11146    2.71657   -1.54485    2.00000
 180.00966   -0.05243   23.81280   23.35666    0.05331    0.02942    5.11986    1.49865   -3.23261    5.20029    2.00000
 179.89104   -0.01009   22.06947   21.82158    0.10943    0.06040   19.95797    5.82496    2.39335    8.63499    2.00000
 180.01723   -0.02016   21.91607   21.67869    0.02652    0.01464   22.52020    6.41952   -1.60600    3.96358    2.00000
 179.85535    0.18494   22.42772   22.15214    0.23479    0.12959   14.94681   -2.67275    4.15668    1.27130    2.00000
 179.99406   -0.07941   23.21810   22.85599    0.07964    0.04395    8.03562    1.98942    0.09422    4.00706    2.00000
 179.98854    0.00541   23.26442   22.89621    0.01267    0.00699    7.72278    1.52974    0.12086   -3.86176    2.00000
 180.00441    0.01606   23.09461   22.74846    0.01665    0.00919    8.87199    1.61462   -0.84486    0.31314    2.00000
 180.01289    0.01453   23.51260   23.10666    0.01942    0.01072    6.37852    4.73311    0.13245    5.33827    2.00000
 180.01993   -0.04648   23.70744   23.26958    0.05057    0.02791    5.55827    2.78517    3.13634    9.10178    2.00000
 179.99483    0.03672   20.72002   20.29278    0.03709    0.02047   68.29418   -0.07747    2.50867    2.90002    2.00000
 179.98149   -0.05818   23.13062   22.77993    0.06106    0.03370    8.62723   -4.35797    0.57141   -4.10061    2.00000
 179.99631    0.00717   22.62453   22.33068    0.00807    0.00445   12.82081    3.60900   -1.13440    3.81085    2.00000
 180.03136    0.05783   21.27291   21.04361    0.06579    0.03631   37.72973    0.36282    1.16305    1.49811    2.00000
 179.97949    0.06665   20.40859   19.94198    0.06973    0.03849   87.35029   -4.68359    1.88007   -2.60911    2.00000
 179.81477    0.01845   23.06101   22.71909    0.18615    0.10274    9.10044    0.92682    1.28364    1.59129    2.00000
 180.02943    0.07678   22.18702   21.93064    0.08222    0.04538   18.00214    1.23345    2.55467    3.91099    2.00000
 180.00613   -0.01308   22.53097   22.24628    0.01445    0.00797   13.82586    0.61056    0.78896    0.28506    2.00000
 180.00366    0.00583   22.04481   21.79861    0.00689    0.00380   20.36976   -6.08514   -4.07724   -9.10817    2.00000
 179.96738    0.01173   21.92424   21.68635    0.03466    0.01913   22.38294   -1.96394   -1.66070   -3.63952    2.00000
 180.04712   -0.04097   23.26686   22.89833    0.06244    0.03446    7.70632    1.52953    1.40526    0.69822    2.00000
 180.00322   -0.12438   21.58004   21.35845    0.12442    0.06867   29.44802    1.33841    2.78778    4.52629    2.00000
 180.00861    0.02420   23.69622   23.26028    0.02568    0.01418    5.60509    4.37131   -0.29250    9.30274    2.00000
 180.08801   -0.06618   23.73925   23.29593    0.11011    0.06077    5.42563    1.89275    2.08444    8.93698    2.00000
 180.00049   -0.06577   23.61257   23.19074    0.06577    0.03630    5.95523   -6.69601   -2.48766   -6.71852    2.00000
 179.98579   -0.07191   23.13302   22.78203    0.07330    0.04045    8.61091   -0.92075   -3.34157   -4.92166    2.00000
 179.98393    0.05121   21.79088   21.56132    0.05367    0.02962   24.62489   -1.29148    1.73221    0.85398    2.00000
 180.04735    0.06713   21.31740   21.09101    0.08215    0.04534   36.48287    2.66414   -0.19409    3.08102    2.00000
 179.99667   -0.00176   20.15492   19.67259    0.00375    0.00207  105.77429   -0.37550   -0.94174   -1.14981    2.00000
 179.85156   -0.01372   23.65880   23.22929    0.14906    0.08227    5.76114   -2.57693   -1.61187    0.21461    2.00000
 180.02519   -0.07427   21.00631   20.72257    0.07842    0.04328   49.27392    2.21534   -0.84218    1.68903    2.00000
 179.96727    0.00590   23.32272   22.94589    0.03326    0.01835    7.33640   -1.63870    2.54407    0.92177    2.00000
 179.99101    0.03017   22.05851   21.81137    0.03148    0.01737   20.14099    1.72726   -2.15153    0.40824    2.00000
 180.12303   -0.10506   21.58199   21.36032    0.16179    0.08929   29.39880   -2.00308    0.90398   -0.96443    2.00000
 179.67516    0.08221   23.29550   22.92283    0.33509    0.18494    7.51575   -0.37571   -0.47903   -3.02363    2.00000
 179.97821   -0.02868   23.28190   22.91130    0.03602    0.01988    7.60543    5.72054    1.16723   14.70943    2.00000
 179.97525   -0.00261   22.86631   22.54704    0.02488    0.01373   10.43873   -3.20411    0.12924   -3.87175    2.00000
 179.94827    0.00050   22.07212   21.82406    0.05173    0.02855   19.91338    1.33060   -1.96125   -2.02565    2.00000
 180.12491    0.00060   21.21750   20.98361    0.12492    0.06894   39.49087   -4.93046    0.83040   -4.15773    2.00000
 180.00003    0.01232   22.53565   22.25055    0.01232    0.00680   13.77500   -0.49682   -4.99242   -4.19391    2.00000
 179.97134    0.01617   19.02110   18.48005    0.03290    0.01816  219.68867   -3.39546   -1.95501   -5.38349    2.00000
 179.94597    0.03094   23.64955   23.22162    0.06226    0.03436    5.79973    5.07748   -2.88725    3.37468    2.00000
 180.04868   -0.01147   22.65583   22.35880    0.05001    0.02760   12.48592    1.26441    0.39664    1.79778    2.00000
 179.92906   -0.00456   20.92738   20.60194    0.07109    0.03924   53.79481   -1.87757    0.31240   -0.94956    2.00000
 180.04781   -0.10145   21.56641   21.34535    0.11216    0.06190   29.79255    1.90171   -0.36769    1.60575    2.00000
 180.06186   -0.03761   23.44503   23.04949    0.07240    0.03996    6.66636   -2.05932    0.29901   -3.70199    2.00000
 180.04678   -0.01750   21.84259   21.60980    0.04995    0.02757   23.75556   -0.99243    0.29625   -0.41059    2.00000
 179.98216   -0.00119   22.76730   22.45863    0.01788    0.00987   11.29716   -0.69754    3.54482    1.58540    2.00000
 180.05251   -0.01462   21.58977   21.36780    0.05450    0.03008   29.20193    1.00945    0.38989    1.37415    2.00000
 179.94000   -0.02548   23.74868   23.30374    0.06518    0.03597    5.38631    1.77151    3.57592    4.91520    2.00000
 180.00426   -0.01047   23.30639   22.93205    0.01130    0.00624    7.44401   -0.20476   -1.64932   -9.40268    2.00000
 180.06371    0.05314   22.83501   22.51914    0.08296    0.04579   10.65572   -1.30691   -0.67857   -3.03395    2.00000
 179.98248    0.01759   23.72241   23.28198    0.02482    0.01370    5.49585   -3.63378   -1.39496   -9.13336    2.00000
 180.01442    0.00875   23.63345   23.20818    0.01687    0.00931    5.86740    0.16170    1.07360    7.19025    2.00000
 179.89815   -0.18808   22.12245   21.87155    0.21389    0.11805   19.06186    0.37567   -2.76994   -2.75357    2.00000
 180.00668   -0.07685   20.83579   20.45025    0.07714    0.04257   60.17892    5.94194   -2.82717    3.18570    2.00000
 179.54318    0.26728   22.91847   22.59353    0.52925    0.29212   10.07709    5.84247   -2.58837    6.27013    2.00000
 180.06165   -0.04112   23.67002   23.23858    0.07411    0.04090    5.71433   -1.20382   -0.20583    1.38728    2.00000
 179.93079   -0.07412   21.50443   21.28369    0.10141    0.05597   31.41435    0.68312   -4.12392   -4.36600    2.00000
 179.94624    0.02545   23.79137   23.33897    0.05947    0.03282    5.20893    3.73872   -1.49682   -6.71545    2.00000
 179.98035    0.03592   23.74868   23.30374    0.04095    0.02260    5.38631   -2.82412    3.09521   -0.16119    2.00000
 179.75325   -0.01765   22.64540   22.34943    0.24738    0.13654   12.59755   -9.18822   -0.67358   -9.22972    2.00000
 180.01312   -0.06159   23.56389   23.15006    0.06297    0.03476    6.16001   -6.43477    2.60598   -4.47363    2.00000
 180.02721   -0.03583   23.68873   23.25408    0.04499    0.02483    5.63630   -4.74262   -1.93798   -6.73111    2.00000
 179.99831   -0.00467   21.83442   21.60215    0.00497    0.00274   23.89283    2.43478   -1.75857    2.08951    2.00000
 180.06953   -0.06054   23.19372   22.83482    0.09219    0.05088    8.20027   -3.88907    0.21865   -9.48324    2.00000
 180.03703    0.02733   22.62453   22.33068    0.04603    0.02540   12.82081    2.34580    1.46062    3.56758    2.00000
 179.98885    0.07478   21.62481   21.40148    0.07560    0.04173   28.31600    0.22923    0.22816    0.66613    2.00000
 180.05089   -0.01303   21.51775   21.29730    0.05253    0.02899   31.05640   -3.47255    1.50219   -2.18049    2.00000
 180.04010   -0.04713   23.34177   22.96203    0.06188    0.03415    7.21086   -4.74595   -1.50559   -7.06371    2.00000
 180.11172   -0.04989   20.51839   20.06075    0.12237    0.06754   80.25119   -1.76361   -1.26428   -3.00480    2.00000
 179.84322    0.06338   23.33088   22.95280    0.16910    0.09333    7.28260   -4.09895    1.99114   -6.49879    2.00000
 179.98383   -0.03689   23.35810   22.97586    0.04028    0.02223    7.10325    2.03248   -0.21333    0.67535    2.00000
 179.98917   -0.03949   21.32751   21.10178    0.04095    0.02260   36.19949    1.97726    0.35241    2.40707    2.00000
 180.03015   -0.03390   21.47894   21.25765    0.04537    0.02504   32.09929   -3.10721    2.46184   -0.27481    2.00000
 179.90776   -0.04039   22.89761   22.57493    0.10069    0.05557   10.22175   -0.85141   -0.53986   -0.39068    2.00000
 180.02953    0.07195   20.95538   20.64755    0.07777    0.04292   52.08529    8.42203   -1.42336    6.84987    2.00000
 180.00468    0.03644   21.11264   20.85953    0.03674    0.02028   44.14109    2.00688   -1.08517    1.00184    2.00000
 180.02190   -0.00573   22.87413   22.55401    0.02263    0.01249   10.38449   -3.05177   -2.60273   -4.49029    2.00000
 179.96530    0.03846   22.32931   22.06148    0.05180    0.02859   16.02640    0.24415   -3.06918   -3.25481    2.00000
 179.94154    0.08050   22.77229   22.46309    0.09949    0.05491   11.24404    0.95323   -2.58767   -5.14334    2.00000
 179.97964   -0.03008   22.40132   22.12781    0.03632    0.02005   15.23646    0.76900    0.03204    0.42797    2.00000
 179.97142    0.01235   23.59651   23.17732    0.03114    0.01719    6.02279   -0.04518   -4.73092   -7.58387    2.00000
 179.86388    0.20377   23.73925   23.29593    0.24505    0.13525    5.42563   -0.49073   -2.76823   -7.99996    2.00000
 179.80153   -0.01583   23.41798   23.02659    0.19910    0.10989    6.78163    3.75413   -1.64953   -1.12552    2.00000
 179.99689   -0.11517   23.68499   23.25098    0.11521    0.06359    5.65191   -3.53791    0.28112   -2.60222    2.00000
 180.12933    0.00970   23.80804   23.35273    0.12970    0.07158    5.13965    8.66822   -1.90925    7.31194    2.00000
 179.98630   -0.26507   22.88717   22.56563    0.26542    0.14649   10.29408    5.10609    0.94070    5.67777    2.00000
 180.22910   -0.07497   22.45128   22.17366    0.24104    0.13304   14.69052   -0.71872    1.55008   -0.13206    2.00000
 180.02042   -0.03101   22.36051   22.09022    0.03712    0.02049   15.68409    3.05565   -2.84311    0.96826    2.00000
 180.06870   -0.00211   23.24004   22.87504    0.06873    0.03793    7.88743   -0.76807   -3.15692   -8.07047    2.00000
 179.94598    0.10535   23.26198   22.89410    0.11838    0.06534    7.73925    3.02655    4.39940    5.79255    2.00000
 180.00371   -0.01717   23.03460   22.69602    0.01757    0.00970    9.27994   -3.61015   -0.23249   -5.42807    2.00000
 179.60567    0.26254   23.80804   23.35273    0.47373    0.26147    5.13965   -0.02387   -2.98392   -6.67022    2.00000
 180.04306   -0.00493   23.10181   22.75476    0.04334    0.02392    8.82304   -0.45834   -1.69370   -3.64107    2.00000
 179.93765   -0.00773   23.36899   22.98509    0.06282    0.03467    7.03151   -4.99761    0.90818   -4.05605    2.00000
 179.96553    0.04853   22.79974   22.48763    0.05952    0.03285   10.95192   -2.77967    3.53954    0.67989    2.00000
 179.96840    0.02232   23.71493   23.27578    0.03868    0.02135    5.52706   -5.97808   -1.61944   -5.58317    2.00000
 179.91428   -0.06108   23.45854   23.06092    0.10526    0.05809    6.60879   -4.86017   -1.43314   -7.92106    2.00000
 180.00523    0.06131   21.47633   21.25499    0.06154    0.03396   32.16939   -2.25036   -1.58872   -3.73875    2.00000
 179.99716   -0.01183   21.20208   20.96570    0.01216    0.00671   40.16234    0.94182    0.67020    1.10347    2.00000
 180.00349   -0.00335   21.92424   21.68635    0.00484    0.00267   22.38294    2.70452    1.09592    3.00679    2.00000
 179.99284   -0.02175   22.28470   22.02042    0.02289    0.01264   16.51529    0.54856    2.24009    1.55743    2.00000
 180.18176   -0.07932   23.77946   23.32914    0.19833    0.10946    5.25841    8.87206   -1.05199    5.29511    2.00000
 179.98163    0.02586   23.33905   22.95972    0.03172    0.01751    7.22879    0.76809   -0.99535   -3.14548    2.00000
 179.96402   -0.02971   20.90368   20.56327    0.04666    0.02575   55.24401    1.72764    1.32791    3.22950    2.00000
 180.07146   -0.14982   22.04481   21.79861    0.16598    0.09161   20.36976   -1.82490    0.24911   -1.78162    2.00000
 179.95827   -0.03527   22.42052   22.14550    0.05464    0.03016   15.02581    3.26104    1.39656    3.88330    2.00000
 180.00609   -0.03649   23.40709   23.01737    0.03700    0.02042    6.82807    4.68203    1.24235    4.91433    2.00000
 179.87897   -0.03475   21.49157   21.27056    0.12593    0.06950   31.75970   -6.26111    5.22507   -0.48709    2.00000
 180.05197    0.02534   22.62714   22.33302    0.05782    0.03191   12.79290    4.83810    1.68896    2.13688    2.00000
 179.94606    0.04949   23.03460   22.69602    0.07321    0.04040    9.27994   -3.34392   -0.38442   -3.54412    2.00000
 179.97112   -0.04942   23.53422   23.12495    0.05724    0.03159    6.28641   -0.89065    0.74371    3.03804    2.00000
 179.99516    0.02382   21.72713   21.50009    0.02430    0.01341   25.72299   -3.98810   -5.04363   -9.97372    2.00000
 180.00482   -0.00238   23.74674   23.30213    0.00538    0.00297    5.39442   -8.03651   -1.48816   -8.36908    2.00000
 179.95248    0.07247   23.28462   22.91361    0.08665    0.04782    7.58749    1.80290   -0.31615    2.50313    2.00000
 180.08899   -0.03811   23.70932   23.27113    0.09681    0.05343    5.55047    2.72028    0.43033    0.75778    2.00000
 179.97319    0.08644   16.73761   15.95602    0.09051    0.04995  790.64545    3.26190   -6.73705   -3.48086    2.00000
 179.99191    0.05498   23.03220   22.69392    0.05558    0.03067    9.29626    1.14209   -3.65790    0.28665    2.00000
 179.97818    0.04017   20.91122   20.57557    0.04571    0.02523   54.78290   -4.03339    0.21936   -3.73145    2.00000
 180.01524   -0.05390   22.09769   21.84839    0.05601    0.03091   19.47719    1.91794   -0.41253    1.32366    2.00000
 180.03966   -0.16547   23.28734   22.91591    0.17016    0.09391    7.56956   -4.08844    1.02960   -0.80564    2.00000
 180.01801    0.04902   21.29313   21.06515    0.05222    0.02882   37.16297   -5.76439    0.09103   -5.97559    2.00000
 180.00069   -0.00379   23.18153   22.82424    0.00386    0.00213    8.28259   -5.00969   -0.68088   -3.88711    2.00000
 180.10773   -0.00238   22.74485   22.43856    0.10776    0.05947   11.53617   -3.96052   -2.23030   -7.86736    2.00000
 179.91460   -0.02880   23.47206   23.07236    0.09013    0.04974    6.55122    0.40329   -1.27535   -0.92863    2.00000
 180.08682    0.03094   22.81470   22.50101    0.09217    0.05087   10.79675    0.39945    2.40999    5.67421    2.00000
 179.99979    0.03433   21.20594   20.97017    0.03433    0.01895   39.99447    4.36485   -0.98766    2.85563    2.00000
 180.02882    0.00093   23.41798   23.02659    0.02884    0.01592    6.78163   -1.01195    3.64502    6.64193    2.00000
 180.02208    0.01885   22.78227   22.47202    0.02903    0.01602   11.13782    2.81571    1.97134    4.29075    2.00000
 180.03923   -0.02746   22.10234   21.85281    0.04789    0.02643   19.39788   -5.52697    1.19765   -3.63229    2.00000
 180.17426   -0.09948   21.84259   21.60980    0.20065    0.11074   23.75556   -6.19676   -0.57606   -7.67998    2.00000
 179.97343   -0.09280   21.81809   21.58684    0.09653    0.05328   24.16735   -0.73844    0.42115   -0.35286    2.00000
 180.00233    0.00703   23.26442   22.89621    0.00741    0.00409    7.72278    7.46359   -1.77119    6.04321    2.00000
 179.95406   -0.00860   23.24248   22.87716    0.04675    0.02580    7.87097   -0.36851    1.12058    1.25833    2.00000
 179.97728   -0.06832   22.67930   22.37990    0.07200    0.03974   12.23476    2.43807    2.17267    3.21283    2.00000
 179.93198    0.05400   23.02980   22.69182    0.08685    0.04794    9.31257   -0.38580    0.75967    3.79366    2.00000
 179.93547    0.03558   23.75803   23.31145    0.07369    0.04067    5.34747    0.87239   -0.90226    2.13761    2.00000
 179.91733    0.07129   23.52071   23.11352    0.10916    0.06025    6.34397    1.18622    5.88964    5.90987    2.00000
 179.96024   -0.81621   20.91338   20.57909    0.81718    0.45105   54.65115   -4.23618    3.81144   -0.81132    2.00000
 179.96425   -0.02237   21.91063   21.67359    0.04217    0.02328   22.61171   -1.07251    1.45544   -0.11693    2.00000
 180.00046   -0.00249   21.26887   21.03930    0.00254    0.00140   37.84308   -2.55857   -3.95525   -6.11829    2.00000
 179.88326    0.10494   22.69234   22.39161    0.15698    0.08664   12.09523   -3.35766   -6.55262  -12.16766    2.00000
 179.71309    0.07191   23.27661   22.90680    0.29578    0.16325    7.64046    0.45162    0.35004    1.60868    2.00000
 180.03783   -0.00066   22.86631   22.54704    0.03783    0.02088   10.43873   -0.56417   -0.49110   -2.10160    2.00000
 180.01067    0.00945   23.17909   22.82212    0.01424    0.00786    8.29905   -6.88226   -0.35901   -7.61912    2.00000
 179.89136    0.16176   19.80045   19.30058    0.19485    0.10754  135.15331    4.89243    0.50454    5.45653    2.00000
 180.11160   -0.09143   23.51800   23.11123    0.14428    0.07963    6.35549   -5.99798    1.23861   -4.48841    2.00000
 180.11119    0.30813   23.32544   22.94819    0.32758    0.18080    7.31847    2.54697    1.72935    2.73629    2.00000
 179.96111   -0.06353   23.02277   22.68567    0.07449    0.04111    9.36039    0.96655    1.25711    1.42598    2.00000
 179.99496    0.02402   23.61900   23.19610    0.02454    0.01355    5.92821   -4.53389    1.15551    0.46324    2.00000
 180.03262    0.03296   22.89239   22.57028    0.04638    0.02560   10.25791    1.05011    2.02645    4.70443    2.00000
 180.05009   -0.02355   23.76517   23.31735    0.05535    0.03055    5.31778    0.24938   -0.15081   -2.81700    2.00000
 180.02599   -0.05200   22.64018   22.34474    0.05813    0.03208   12.65337   -0.45307    0.62373    2.13218    2.00000
 180.01781   -0.00327   23.01258   22.67673    0.01811    0.01000    9.42994    3.18074   -3.60835   -3.68327    2.00000
 180.03929    0.05439   21.81265   21.58173    0.06709    0.03703   24.25886    0.15097   -1.22141   -1.06760    2.00000
 179.96629   -0.02500   20.58835   20.13783    0.04197    0.02316   76.27921   -4.08533    2.58901   -1.41016    2.00000
 179.94386    0.15087   22.22301   21.96372    0.16097    0.08885   17.40903   -2.06520   -1.77006   -3.68287    2.00000
 180.01437    0.00478   23.79375   23.34094    0.01516    0.00837    5.19903   -1.30614   -2.68304   -3.86726    2.00000
 179.93286   -0.07109   22.81221   22.49878    0.09779    0.05397   10.81914    2.59583   -1.42179    1.57557    2.00000
 179.81572    0.17884   21.93519   21.69655    0.25679    0.14173   22.19992    6.88929   -0.14798    6.25529    2.00000
 180.01430   -0.01318   22.34371   22.07474    0.01944    0.01073   15.86841    1.32210    0.94525    1.87796    2.00000
 179.95544    0.04661   22.75732   22.44971    0.06448    0.03559   11.40338    1.61494    4.28895    7.71795    2.00000
 179.90471    0.13336   21.04799   20.77807    0.16390    0.09046   47.19382    1.28297   -1.30046   -0.33271    2.00000
 180.03766    0.03376   23.70370   23.26648    0.05058    0.02792    5.57388   -7.90884   -4.18084  -11.92381    2.00000
 180.04222    0.04072   23.57080   23.15585    0.05866    0.03238    6.13088   -5.25133    0.43478   -7.39444    2.00000
 180.01414   -0.03594   22.62975   22.33537    0.03862    0.02132   12.76499    4.86797   -3.83732    1.04093    2.00000
 180.00783   -0.13074   23.72054   23.28043    0.13098    0.07229    5.50366   -7.49489   -1.63335   -5.72603    2.00000
 179.98019   -0.01843   23.56125   23.14782    0.02705    0.01493    6.17127   -4.73072    3.54922   -4.49040    2.00000
 179.97507   -0.03749   23.78899   23.33700    0.04502    0.02485    5.21882    0.64197   -0.37797    8.57667    2.00000
 179.81863   -0.19429   21.83442   21.60215    0.26579    0.14669   23.89283   -0.01650    0.52061    0.35264    2.00000
 180.05885   -0.11940   22.82468   22.50993    0.13311    0.07347   10.72736    3.51969   -1.69082    2.39128    2.00000
 179.89912   -0.04916   22.54268   22.25695    0.11222    0.06194   13.69870   -9.37372    3.04413   -6.33842    2.00000
 180.03088   -0.01662   23.79613   23.34290    0.03507    0.01936    5.18913    4.26291   -0.02918    6.93294    2.00000
 179.96278    0.04683   21.56447   21.34348    0.05981    0.03301   29.84176   -2.48431   -1.39323   -3.81718    2.00000
 179.94131   -0.07784   22.87413   22.55401    0.09748    0.05380   10.38449    0.38304   -1.96902   -1.43726    2.00000
 179.94534    0.00742   23.08501   22.74007    0.05516    0.03044    8.93726    2.72493    2.21643    7.25310    2.00000
 180.02605   -0.02449   23.24736   22.88139    0.03575    0.01973    7.83804   -3.52266   -1.81114   -5.86143    2.00000
 180.01286    0.05524   22.60366   22.31193    0.05672    0.03130   13.04406    3.47228    0.02946    2.98784    2.00000
 180.01767    0.01036   22.97056   22.63988    0.02048    0.01131    9.71660    0.46236    3.45331    5.95008    2.00000
 180.01277    0.03210   23.06821   22.72539    0.03455    0.01907    9.05149    6.36154   -2.32272    1.48216    2.00000
 179.99072   -0.01469   22.74485   22.43856    0.01738    0.00959   11.53617    0.57718    0.60396    1.91766    2.00000
 179.92587   -0.00051   22.70244   22.40065    0.07412    0.04091   11.98763   -0.48892   -1.04797   -1.86436    2.00000
 179.99034    0.00498   21.50088   21.28006    0.01087    0.00600   31.50980   -5.11309    0.74279   -4.65958    2.00000
 180.05646    0.00419   23.40165   23.01276    0.05662    0.03125    6.85129   -2.98677   -0.57916   -4.85480    2.00000
 180.11633   -0.00884   21.94067   21.70166    0.11667    0.06439   22.10842   -1.75587    1.85679    1.35976    2.00000
 179.94475    0.04203   23.75803   23.31145    0.06941    0.03831    5.34747   -2.64343    0.75245    0.21219    2.00000
 180.02078    0.00873   22.25128   21.98971    0.02254    0.01244   16.94302   -1.38651   -0.63565   -1.35173    2.00000
 179.86226    0.11164   22.67930   22.37990    0.17730    0.09785   12.23476    1.13495    1.14707    2.38753    2.00000
 179.99883   -0.00553   23.42341   23.03119    0.00566    0.00312    6.75847    5.36562    2.51888    4.12359    2.00000
 179.99684   -0.01526   23.55584   23.14325    0.01559    0.00860    6.19430    2.22816    3.15105    3.37306    2.00000
 180.02267   -0.00754   23.30367   22.92975    0.02389    0.01319    7.46195   -3.55266    0.38862   -4.59805    2.00000
 180.09875    0.14824   21.62092   21.39774    0.17812    0.09831   28.41444   -0.70248   -1.83450   -2.75967    2.00000
 180.10239   -0.21144   23.14502   22.79252    0.23493    0.12966    8.52932    2.70597    1.48109    8.21647    2.00000
 179.88432    0.00841   23.84138   23.38025    0.11597    0.06401    5.00111   -1.43582    3.49677    4.94352    2.00000
 180.08501    0.06237   21.70067   21.47457    0.10543    0.05819   26.39342   -0.31496   -0.11469    0.17349    2.00000
 179.97063    0.02791   22.33891   22.07032    0.04052    0.02237   15.92108   -2.74659   -3.34150   -8.19141    2.00000
 179.95740   -0.08457   22.32211   22.05484    0.09469    0.05226   16.10540   -1.62103    1.98782    1.27382    2.00000
 179.95613    0.02112   22.58802   22.29787    0.04869    0.02687   13.21150   -0.93117   -0.28889    0.35590    2.00000
 180.02843   -0.01010   22.56976   22.28146    0.03017    0.01665   13.40685    3.69416    3.31451   10.67145    2.00000
 179.98659   -0.06988   22.43957   22.16298    0.07115    0.03927   14.81768    1.59438    2.28607    5.02421    2.00000
 179.97389    0.01026   23.06101   22.71909    0.02805    0.01548    9.10044    0.86315    0.26804   -0.54820    2.00000
 179.97635    0.08312   23.07541   22.73168    0.08642    0.04770    9.00254    0.73707    1.04265   -1.05903    2.00000
 179.97375    0.03836   20.97617   20.67817    0.04648    0.02566   50.93774   -4.05081    0.43181   -3.74135    2.00000
 179.97864   -0.04510   22.64018   22.34474    0.04991    0.02755   12.65337    5.73959    1.23870    7.05409    2.00000
 180.02672    0.04338   23.27174   22.90256    0.05095    0.02812    7.67339   -3.04064   -1.79988   -1.28381    2.00000
 180.06857   -0.17432   21.22650   20.99379    0.18732    0.10338   39.10928    2.29810    0.91410    3.41237    2.00000
 180.01994   -0.02482   22.98241   22.65027    0.03183    0.01757    9.63575    1.58095    2.56001    1.63250    2.00000
 180.25388   -0.00432   23.02500   22.68763    0.25392    0.14014    9.34521   -5.39688    1.51810   -7.16146    2.00000
 180.15559    0.10943   21.60924   21.38651    0.19022    0.10499   28.70975   -9.19722    1.16644   -7.36068    2.00000
 179.96124    0.04469   23.44503   23.04949    0.05915    0.03265    6.66636   -1.53101    2.21858   -0.44693    2.00000
 180.05139   -0.02333   22.74734   22.44079    0.05644    0.03115   11.50961   -0.80545    0.69560   -3.02595    2.00000
 179.93925    0.09863   22.65844   22.36115    0.11583    0.06393   12.45802    3.92035   -2.55333   -0.16412    2.00000
 179.63161    0.53044   21.30324   21.07592    0.64581    0.35645   36.87959   -7.07338   -1.89210   -8.86616    2.00000
 180.08131    0.00788   22.89761   22.57493    0.08170    0.04509   10.22175    3.50935    0.41773    4.81507    2.00000
 180.05215   -0.06918   22.89500   22.57261    0.08664    0.04782   10.23983    1.50995    0.59080   -0.49156    2.00000
 179.97180    0.06357   21.72448   21.49754    0.06954    0.03838   25.78938    1.71403    0.27994    2.76984    2.00000
 179.98390   -0.03287   21.69273   21.46692    0.03660    0.02020   26.59476   -0.07347   -1.12098   -1.42705    2.00000
 179.99384    0.20828   21.93245   21.69400    0.20837    0.11500   22.24568   -4.36278   -0.06497   -3.80134    2.00000
 179.98853   -0.05860   21.04424   20.77314    0.05971    0.03296   47.37869    1.02337    0.70926    1.93192    2.00000
 180.01331   -0.01571   22.06673   21.81902    0.02058    0.01136   20.00373   -0.63693   -2.04677   -2.51927    2.00000
 179.67706    0.02931   22.23843   21.97789    0.32427    0.17897   17.15484   -6.28783    0.33787   -6.25937    2.00000
 180.00316   -0.02219   22.69745   22.39619    0.02241    0.01237   12.04074   -0.38440    3.71064    4.75949    2.00000
 179.91965    0.11068   23.08981   22.74427    0.13677    0.07549    8.90463   -0.74946   -2.96573   -7.86893    2.00000
 180.05424    0.12779   22.17417   21.91883    0.13883    0.07662   18.21397   -0.32553   -1.30830   -1.63662    2.00000
 179.93414   -0.11981   23.02277   22.68567    0.13672    0.07546    9.36039   -0.76144   -0.79054   -2.72298    2.00000
 180.04204    0.02737   22.93673   22.60980    0.05016    0.02769    9.95052    3.34908   -1.63591    4.39252    2.00000
 179.98853   -0.02685   21.19308   20.95524    0.02920    0.01611   40.55404    3.47322   -1.99990    1.77554    2.00000
 179.99052   -0.03430   23.53422   23.12495    0.03559    0.01964    6.28641   -6.60062    4.57168   -3.75661    2.00000
 180.04164   -0.02309   23.27418   22.90468    0.04761    0.02628    7.65693   -2.39216   -1.78752   -3.82123    2.00000
 180.01593    0.02305   21.99822   21.75524    0.02802    0.01546   21.14758   -4.18974   -1.46357   -5.95264    2.00000
 180.02917   -0.00843   22.92630   22.60050    0.03038    0.01677   10.02285    1.03797    1.91188    5.31743    2.00000
 179.98196   -0.11719   23.48827   23.08608    0.11857    0.06544    6.48214   -4.30351   -0.99787   -3.01311    2.00000
 180.10030    0.00765   18.74559   18.18626    0.10058    0.05551  260.15610    3.28061    1.95734    5.17850    2.00000
 180.02028   -0.02926   21.50354   21.28279    0.03560    0.01965   31.43821   -1.13205   -1.03386   -1.11858    2.00000
 180.02109    0.03126   22.94977   22.62143    0.03771    0.02081    9.86011   -0.95551    2.62862    0.20054    2.00000
 180.06117    0.01189   22.49113   22.20997    0.06232    0.03440   14.25819   -2.70732   -0.99306   -4.61904    2.00000
 180.00192   -0.03880   22.73487   22.42964    0.03885    0.02144   11.64239   -2.73964    2.65556   -0.75400    2.00000
 180.01675   -0.04060   23.29550   22.92283    0.04392    0.02424    7.51575    5.75527   -0.01710    7.49146    2.00000
 180.06317   -0.08337   17.94190   17.97800    0.10460    0.05773  289.56476    2.31873    0.74601    3.07259    2.00000
 180.03831    0.11466   22.75483   22.44748    0.12090    0.06672   11.42994   -9.50224   -0.27478  -13.17605    2.00000
 180.05017    0.02121   23.36354   22.98047    0.05447    0.03007    7.06738    0.03803   -1.80644   -1.79362    2.00000
 179.97539    0.07326   23.62221   23.19879    0.07729    0.04266    5.91469   -0.96770   -2.84294   -7.60298    2.00000
 180.02180   -0.11513   23.75565   23.30949    0.11718    0.06467    5.35737    1.65453    2.51373   -2.43053    2.00000
 179.93832   -0.22662   20.54935   20.09436    0.23487    0.12963   78.51944    0.14512    0.07187    0.48543    2.00000
 180.06732    0.02590   22.99857   22.66445    0.07213    0.03981    9.52549   -4.12551    1.64935   -7.16447    2.00000
 180.01260    0.02411   21.22136   20.98809    0.02721    0.01502   39.32300   -0.57070   -0.76167   -1.10992    2.00000
 179.85869   -0.00474   22.96625   22.63610    0.14139    0.07804    9.74600   -0.59397   -2.92681   -3.95907    2.00000
 179.93172   -0.01756   23.79851   23.34487    0.07051    0.03891    5.17924   -2.01707   -1.13164   -4.11939    2.00000
 180.04002    0.14926   22.15533   21.90160    0.15453    0.08529   18.52298    4.17426    1.62003    5.51012    2.00000
 179.99751    0.03526   21.96533   21.72462    0.03535    0.01951   21.69663   -2.53002    2.54143   -0.11976    2.00000
 179.95882    0.03578   21.77476   21.54601    0.05455    0.03011   24.89941  -11.90011   -3.16036  -15.13567    2.00000
 179.98590   -0.04859   23.40437   23.01506    0.05059    0.02792    6.83968    0.22913    0.12949    4.33708    2.00000
 180.01347    0.01768   22.18188   21.92592    0.02223    0.01227   18.08687   -0.38804   -1.01944    0.22150    2.00000
 179.99751    0.02504   22.69234   22.39161    0.02516    0.01389   12.09523   -1.23203    0.52549   -2.32543    2.00000
 179.99808    0.02993   22.76730   22.45863    0.03000    0.01656   11.29716   -1.58698    0.61048   -3.78941    2.00000
 179.93541    0.06818   23.79375   23.34094    0.09392    0.05184    5.19903   -0.72784    3.34711    2.98775    2.00000
 179.99075    0.04423   23.83423   23.37435    0.04519    0.02494    5.03080    3.24179    2.62007    6.06940    2.00000
 179.97621   -0.11869   22.99211   22.65878    0.12105    0.06681    9.56959   -4.43264   -1.16553   -4.85245    2.00000
 180.01515   -0.04858   22.84284   22.52611    0.05088    0.02808   10.60147   -1.17290    3.29877    1.94300    2.00000
 180.02879   -0.03376   23.14742   22.79462    0.04438    0.02449    8.51300   -5.20853    1.74451   -1.81332    2.00000
 179.99545   -0.04703   23.36082   22.97817    0.04724    0.02608    7.08531    1.52903    2.70725    8.76468    2.00000
 179.99501   -0.01786   22.65844   22.36115    0.01854    0.01023   12.45802    1.81551   -0.08956    1.27565    2.00000
 180.02194   -0.02364   22.71990   22.41626    0.03225    0.01780   11.80173   -1.19744    1.58554    0.76514    2.00000
 179.99722   -0.00410   22.21015   21.95191    0.00495    0.00273   17.62086    3.50474    1.24577    5.14585    2.00000
 180.01585   -0.01492   22.28727   22.02278    0.02178    0.01202   16.48716    1.47753   -1.09577   -0.09007    2.00000
 180.26341   -0.07034   21.34167   21.11686    0.27265    0.15048   35.80276    2.25510    1.01534    3.47067    2.00000
 179.96030   -0.05060   21.47894   21.25765    0.06432    0.03550   32.09929    3.51751   -1.55866    2.03977    2.00000
 179.61681   -0.09483   21.31336   21.08670    0.39476    0.21788   36.59622   -0.81949    0.89082    0.07832    2.00000
 179.74614    0.33307   23.22785   22.86446    0.41878    0.23114    7.96976   -7.51492    1.72800   -5.55936    2.00000
 179.89168   -0.11041   23.11622   22.76735    0.15467    0.08537    8.72513    6.00161   -1.46505    3.67122    2.00000
 180.14166    0.09767   23.71493   23.27578    0.17207    0.09497    5.52706    3.11993   -1.92424    3.23435    2.00000
 180.00948    0.02413   22.17417   21.91883    0.02592    0.01431   18.21397    1.52614   -2.60874   -1.01689    2.00000
 179.92041   -0.14600   22.59062   22.30021    0.16629    0.09178   13.18359    0.30112    4.15714    3.70398    2.00000
 179.99844    0.00937   22.97271   22.64177    0.00950    0.00524    9.70190    2.21268   -2.79151    0.58413    2.00000
 179.18292   -0.22770   22.76730   22.45863    0.84821    0.46818   11.29716   -3.23020   -1.78032   -3.66374    2.00000
 180.04990    0.03175   23.60936   23.18805    0.05914    0.03264    5.96874    1.70210    3.68329    1.52728    2.00000
 180.00710   -0.02429   22.14547   21.89258    0.02530    0.01397   18.68465   -0.45832    2.22632    0.38632    2.00000
 180.04828    0.03381   21.55668   21.33599    0.05894    0.03253   30.03864   -5.15731   -0.54492   -4.71708    2.00000
 179.99895    0.03479   22.61671   22.32365    0.03480    0.01921   12.90453   -2.80802   -1.40149   -4.23494    2.00000
 179.98650   -0.24676   23.29278   22.92052    0.24713    0.13640    7.53369   -1.51279   -1.27056   -1.83561    2.00000
 180.04575   -0.03516   22.26927   22.00624    0.05770    0.03184   16.68408   -2.27804   -1.96773   -5.01472    2.00000
 180.01456   -0.01905   22.40132   22.12781    0.02397    0.01323   15.23646    1.37233    0.75121    3.87537    2.00000
 179.95659    0.02252   22.84805   22.53076    0.04891    0.02699   10.56531   -0.97382   -2.77066   -4.28539    2.00000
 179.93086   -0.07306   22.99965   22.66539    0.10058    0.05551    9.51814   -0.98650   -1.80122   -5.69428    2.00000
 180.01987    0.09904   23.11622   22.76735    0.10101    0.05575    8.72513    3.66943    0.59401    4.38561    2.00000
 180.19420   -0.06194   22.31731   22.05042    0.20384    0.11251   16.15806    0.70568   -1.16371   -0.77193    2.00000
 180.04027   -0.00901   23.61096   23.18939    0.04127    0.02278    5.96198   -3.51673    0.48140   -4.37740    2.00000
 179.93944   -0.09626   23.24248   22.87716    0.11373    0.06277    7.87097   -0.07933   -0.43114    4.96369    2.00000
 180.03691    0.00707   23.18640   22.82847    0.03758    0.02074    8.24966    0.48157   -0.59264   -0.12258    2.00000
 179.96027    0.01338   22.72988   22.42518    0.04193    0.02314   11.69551   -3.56950   -2.57053   -8.71345    2.00000
 179.86420   -0.06270   22.33411   22.06590    0.14958    0.08256   15.97374   -1.71676   -3.27737   -3.75133    2.00000
 180.01849    0.04270   22.71741   22.41403    0.04653    0.02568   11.82829    1.36230   -1.10315   -1.61772    2.00000
 179.86127   -0.08279   23.64149   23.21489    0.16156    0.08917    5.83362    3.37357    1.09216    2.09636    2.00000
 180.06494    0.05467   23.56598   23.15182    0.08489    0.04685    6.15115   -0.03609    3.56512    9.31793    2.00000
 179.93349    0.01716   22.65061   22.35412    0.06869    0.03791   12.54174    1.38566   -0.08119    2.28808    2.00000
 180.10181   -0.02164   23.43962   23.04491    0.10408    0.05744    6.68938    3.36141    0.89449    0.54321    2.00000
 179.88141    0.02857   22.25642   21.99443    0.12199    0.06733   16.85829   -0.20603    0.83745    2.97885    2.00000
 180.04475   -0.05785   23.16690   22.81154    0.07314    0.04037    8.38138   -0.03285   -3.21399   -2.84342    2.00000
 179.98178    0.03708   22.30771   22.04157    0.04131    0.02280   16.26338   -2.75793    4.89257    1.19079    2.00000
 179.99028    0.12466   23.35538   22.97356    0.12504    0.06901    7.12118  -11.52748   -0.57823  -12.94302    2.00000
 179.99281    0.00336   23.75565   23.30949    0.00793    0.00438    5.35737    1.04338   -0.35957    3.11560    2.00000
 180.11668    0.07052   21.26078   21.03068    0.13633    0.07524   38.06978    6.43728   -2.32989    4.05302    2.00000
 180.04250   -0.02240   23.60132   23.18134    0.04804    0.02652    6.00252   -9.37392    1.20712   -9.82591    2.00000
 179.93649    0.09329   23.69060   23.25563    0.11285    0.06229    5.62850   -1.31082    1.56877   -2.70545    2.00000
 180.03011   -0.00407   21.72184   21.49498    0.03038    0.01677   25.85649    3.17519    2.29238    5.11077    2.00000
 180.07326   -0.05783   23.46665   23.06778    0.09333    0.05151    6.57425   -0.22880    1.06706    2.42570    2.00000
 180.04552   -0.03190   23.18153   22.82424    0.05558    0.03067    8.28259    0.66961   -0.55677   -1.58499    2.00000
 179.97852    0.00737   22.29241   22.02751    0.02272    0.01254   16.43089    0.70196    0.07203   -1.33843    2.00000
 180.04745   -0.03406   21.75888   21.53070    0.05842    0.03224   25.17394    1.20606   -2.71188   -1.29693    2.00000
 180.03070   -0.10311   22.37732   22.10570    0.10758    0.05937   15.49977   -0.52914    0.88832    0.02210    2.00000
 179.98242    0.07191   22.77978   22.46979    0.07403    0.04086   11.16438   -6.78470   -1.19858   -7.82345    2.00000
 179.95731    0.07576   23.62864   23.20415    0.08696    0.04799    5.88767   -2.62404    1.05408   -2.77845    2.00000
 180.04285    0.01175   23.54773   23.13639    0.04443    0.02452    6.22884    2.15705   -3.11106    4.97950    2.00000
 179.99757   -0.20106   22.55682   22.26984    0.20108    0.11098   13.54530    4.42288   -1.33984    3.70607    2.00000
 179.94673    0.05979   22.56454   22.27678    0.08008    0.04420   13.46266    2.11394   -0.15958    0.83409    2.00000
 179.95552   -0.02224   21.92970   21.69145    0.04973    0.02745   22.29143   -3.44466    0.96224   -2.92494    2.00000
 179.56142   -0.04310   23.06581   22.72329    0.44070    0.24324    9.06781    1.28105    1.02911    3.10603    2.00000
 180.02580    0.03230   23.80089   23.34683    0.04135    0.02282    5.16934   -5.74333   -1.00965   -6.42308    2.00000
 180.11810    0.04368   23.38259   22.99661    0.12593    0.06950    6.94184   -1.66659   -1.07446    1.86942    2.00000
 180.00395    0.05280   22.52394   22.23987    0.05295    0.02923   13.90215    0.42286    0.77121    2.60409    2.00000
 179.84866   -0.08185   22.38692   22.11455    0.17206    0.09496   15.39445    2.44743   -3.40541   -1.80152    2.00000
 179.98306   -0.24155   23.08021   22.73588    0.24215    0.13365    8.96990   -5.92284    0.64453   -6.32601    2.00000
 180.09369    0.00734   23.61257   23.19074    0.09398    0.05187    5.95523    2.33202    1.65893    4.20459    2.00000
 180.04778   -0.01032   23.14984   22.79673    0.04887    0.02697    8.49659    4.76189   -1.59865    4.84707    2.00000
 180.01088    0.08464   23.12102   22.77154    0.08533    0.04710    8.69250   -0.98000    1.39209   -0.45026    2.00000
 179.98026    0.04735   23.54503   23.13410    0.05130    0.02832    6.24035   -1.72687   -0.80759   -6.52842    2.00000
 180.05695    0.01953   22.36292   22.09243    0.06021    0.03323   15.65776   -0.57381    1.25010    0.46643    2.00000
 180.01439    0.05510   22.24871   21.98734    0.05695    0.03143   16.98538   -1.26418    1.26211   -0.93731    2.00000
 179.90186    0.04550   22.69496   22.39396    0.10819    0.05971   12.06724    3.02324   -1.76041   -2.68212    2.00000
 179.84146   -0.01985   23.34177   22.96203    0.15978    0.08819    7.21086   -2.00153   -3.82015   -9.38872    2.00000
 180.07387   -0.02646   23.14742   22.79462    0.07847    0.04331    8.51300    1.17697    0.98271    0.03541    2.00000
 179.66513   -0.17482   23.57562   23.15987    0.37775    0.20849    6.11062   -1.90924   -1.42471   -5.93948    2.00000
 180.09325    0.20419   21.06670   20.80274    0.22448    0.12389   46.26948   -4.14907    0.34061   -3.86499    2.00000
 180.00732   -0.03881   23.81994   23.36256    0.03950    0.02180    5.09017   -6.85903   -1.18739   -2.61743    2.00000
 180.02928    0.04299   22.68191   22.38224    0.05201    0.02871   12.20686    2.70740    0.85805    4.10092    2.00000
 179.91837   -0.03558   23.37171   22.98739    0.08905    0.04915    7.01357    1.16537    2.39579    5.07685    2.00000
 179.98169    0.03571   20.16121   19.67922    0.04013    0.02215  105.32059   -2.14777   -3.06878   -5.29059    2.00000
 180.06183    0.02335   22.63496   22.34005    0.06609    0.03648   12.70918   -1.24496   -0.84513   -1.43223    2.00000
 179.95830   -0.00007   21.75888   21.53070    0.04170    0.02302   25.17394   -4.32677    3.37332   -0.86005    2.00000
 180.06017    0.00399   21.79360   21.56387    0.06030    0.03328   24.57914    4.96155    1.46215    6.77143    2.00000
 179.94034   -0.03575   23.48827   23.08608    0.06955    0.03839    6.48214   -2.69043    0.61778    2.68175    2.00000
 180.15176    0.09319   23.25223   22.88563    0.17810    0.09830    7.80511   -1.75377   -1.78736   -5.32896    2.00000
 180.00677   -0.16878   23.36899   22.98509    0.16891    0.09323    7.03151   -4.90426   -0.97232   -4.83897    2.00000
 179.93625    0.02464   21.70331   21.47712    0.06835    0.03772   26.32630   -4.55382   -1.91236   -6.54306    2.00000
 179.98817    0.11371   23.04661   22.70651    0.11433    0.06310    9.19835   -4.02305    0.76343   -6.03440    2.00000
 179.96512   -0.05998   22.02836   21.78330    0.06939    0.03830   20.64429    3.42181   -0.23443    2.59203    2.00000
 179.94753    0.04794   23.79375   23.34094    0.07108    0.03923    5.19903   -4.97094    0.32826   -7.31004    2.00000
 179.86716   -0.08389   22.26670   22.00388    0.15712    0.08672   16.71221   -5.93013    1.05828   -3.40543    2.00000
 180.04523    0.00988   23.80804   23.35273    0.04629    0.02555    5.13965    3.19060    2.26245   10.05660    2.00000
 179.98512   -0.02376   21.22136   20.98809    0.02803    0.01547   39.32300   -3.25239   -0.32361   -3.58135    2.00000
 179.97984    0.03845   23.34994   22.96895    0.04341    0.02396    7.15705   -5.55659   -0.50260   -8.97213    2.00000
 179.96695    0.05262   23.72241   23.28198    0.06213    0.03429    5.49585   -3.79099   -2.36183   -8.42038    2.00000
 180.00580   -0.03196   23.17178   22.81577    0.03248    0.01793    8.34845   -1.91790    1.07630   -0.39387    2.00000
 179.97083   -0.01505   23.29006   22.91822    0.03284    0.01812    7.55162   -0.76108   -0.12500    2.03718    2.00000
 179.99550    0.04774   23.13062   22.77993    0.04795    0.02647    8.62723    1.51213    0.69672    0.99971    2.00000
 180.05251   -0.04002   21.61703   21.39400    0.06603    0.03644   28.51287   -0.50013    0.59816   -0.29266    2.00000
 180.13544   -0.05129   21.20079   20.96420    0.14483    0.07993   40.21830   -3.26283    1.16591   -2.02490    2.00000
 179.92406   -0.01552   21.63260   21.40897    0.07752    0.04278   28.11913    0.58103   -0.43363   -0.08079    2.00000
 179.94652    0.03631   21.18666   20.94778    0.06465    0.03568   40.83382    0.48794    1.28141    1.49613    2.00000
 179.97858    0.12246   23.24248   22.87716    0.12432    0.06861    7.87097   -4.79896    1.47509   -3.50337    2.00000
 179.92978   -0.06226   22.22558   21.96608    0.09384    0.05179   17.36667    0.76181   -0.22938   -1.64825    2.00000
 180.01701   -0.03988   21.90791   21.67104    0.04336    0.02393   22.65746    2.72110   -0.56797    1.68588    2.00000
 180.05153   -0.02205   21.70331   21.47712    0.05605    0.03093   26.32630   -1.76136    2.74428    0.52971    2.00000
 180.01141   -0.04930   23.52611   23.11809    0.05061    0.02793    6.32095    5.64402   -0.64611    3.16712    2.00000
 180.40625    0.46285   23.19616   22.83694    0.61584    0.33991    8.18380   -2.99120    1.26511   -2.90921    2.00000
 179.98621    0.00909   18.04275   17.71354    0.01651    0.00911  334.66986    1.84342   -2.62398   -0.79409    2.00000
 180.02220    0.00298   22.10854   21.85871    0.02240    0.01236   19.29214   -3.69390   -1.79952   -6.24422    2.00000
 179.96371    0.03611   21.34369   21.11902    0.05119    0.02825   35.74609   -0.74266   -0.42459   -1.44278    2.00000
 179.99982   -0.12506   23.83423   23.37435    0.12506    0.06902    5.03080   -4.72594   -0.20195   -0.04815    2.00000
 180.04353    0.06786   18.08569   17.82044    0.08063    0.04450  316.43735    0.52800    0.52157    1.07140    2.00000
 180.03117    0.06421   23.60454   23.18403    0.07138    0.03940    5.98901   -2.63517    3.30068    1.75612    2.00000
 180.12080   -0.05246   23.55854   23.14554    0.13170    0.07269    6.18278   -4.29806   -3.05579   -4.76655    2.00000
 179.92889    0.02361   23.80566   23.35076    0.07492    0.04135    5.14955   -3.02763    3.76380    6.57644    2.00000
 180.02679   -0.00513   23.32544   22.94819    0.02728    0.01506    7.31847   -0.64296    3.69343    1.88433    2.00000
 180.11382    0.04999   21.52575   21.30547    0.12432    0.06861   30.84163   -1.77939   -2.74387   -4.84795    2.00000
 180.00932   -0.06261   22.56976   22.28146    0.06330    0.03494   13.40685   -3.83318   -1.98313   -6.60702    2.00000
 179.91974    0.02601   23.41253   23.02198    0.08437    0.04656    6.80485   -5.20589   -1.95175   -9.50668    2.00000
 179.92377    0.00844   23.01581   22.67957    0.07671    0.04234    9.40788   -4.49907   -3.46532   -8.31636    2.00000
 180.04887    0.09612   22.60106   22.30959    0.10783    0.05951   13.07197   -0.70795    2.00037    2.35191    2.00000
 179.98660    0.00362   23.63827   23.21221    0.01388    0.00766    5.84713    1.51435   -2.64957   -5.42474    2.00000
 180.06593   -0.13230   17.89059   17.92759    0.14782    0.08159  298.16168    2.96038    1.90926    4.87735    2.00000
 179.96091    0.02281   21.65304   21.42864    0.04525    0.02498   27.60150   -2.99490   -0.14890   -4.38192    2.00000
 180.00693    0.02159   22.77479   22.46533    0.02268    0.01252   11.21749    3.12395    0.90327    6.00854    2.00000
 180.00673    0.03118   21.93793   21.69910    0.03190    0.01761   22.15417    4.33990    0.35262    4.29699    2.00000
 179.99873   -0.00296   23.09941   22.75266    0.00322    0.00178    8.83936   -2.84587   -2.30104   -5.71176    2.00000
 179.96736   -0.05662   21.56447   21.34348    0.06536    0.03607   29.84176   -0.22255    0.21091   -0.27176    2.00000
 180.01093    0.06016   22.16968   21.91471    0.06115    0.03375   18.28787    1.42475    0.63988    1.98912    2.00000
 180.07587    0.06717   21.70331   21.47712    0.10133    0.05592   26.32630    2.61966   -0.50405    3.10826    2.00000
 179.98132    0.01536   23.58687   23.16926    0.02419    0.01335    6.06332    0.99772    1.18880    0.34818    2.00000
 179.98862   -0.02128   22.40132   22.12781    0.02414    0.01332   15.23646   -0.49881   -2.00262   -1.72151    2.00000
 180.01213    0.13454   21.66892   21.44395    0.13509    0.07456   27.19880    0.57023   -2.21011   -1.31006    2.00000
 180.09299   -0.09330   21.79632   21.56643    0.13173    0.07270   24.53338   -0.54840   -0.08889   -0.75254    2.00000
 179.99435    0.09061   20.94893   20.63709    0.09079    0.05011   52.47735   -4.62176    2.26434   -2.34706    2.00000
 180.01260    0.00617   23.65318   23.22464    0.01404    0.00775    5.78455   -2.73456   -0.33592   -1.38754    2.00000
 180.10442   -0.02382   23.15715   22.80307    0.10710    0.05911    8.44724   -1.39727    0.94221   -1.81362    2.00000
 180.05931   -0.03684   23.35538   22.97356    0.06982    0.03854    7.12118   -0.70223   -0.74723   -5.66745    2.00000
 180.03271   -0.02620   23.74487   23.30058    0.04192    0.02314    5.40222   -0.27010    0.50546    3.31414    2.00000
 179.81783    0.09283   21.77740   21.54857    0.20446    0.11285   24.85366    0.63968   -0.64886   -0.08636    2.00000
 179.89528    0.16468   22.30269   22.03696    0.19515    0.10771   16.31837   -6.99410   -0.90555   -9.14093    2.00000
 179.95058   -0.03629   23.50179   23.09751    0.06132    0.03385    6.42457    0.12646   -1.28624    0.68732    2.00000
 179.92845   -0.03648   21.60145   21.37903    0.08031    0.04432   28.90662   -1.77715   -1.71099   -2.99608    2.00000
 180.09364   -0.06139   20.32558   19.85284    0.11198    0.06180   93.44617   -1.08290    2.64925    1.38501    2.00000
 179.72456    0.09166   22.58280   22.29318    0.29029    0.16022   13.26732   -3.80606    0.69876   -1.50837    2.00000
 180.11198    0.04446   22.59845   22.30724    0.12049    0.06650   13.09987   -3.97452    0.34976   -4.62193    2.00000
 180.00821   -0.03404   23.67377   23.24168    0.03502    0.01933    5.69872    3.52287   -5.67298   -6.38258    2.00000
 180.00465    0.01620   21.40330   21.18037    0.01686    0.00930   34.13215   -4.82429    2.49815   -1.47015    2.00000
 180.04645   -0.02769   23.15471   22.80096    0.05408    0.02985    8.46370   -1.66979    1.56296   -1.00726    2.00000
 180.01888    0.07106   23.10181   22.75476    0.07352    0.04058    8.82304   -0.14780    1.66928    1.35299    2.00000
 179.98659    0.01573   22.79974   22.48763    0.02067    0.01141   10.95192    2.20504   -2.15281    3.04288    2.00000
 180.01228    0.11361   22.46535   22.18648    0.11427    0.06307   14.53793   -2.25085   -3.37226   -6.09732    2.00000
 179.96364   -0.05667   22.22815   21.96844    0.06733    0.03716   17.32430    0.05874    3.73877    3.72702    2.00000
 180.03925    0.02046   23.21322   22.85176    0.04426    0.02443    8.06855   -0.58052   -2.00205   -2.57836    2.00000
 180.06589   -0.00836   23.54233   23.13182    0.06642    0.03666    6.25187    2.63553   -0.47997    7.14125    2.00000
 180.00862   -0.02499   21.80449   21.57408    0.02643    0.01459   24.39612   -3.96360   -0.70481   -4.59893    2.00000
 179.96082    0.06190   20.10666   19.62173    0.07326    0.04043  109.25267    2.39745   -0.24933    2.21306    2.00000
 180.00397   -0.09098   21.82354   21.59194    0.09106    0.05026   24.07584    5.36099   -0.92262    4.49420    2.00000
 179.96992    0.01852   22.74236   22.43633    0.03532    0.01950   11.56272   -2.65575   -4.84034   -7.52885    2.00000
 179.99429    0.00220   23.68312   23.24943    0.00611    0.00337    5.65971    3.60502   -1.65860    0.46985    2.00000
 180.01364   -0.02149   21.69802   21.47202    0.02545    0.01405   26.46053    3.51267   -0.25098    3.85247    2.00000
 179.93694    0.00504   23.39348   23.00584    0.06326    0.03492    6.88611    1.01071    1.45092    4.07023    2.00000
 180.02336    0.03357   22.84284   22.52611    0.04090    0.02258   10.60147   -0.24519   -3.76110   -3.60953    2.00000
 179.99348    0.09754   21.79632   21.56643    0.09776    0.05396   24.53338  -12.89706    0.12281  -12.22140    2.00000
 179.97481    0.12870   22.63496   22.34005    0.13114    0.07238   12.70918   -4.83780   -3.05772   -9.54838    2.00000
 180.01224   -0.01770   22.49113   22.20997    0.02152    0.01188   14.25819    0.38606    0.29589    0.00730    2.00000
 180.02341    0.00746   23.15715   22.80307    0.02457    0.01356    8.44724    1.23399    0.55511    1.17475    2.00000
 179.92635   -0.13052   23.46125   23.06321    0.14986    0.08271    6.59727   -2.43190   -1.76171   -2.70745    2.00000
 179.99396    0.03895   20.70434   20.27388    0.03942    0.02176   69.26817   -4.08774    3.86726   -0.22058    2.00000
 179.87614   -0.00778   21.23875   21.00706    0.12409    0.06849   38.69096   -0.95351   -0.10075   -0.75653    2.00000
 179.98570    0.01471   22.80473   22.49209    0.02052    0.01133   10.89881   -0.08089    0.63931    0.41226    2.00000
 180.13956    0.17330   23.54773   23.13639    0.22250    0.12280    6.22884    2.19001   -4.13077   -3.10303    2.00000
 180.14996    0.02069   23.80804   23.35273    0.15139    0.08355    5.13965   -4.23027    2.23789    1.76271    2.00000
 180.00043    0.02822   18.75988   18.20161    0.02822    0.01558  258.04214   -3.25993   -1.66864   -4.98205    2.00000
 180.06386    0.00358   21.74036   21.51284    0.06396    0.03530   25.49422   -3.20432    1.95254   -1.51692    2.00000
 180.05450   -0.00767   21.72184   21.49498    0.05504    0.03038   25.85649   -8.31899   -0.80606   -9.09332    2.00000
 179.97401   -0.00122   23.32272   22.94589    0.02601    0.01436    7.33640   -4.79174    2.27456   -1.01686    2.00000
 179.96738    0.06644   23.53962   23.12953    0.07402    0.04085    6.26338   -0.67254    1.03366   -5.14125    2.00000
 179.96964    0.02125   22.38212   22.11012    0.03706    0.02045   15.44711   -7.76392   -0.91473   -6.97716    2.00000
 179.90076    0.05102   23.17665   22.82001    0.11159    0.06159    8.31552    0.08295    1.65753   -0.27573    2.00000
 179.97546   -0.02637   22.76980   22.46086    0.03602    0.01988   11.27060    2.41687   -2.36113    1.63637    2.00000
 179.89209    0.02099   22.34611   22.07695    0.10994    0.06068   15.84208    0.63999    0.58994    0.54734    2.00000
 180.05696    0.05697   22.66887   22.37052    0.08056    0.04446   12.34639    2.18022    1.35411    2.56334    2.00000
 179.98109   -0.01112   22.91065   22.58656    0.02193    0.01210   10.13134    5.02614   -0.58892    7.01474    2.00000
 179.98485    0.01728   23.57723   23.16121    0.02298    0.01268    6.10386    0.81480   -0.45704    4.13490    2.00000
 179.99011    0.03009   22.37012   22.09907    0.03167    0.01748   15.57877    2.43901   -1.90444    0.30048    2.00000
 179.98402   -0.01096   21.80449   21.57408    0.01938    0.01070   24.39612   -5.23457    0.46096   -3.99109    2.00000
 179.94444    0.05406   23.73177   23.28973    0.07752    0.04278    5.45684    0.00547   -0.12478   -5.73413    2.00000
 179.93985   -0.00749   22.16968   21.91471    0.06061    0.03345   18.28787    0.45484    3.27442    3.34787    2.00000
 180.00073    0.06175   22.75233   22.44525    0.06175    0.03408   11.45650   -3.83382   -0.54419   -5.04271    2.00000
 180.00082    0.00325   23.31455   22.93897    0.00335    0.00185    7.39021    4.03231    1.12597    3.46353    2.00000
 179.97952   -0.17095   19.16631   18.63474    0.17217    0.09503  202.03911    0.10547   -0.95388   -1.01111    2.00000
 180.10687   -0.12134   22.77728   22.46756    0.16170    0.08924   11.19093    3.87911    2.14030    7.62419    2.00000
 180.02280    0.08328   23.28734   22.91591    0.08635    0.04766    7.56956   -2.94160   -1.46900   -3.53564    2.00000
 180.03517   -0.06827   22.03658   21.79096    0.07680    0.04239   20.50702   -0.78872   -0.79065   -3.98634    2.00000
 179.93538   -0.07103   23.11141   22.76315    0.09602    0.05300    8.75777   -2.03304   -2.17187   -7.03797    2.00000
 180.06711   -0.04234   23.70932   23.27113    0.07935    0.04379    5.55047   -2.30806    0.87259   -3.54361    2.00000
 180.01389    0.02629   21.21622   20.98212    0.02973    0.01641   39.54682   -1.74542    5.16139    3.67248    2.00000
 180.04088   -0.01046   22.58019   22.29084    0.04220    0.02329   13.29522    0.18516    2.12237    4.05320    2.00000
 179.78891    0.00861   21.45807   21.23634    0.21126    0.11660   32.66008   -2.03482   -3.42254   -5.21443    2.00000
 179.93993   -0.15798   23.69435   23.25873    0.16901    0.09328    5.61289   -1.67725   -2.00524   -1.07274    2.00000
 180.00533   -0.06187   21.45286   21.23101    0.06210    0.03427   32.80028    0.18999   -0.01990    0.28836    2.00000
 180.07346    0.13969   23.12342   22.77364    0.15783    0.08711    8.67618   -3.82290   -0.81769    0.10072    2.00000
 180.01939   -0.07758   22.70992   22.40734    0.07997    0.04414   11.90796   -2.82466    1.49672   -4.73917    2.00000
 180.00047    0.05565   23.75803   23.31145    0.05565    0.03072    5.34747    0.03529    0.70337   -2.92727    2.00000
 180.05626    0.06697   22.60366   22.31193    0.08746    0.04827   13.04406    0.81164    0.86623    1.08422    2.00000
 180.18240    0.14985   23.66254   23.23239    0.23607    0.13029    5.74554   -1.42664    3.37794   11.99558    2.00000
 179.91678    0.00403   23.19372   22.83482    0.08332    0.04598    8.20027   -0.10910    1.10148    1.94960    2.00000
 180.03387   -0.04118   21.45807   21.23634    0.05332    0.02943   32.66008   -2.42474   -0.16869   -2.12926    2.00000
 179.90726   -0.01980   23.52341   23.11581    0.09484    0.05235    6.33246   -3.23618    1.51246    0.82418    2.00000
 179.86938    0.06062   23.30639   22.93205    0.14399    0.07947    7.44401   -2.25869    1.11545   -2.33518    2.00000
 180.16145    0.16709   22.97487   22.64366    0.23235    0.12824    9.68720   -8.08955    2.14931   -8.44492    2.00000
 179.92300    0.04177   21.71919   21.49243    0.08759    0.04834   25.92361    3.21471   -0.24456    3.73926    2.00000
 180.06848   -0.13833   21.71390   21.48733    0.15435    0.08519   26.05784    3.24585   -1.20272    2.31933    2.00000
 179.97231    0.02310   23.02012   22.68335    0.03606    0.01990    9.37848    7.78959    0.87810    6.92412    2.00000
 180.05524    0.02870   22.15643   21.90260    0.06225    0.03436   18.50502   -0.33746    0.91717   -0.07504    2.00000
 179.88870    0.20566   23.52611   23.11809    0.23384    0.12906    6.32095   -7.13838    0.34093   -9.33882    2.00000
 179.96165   -0.00848   22.75233   22.44525    0.03928    0.02168   11.45650   -2.24193    2.78417   -1.58444    2.00000
 179.98676   -0.05734   21.60340   21.38090    0.05885    0.03248   28.85740    0.00672   -0.97417   -1.23401    2.00000
 179.89552    0.01565   21.30527   21.07808    0.10565    0.05831   36.82292    4.41871    0.32302    4.32679    2.00000
 180.00169    0.03675   22.78726   22.47648    0.03679    0.02031   11.08471    1.20999   -4.46874   -4.08638    2.00000
 179.98257   -0.08232   22.22558   21.96608    0.08414    0.04644   17.36667   -2.23579   -3.60615   -4.68922    2.00000
 180.02946   -0.02646   23.00503   22.67012    0.03960    0.02185    9.48139    2.97427    2.19074    7.80689    2.00000
 179.91919    0.08161   23.49098   23.08836    0.11485    0.06339    6.47062   -1.04658   -0.30383    4.69240    2.00000
 179.99142    0.12686   22.79475   22.48317    0.12715    0.07018   11.00504   -2.64289    3.83651    0.57447    2.00000
 179.96262   -0.00997   23.68873   23.25408    0.03868    0.02135    5.63630    4.19095    1.11841    2.26304    2.00000
 180.07210   -0.07085   23.22054   22.85811    0.10108    0.05579    8.01915   -1.46539   -6.21062   -8.20840    2.00000
 179.97745   -0.07975   21.44503   21.22301    0.08288    0.04575   33.01057   -0.49458    2.07932    1.21556    2.00000
 180.00906    0.04726   21.19822   20.96122    0.04812    0.02656   40.33021    2.71003    0.70390    4.02754    2.00000
 180.00755   -0.04855   23.61257   23.19074    0.04913    0.02712    5.95523   -1.13946   -0.62399   -1.03928    2.00000
 179.98801    0.02674   23.15227   22.79884    0.02931    0.01618    8.48017   -0.81644   -3.48163    0.70710    2.00000
 180.00467    0.03804   23.75088   23.30555    0.03833    0.02115    5.37716   -2.35944    0.83506   -3.49672    2.00000
 180.05107    0.08045   22.18188   21.92592    0.09529    0.05259   18.08687   -2.95080   -0.54785   -3.88652    2.00000
 179.98622    0.03705   23.41798   23.02659    0.03953    0.02182    6.78163   -2.77574    0.05305    1.78801    2.00000
 180.03635   -0.04778   21.82626   21.59449    0.06003    0.03313   24.03009    4.42263   -0.51892    4.11822    2.00000
 180.07640    0.07639   23.83185   23.37239    0.10803    0.05963    5.04069   -3.26385   -0.62468   -9.06812    2.00000
 180.01047   -0.00150   21.71654   21.48988    0.01058    0.00584   25.99072    6.00040    2.01957    8.17324    2.00000
 180.00153    0.02021   23.63667   23.21086    0.02027    0.01119    5.85389   -7.91460   -0.92530  -10.52369    2.00000
 179.98006    0.08387   23.65318   23.22464    0.08621    0.04758    5.78455    4.61660    1.61778    6.22195    2.00000
 180.06650    0.18449   22.97164   22.64082    0.19611    0.10824    9.70925    2.05696    2.60165    3.13137    2.00000
 180.02306   -0.26209   18.11816   17.79005    0.26310    0.14521  321.62042   -3.35450   -0.84757   -4.19554    2.00000
 179.98322   -0.00307   23.20591   22.84541    0.01707    0.00942    8.11794   -0.81587    0.49724    1.28679    2.00000
 180.01738    0.04896   23.51530   23.10895    0.05195    0.02867    6.36700   -1.68008    0.69567    3.06838    2.00000
 179.97316    0.14273   22.47003   22.19075    0.14523    0.08016   14.48707   -4.02832    1.07420   -3.76343    2.00000
 179.98166    0.21730   22.67148   22.37286    0.21807    0.12036   12.31848    5.53577   -1.89081    4.51470    2.00000
