#RA        DEC       MAG_G     MAG_I     ANGSEP    RPROJ     SNR       VTRUE       VSYS       VMEAS      VSYSERR    
 179.96376   -0.35415   23.51800   23.11123    0.35600    0.19649    6.35549    4.23433   -0.61068    1.99424    2.00000
 179.97597   -0.09155   23.68125   23.24788    0.09465    0.05224    5.66751   -1.67258   -1.39643   -4.32355    2.00000
 179.99333    0.06401   21.80176   21.57153    0.06435    0.03552   24.44187    0.48162    1.27771    1.87599    2.00000
 179.98068    0.03785   22.61149   22.31896    0.04249    0.02345   12.96034    2.80463    0.03899    2.79759    2.00000
 179.95845   -0.00674   21.87797   21.64297    0.04210    0.02323   23.16076   -5.63671   -0.77893   -6.53276    2.00000
 180.03300   -0.03342   22.94456   22.61678    0.04697    0.02592    9.89627   -2.08265   -3.16838   -3.73234    2.00000
 180.01010   -0.01373   23.03701   22.69811    0.01705    0.00941    9.26362    1.15755    1.97026    4.36766    2.00000
 180.03699   -0.09715   23.48287   23.08150    0.10395    0.05737    6.50517    2.27979   -0.88894    2.87002    2.00000
 180.00082    0.00315   23.48827   23.08608    0.00326    0.00180    6.48214    1.01496    2.70486    1.02521    2.00000
 180.00093   -0.02332   23.52071   23.11352    0.02334    0.01288    6.34397   -2.11324   -3.51222   -3.78990    2.00000
 180.01248    0.05590   23.45584   23.05863    0.05728    0.03161    6.62030   -2.45074   -1.00883   -9.13817    2.00000
 179.99088   -0.02381   23.69809   23.26183    0.02549    0.01407    5.59729   -0.24153   -0.15534   -2.30062    2.00000
 179.91179    0.15405   23.02980   22.69182    0.17751    0.09797    9.31257    4.12898   -0.09639    2.15478    2.00000
 180.06667   -0.04042   22.52628   22.24200    0.07796    0.04303   13.87672    0.90070   -2.92517   -1.23242    2.00000
 180.07964   -0.02865   22.21787   21.95899    0.08463    0.04671   17.49376   -0.32402    2.12997    1.76066    2.00000
 180.00140    0.00159   21.21365   20.97913    0.00212    0.00117   39.65874   -2.13755    1.38182   -0.37524    2.00000
 180.24403    0.16624   22.31971   22.05263    0.29528    0.16297   16.13173   -1.31696    1.55108    1.12933    2.00000
 179.96994   -0.00340   22.84805   22.53076    0.03025    0.01670   10.56531   -4.24882   -1.13840   -3.31587    2.00000
 179.97089   -0.01887   22.54972   22.26336    0.03469    0.01915   13.62241   -6.72960   -1.30309   -5.68833    2.00000
 180.10333    0.13034   22.54503   22.25909    0.16634    0.09181   13.67327    4.95131   -0.14249    4.45716    2.00000
 179.94421    0.05888   22.55682   22.26984    0.08111    0.04477   13.54530    1.09909   -1.15048   -0.70462    2.00000
 180.06717   -0.00103   22.84544   22.52844    0.06718    0.03708   10.58339   -2.42771    1.12033   -4.04050    2.00000
 179.99895   -0.01177   23.55584   23.14325    0.01182    0.00652    6.19430    2.70919   -2.14003    1.51487    2.00000
 180.15315    0.00836   19.03218   18.49187    0.15339    0.08466  218.06058    4.78680   -0.02774    4.75366    2.00000
 179.97571   -0.09795   23.68873   23.25408    0.10092    0.05570    5.63630   -1.41050    0.68341  -13.37912    2.00000
 179.96910   -0.02492   22.18959   21.93301    0.03970    0.02191   17.95978   -0.45840   -1.29767   -1.53780    2.00000
 179.94315    0.01884   23.40165   23.01276    0.05990    0.03306    6.85129   -0.48818   -3.27246   -4.53579    2.00000
 179.72137   -0.03354   23.33633   22.95742    0.28064    0.15489    7.24673    2.91795    2.40882    4.65606    2.00000
 180.00981    0.06087   23.69435   23.25873    0.06165    0.03403    5.61289   -0.03834   -1.72982   -4.49773    2.00000
 179.97299   -0.01695   23.60614   23.18537    0.03189    0.01760    5.98225    6.08150    1.49604    6.52719    2.00000
 180.03555   -0.00338   23.37171   22.98739    0.03572    0.01971    7.01357   -0.22850   -1.81482   -8.03531    2.00000
 179.98201    0.11656   23.09701   22.75056    0.11794    0.06509    8.85567    3.31311   -4.09657   -0.88694    2.00000
 180.00375    0.00529   18.95041   18.40485    0.00648    0.00358  230.04666   -2.28095    1.85980   -0.41178    2.00000
 180.00952   -0.11567   21.42677   21.20436    0.11606    0.06406   33.50126   -4.46171    2.17100   -2.22484    2.00000
 179.96425   -0.02200   23.79851   23.34487    0.04198    0.02317    5.17924   -1.23361    1.43844   -1.33235    2.00000
 179.83595    0.05158   23.57723   23.16121    0.17196    0.09491    6.10386   -0.66336   -0.65378   -0.55726    2.00000
 180.00690   -0.02328   23.51800   23.11123    0.02428    0.01340    6.35549   -4.79801   -0.31861   -9.81852    2.00000
 179.97687    0.02358   23.47746   23.07693    0.03303    0.01823    6.52819   -2.80716    2.06693    0.16993    2.00000
 179.92107    0.02734   23.22785   22.86446    0.08353    0.04610    7.96976   -1.94062    4.14672    4.10455    2.00000
 180.04298   -0.03084   21.03551   20.76163    0.05290    0.02920   47.81005    0.15561    0.34544    0.28251    2.00000
 180.01193    0.17228   21.37722   21.15372    0.17269    0.09531   34.83314    2.34568   -2.92027   -0.82148    2.00000
 180.00108    0.01892   23.73925   23.29593    0.01895    0.01046    5.42563   -1.42411   -1.35244   -1.20121    2.00000
 180.33066    0.15808   23.78899   23.33700    0.36650    0.20228    5.21882    5.51502   -2.49800   -0.77448    2.00000
 180.26772    0.02741   21.48937   21.26831    0.26912    0.14854   31.81890    2.85449    2.56699    5.07061    2.00000
 179.99319    0.02509   21.82626   21.59449    0.02600    0.01435   24.03009    1.75716    0.97204    1.72224    2.00000
 180.03767   -0.12653   21.75888   21.53070    0.13202    0.07286   25.17394    2.99077    0.15608    3.16727    2.00000
 179.96323    0.00920   21.00423   20.71951    0.03791    0.02092   49.38867   -2.13531   -0.88795   -3.35240    2.00000
 179.96463   -0.10453   22.73487   22.42964    0.11036    0.06091   11.64239    1.60724    0.06056    3.65278    2.00000
 179.94981    0.07664   23.04181   22.70231    0.09161    0.05056    9.23099   -7.92079    3.46416   -3.53270    2.00000
 179.96912   -0.03025   22.97164   22.64082    0.04324    0.02386    9.70925   -1.45661   -0.53028   -1.52789    2.00000
 180.01183   -0.10890   23.45584   23.05863    0.10954    0.06046    6.62030    5.14004   -0.40021    0.43644    2.00000
 180.01878   -0.06959   23.45044   23.05406    0.07208    0.03978    6.64333    5.40063    0.31332    2.94581    2.00000
 179.95802    0.01187   21.38765   21.16438    0.04363    0.02408   34.55274   -1.03156    1.87936    1.52319    2.00000
 180.02361    0.10680   21.69538   21.46947    0.10938    0.06037   26.52765   -3.99578    3.20477    0.38790    2.00000
 180.02657   -0.06797   21.43199   21.20969    0.07298    0.04028   33.36107   -1.30955    2.39718    0.91879    2.00000
 180.06107    0.03969   22.37972   22.10791    0.07283    0.04019   15.47344   -2.94576    0.54873   -1.54861    2.00000
 179.92564    0.01773   21.52397   21.30365    0.07644    0.04219   30.88936   -1.63769   -3.31397   -3.97113    2.00000
 179.99289    0.15811   23.61739   23.19476    0.15827    0.08735    5.93496   -2.04249   -2.25811   -6.66230    2.00000
 180.03551   -0.10746   23.72241   23.28198    0.11317    0.06246    5.49585   -5.52867    0.65681   -6.33189    2.00000
 180.02446    0.01193   23.58044   23.16390    0.02722    0.01502    6.09035   -1.34045    0.24207    1.49546    2.00000
 179.95969    0.07355   23.17178   22.81577    0.08387    0.04629    8.34845   -4.44705    0.95587    1.16935    2.00000
 180.02408   -0.02024   22.56454   22.27678    0.03145    0.01736   13.46266    1.49963    0.51380    3.04800    2.00000
 179.89835    0.14565   23.82709   23.36845    0.17761    0.09803    5.06049    2.59719   -0.63198    2.08661    2.00000
 180.10483   -0.09223   23.30095   22.92744    0.13963    0.07706    7.47988    7.07946    0.93155    9.06932    2.00000
 179.90680   -0.01317   23.31183   22.93666    0.09412    0.05195    7.40814   -2.26027    3.46320    2.64993    2.00000
 180.01137    0.07848   22.91065   22.58656    0.07929    0.04376   10.13134    1.99112    0.63302    4.97846    2.00000
 180.10498   -0.07399   23.81280   23.35666    0.12843    0.07088    5.11986   -6.41321   -0.21369    0.38184    2.00000
 180.00188   -0.07850   22.18445   21.92828    0.07852    0.04334   18.04451   -6.11740    3.25852   -2.20811    2.00000
 179.95808   -0.08251   23.00934   22.67390    0.09255    0.05108    9.45199    3.71282   -1.92886    2.72426    2.00000
 179.98163   -0.01972   22.24100   21.98026    0.02695    0.01488   17.11248   -1.63003   -0.29378   -4.15627    2.00000
 179.94249    0.24064   23.73364   23.29128    0.24742    0.13656    5.44904   -1.54014   -3.67118  -16.05864    2.00000
 180.06747    0.08432   20.95850   20.65215    0.10800    0.05961   51.91308    2.66732    0.43423    2.70739    2.00000
 179.96988    0.03946   23.37171   22.98739    0.04964    0.02740    7.01357    0.14156   -2.57412   -0.53461    2.00000
 180.02834   -0.12021   23.69996   23.26338    0.12351    0.06817    5.58948   -5.78283   -1.29008   -7.46124    2.00000
 179.94301   -0.10672   22.79724   22.48540    0.12098    0.06677   10.97848    2.20364   -1.91487    0.17659    2.00000
 180.00552   -0.02884   22.51222   22.22919    0.02936    0.01621   14.02931    0.75348   -2.31913   -0.49925    2.00000
 179.93071    0.26040   23.61578   23.19342    0.26947    0.14872    5.94172   -4.19185    0.32060    3.61962    2.00000
 180.07858    0.00686   23.46665   23.06778    0.07889    0.04354    6.57425   -2.62244   -0.92333   -1.90412    2.00000
 180.02193   -0.00783   20.76404   20.34904    0.02327    0.01285   65.39461    0.39066   -2.42342   -1.62602    2.00000
 179.93932   -0.00022   23.16446   22.80942    0.06069    0.03350    8.39784   -2.56573    1.43513    4.11210    2.00000
 179.83759   -0.02686   23.10661   22.75895    0.16461    0.09085    8.79040    1.98486   -1.64436   -2.06794    2.00000
 179.99265    0.00173   21.97081   21.72972    0.00755    0.00417   21.60512   -1.52323    2.18012    0.70604    2.00000
 180.09843    0.09991   20.98656   20.69348    0.14025    0.07741   50.36401    3.79375    1.43426    5.07377    2.00000
 180.01840    0.04262   22.79225   22.48094    0.04642    0.02562   11.03159    4.70990    0.59783    5.89319    2.00000
 180.07655   -0.18765   23.56389   23.15006    0.20266    0.11185    6.16001   -4.40455   -1.81394    3.09938    2.00000
 180.01895   -0.00636   22.58802   22.29787    0.01999    0.01103   13.21150   -0.50732    0.36708   -2.86275    2.00000
 179.90227   -0.05499   20.84506   20.46480    0.11214    0.06189   59.42895    2.15403   -1.57288    0.47705    2.00000
 179.96754    0.01383   21.60924   21.38651    0.03527    0.01947   28.70975   -0.82911    0.09934   -0.80397    2.00000
 180.08086   -0.06487   22.20758   21.94954    0.10366    0.05721   17.66322   -4.71876    5.81581   -0.10022    2.00000
 180.05055   -0.09106   22.73986   22.43410    0.10415    0.05748   11.58928   -1.80928    1.20841    1.21492    2.00000
 179.91486   -0.04299   23.23029   22.86658    0.09539    0.05265    7.95329    6.25672    1.39883    4.68428    2.00000
 179.89655   -0.01801   22.64540   22.34943    0.10502    0.05796   12.59755   -0.78265   -2.47422   -2.17616    2.00000
 180.00513    0.01502   23.08021   22.73588    0.01587    0.00876    8.96990   -3.91463   -1.54768   -2.27597    2.00000
 179.88625   -0.01427   22.98133   22.64933    0.11466    0.06328    9.64310   -5.05353    0.43414   -6.19550    2.00000
 179.94856    0.04735   22.63757   22.34240    0.06991    0.03858   12.68127   -4.86541    1.20243   -2.98677    2.00000
 180.02737    0.04362   23.22541   22.86234    0.05149    0.02842    7.98622    3.27758   -0.93944    0.46980    2.00000
 179.97397    0.03580   21.80721   21.57663    0.04426    0.02443   24.35037    0.66992   -0.02147    0.64266    2.00000
 180.10635   -0.07356   23.11381   22.76525    0.12932    0.07137    8.74145    1.47004    1.03052    1.96737    2.00000
 180.00865    0.03161   23.30639   22.93205    0.03277    0.01809    7.44401   -3.19512   -1.22314   -3.58674    2.00000
 179.99893   -0.01734   21.63260   21.40897    0.01738    0.00959   28.11913    5.80809   -0.65702    5.59418    2.00000
 180.14113   -0.08400   21.59756   21.37529    0.16423    0.09064   29.00506   -4.87816   -1.55507   -6.29438    2.00000
 179.97697    0.05158   23.75565   23.30949    0.05649    0.03118    5.35737    1.92385   -0.03487    4.73332    2.00000
 180.00650   -0.03258   23.69060   23.25563    0.03322    0.01833    5.62850   -0.39137    5.68063    5.78475    2.00000
 179.96381    0.11753   23.11141   22.76315    0.12298    0.06787    8.75777   -4.66398   -1.26484   -5.07344    2.00000
 179.99100   -0.05361   23.53152   23.12267    0.05436    0.03000    6.29792    3.44248    0.03028    7.15142    2.00000
 179.95013   -0.04226   23.23273   22.86869    0.06537    0.03608    7.93683    2.15918    1.46155    1.97198    2.00000
 180.04919   -0.03703   23.34177   22.96203    0.06158    0.03399    7.21086   -0.47999    1.66965    4.99389    2.00000
 179.99750   -0.04788   22.93934   22.61213    0.04794    0.02646    9.93244    4.21598   -0.08008    5.58689    2.00000
 179.98041    0.03559   23.32272   22.94589    0.04062    0.02242    7.33640    1.81695    3.14346    1.11041    2.00000
 180.03799    0.02073   23.69996   23.26338    0.04327    0.02388    5.58948   -4.33580    1.54588   -2.81714    2.00000
 180.05762   -0.13222   23.51530   23.10895    0.14423    0.07960    6.36700    3.34850    2.48612    8.54861    2.00000
 179.95607    0.09267   22.20501   21.94718    0.10256    0.05660   17.70559    3.26045   -3.41892   -0.86907    2.00000
 179.98326   -0.01063   23.51530   23.10895    0.01982    0.01094    6.36700   -0.25668   -0.03452    1.27208    2.00000
 180.04999    0.06136   21.77211   21.54346    0.07914    0.04368   24.94517   -4.48725    0.05191   -4.09615    2.00000
 180.08484    0.02186   22.79974   22.48763    0.08761    0.04836   10.95192   -2.77152   -0.15217   -2.02796    2.00000
 179.90921    0.05575   22.95238   22.62375    0.10654    0.05880    9.84203    0.75498   -0.00755    1.72995    2.00000
 179.99001   -0.00965   23.15471   22.80096    0.01390    0.00767    8.46370    4.65525    1.36455    7.42878    2.00000
 180.02928   -0.02412   23.29822   22.92513    0.03794    0.02094    7.49782   -1.86992    1.78409   -0.62083    2.00000
 179.94688    0.00847   22.26670   22.00388    0.05378    0.02968   16.71221    2.09079   -2.07853    1.10820    2.00000
 179.97267   -0.00420   21.88613   21.65063    0.02765    0.01526   23.02350    0.70590    1.84785    2.96924    2.00000
 179.99438    0.02027   21.77476   21.54601    0.02103    0.01161   24.89941    3.87021   -2.25146    2.42186    2.00000
 180.02119   -0.00354   18.79049   18.23449    0.02150    0.01187  253.51230   -2.84416   -0.96740   -3.77056    2.00000
 179.97275    0.19112   22.54972   22.26336    0.19305    0.10655   13.62241   -2.24965    0.28904   -1.58987    2.00000
 180.04994   -0.02307   21.56057   21.33974    0.05501    0.03036   29.94020   -3.35291   -0.59613   -4.56464    2.00000
 179.71384   -0.28598   23.02277   22.68567    0.40457    0.22329    9.36039    4.50933   -1.58276    2.32827    2.00000
 180.04198    0.01167   21.31740   21.09101    0.04357    0.02405   36.48287    1.50605   -0.01877    1.73681    2.00000
 180.07578    0.01303   22.00096   21.75779    0.07688    0.04243   21.10183    5.32070    3.48478    8.54967    2.00000
 179.99330    0.01212   23.62382   23.20013    0.01385    0.00764    5.90794    0.21962    0.61820   -1.71296    2.00000
 180.00163    0.01122   23.09701   22.75056    0.01134    0.00626    8.85567    0.45533   -1.95625   -1.48962    2.00000
 180.01051   -0.02723   22.43488   22.15871    0.02918    0.01611   14.86854   -2.23531    2.82025    0.54616    2.00000
 180.06508   -0.02686   23.67377   23.24168    0.07040    0.03886    5.69872   -0.33791   -1.18208   -1.08092    2.00000
 179.90762    0.01618   23.63667   23.21086    0.09378    0.05176    5.85389   -2.65877    0.94780    1.76442    2.00000
 180.07970   -0.10776   23.66254   23.23239    0.13402    0.07397    5.74554    1.15884   -1.38563   -0.16573    2.00000
 180.01434    0.05918   22.12574   21.87455    0.06089    0.03361   19.00797   -2.36999    0.13797   -3.31754    2.00000
 180.03703    0.04689   21.73771   21.51029    0.05975    0.03298   25.53997    4.79054    0.22671    6.07926    2.00000
 180.01074    0.07513   22.63757   22.34240    0.07590    0.04189   12.68127   -2.66431   -0.75961   -4.04093    2.00000
 180.03368    0.01045   20.63201   20.18772    0.03526    0.01946   73.70787    2.08295    4.37808    6.38301    2.00000
 180.02634   -0.03528   23.79613   23.34290    0.04402    0.02430    5.18913   -5.47534   -3.04245  -13.54511    2.00000
 180.03247    0.00869   23.75565   23.30949    0.03361    0.01855    5.35737   -0.17245   -1.18217   -2.16799    2.00000
 180.04906   -0.07512   23.56389   23.15006    0.08972    0.04952    6.16001    2.25135    1.83464    5.50853    2.00000
 180.02927    0.02349   20.94246   20.62654    0.03753    0.02071   52.87259   -4.89343    4.85949   -0.36068    2.00000
 180.14632   -0.06595   22.57237   22.28381    0.16049    0.08858   13.37894    4.21820   -1.12301    2.00103    2.00000
 179.97266   -0.04064   18.66776   18.10295    0.04898    0.02703  271.63174   -1.39226   -1.33920   -2.71862    2.00000
 180.05415    0.01352   22.79225   22.48094    0.05582    0.03081   11.03159    4.09771   -3.50599   -0.86033    2.00000
 179.98062    0.02740   19.49707   18.98354    0.03356    0.01852  163.46515   -3.99173    1.39224   -2.59709    2.00000
 180.04771    0.18168   21.93519   21.69655    0.18784    0.10367   22.19992   -5.53226   -2.15617   -7.05378    2.00000
 180.03807   -0.07661   21.01057   20.72875    0.08555    0.04722   49.04222   -2.82751   -1.70266   -4.41169    2.00000
 180.00430    0.03365   22.27184   22.00861    0.03393    0.01873   16.65595   -2.82550   -1.11995   -4.85353    2.00000
 180.08159   -0.08634   23.54773   23.13639    0.11879    0.06556    6.22884    0.08173    1.60976    0.68996    2.00000
 179.97469   -0.05698   22.60888   22.31662    0.06235    0.03441   12.98825    1.03352    0.92912   -1.49819    2.00000
 180.07559   -0.13581   22.30269   22.03696    0.15543    0.08579   16.31837    0.56690   -0.38488    1.37861    2.00000
 179.96600    0.11437   23.65880   23.22929    0.11931    0.06585    5.76114    2.47383    0.23812    0.58822    2.00000
 180.01080   -0.04621   23.02277   22.68567    0.04746    0.02619    9.36039    5.71347    0.43297    7.31946    2.00000
 180.01590   -0.06551   22.92630   22.60050    0.06741    0.03721   10.02285   -1.60201   -3.09636   -5.80578    2.00000
 180.03992    0.06144   21.90791   21.67104    0.07327    0.04044   22.65746   -0.59841    0.34941    0.06106    2.00000
 179.96561    0.05676   23.30095   22.92744    0.06637    0.03663    7.47988    1.66502    0.14555    4.26242    2.00000
 180.09529   -0.08387   21.73507   21.50774    0.12695    0.07006   25.58573   -6.61329   -2.73943   -8.41625    2.00000
 180.01225   -0.09094   22.89761   22.57493    0.09176    0.05065   10.22175    0.07170   -1.94110   -0.62536    2.00000
 179.98409    0.06144   23.05141   22.71070    0.06347    0.03503    9.16571    2.05438   -0.30524    2.98094    2.00000
 179.98779    0.01015   22.68974   22.38927    0.01588    0.00876   12.12314   -1.35712   -1.77846   -5.12607    2.00000
 179.91829   -0.01262   22.59845   22.30724    0.08268    0.04563   13.09987   -2.65776    0.70281   -1.74188    2.00000
 179.99950    0.14197   22.68713   22.38693    0.14197    0.07836   12.15104    7.80143    0.69208    6.95157    2.00000
 179.89462    0.03458   20.88075   20.52443    0.11090    0.06121   56.69939   -6.25941    2.20706   -4.41994    2.00000
 179.93370   -0.01928   23.15227   22.79884    0.06905    0.03811    8.48017    1.96382    1.29627    3.26009    2.00000
 179.92470    0.11772   17.66505   17.01353    0.13974    0.07713  474.00934   -1.93364   -1.61768   -3.56127    2.00000
 179.93620   -0.04124   21.16738   20.92538    0.07597    0.04193   41.67317    1.60211    3.00133    4.33340    2.00000
 180.02159   -0.00938   21.67950   21.45416    0.02354    0.01299   26.93034    0.49609    0.79512    0.71892    2.00000
 179.97256   -0.05439   19.60960   19.10083    0.06092    0.03362  152.75787   -4.16489    0.28000   -3.77665    2.00000
 179.99072   -0.20494   23.79613   23.34290    0.20515    0.11323    5.18913    2.15770    2.96331    9.93436    2.00000
 180.15369    0.04720   23.21566   22.85388    0.16077    0.08873    8.05208   -0.82806    3.16568    8.43875    2.00000
 179.99695    0.06419   22.33891   22.07032    0.06427    0.03547   15.92108    0.40327    0.39696    1.55836    2.00000
 180.04395   -0.02274   21.61119   21.38838    0.04948    0.02731   28.66053   -0.84164   -1.47564   -2.53599    2.00000
 179.87749    0.01456   22.96020   22.63073    0.12338    0.06810    9.78778    0.51367    0.44686    2.74169    2.00000
 179.94200   -0.04108   23.61739   23.19476    0.07108    0.03923    5.93496    7.49630    1.97003   10.40306    2.00000
 179.98904    0.01625   20.71845   20.29089    0.01960    0.01082   68.39158   -4.47701    1.65521   -3.08900    2.00000
 180.32893   -0.16735   23.27174   22.90256    0.36905    0.20369    7.67339    2.95915   -0.52920   -0.15696    2.00000
 179.99927    0.02522   21.27695   21.04791    0.02523    0.01392   37.61637    0.24607    0.98336    0.65970    2.00000
 179.86272   -0.02372   22.42052   22.14550    0.13932    0.07690   15.02581    1.05128    1.93889    2.38259    2.00000
 180.15018    0.21549   22.72489   22.42072    0.26265    0.14497   11.74862    1.63471    1.53948    3.37906    2.00000
 179.94682    0.03004   22.47941   22.19929    0.06107    0.03371   14.38535   -3.67659   -0.83465   -2.77907    2.00000
 180.00050   -0.02929   22.08762   21.83880    0.02930    0.01617   19.64902   -0.02922    2.80054    2.98969    2.00000
 180.10217   -0.04645   21.95437   21.71441    0.11223    0.06194   21.87965   -1.56586    0.70433   -0.31730    2.00000
 179.96782   -0.02893   23.36899   22.98509    0.04327    0.02388    7.03151   -3.85320   -0.68798   -4.97469    2.00000
 179.98286   -0.01496   22.99103   22.65783    0.02274    0.01255    9.57694   -0.74717    1.34003   -2.81360    2.00000
 179.99908    0.03167   22.98564   22.65311    0.03168    0.01749    9.61369   -1.70292   -1.79822   -4.01583    2.00000
 180.06300   -0.09848   23.23273   22.86869    0.11691    0.06453    7.93683    0.16325    0.43455    2.05441    2.00000
 180.12698    0.05782   21.96259   21.72207    0.13953    0.07701   21.74238    3.13518   -1.54445    0.24283    2.00000
 179.87813   -0.23855   21.95711   21.71696    0.26788    0.14785   21.83389   -1.12712    1.21345   -0.26229    2.00000
 180.04865   -0.04268   23.21566   22.85388    0.06471    0.03571    8.05208   -0.19542    0.35543    3.68544    2.00000
 179.95813   -0.02188   23.14742   22.79462    0.04724    0.02608    8.51300    0.86361    2.05009    2.06815    2.00000
 179.91959   -0.01128   23.53962   23.12953    0.08121    0.04482    6.26338    2.63661    2.01270    0.73228    2.00000
 180.04213   -0.07364   23.42070   23.02890    0.08484    0.04682    6.77002   -1.57991    3.41477    0.22222    2.00000
 180.01553   -0.01049   23.39892   23.01045    0.01875    0.01035    6.86289    1.80461    1.49323    0.90626    2.00000
 180.09061   -0.00292   21.81265   21.58173    0.09065    0.05003   24.25886    1.01947    2.34399    3.92174    2.00000
 180.01532   -0.01309   23.17665   22.82001    0.02015    0.01112    8.31552   -2.31911   -1.12845   -1.69348    2.00000
 179.97496    0.03068   23.14262   22.79042    0.03960    0.02185    8.54564   -0.05742    0.99183    0.54585    2.00000
 179.61890    0.27924   23.29822   22.92513    0.47246    0.26077    7.49782   -2.78256   -2.40651   -4.29366    2.00000
 180.21664   -0.18557   23.22541   22.86234    0.28526    0.15744    7.98622   -0.59492    0.69227   -0.23702    2.00000
 180.02272    0.03741   22.61149   22.31896    0.04377    0.02416   12.96034   -0.69540   -2.81914   -2.73530    2.00000
 180.06564   -0.01314   21.40591   21.18304    0.06694    0.03695   34.06205    5.49809    0.49524    6.34957    2.00000
 180.12398   -0.07645   23.41525   23.02428    0.14565    0.08039    6.79324   -0.02314   -0.69078    5.44884    2.00000
 180.08260   -0.04712   23.30095   22.92744    0.09510    0.05249    7.47988   -2.03468   -0.18157   -0.71278    2.00000
 180.00398   -0.00893   23.09941   22.75266    0.00978    0.00540    8.83936    0.63971   -0.96022    1.85233    2.00000
 179.97040   -0.00179   23.40709   23.01737    0.02965    0.01637    6.82807    1.24791    0.59571    5.67975    2.00000
 179.95326    0.04071   22.31251   22.04600    0.06198    0.03421   16.21072    1.00258   -1.19628    0.93539    2.00000
 179.91245   -0.06974   23.02277   22.68567    0.11193    0.06178    9.36039   -1.20555   -0.37008   -2.71399    2.00000
 179.97968    0.09814   21.45286   21.23101    0.10022    0.05531   32.80028   -0.10359   -0.87316   -0.78318    2.00000
 180.00180   -0.02332   23.67377   23.24168    0.02339    0.01291    5.69872    4.11597   -0.54026    3.75323    2.00000
 179.97166   -0.00246   22.96625   22.63610    0.02845    0.01570    9.74600    0.38288    2.78086    2.19441    2.00000
 179.91443   -0.05953   23.26442   22.89621    0.10424    0.05753    7.72278   -4.05173    1.51262   -2.70246    2.00000
 180.00032   -0.00577   23.57883   23.16256    0.00578    0.00319    6.09710   -0.33131   -1.28653    3.95395    2.00000
 180.04668   -0.06280   21.55668   21.33599    0.07824    0.04318   30.03864   -1.94860    2.91539    2.15184    2.00000
 179.98312    0.02418   22.64279   22.34708    0.02949    0.01628   12.62546   -5.39921    0.44810   -2.05245    2.00000
 179.99921    0.02598   23.52881   23.12038    0.02599    0.01434    6.30943   -1.99811   -3.03788   -9.61258    2.00000
 180.04137   -0.03389   23.80566   23.35076    0.05347    0.02951    5.14955    1.89585   -2.66794   -2.61859    2.00000
 179.98405    0.03993   23.10181   22.75476    0.04300    0.02373    8.82304   -0.53427   -1.58489   -2.52056    2.00000
 180.00304    0.08070   22.78976   22.47871    0.08075    0.04457   11.05815   -1.79560   -1.07897   -3.71517    2.00000
 180.12917    0.08151   22.85066   22.53309    0.15273    0.08430   10.54722    1.78997   -2.07925    2.03753    2.00000
 179.94901    0.01546   22.50753   22.22492    0.05329    0.02941   14.08017   -1.65818    1.31549   -1.28853    2.00000
 180.00951    0.03381   23.83185   23.37239    0.03512    0.01938    5.04069    1.35168   -2.20051    3.63090    2.00000
 179.83113    0.00569   23.32000   22.94358    0.16896    0.09326    7.35434    2.00922    0.48651    0.26433    2.00000
 179.98952    0.08278   22.56976   22.28146    0.08344    0.04605   13.40685   -2.79999    2.51481    0.62702    2.00000
 179.97556   -0.02418   23.71493   23.27578    0.03438    0.01898    5.52706    0.38026   -2.30781    2.67754    2.00000
 180.06493   -0.09150   21.30729   21.08023    0.11219    0.06192   36.76624   -2.34312   -0.25236   -2.96612    2.00000
 180.01695   -0.11092   21.31133   21.08454    0.11221    0.06193   36.65289    0.46326   -0.98330    0.30551    2.00000
 180.01955    0.02147   23.01688   22.68051    0.02903    0.01602    9.40053    4.15618    1.78446    9.23698    2.00000
 179.99004    0.05572   23.12582   22.77574    0.05660    0.03124    8.65986   -1.83798   -0.03191   -2.19256    2.00000
 179.98683   -0.02306   23.27418   22.90468    0.02656    0.01466    7.65693   -2.40117    0.55828   -2.87007    2.00000
 180.02971   -0.00240   21.42938   21.20702    0.02981    0.01645   33.43117   -2.56593    2.60545   -0.17027    2.00000
 180.00903    0.02956   23.50179   23.09751    0.03091    0.01706    6.42457    3.27452   -3.81540    2.49809    2.00000
 180.16006    0.05635   21.94067   21.70166    0.16969    0.09365   22.10842    0.05426   -1.40863   -0.58348    2.00000
 179.98019    0.01148   23.11622   22.76735    0.02289    0.01264    8.72513    3.02401   -2.22612    0.98370    2.00000
 180.01910    0.03308   22.54503   22.25909    0.03820    0.02108   13.67327   -5.27684   -0.12469   -7.85192    2.00000
 179.88651   -0.11732   22.62453   22.33068    0.16323    0.09009   12.82081    0.94739    0.27713    1.42990    2.00000
 179.94777    0.10060   21.16738   20.92538    0.11335    0.06256   41.67317    3.47608   -0.55154    2.68383    2.00000
 180.03989   -0.00710   21.91063   21.67359    0.04051    0.02236   22.61171    2.63112   -1.20440    0.22939    2.00000
 179.98528    0.08799   17.70809   17.06157    0.08921    0.04924  463.84610    2.30874   -0.13770    2.17299    2.00000
 179.97971   -0.00248   21.40330   21.18037    0.02045    0.01128   34.13215   -0.76347   -2.05286   -2.55439    2.00000
 179.89403   -0.12891   23.61096   23.18939    0.16687    0.09210    5.96198   -0.38865    1.43264    3.51633    2.00000
 180.00278    0.01190   17.92354   17.91439    0.01221    0.00674  300.41388   -4.08410    0.56723   -3.45576    2.00000
 179.95213    0.10435   23.20591   22.84541    0.11481    0.06336    8.11794   -2.51699   -0.77084   -6.27519    2.00000
 180.00955    0.03191   22.23329   21.97317    0.03331    0.01838   17.23957   -1.36350   -1.35536   -2.40846    2.00000
 179.98183    0.01258   19.62333   19.11523    0.02211    0.01220  151.48859    1.52092    4.08639    5.57222    2.00000
 180.00134    0.10307   23.64631   23.21892    0.10308    0.05689    5.81335    0.71784   -1.48789    0.24368    2.00000
 179.97079   -0.03517   22.76481   22.45640    0.04571    0.02523   11.32371    4.98864    2.95260    8.89567    2.00000
 179.95146    0.01869   23.16934   22.81366    0.05201    0.02871    8.36491   -1.45255    2.28493    3.60317    2.00000
 180.08461   -0.09791   22.54737   22.26123    0.12941    0.07142   13.64784    0.90739   -1.15320    0.38607    2.00000
 179.93800   -0.01384   21.12160   20.87042    0.06353    0.03506   43.73311    0.80633    0.03144    1.37626    2.00000
 179.98024    0.11267   22.76980   22.46086    0.11439    0.06313   11.27060   -1.07602    0.24048    0.46405    2.00000
 180.10236   -0.09764   18.07861   18.09426    0.14145    0.07807  272.82849   -1.38876   -1.32282   -2.76180    2.00000
 180.01942   -0.03732   22.87674   22.55634    0.04207    0.02322   10.36640   -0.19593   -2.14361   -0.37934    2.00000
 180.05846    0.01171   21.89974   21.66338    0.05962    0.03291   22.79473    0.00021    0.67193    1.38969    2.00000
 180.10889    0.11488   23.08741   22.74217    0.15828    0.08736    8.92095    0.90026    0.00653   -1.10669    2.00000
 179.99300    0.03847   21.76417   21.53581    0.03910    0.02158   25.08243    0.00618   -2.36023   -2.41454    2.00000
 180.18156    0.14663   23.37443   22.98970    0.23338    0.12881    6.99564    2.27111    3.99955    4.58986    2.00000
 179.90585   -0.08067   22.06673   21.81902    0.12398    0.06843   20.00373    1.31032    1.56484    0.64294    2.00000
 179.97755   -0.03757   22.95499   22.62608    0.04377    0.02416    9.82395   -5.40353    0.81220   -5.76537    2.00000
 180.15141   -0.03832   23.46935   23.07007    0.15618    0.08620    6.56273   -3.08226   -3.67155   -4.00703    2.00000
 180.04790    0.11252   22.78477   22.47425    0.12229    0.06749   11.11126   -1.00623    1.54362    0.48416    2.00000
 180.11835    0.03533   22.62453   22.33068    0.12350    0.06816   12.82081    2.67792    4.66320    6.06889    2.00000
 180.00653    0.02859   23.36082   22.97817    0.02932    0.01618    7.08531    4.12835    0.44118    6.26279    2.00000
 180.01773   -0.08741   22.61671   22.32365    0.08919    0.04922   12.90453   -0.96079    2.12802    0.27292    2.00000
 179.96785   -0.01962   21.89158   21.65573    0.03767    0.02079   22.93199   -2.63070    1.75150    0.75597    2.00000
 179.96521   -0.02925   22.15753   21.90360    0.04546    0.02509   18.48706   -1.34627   -2.47361   -6.07744    2.00000
 180.05701   -0.02533   20.78990   20.38272    0.06239    0.03443   63.65896    0.14188    0.10606    0.16270    2.00000
 180.02348   -0.04783   22.24100   21.98026    0.05328    0.02941   17.11248   -2.27687   -2.05172   -3.22283    2.00000
 180.02681    0.02899   21.76946   21.54091    0.03948    0.02179   24.99092    0.92325   -2.24722   -0.46793    2.00000
 180.07623   -0.23614   22.22815   21.96844    0.24814    0.13696   17.32430  -10.65066    1.22873   -9.46003    2.00000
 180.03336   -0.09078   22.83762   22.52146    0.09671    0.05338   10.63763   -0.45123    2.61158    5.74333    2.00000
 180.01276    0.02036   22.92891   22.60283    0.02402    0.01326   10.00477   -1.22439    2.45191    3.30863    2.00000
 179.98952    0.00613   22.29241   22.02751    0.01214    0.00670   16.43089   -4.44232    0.51021   -4.32686    2.00000
 180.06122    0.02856   23.55314   23.14096    0.06755    0.03728    6.20581   -1.15517    2.77186    5.63295    2.00000
 179.99734   -0.02609   22.81221   22.49878    0.02623    0.01448   10.81914   -4.45259    1.23300   -0.63704    2.00000
 180.04459   -0.43283   23.22785   22.86446    0.43512    0.24016    7.96976   -5.52098   -0.98538   -1.26213    2.00000
 180.00247    0.09212   22.96493   22.63494    0.09216    0.05086    9.75504   -2.24206    3.59124   -1.38521    2.00000
 180.07758    0.00789   22.11086   21.86092    0.07798    0.04304   19.25249   -3.43263    1.26641   -1.75548    2.00000
 180.01172    0.09608   23.79613   23.34290    0.09680    0.05342    5.18913   -3.27150   -5.61765   -8.70586    2.00000
 179.99419   -0.04002   23.08981   22.74427    0.04045    0.02232    8.90463   -1.23654    3.80993    4.54321    2.00000
 179.91785   -0.08368   23.41798   23.02659    0.11727    0.06472    6.78163   -0.38218   -0.33131   -2.95480    2.00000
 179.83469   -0.02171   23.67377   23.24168    0.16673    0.09202    5.69872   -0.24977   -0.23124   -2.12068    2.00000
 179.94765   -0.02149   23.74300   23.29903    0.05659    0.03123    5.41002   -3.89953   -1.13439   -1.95127    2.00000
 180.02040   -0.03938   22.81470   22.50101    0.04435    0.02448   10.79675   -0.14663   -4.48546   -4.33307    2.00000
 179.98276   -0.02127   23.30639   22.93205    0.02738    0.01511    7.44401   -1.79312   -2.44765   -2.39023    2.00000
 180.03979   -0.06054   23.57723   23.16121    0.07245    0.03998    6.10386    0.74421    1.61792    6.46433    2.00000
 179.95708   -0.03577   23.69809   23.26183    0.05587    0.03084    5.59729    0.64284   -1.15827    3.20299    2.00000
 180.00786    0.03001   21.20979   20.97465    0.03102    0.01712   39.82660   -1.47455    3.07181    1.26861    2.00000
 180.47462    0.11509   23.03941   22.70021    0.48838    0.26955    9.24730    0.42292    0.68650   -0.30039    2.00000
 180.09505    0.01364   22.06125   21.81392    0.09601    0.05299   20.09524  -10.31798   -2.12123  -12.64218    2.00000
 180.06824   -0.12351   23.74300   23.29903    0.14110    0.07788    5.41002    1.63060    4.67567    4.77754    2.00000
 179.99217    0.03541   20.32096   19.84790    0.03626    0.02001   93.78450   -1.80181   -1.47356   -3.25084    2.00000
 180.06664    0.00838   23.54773   23.13639    0.06716    0.03707    6.22884    0.43144    2.45686    6.31303    2.00000
 180.09055    0.11481   22.81221   22.49878    0.14622    0.08070   10.81914   -0.24446   -0.42646   -3.89772    2.00000
 180.02197    0.00228   23.48827   23.08608    0.02209    0.01219    6.48214   -2.91699    2.07433   -4.00868    2.00000
 179.99908    0.05601   21.75623   21.52815    0.05602    0.03092   25.21969    0.50401   -0.54694   -1.26842    2.00000
 180.25838   -0.22307   23.68873   23.25408    0.34134    0.18840    5.63630   -3.62217   -4.25882  -10.17590    2.00000
 180.01260    0.01093   20.68708   20.25309    0.01668    0.00921   70.33956    6.60117   -3.85418    2.62461    2.00000
 179.99683    0.00005   21.55084   21.33038    0.00318    0.00176   30.18629    0.85562   -1.69812   -1.06227    2.00000
 180.03896    0.02961   22.89500   22.57261    0.04893    0.02701   10.23983   -0.19023    0.97751    3.41054    2.00000
 180.22751    0.01908   22.22044   21.96136    0.22831    0.12601   17.45140    2.87697   -0.45863    1.93677    2.00000
 179.93352    0.02424   23.70744   23.26958    0.07077    0.03906    5.55827   -5.59794    0.55162    1.05766    2.00000
 179.96474    0.05503   21.24238   21.01099    0.06536    0.03607   38.58755   -3.20534    1.41990   -1.78913    2.00000
 179.87434   -0.10617   21.17638   20.93583    0.16450    0.09079   41.28147   -3.47328    0.26522   -3.40558    2.00000
 180.00650    0.02491   23.22054   22.85811    0.02575    0.01421    8.01915    0.77266   -0.63322    3.30826    2.00000
 180.02083   -0.00189   23.25711   22.88986    0.02091    0.01154    7.77218    1.84718   -2.79174   -1.23642    2.00000
 179.95757   -0.06822   23.08021   22.73588    0.08035    0.04435    8.96990   -5.84928   -2.83181   -7.92052    2.00000
 179.94194    0.01582   21.09622   20.83957    0.06018    0.03322   44.88907    1.13291   -1.35220   -0.49156    2.00000
 179.86674    0.02405   22.58019   22.29084    0.13540    0.07473   13.29522    1.74765   -3.30324    0.53993    2.00000
 179.96365    0.01661   22.92369   22.59818    0.03995    0.02205   10.04093   -3.74950    1.13844   -4.73060    2.00000
 179.99149    0.00519   23.40165   23.01276    0.00997    0.00550    6.85129    2.07651   -3.92736    0.60070    2.00000
 179.94151   -0.02659   22.41092   22.13666    0.06424    0.03546   15.13113   -5.31105   -0.78969   -6.97293    2.00000
 180.12514   -0.27202   22.08994   21.84102    0.29942    0.16526   19.60937   -2.88454   -2.42322   -5.03929    2.00000
 179.92616    0.05668   22.82723   22.51221    0.09308    0.05137   10.70962   -3.31201   -1.24944   -5.37908    2.00000
 179.96672   -0.11599   21.93519   21.69655    0.12067    0.06660   22.19992    3.75806   -2.47785    1.93531    2.00000
 180.02232   -0.02350   21.27291   21.04361    0.03242    0.01789   37.72973   -4.83702   -0.97205   -6.01190    2.00000
 179.95161    0.05086   22.39892   22.12560    0.07020    0.03875   15.26279    0.70248   -0.64472   -1.16014    2.00000
 180.08662   -0.07846   23.80566   23.35076    0.11687    0.06451    5.14955   -1.35999    1.61334    2.67636    2.00000
 180.12276   -0.02460   23.55854   23.14554    0.12519    0.06910    6.18278   -0.78965   -1.93570    6.73388    2.00000
 180.00851    0.04575   23.72616   23.28508    0.04653    0.02568    5.48025    0.01505   -0.90793   -0.03256    2.00000
 179.95479   -0.02793   21.35398   21.12998    0.05314    0.02933   35.45781    1.89686   -0.60229    1.09538    2.00000
 179.97118   -0.02705   23.82233   23.36452    0.03953    0.02182    5.08028   -4.77852    0.38870    1.83822    2.00000
 179.98094   -0.02310   22.58802   22.29787    0.02994    0.01653   13.21150   -0.55314   -1.27253   -2.58731    2.00000
 179.84862    0.17204   23.03701   22.69811    0.22916    0.12648    9.26362   -3.66731    0.85319   -5.04257    2.00000
 179.93002   -0.02168   21.62676   21.40335    0.07326    0.04043   28.26678    5.01489    2.28842    7.50002    2.00000
 180.00584   -0.01816   22.97056   22.63988    0.01908    0.01053    9.71660   -2.76896   -1.30272   -2.67958    2.00000
 179.92136    0.07707   22.78726   22.47648    0.11011    0.06077   11.08471   -0.86904    6.80363    9.17137    2.00000
 180.03506   -0.02777   22.21529   21.95663    0.04473    0.02469   17.53613    2.06507   -1.16497    2.01784    2.00000
 179.94252   -0.04469   22.43254   22.15657    0.07281    0.04019   14.89402   -1.01399   -2.10714   -2.88512    2.00000
 180.01215   -0.00394   23.26442   22.89621    0.01277    0.00705    7.72278   -1.21454    1.04600   -0.47943    2.00000
 180.02232   -0.00920   23.58526   23.16792    0.02415    0.01333    6.07008   -2.21568   -3.18690    0.27184    2.00000
 180.01443    0.04716   22.66105   22.36349    0.04932    0.02722   12.43011    2.08445    0.70771    1.19778    2.00000
 179.92377    0.05530   20.62804   20.18319    0.09418    0.05198   73.94163    1.96990   -1.49770    0.66723    2.00000
 179.98901   -0.05583   23.43422   23.04034    0.05690    0.03140    6.71241   -2.01642    1.33584    2.45662    2.00000
 179.95831    0.04754   22.90022   22.57726    0.06323    0.03490   10.20367   -0.38890    0.25459   -2.94052    2.00000
 179.92215    0.03507   22.50753   22.22492    0.08538    0.04712   14.08017   -0.35873   -0.96384   -1.31795    2.00000
 179.84914    0.04673   23.37987   22.99431    0.15793    0.08717    6.95977   -8.59289    0.61945  -11.02036    2.00000
 180.09482   -0.00529   23.70557   23.26803    0.09497    0.05242    5.56608    1.51581   -1.30049   -1.40178    2.00000
 179.99239    0.00509   23.17421   22.81789    0.00916    0.00505    8.33198   -1.53691    0.62002   -0.24162    2.00000
 180.09776    0.14152   23.59972   23.18000    0.17201    0.09494    6.00928   -1.15100   -4.40729   -2.23182    2.00000
 180.02702    0.02553   22.60627   22.31427    0.03717    0.02052   13.01615    4.52839   -1.19535    4.39682    2.00000
 179.97243    0.00513   23.23517   22.87081    0.02804    0.01548    7.92036    3.73939    2.35673    9.18653    2.00000
 180.02487   -0.02245   23.39076   23.00353    0.03351    0.01849    6.89772    3.10283   -0.75921    6.33107    2.00000
 180.00375   -0.01729   22.79475   22.48317    0.01769    0.00977   11.00504   -4.93868    1.11059   -4.81458    2.00000
 180.04346    0.01064   22.37012   22.09907    0.04473    0.02469   15.57877    0.09199    0.55069    0.99871    2.00000
 180.01170   -0.04379   22.33411   22.06590    0.04533    0.02502   15.97374    6.55068    2.69123   10.83200    2.00000
 179.98848    0.02706   23.06581   22.72329    0.02941    0.01623    9.06781    2.80299   -2.15950   -0.80626    2.00000
 179.97823   -0.02594   22.14218   21.88958    0.03386    0.01869   18.73853   -6.62929    0.34235   -5.71749    2.00000
 180.00168   -0.00397   20.73388   20.30975    0.00431    0.00238   67.41954   -1.00254   -0.46306   -1.33433    2.00000
 179.98688   -0.02113   22.31011   22.04378    0.02487    0.01373   16.23705    1.96261    0.98691    2.80070    2.00000
 179.98984    0.00328   22.80971   22.49655    0.01068    0.00589   10.84570   -3.83827   -0.08082   -5.22197    2.00000
 179.95753    0.14566   23.76041   23.31342    0.15173    0.08374    5.33757   -0.59463    0.02390    1.80168    2.00000
 179.98143   -0.05233   23.53962   23.12953    0.05553    0.03065    6.26338    1.44867   -0.15304    2.00136    2.00000
 180.03743    0.11419   23.30367   22.92975    0.12017    0.06633    7.46195   -2.74885    0.33041   -0.06983    2.00000
 179.98210    0.04949   23.73551   23.29283    0.05262    0.02904    5.44123   -1.04273   -2.91709   -7.88200    2.00000
 179.96230   -0.00152   21.03177   20.75670    0.03774    0.02083   47.99492   -0.34142    1.35260    1.35727    2.00000
 180.01836   -0.01540   23.69996   23.26338    0.02396    0.01322    5.58948   -0.37956   -2.76705    1.68923    2.00000
 179.88945    0.00515   22.50987   22.22705    0.11067    0.06108   14.05474   -2.41825   -2.18816   -6.89616    2.00000
 179.98491   -0.04635   22.15643   21.90260    0.04874    0.02690   18.50502   -4.48463    2.28148   -2.73956    2.00000
 179.88881    0.01265   23.69622   23.26028    0.11190    0.06176    5.60509   -4.56093   -1.32980   -6.27515    2.00000
 180.09293   -0.02623   23.06581   22.72329    0.09656    0.05329    9.06781   -9.37625    0.59976   -5.77486    2.00000
 179.87584    0.25082   23.17909   22.82212    0.27987    0.15446    8.29905    0.47885    3.23225    1.90147    2.00000
 179.98853   -0.06631   22.42532   22.14993    0.06730    0.03714   14.97314    5.73270    3.19295    8.24407    2.00000
 180.01845    0.02095   21.40852   21.18570    0.02792    0.01541   33.99195    0.13512    1.29396    1.37358    2.00000
 179.89246    0.00705   23.42611   23.03348    0.10777    0.05948    6.74695    0.90438    1.00550    1.08659    2.00000
 180.05165   -0.03473   23.27661   22.90680    0.06224    0.03435    7.64046    4.94854   -4.50832    6.44010    2.00000
 180.04988   -0.01533   23.54503   23.13410    0.05218    0.02880    6.24035    2.02553   -2.59658   -8.87261    2.00000
 180.26813    0.27365   22.88196   22.56098    0.38312    0.21145   10.33024    2.17503   -1.49683   -1.48481    2.00000
 180.05064    0.02439   20.88472   20.53124    0.05621    0.03102   56.44439   -2.02960   -2.56073   -4.59293    2.00000
 180.05682    0.04607   21.91607   21.67869    0.07316    0.04038   22.52020   -0.11440    1.07033    1.29448    2.00000
 179.98001   -0.04703   23.77232   23.32325    0.05110    0.02820    5.28809    0.38576   -2.40344    1.98841    2.00000
 180.05322    0.04294   20.31158   19.83799    0.06839    0.03774   94.46215    1.20778   -1.73013   -0.51074    2.00000
 179.97224   -0.04217   22.26927   22.00624    0.05049    0.02787   16.68408    0.39868   -0.80639   -0.51133    2.00000
 179.99637   -0.08986   22.95499   22.62608    0.08994    0.04964    9.82395    2.60549    0.71220    7.12375    2.00000
 179.96904   -0.07937   21.33965   21.11471    0.08519    0.04702   35.85944   -3.61068   -0.38136   -4.20735    2.00000
 180.00162   -0.01735   18.08969   17.89598    0.01743    0.00962  303.55338    6.39754   -2.66484    3.70500    2.00000
 179.90182   -0.00738   23.78660   23.33504    0.09845    0.05433    5.22872   -4.32822    3.66727    1.87226    2.00000
 179.97255   -0.04898   23.73177   23.28973    0.05615    0.03099    5.45684    3.05480    0.42229    3.45280    2.00000
 179.99786    0.03544   23.26686   22.89833    0.03550    0.01959    7.70632   -0.53032    1.58169    4.45549    2.00000
 180.01306   -0.02154   22.26413   22.00152    0.02519    0.01390   16.74035    3.17984    0.81908    5.02966    2.00000
 179.94865    0.03128   20.89742   20.55301    0.06012    0.03318   55.62842   -0.42842   -0.40658   -0.92964    2.00000
 180.01167    0.00144   22.53097   22.24628    0.01176    0.00649   13.82586    5.85605    0.00781    4.63593    2.00000
 180.02197   -0.04764   22.14328   21.89058    0.05247    0.02896   18.72057    0.89646   -0.94441    0.43615    2.00000
 180.01193    0.01273   22.80473   22.49209    0.01745    0.00963   10.89881    1.52335   -0.01135   -0.10047    2.00000
 180.03491    0.07985   21.10070   20.84501    0.08715    0.04810   44.68507    1.30065   -1.28878   -0.10536    2.00000
 179.89143   -0.05111   23.73364   23.29128    0.11999    0.06623    5.44904   -5.33955   -2.25723   -0.90628    2.00000
 180.03667    0.01433   22.18188   21.92592    0.03937    0.02173   18.08687    0.50877   -1.71121   -2.47217    2.00000
 179.93314   -0.00757   21.11414   20.86134    0.06728    0.03714   44.07309   -0.94959   -0.41706   -1.11824    2.00000
 179.98894    0.07745   22.58541   22.29553    0.07824    0.04318   13.23941    2.75285    0.06736    4.25063    2.00000
 179.88187   -0.10571   22.65061   22.35412    0.15853    0.08749   12.54174   -1.16770   -1.03476   -0.35433    2.00000
 180.00832   -0.01323   22.24100   21.98026    0.01563    0.00862   17.11248    3.51143   -0.09089    2.55316    2.00000
 180.00578   -0.01679   22.30012   22.03459    0.01776    0.00980   16.34650    1.25774    0.36530    1.34519    2.00000
 180.02814    0.03947   21.89702   21.66083    0.04847    0.02675   22.84048   -0.29074    1.30121    1.60069    2.00000
 180.01289   -0.01693   21.50709   21.28642    0.02128    0.01175   31.34276   10.54102    0.86779   11.82506    2.00000
 180.03506    0.02371   21.60145   21.37903    0.04234    0.02337   28.90662   -4.77266   -0.07118   -5.13788    2.00000
 179.99057    0.00036   22.70992   22.40734    0.00944    0.00521   11.90796    1.89810    0.67003    3.87682    2.00000
 180.03142   -0.01488   22.43722   22.16085    0.03476    0.01919   14.84311    1.31604    0.29610   -1.10352    2.00000
 179.94589   -0.05265   22.61671   22.32365    0.07550    0.04167   12.90453    4.49024   -2.10583    4.76912    2.00000
 179.98869    0.12109   23.46125   23.06321    0.12162    0.06712    6.59727   -1.18882    0.41572   -1.37669    2.00000
 179.98195    0.05843   22.03658   21.79096    0.06116    0.03375   20.50702    0.38939   -4.86620   -6.43086    2.00000
 179.95416   -0.00127   21.75623   21.52815    0.04586    0.02531   25.21969   -7.00891   -0.40682   -6.67521    2.00000
 179.95740    0.04227   23.67377   23.24168    0.06002    0.03312    5.69872   -4.32504   -3.75080  -11.15139    2.00000
 180.01495    0.01103   23.76041   23.31342    0.01858    0.01026    5.33757   -0.43753   -1.65467   -0.77075    2.00000
 180.06281   -0.03348   22.53331   22.24841    0.07116    0.03928   13.80043    3.11370   -1.38234    3.38965    2.00000
 180.04243   -0.00950   23.28734   22.91591    0.04348    0.02400    7.56956    1.39445   -3.00464   -6.01298    2.00000
 179.99371   -0.17022   22.70244   22.40065    0.17033    0.09401   11.98763   -2.44750    3.91201    1.44292    2.00000
 180.02701    0.01272   22.81720   22.50324    0.02986    0.01648   10.77940    0.27479   -1.52250   -1.64331    2.00000
 180.05066   -0.04753   23.69809   23.26183    0.06947    0.03834    5.59729   -0.57650   -2.87961  -13.89779    2.00000
 179.95396   -0.05969   22.00370   21.76034    0.07538    0.04160   21.05607    1.45359   -0.63111    1.54874    2.00000
 179.96776   -0.01345   23.66067   23.23084    0.03493    0.01928    5.75334   -2.41923    0.58556    6.06660    2.00000
 180.00948    0.10918   23.09221   22.74637    0.10959    0.06049    8.88831    0.02165   -1.17809   -3.17056    2.00000
 179.93282    0.05613   23.21078   22.84964    0.08755    0.04832    8.08501   -4.84135   -4.85799  -10.09998    2.00000
 179.94814    0.01284   23.23760   22.87293    0.05342    0.02948    7.90390   -2.25173    0.02332   -4.23954    2.00000
 180.01341    0.22686   23.65505   23.22619    0.22726    0.12543    5.77675   -2.54482   -0.25647   -3.13140    2.00000
 179.99075   -0.15258   23.65880   23.22929    0.15286    0.08437    5.76114    2.41839   -0.31792    4.69103    2.00000
 179.96056    0.02173   23.06821   22.72539    0.04504    0.02486    9.05149    1.39220    0.22257    0.21423    2.00000
 180.04129    0.07462   18.06455   18.10111    0.08528    0.04707  271.88531    3.34475    2.05079    5.43750    2.00000
 180.15044    0.02721   21.02928   20.75341    0.15288    0.08438   48.11816    1.38107   -2.49920   -1.07137    2.00000
 180.01823    0.06327   23.31183   22.93666    0.06585    0.03634    7.40814    4.87085    0.45847    2.88377    2.00000
 180.06564   -0.09064   22.17160   21.91647    0.11192    0.06177   18.25633   -0.67996   -2.34683   -4.54609    2.00000
 180.04683    0.07902   23.16934   22.81366    0.09185    0.05069    8.36491    1.61938   -1.20301    1.37794    2.00000
 179.98048   -0.04433   20.70904   20.27955    0.04844    0.02673   68.97598    1.19698    0.79018    1.85708    2.00000
 180.10229    0.20614   21.68215   21.45671    0.23012    0.12701   26.86323    6.73181   -0.79376    5.61965    2.00000
 180.00735   -0.01513   23.10181   22.75476    0.01683    0.00929    8.82304    1.67327   -0.66095   -1.08137    2.00000
 180.05836    0.01066   22.64540   22.34943    0.05933    0.03275   12.59755   -7.11560   -1.11007   -8.13456    2.00000
 179.96191    0.02555   21.73242   21.50519    0.04586    0.02531   25.63148   -3.18849   -0.65822   -3.84005    2.00000
 179.99290    0.01091   22.13889   21.88657    0.01301    0.00718   18.79242   -1.62799    0.31707   -2.44381    2.00000
 180.02763   -0.01364   23.52611   23.11809    0.03082    0.01701    6.32095   -1.43109   -0.76227   -1.03351    2.00000
 179.05238   -0.35648   22.97810   22.64649    1.01245    0.55885    9.66515   -0.44129    0.09419   -0.98659    2.00000
 180.05890   -0.03841   23.38259   22.99661    0.07032    0.03881    6.94184   -2.81534   -1.32946   -3.08357    2.00000
 179.91840   -0.00362   21.50976   21.28914    0.08169    0.04509   31.27117    0.02473   -0.80350   -0.09373    2.00000
 180.00124   -0.02417   22.46535   22.18648    0.02420    0.01336   14.53793    1.72428   -0.60266    1.64160    2.00000
 179.99023    0.05411   22.12026   21.86954    0.05498    0.03035   19.09779   -6.34765    1.24973   -4.73346    2.00000
 180.32895   -0.03343   23.54233   23.13182    0.33065    0.18249    6.25187    0.72351    3.10024   -4.84964    2.00000
 180.17532    0.11908   23.42611   23.03348    0.21195    0.11698    6.74695    1.76594    1.65856    8.44584    2.00000
 180.05640    0.07699   23.65505   23.22619    0.09543    0.05267    5.77675    2.95130    0.46624    0.31550    2.00000
 179.94884   -0.07993   21.05797   20.79123    0.09491    0.05238   46.70084    1.24840   -1.44386   -0.24677    2.00000
 180.00200   -0.04709   22.18445   21.92828    0.04713    0.02601   18.04451    1.93545    0.04029   -0.00724    2.00000
 179.97693    0.03277   22.87153   22.55169    0.04008    0.02212   10.40257   -3.01583   -0.45309   -0.63067    2.00000
 180.00816   -0.08142   23.37987   22.99431    0.08183    0.04516    6.95977   -2.18504   -2.49973    0.70690    2.00000
 179.96130    0.10337   23.46395   23.06550    0.11038    0.06092    6.58576  -10.12592    4.53412   -3.28807    2.00000
 179.95300   -0.01726   23.11381   22.76525    0.05006    0.02763    8.74145    4.44068   -1.45520   -0.92428    2.00000
 179.95361   -0.05371   22.45597   22.17793    0.07097    0.03917   14.63966   -2.08348    0.75614   -2.41834    2.00000
 180.02663   -0.01574   23.66254   23.23239    0.03092    0.01707    5.74554   -2.36795    0.43598   -3.52417    2.00000
 180.00391    0.04272   22.39412   22.12118    0.04289    0.02367   15.31545    8.83027   -1.93576    8.13383    2.00000
 179.87711    0.08503   23.76755   23.31931    0.14944    0.08248    5.30789   -1.41256    2.63605   -1.68204    2.00000
 180.00478    0.00600   22.46300   22.18434    0.00767    0.00424   14.56336    1.24960    0.82981    3.67532    2.00000
 179.71693    0.38655   23.68125   23.24788    0.47912    0.26444    5.66751    3.56969    0.35462   -1.34134    2.00000
 179.88071    0.01288   22.31971   22.05263    0.11999    0.06623   16.13173    1.39300   -2.47286    0.14927    2.00000
 180.04472    0.04173   23.14984   22.79673    0.06117    0.03376    8.49659   -4.21842   -1.45235   -9.44848    2.00000
 180.01279    0.03831   22.04755   21.80116    0.04038    0.02229   20.32401    0.48681    1.98010    3.42466    2.00000
 180.05115    0.06086   22.26156   21.99916    0.07950    0.04388   16.77356    0.97094   -2.11665   -0.85331    2.00000
 179.77290    0.09429   23.72616   23.28508    0.24590    0.13572    5.48025    7.38153   -4.11342    6.50998    2.00000
 180.25328    0.04524   23.84138   23.38025    0.25729    0.14200    5.00111   -0.95598    0.08398   -2.83742    2.00000
 179.96568    0.15225   22.19473   21.93773    0.15607    0.08614   17.87505    2.89882   -2.40742    1.27886    2.00000
 180.00682   -0.18034   21.36679   21.14306    0.18047    0.09960   35.11353   -1.73875    0.88418   -1.83892    2.00000
 180.04503    0.11596   22.51690   22.23346    0.12440    0.06866   13.97845   -9.46766   -0.45786  -10.74716    2.00000
 179.96901   -0.00166   20.26002   19.78352    0.03104    0.01713   98.18742    1.24987   -3.03337   -1.87673    2.00000
 180.13297   -0.02770   23.10421   22.75686    0.13581    0.07496    8.80672    1.02370   -1.01892   -3.14195    2.00000
 180.11813   -0.20574   23.37715   22.99200    0.23725    0.13094    6.97770   -3.66983    2.45380   -3.95779    2.00000
 180.00961   -0.01684   22.51222   22.22919    0.01939    0.01070   14.02931   -1.57147    0.57079   -1.34729    2.00000
 180.01186   -0.07798   22.78976   22.47871    0.07888    0.04353   11.05815   -2.90935    0.11865   -5.26009    2.00000
 180.31210    0.05284   22.01740   21.77310    0.31654    0.17471   20.82730   -0.20312   -3.86015   -5.26043    2.00000
 180.03372   -0.04765   17.46192   16.78715    0.05838    0.03222  532.86084   -0.31412   -4.65921   -4.97378    2.00000
 180.02083    0.00450   22.51925   22.23560    0.02131    0.01176   13.95302   -4.14959    0.19007   -3.28650    2.00000
 180.07028   -0.05019   21.52042   21.30002    0.08636    0.04766   30.98481   -0.97088   -3.10930   -5.28596    2.00000
 179.99959    0.02176   23.63024   23.20550    0.02176    0.01201    5.88091   -0.71312   -0.25695    1.38165    2.00000
 179.99110    0.02317   23.79375   23.34094    0.02482    0.01370    5.19903   -4.27278    0.28541    2.77797    2.00000
 180.00507    0.03170   23.78422   23.33307    0.03210    0.01772    5.23861    3.53474    0.55221   -0.12261    2.00000
 179.96089   -0.01512   21.88069   21.64552    0.04193    0.02314   23.11501    0.00217    2.17216    2.81000    2.00000
 179.99156   -0.04023   22.68974   22.38927    0.04111    0.02269   12.12314   -1.19890   -0.92687   -3.34591    2.00000
 179.96074    0.04506   22.32931   22.06148    0.05976    0.03298   16.02640    4.40069   -1.82497    2.84391    2.00000
 179.88007    0.11498   23.18640   22.82847    0.16615    0.09170    8.24966    0.13504   -2.46393   -2.03675    2.00000
 180.12706    0.00430   23.84138   23.38025    0.12714    0.07017    5.00111    3.48142   -2.31357   -0.14120    2.00000
 179.99046   -0.01169   23.06101   22.71909    0.01508    0.00832    9.10044    0.17515   -0.27172   -0.91896    2.00000
 180.04430   -0.00117   23.61739   23.19476    0.04431    0.02446    5.93496   -0.31304    2.26183    7.54847    2.00000
 179.88908    0.06541   23.17178   22.81577    0.12877    0.07107    8.34845    3.76905    0.66014    5.00022    2.00000
 179.81126    0.09135   22.94195   22.61445    0.20969    0.11573    9.91436   -6.32415   -0.12488   -6.98909    2.00000
 180.03233   -0.05483   23.70932   23.27113    0.06366    0.03513    5.55047   -5.76084   -2.89201   -0.70714    2.00000
 180.00977    0.07020   23.56125   23.14782    0.07087    0.03912    6.17127    2.90466   -6.47479   -8.14414    2.00000
 180.02237   -0.00047   23.59329   23.17463    0.02237    0.01235    6.03630   -2.21973    0.74980   -0.48031    2.00000
 179.94223    0.00401   22.37972   22.10791    0.05791    0.03196   15.47344   -2.23969    2.94764    1.37744    2.00000
 179.94592    0.07895   19.34769   18.82675    0.09569    0.05282  180.80502   -2.16277    1.16985   -1.00528    2.00000
 180.02827   -0.01500   21.37983   21.15639    0.03201    0.01767   34.76304   -1.54076    0.85005   -0.56827    2.00000
 179.99911    0.02289   21.63455   21.41084    0.02291    0.01264   28.06991    0.03751   -0.43523   -0.93077    2.00000
 179.82210   -0.11159   20.97929   20.68277    0.21001    0.11591   50.76562   -3.58715    1.49896   -1.98324    2.00000
 179.92757    0.00668   22.99749   22.66350    0.07275    0.04015    9.53284    1.38172   -1.18704   -0.86628    2.00000
 179.98961    0.01155   21.67685   21.45161    0.01554    0.00858   26.99746    3.72486    0.95260    5.01589    2.00000
 179.91309    0.02217   22.63757   22.34240    0.08971    0.04951   12.68127    3.15632    2.17408    5.60665    2.00000
 180.02853    0.02623   22.30269   22.03696    0.03876    0.02139   16.31837    0.98292   -3.34804   -4.01552    2.00000
 180.04530    0.22671   21.77740   21.54857    0.23119    0.12760   24.85366    2.60043   -0.64613    2.35048    2.00000
 179.97333    0.00643   17.46142   16.87689    0.02743    0.01514  509.25568   -0.38915   -4.11257   -4.50877    2.00000
 180.02342   -0.05931   22.42532   22.14993    0.06377    0.03520   14.97314   -4.47869    2.11019   -1.30537    2.00000
 180.16879   -0.05616   22.55933   22.27209    0.17789    0.09818   13.51848    0.47018    0.31222   -0.25308    2.00000
 180.01106   -0.04168   21.33762   21.11255    0.04312    0.02380   35.91611    0.65370   -0.16923    0.86226    2.00000
 179.97685    0.00750   23.45854   23.06092    0.02434    0.01343    6.60879   -2.66503    0.87489   -2.23850    2.00000
 180.09148    0.07264   23.02500   22.68763    0.11681    0.06447    9.34521   -6.21445    0.74352   -5.33922    2.00000
 180.04561   -0.11689   21.34774   21.12333    0.12547    0.06925   35.63274   -4.20595    1.74006   -2.72832    2.00000
 180.03461   -0.03055   22.86109   22.54239    0.04617    0.02548   10.47490    0.95467   -2.83310   -3.42252    2.00000
 180.09412   -0.01640   20.78702   20.37898    0.09554    0.05273   63.85181    1.25580   -0.30655    0.84276    2.00000
 180.01971   -0.06050   22.61931   22.32599    0.06363    0.03512   12.87662   -1.07101    0.42803    3.59237    2.00000
 179.94598   -0.00057   22.30269   22.03696    0.05402    0.02981   16.31837    4.29421    1.91115    5.13387    2.00000
 179.98138   -0.05425   23.27174   22.90256    0.05735    0.03165    7.67339    4.62112   -3.04699    0.51938    2.00000
 180.00684    0.02373   20.72630   20.30034    0.02469    0.01363   67.90458   -0.77982   -0.85713   -1.49835    2.00000
 179.99808    0.02044   23.14984   22.79673    0.02053    0.01133    8.49659    1.20563   -2.02376   -0.13036    2.00000
 179.61684    0.21255   23.14984   22.79673    0.43816    0.24184    8.49659    6.08198    1.61913    7.24012    2.00000
 179.96951   -0.00868   21.86436   21.63021    0.03170    0.01749   23.38953    3.75844   -1.08604    3.46309    2.00000
 180.01546    0.02944   18.01686   18.05300    0.03326    0.01835  278.51212   -0.50685   -1.93985   -2.53537    2.00000
 180.04044    0.07678   17.22958   16.60195    0.08678    0.04789  581.57727    1.21985    0.40288    1.61181    2.00000
 180.03516    0.17625   23.53422   23.12495    0.17972    0.09919    6.28641   -4.43136   -1.91689   -1.75278    2.00000
 180.05196    0.09941   23.07781   22.73378    0.11217    0.06191    8.98622   -4.57201    2.92516   -2.72792    2.00000
 180.00922   -0.00640   21.80721   21.57663    0.01122    0.00620   24.35037   -5.70624   -0.21099   -6.10834    2.00000
 179.99263    0.02002   22.77229   22.46309    0.02133    0.01177   11.24404   -0.68984   -2.44723   -4.57885    2.00000
 179.98547    0.05601   22.90282   22.57958    0.05786    0.03193   10.18559    0.96819   -0.94597    2.67775    2.00000
 180.07439    0.05063   22.98133   22.64933    0.08997    0.04966    9.64310    1.77065   -0.55920   -0.45971    2.00000
 180.23100   -0.04089   22.59062   22.30021    0.23460    0.12948   13.18359   -4.99373    1.09893   -3.37000    2.00000
 180.03342    0.01686   21.73507   21.50774    0.03743    0.02066   25.58573    6.38746   -3.41470    2.64461    2.00000
 180.04115    0.00953   22.80473   22.49209    0.04225    0.02332   10.89881    6.32999   -1.11101    7.19995    2.00000
 179.93069    0.11284   22.38932   22.11676    0.13242    0.07309   15.36812   -1.96072    2.61451    1.00269    2.00000
 180.21909   -0.06786   22.80971   22.49655    0.22935    0.12658   10.84570    4.46464    2.89364    7.70690    2.00000
 180.04657    0.04300   21.50532   21.28460    0.06339    0.03499   31.39049   -0.75399   -2.85309   -3.61067    2.00000
 180.09213   -0.06472   23.80089   23.34683    0.11259    0.06214    5.16934    4.42937   -0.24601    8.13312    2.00000
 179.99467    0.08229   23.66815   23.23703    0.08247    0.04551    5.72213   -1.43817    2.01163    2.40518    2.00000
 179.96700    0.06854   23.33633   22.95742    0.07607    0.04199    7.24673   -1.77821   -1.32228   -2.52260    2.00000
 180.08849   -0.09809   23.15227   22.79884    0.13209    0.07291    8.48017    1.76299   -0.75913    3.16179    2.00000
 180.12280    0.03772   22.69496   22.39396    0.12847    0.07090   12.06724    0.29074   -1.08574   -3.11385    2.00000
 179.89603    0.04088   23.74112   23.29748    0.11173    0.06166    5.41783   -1.63593   -0.69230   -4.66394    2.00000
 180.03877   -0.01214   22.24871   21.98734    0.04064    0.02243   16.98538   -0.33679   -2.52406   -3.01158    2.00000
 180.01648    0.04833   23.50719   23.10209    0.05106    0.02818    6.40154   -4.47749   -1.81142   -3.07618    2.00000
 179.90553   -0.06802   23.42341   23.03119    0.11641    0.06425    6.75847   -2.83778    3.11060   -3.26133    2.00000
 180.07922    0.01090   22.81221   22.49878    0.07998    0.04414   10.81914   -3.04590    3.09823    1.90361    2.00000
 179.85359    0.23301   23.56389   23.15006    0.27519    0.15188    6.16001   -2.04251    3.09816    3.68151    2.00000
 180.15736   -0.06469   23.78184   23.33111    0.17014    0.09391    5.24851    3.70716    2.14055    1.90836    2.00000
 180.07262   -0.05690   22.94195   22.61445    0.09224    0.05091    9.91436   -0.52261   -4.49763   -5.69230    2.00000
 180.02626   -0.04053   23.63988   23.21355    0.04830    0.02666    5.84038    2.12593   -0.70826   -0.85297    2.00000
 179.84352    0.14589   23.55044   23.13868    0.21394    0.11808    6.21732    3.40176    2.31567    5.83884    2.00000
 179.99789   -0.01943   23.26930   22.90045    0.01954    0.01079    7.68986   -1.84250   -1.76731   -3.25734    2.00000
 180.05180   -0.09130   22.24100   21.98026    0.10498    0.05794   17.11248   -0.65278    4.06980    4.31876    2.00000
 180.01865   -0.04707   22.09381   21.84470    0.05063    0.02794   19.54328    0.76500    2.19295    3.02571    2.00000
 179.98264   -0.03705   22.67148   22.37286    0.04092    0.02258   12.31848    0.96919   -2.57347   -5.16971    2.00000
 180.02260    0.01298   23.37987   22.99431    0.02606    0.01439    6.95977   -0.76612   -0.20603   -0.47178    2.00000
 180.04115    0.06907   21.73242   21.50519    0.08040    0.04437   25.63148   -5.08339   -1.42192   -6.66922    2.00000
 180.02350    0.03587   22.43012   22.15435    0.04288    0.02367   14.92048   -1.23461    4.57115    2.96791    2.00000
 179.99776    0.04776   22.89761   22.57493    0.04782    0.02639   10.22175   -0.81686   -0.28035   -1.00334    2.00000
 180.07896   -0.12385   23.30639   22.93205    0.14688    0.08107    7.44401    6.61161    1.38597    9.30562    2.00000
 180.01237   -0.01459   21.26684   21.03714    0.01913    0.01056   37.89975   -0.12500   -0.01975   -0.13076    2.00000
 180.03123   -0.08299   23.79851   23.34487    0.08868    0.04894    5.17924   -3.49610   -0.58433   -4.71821    2.00000
 179.95872   -0.07386   22.66887   22.37052    0.08461    0.04670   12.34639    1.57900   -1.09784    2.06777    2.00000
 179.92213    0.03627   22.43722   22.16085    0.08590    0.04741   14.84311   -3.32920    1.32706   -1.41320    2.00000
 180.18031   -0.04194   22.69234   22.39161    0.18512    0.10217   12.09523   -3.39132    0.80998   -3.40690    2.00000
 180.08775    0.04260   21.97903   21.73738    0.09755    0.05384   21.46786    0.37620   -2.24388   -1.88618    2.00000
 180.07719    0.02988   23.46665   23.06778    0.08278    0.04569    6.57425   -0.46235   -0.25514   -4.55777    2.00000
 180.00623    0.01470   22.45363   22.17580    0.01597    0.00881   14.66509   -4.88333    0.36677   -5.45358    2.00000
 179.99483   -0.03115   22.97702   22.64555    0.03158    0.01743    9.67250    2.84913    2.11672    5.38626    2.00000
 179.97017   -0.01987   23.62060   23.19744    0.03584    0.01978    5.92145    2.65649   -1.58968    0.63319    2.00000
 179.99828    0.02125   23.57401   23.15853    0.02132    0.01177    6.11737   -1.78221    3.44103    1.64978    2.00000
 180.02415    0.01641   23.78660   23.33504    0.02920    0.01611    5.22872    4.58451   -1.31858   11.36669    2.00000
 180.03128   -0.01380   19.81170   19.31230    0.03419    0.01887  134.12054   -1.15822   -0.46895   -1.67421    2.00000
 180.00331   -0.00722   20.50955   20.05115    0.00794    0.00438   80.74598    3.68874   -2.46953    1.42911    2.00000
 179.97803   -0.06386   22.08064   21.83217    0.06754    0.03728   19.76798   -7.92711   -0.40326   -8.18929    2.00000
 180.01472    0.02135   23.11862   22.76944    0.02594    0.01432    8.70881    0.42798   -0.70017   -1.29982    2.00000
 179.92413    0.09807   23.49368   23.09065    0.12399    0.06843    6.45911    3.87526   -0.61689    7.58401    2.00000
 179.98125   -0.02838   22.31491   22.04821    0.03402    0.01877   16.18439   -0.60052   -1.56398   -2.87599    2.00000
 180.11327   -0.02399   18.96912   18.42475    0.11577    0.06390  227.30531    3.33196    0.27045    3.67622    2.00000
 180.04709   -0.01754   22.92369   22.59818    0.05025    0.02773   10.04093    1.62730    0.28684    3.02047    2.00000
 180.03172    0.05060   18.01746   17.40075    0.05972    0.03296  392.08835    2.54862    0.09236    2.59849    2.00000
 180.11800    0.05970   23.81756   23.36059    0.13225    0.07299    5.10007   -0.41995    2.50362    4.46940    2.00000
 180.00784    0.00020   23.46935   23.07007    0.00785    0.00433    6.56273    2.46085    0.06211    4.35978    2.00000
 180.05890   -0.15968   23.59169   23.17329    0.17019    0.09393    6.04306    4.98930   -2.02094    3.18369    2.00000
 179.99684    0.00507   22.90022   22.57726    0.00597    0.00330   10.20367   -1.49198    1.92766   -1.31702    2.00000
 179.96468   -0.00458   23.76755   23.31931    0.03563    0.01966    5.30789    2.57718   -3.16368    3.72095    2.00000
 180.03192    0.03057   21.17124   20.92986    0.04420    0.02440   41.50530   -6.86555    4.53028   -2.37744    2.00000
 180.00418   -0.09729   21.08428   20.82506    0.09738    0.05375   45.43305   -0.70484    0.75007    0.05357    2.00000
 180.01134    0.00068   23.03220   22.69392    0.01136    0.00627    9.29626    0.72552    3.75750    3.78037    2.00000
 179.79964   -0.02220   23.42070   23.02890    0.20158    0.11126    6.77002   -1.04905    0.82574   -3.62885    2.00000
 180.03052    0.08384   23.24979   22.88351    0.08923    0.04925    7.82157   -1.53792   -2.43203   -6.17077    2.00000
 179.97725   -0.03105   23.00719   22.67201    0.03849    0.02125    9.46669    0.06352   -0.67697    1.44542    2.00000
 179.94789    0.14700   22.80223   22.48986    0.15596    0.08608   10.92537   -4.27052    2.37315   -1.52863    2.00000
 179.88812   -0.07084   23.23029   22.86658    0.13242    0.07309    7.95329   -0.37993   -2.95230   -3.78270    2.00000
 180.14667    0.06744   21.97081   21.72972    0.16143    0.08910   21.60512   -0.98407    1.71972    0.63369    2.00000
 179.91479   -0.11770   23.55854   23.14554    0.14531    0.08020    6.18278    0.34837   -1.14559   -4.02487    2.00000
 179.98386   -0.01945   23.37987   22.99431    0.02528    0.01395    6.95977   -2.40743    2.07978    2.60349    2.00000
 180.02083    0.01813   21.44242   21.22035    0.02761    0.01524   33.08067    3.55258   -2.62480    0.87382    2.00000
 179.98291    0.01533   22.75982   22.45194    0.02296    0.01267   11.37683   -1.46102    0.96424    1.92075    2.00000
 179.99155    0.00445   20.79133   20.38459    0.00955    0.00527   63.56253   -1.83969   -0.52992   -2.49367    2.00000
 179.86076   -0.00700   19.26654   18.74056    0.13941    0.07694  190.33624   -1.87379   -0.10175   -1.93132    2.00000
 179.97954   -0.01698   21.16866   20.92688    0.02658    0.01467   41.61721    9.30113    1.75010   11.23884    2.00000
 179.96442   -0.03481   23.63345   23.20818    0.04978    0.02748    5.86740    3.99683   -1.39887    0.77754    2.00000
 180.04601   -0.18942   22.38452   22.11234    0.19493    0.10758   15.42078    3.91043   -4.37070   -1.96465    2.00000
 180.05757    0.03322   22.62192   22.32834    0.06647    0.03669   12.84871    0.98560   -1.80775   -1.19830    2.00000
 179.74754   -0.14414   23.20835   22.84753    0.29071    0.16045    8.10148   -4.97645   -0.11523   -8.54483    2.00000
 180.07050    0.00285   23.83185   23.37239    0.07054    0.03893    5.04069   -0.47172    3.74364    7.36569    2.00000
 179.95181   -0.01994   22.50519   22.22278    0.05215    0.02878   14.10560   -3.64718   -0.35776   -6.32412    2.00000
 180.12294   -0.23004   23.59811   23.17866    0.26083    0.14396    6.01603    2.18418    3.15526    0.93172    2.00000
 180.02414   -0.04335   21.79632   21.56643    0.04962    0.02738   24.53338    2.55215   -0.62714    3.52275    2.00000
 180.01520   -0.09123   22.54268   22.25695    0.09249    0.05104   13.69870   -0.05584    3.78590    3.44708    2.00000
 180.37476   -0.12313   22.99426   22.66067    0.39446    0.21771    9.55489   -4.70970   -0.89783   -0.38125    2.00000
 179.95703   -0.05743   23.74487   23.30058    0.07172    0.03959    5.40222   -2.05603    1.62324    1.48688    2.00000
 180.03239    0.00822   21.70596   21.47967    0.03342    0.01845   26.25919    0.84090    2.75470    3.64574    2.00000
 180.06973   -0.03214   21.96533   21.72462    0.07678    0.04238   21.69663   -2.80386    1.37143    0.57123    2.00000
 179.84982    0.07178   20.41090   19.94445    0.16645    0.09187   87.18096    1.54799   -2.02205   -0.69019    2.00000
 180.09744    0.00891   23.52341   23.11581    0.09785    0.05401    6.33246    5.32609    1.12040    8.57443    2.00000
 180.00310    0.11966   23.16934   22.81366    0.11970    0.06607    8.36491   -0.29939   -0.49196    1.38582    2.00000
 179.96419    0.05284   21.51864   21.29821    0.06383    0.03523   31.03254   -5.07356   -1.01616   -6.57737    2.00000
 179.84682    0.04953   23.37171   22.98739    0.16099    0.08885    7.01357    9.38086   -3.80670    4.45662    2.00000
 179.93591    0.03448   22.15972   21.90561    0.07278    0.04017   18.45113   -8.47081   -2.78078  -11.36064    2.00000
 179.96727    0.04506   23.71119   23.27268    0.05569    0.03074    5.54267   -0.30941    1.59353    2.84647    2.00000
 179.94176    0.04956   22.15205   21.89859    0.07648    0.04221   18.57687    3.00898    0.37447    3.92865    2.00000
 180.04922    0.05161   22.51456   22.23133    0.07133    0.03937   14.00388    0.94164    0.37485    2.42406    2.00000
 180.04289   -0.01218   23.15958   22.80519    0.04459    0.02461    8.43077    0.49102    0.56651    2.24469    2.00000
 179.73393   -0.16822   22.74734   22.44079    0.31478    0.17374   11.50961   -4.42621    1.19894   -5.54335    2.00000
 179.84874    0.04792   21.91879   21.68124    0.15867    0.08757   22.47445   -3.13594    1.76448   -1.15889    2.00000
 179.88879    0.02373   22.25385   21.99207    0.11370    0.06276   16.90065   -0.30222   -2.58358   -3.83014    2.00000
 179.99564    0.03850   22.44894   22.17153    0.03875    0.02139   14.71595   -0.95434    2.65820    0.44196    2.00000
 180.08803    0.00097   23.01796   22.68146    0.08803    0.04859    9.39318   -1.89416    1.79349   -2.68209    2.00000
 180.04527    0.04757   23.29822   22.92513    0.06567    0.03625    7.49782    0.50188   -2.07818   -2.41771    2.00000
 180.04630    0.02883   23.38532   22.99892    0.05454    0.03010    6.92390   -2.70074   -0.68953    2.83620    2.00000
 179.93263   -0.08027   23.34721   22.96664    0.10479    0.05783    7.17499    1.81515    0.84550    5.02486    2.00000
 179.95024   -0.02065   23.33905   22.95972    0.05388    0.02974    7.22879    2.01982   -2.37562    0.26640    2.00000
 180.00485   -0.06077   22.75233   22.44525    0.06097    0.03365   11.45650    7.47508    5.24229   10.81743    2.00000
 180.10956    0.11070   23.16446   22.80942    0.15575    0.08596    8.39784    3.64128    1.75484    6.16104    2.00000
 179.99623    0.00790   23.68873   23.25408    0.00875    0.00483    5.63630   -1.19486    1.93796   -0.61912    2.00000
 179.97362   -0.00680   23.56598   23.15182    0.02726    0.01504    6.15115    4.07514   -1.98656    5.91101    2.00000
 180.06509    0.00704   22.31491   22.04821    0.06547    0.03613   16.18439    0.77573    0.95365    2.26100    2.00000
 179.99739   -0.03593   23.30911   22.93436    0.03602    0.01988    7.42608    4.38110    0.31649    5.30827    2.00000
 179.82867   -0.27629   21.55863   21.33786    0.32509    0.17943   29.98942    4.81919    1.77398    6.60481    2.00000
 180.09935    0.01359   22.06673   21.81902    0.10027    0.05534   20.00373   -0.37765   -2.23223   -2.72788    2.00000
 179.99634    0.08146   23.34177   22.96203    0.08154    0.04500    7.21086    0.52846   -1.11405   -4.96841    2.00000
 179.94238   -0.03566   23.66628   23.23548    0.06775    0.03739    5.72993    2.12902   -0.35108   -0.62253    2.00000
 180.04962    0.14815   23.23029   22.86658    0.15624    0.08623    7.95329   -3.16211    0.13999   -1.15829    2.00000
 180.01027   -0.04125   21.94889   21.70931    0.04251    0.02346   21.97115   -1.39243    0.23418   -1.46304    2.00000
 180.02428   -0.02071   23.49098   23.08836    0.03191    0.01761    6.47062    0.34528   -2.78398   -0.40696    2.00000
 179.91597   -0.06787   23.52071   23.11352    0.10802    0.05962    6.34397    0.15482   -0.03639   -0.86857    2.00000
 179.91338   -0.14039   22.21015   21.95191    0.16497    0.09105   17.62086    2.42742    0.35893    2.46156    2.00000
 180.11307    0.18306   21.47372   21.25232    0.21516    0.11875   32.23949    0.92310    3.58262    4.75582    2.00000
 180.00858    0.06711   21.33156   21.10609    0.06765    0.03734   36.08614   -0.17102    3.31666    3.39782    2.00000
 180.04675    0.00313   22.92891   22.60283    0.04686    0.02587   10.00477   -1.68840   -3.36301   -1.50187    2.00000
 180.00948    0.01202   23.28462   22.91361    0.01531    0.00845    7.58749    0.61113    2.80690    1.73811    2.00000
 179.99889    0.16663   22.07444   21.82627    0.16663    0.09197   19.87372    6.98834    1.50996    8.39265    2.00000
 180.01567    0.05999   22.02288   21.77820    0.06201    0.03422   20.73579    7.42937   -3.89413    3.64916    2.00000
 179.80157    0.31012   23.65505   23.22619    0.36817    0.20320    5.77675   -3.49296    1.47914   -1.05580    2.00000
 179.99420   -0.02080   23.78660   23.33504    0.02160    0.01192    5.22872    2.64746    0.98459   -6.30089    2.00000
 180.12155    0.06887   23.71493   23.27578    0.13970    0.07711    5.52706   -1.42043   -2.16885   -4.91720    2.00000
 179.08855    0.21960   23.09461   22.74846    0.93753    0.51749    8.87199   -1.87176   -0.49503   -5.85740    2.00000
 179.99767   -0.00854   17.18297   16.54752    0.00885    0.00489  595.89520    0.96802    0.21573    1.18858    2.00000
 180.01186    0.15568   23.78422   23.33307    0.15613    0.08617    5.23861   -2.97400    3.42948    4.41786    2.00000
 180.05592    0.06586   22.49113   22.20997    0.08640    0.04768   14.25819   -0.04094    0.63154    0.53745    2.00000
 180.01151   -0.07570   23.43152   23.03805    0.07657    0.04226    6.72392    0.83515   -3.10530   -5.24142    2.00000
 179.99854   -0.14765   22.44191   22.16512    0.14766    0.08149   14.79225   -3.96626   -1.22468   -5.25271    2.00000
 180.00716   -0.04237   23.73177   23.28973    0.04297    0.02372    5.45684   -1.86257    5.84545   -3.84035    2.00000
 179.70828   -0.08380   23.02277   22.68567    0.30352    0.16752    9.36039   -5.51527    3.72113   -2.58059    2.00000
 180.00958    0.03541   22.66626   22.36818    0.03668    0.02024   12.37430   -1.61554   -0.72229    0.41869    2.00000
 180.10519   -0.06304   22.68974   22.38927    0.12263    0.06768   12.12314   -7.54323    1.25287   -7.68821    2.00000
 180.01079    0.02883   22.22044   21.96136    0.03078    0.01699   17.45140   -6.21704    2.68178   -1.97742    2.00000
 180.30304   -0.24540   21.31133   21.08454    0.38994    0.21522   36.65289    1.38738    2.06271    2.99971    2.00000
 180.00648    0.11473   23.76993   23.32128    0.11491    0.06342    5.29799   -0.35781    2.33121    0.70746    2.00000
 179.97038   -0.02096   18.08809   17.47767    0.03629    0.02003  375.81403   -4.16259   -1.01997   -5.14454    2.00000
 180.02481   -0.02237   23.51530   23.10895    0.03341    0.01844    6.36700    2.60237    0.26651    5.23109    2.00000
 180.30807    0.19011   23.69435   23.25873    0.36201    0.19981    5.61289    0.65796   -0.71828    1.94068    2.00000
 179.99229   -0.00899   21.74565   21.51795    0.01183    0.00653   25.40271   -0.39323    0.10145   -0.34632    2.00000
 179.96622   -0.01029   22.46535   22.18648    0.03531    0.01949   14.53793   -4.36501    2.28074   -0.80868    2.00000
 179.99368    0.02288   22.85066   22.53309    0.02373    0.01310   10.54722   -1.76479    2.69537    2.18234    2.00000
 179.91634    0.09211   22.47706   22.19715    0.12443    0.06868   14.41078    3.99631    0.33650    4.26985    2.00000
 179.99448   -0.19588   22.73238   22.42741    0.19595    0.10815   11.66895   -0.52336   -0.53172   -2.63663    2.00000
 179.83253    0.24820   23.02980   22.69182    0.29941    0.16525    9.31257   -3.42915    1.06570    1.07596    2.00000
 179.94012   -0.12220   21.72713   21.50009    0.13608    0.07510   25.72299    3.62965   -2.26117    1.09498    2.00000
 180.06578    0.02570   23.79137   23.33897    0.07062    0.03898    5.20893    1.01926   -0.05869    5.86348    2.00000
 180.09125    0.15658   22.19216   21.93537    0.18123    0.10002   17.91741    3.61254    2.82781    6.81666    2.00000
 179.96344   -0.03999   22.00918   21.76544    0.05418    0.02990   20.96456    1.35121   -1.49450    0.31970    2.00000
 179.98830    0.01523   23.24248   22.87716    0.01921    0.01061    7.87097    3.67895   -2.17668    0.00981    2.00000
 180.01991    0.04204   23.16690   22.81154    0.04652    0.02568    8.38138    3.47113    0.40897    4.08632    2.00000
 179.94244   -0.05132   23.39076   23.00353    0.07711    0.04256    6.89772   -0.75155   -0.81537   -8.88978    2.00000
 179.97609    0.01174   23.16690   22.81154    0.02663    0.01470    8.38138   -0.92900   -1.73516   -5.64431    2.00000
 180.02084   -0.23717   23.40165   23.01276    0.23809    0.13141    6.85129   -6.57802   -3.65151  -14.23200    2.00000
 179.95932   -0.00262   22.18959   21.93301    0.04076    0.02250   17.95978    1.41214    1.77851    3.51316    2.00000
 180.03264   -0.03525   22.36292   22.09243    0.04804    0.02652   15.65776   -6.75134   -1.96010  -10.62562    2.00000
 179.98073    0.04148   21.18280   20.94330    0.04574    0.02524   41.00169    0.43773   -2.10825   -2.00954    2.00000
