#RA        DEC       MAG_G     MAG_I     ANGSEP    RPROJ     SNR       VTRUE       VSYS       VMEAS      VSYSERR    
 180.04654   -0.00304   23.30911   22.93436    0.04664    0.02574    7.42608    1.70838   -2.41840   -0.68077    2.00000
 180.03159    0.03593   22.66105   22.36349    0.04784    0.02640   12.43011    6.29904    1.49000    9.95344    2.00000
 179.95769    0.02824   21.09921   20.84320    0.05087    0.02808   44.75307    2.47984    3.02217    6.16220    2.00000
 180.04605    0.02639   20.19478   19.71460    0.05308    0.02930  102.90085    3.32386    1.18840    4.72429    2.00000
 180.01704    0.07622   22.28984   22.02514    0.07810    0.04311   16.45903   -2.31691   -0.85396   -3.94952    2.00000
 180.19917   -0.46327   23.53962   23.12953    0.50427    0.27832    6.26338   -0.44111    2.89427    3.46524    2.00000
 180.02428    0.01611   23.80327   23.34880    0.02913    0.01608    5.15945   -0.77639    1.64388   -4.15878    2.00000
 179.69469   -0.05298   23.03460   22.69602    0.30989    0.17103    9.27994    2.33349    2.09144    3.39563    2.00000
 180.01625   -0.05582   23.71119   23.27268    0.05814    0.03209    5.54267    0.74438   -2.86935   -0.11498    2.00000
 179.94014    0.12506   23.73177   23.28973    0.13865    0.07652    5.45684    3.03730    0.18814   11.90932    2.00000
 179.96127    0.03177   22.91065   22.58656    0.05009    0.02764   10.13134   -2.35022   -3.41906   -9.53134    2.00000
 180.00020    0.00851   22.38932   22.11676    0.00851    0.00470   15.36812    1.02684   -2.63572   -1.76698    2.00000
 179.94971    0.15804   22.55206   22.26550    0.16584    0.09153   13.59698    6.40784   -1.60108    5.32682    2.00000
 179.93953    0.01170   23.58205   23.16524    0.06159    0.03399    6.08359   -1.39171   -0.52204    2.15020    2.00000
 180.10883    0.01514   23.12582   22.77574    0.10987    0.06064    8.65986   -4.35237    0.24647   -3.56795    2.00000
 179.95595    0.15362   20.77410   20.36214    0.15981    0.08820   64.71964   -2.05920   -1.87756   -4.02633    2.00000
 180.04015   -0.00976   23.56389   23.15006    0.04132    0.02281    6.16001   -1.11455   -0.70942    3.30030    2.00000
 179.81303    0.20364   22.50753   22.22492    0.27645    0.15258   14.08017    4.75378   -0.50462    6.75590    2.00000
 180.02843    0.15548   20.97721   20.67970    0.15806    0.08724   50.88036    0.93130    1.25013    2.50926    2.00000
 180.10704    0.15358   23.31455   22.93897    0.18720    0.10332    7.39021   -1.92115    2.20331   -1.46820    2.00000
 180.03671    0.02315   23.49908   23.09523    0.04340    0.02395    6.43608   -2.76822   -0.67941    0.03276    2.00000
 179.97025    0.02316   23.73551   23.29283    0.03771    0.02081    5.44123    2.83422   -1.06897    9.18038    2.00000
 179.97157    0.05937   23.35538   22.97356    0.06583    0.03633    7.12118    0.52604   -1.05981   -9.64369    2.00000
 180.05623    0.06325   18.00696   17.65544    0.08463    0.04671  344.57816    2.71717    2.00161    4.70440    2.00000
 180.11900    0.04900   22.93151   22.60515    0.12870    0.07103    9.98668   -1.63449   -2.30016   -4.17156    2.00000
 180.00264   -0.00989   20.99384   20.70420    0.01024    0.00565   49.96240    5.14704   -3.64871    1.68064    2.00000
 180.10855   -0.99188   21.14848   20.90308    0.99780    0.55077   42.50915    0.21640    1.17787    1.36374    2.00000
 180.24857   -0.14529   23.80566   23.35076    0.28791    0.15890    5.14955    2.88797    1.78314    1.20998    2.00000
 180.07812    0.04705   21.96259   21.72207    0.09120    0.05034   21.74238    2.32816    0.66030    2.79032    2.00000
 179.87653   -0.05802   21.15838   20.91493    0.13642    0.07529   42.06486   -5.31046   -1.63469   -6.85277    2.00000
 179.74886   -0.10631   23.82233   23.36452    0.27271    0.15052    5.08028   -0.16184    1.86702    2.35328    2.00000
 180.01605   -0.01862   23.45854   23.06092    0.02458    0.01357    6.60879   -1.76178   -3.66592    0.42139    2.00000
 179.93092    0.01165   21.66892   21.44395    0.07005    0.03866   27.19880   -1.62065    2.31022    1.55546    2.00000
 180.01413   -0.22589   23.12342   22.77364    0.22633    0.12492    8.67618    4.52921    0.00928    3.92712    2.00000
 180.01411    0.02867   22.96281   22.63305    0.03195    0.01763    9.76970   -2.80244    0.76224   -4.17505    2.00000
 179.96777    0.00187   21.87797   21.64297    0.03228    0.01782   23.16076   -2.00138    1.22296   -0.85524    2.00000
 179.94556    0.02115   23.33361   22.95511    0.05841    0.03224    7.26466    0.50408    1.05646   -0.66338    2.00000
 179.98178    0.02288   22.89500   22.57261    0.02925    0.01614   10.23983    4.51825    1.54976    4.70019    2.00000
 180.02617   -0.06736   21.15146   20.90670    0.07227    0.03989   42.37315    2.87765   -0.20108    3.04658    2.00000
 179.90559    0.01253   21.50976   21.28914    0.09522    0.05256   31.27117   -3.68082   -2.92681   -6.12174    2.00000
 180.02277   -0.02339   22.78976   22.47871    0.03265    0.01802   11.05815   -1.28943    1.04078   -2.93042    2.00000
 179.94357   -0.06118   22.93673   22.60980    0.08323    0.04593    9.95052   -3.68644   -0.37543   -1.47652    2.00000
 180.04236    0.10579   22.64279   22.34708    0.11396    0.06290   12.62546   -2.26948    1.36104    1.38257    2.00000
 179.97900   -0.00815   21.14997   20.90489    0.02253    0.01243   42.44115   -1.09975    1.91780    0.81626    2.00000
 179.39259   -0.33528   22.93412   22.60748    0.69379    0.38294    9.96860   -6.38159    2.10840   -2.41540    2.00000
 179.99355   -0.00372   22.07909   21.83070    0.00746    0.00412   19.79442   -5.55168   -0.59296   -7.96530    2.00000
 180.01950   -0.08023   22.17931   21.92356    0.08257    0.04557   18.12924    4.19146    1.80579    6.71060    2.00000
 179.97919    0.00390   22.51222   22.22919    0.02117    0.01168   14.02931    2.70814   -0.72965    3.74256    2.00000
 179.98528   -0.10074   23.80804   23.35273    0.10181    0.05619    5.13965   -7.22129    1.82413   -8.87103    2.00000
 179.99893   -0.04339   23.76041   23.31342    0.04340    0.02395    5.33757    1.79950   -1.25097   -2.14530    2.00000
 179.92738   -0.02324   23.24004   22.87504    0.07625    0.04208    7.88743    0.15418   -0.79408    0.37667    2.00000
 180.04285   -0.01881   22.21529   21.95663    0.04680    0.02583   17.53613   -4.67008    1.31552   -3.18315    2.00000
 180.01683    0.03710   23.06581   22.72329    0.04074    0.02248    9.06781    5.36368   -1.94074    3.72099    2.00000
 179.96126   -0.02835   23.50719   23.10209    0.04801    0.02650    6.40154   -1.74533   -1.65853   -3.84924    2.00000
 180.00780   -0.05956   21.11712   20.86497    0.06007    0.03315   43.93710   -1.66040    3.72995    1.72133    2.00000
 179.88992   -0.03255   23.67751   23.24478    0.11478    0.06335    5.68312    6.51465    1.92847    8.92496    2.00000
 179.98032    0.23418   22.97810   22.64649    0.23501    0.12971    9.66515    2.55066   -2.54732    1.98134    2.00000
 179.96768   -0.01416   23.30367   22.92975    0.03528    0.01947    7.46195    3.90608   -0.50919    2.60682    2.00000
 179.97981    0.01876   17.28185   16.58546    0.02756    0.01521  585.91510    1.53214    0.85306    2.38002    2.00000
 180.05042    0.05942   22.22044   21.96136    0.07792    0.04301   17.45140   -2.40577   -1.64665   -3.97587    2.00000
 180.00754   -0.00603   23.48827   23.08608    0.00965    0.00533    6.48214    6.94382    0.32325    6.25271    2.00000
 179.99976   -0.02807   22.02014   21.77565    0.02807    0.01549   20.78155    3.29134   -0.61085    3.40104    2.00000
 179.97824    0.02059   22.62453   22.33068    0.02996    0.01653   12.82081   -0.52946   -0.52088    1.09609    2.00000
 179.96930    0.01599   23.13302   22.78203    0.03461    0.01910    8.61091    2.08385    1.00930    1.44659    2.00000
 180.24454   -0.75745   23.67189   23.24013    0.79595    0.43933    5.70652   -4.39965   -1.76537   -7.15799    2.00000
 179.97258    0.00078   23.59008   23.17195    0.02743    0.01514    6.04981   -2.74131   -2.55316   -5.09901    2.00000
 180.27705    0.05784   23.81518   23.35863    0.28304    0.15621    5.10997   -1.85775   -2.22746   -4.13618    2.00000
 180.19394    0.22815   23.37715   22.99200    0.29944    0.16527    6.97770    0.21257    0.89168    1.50959    2.00000
 180.01924   -0.00951   20.46532   20.00315    0.02146    0.01184   83.21992    3.05683   -0.50678    2.54879    2.00000
 179.93636    0.01082   23.22541   22.86234    0.06456    0.03563    7.98622   -1.68214    2.71760   -0.49676    2.00000
 180.04413   -0.03802   23.75803   23.31145    0.05825    0.03215    5.34747   -3.46588   -1.39197   -8.83539    2.00000
 179.94537    0.01936   21.37200   21.14839    0.05796    0.03199   34.97333   -2.46334   -4.36939   -5.70925    2.00000
 179.99059    0.02091   23.00611   22.67106    0.02293    0.01266    9.47404    4.29465   -3.78859    0.45422    2.00000
 180.05235   -0.03544   22.17931   21.92356    0.06323    0.03490   18.12924   -1.39455    2.10738    1.04301    2.00000
 180.03876   -0.06073   23.69248   23.25718    0.07204    0.03976    5.62070    0.84943   -1.03098   -3.83433    2.00000
 180.02287    0.01595   23.17909   22.82212    0.02788    0.01539    8.29905   -0.99627   -2.70847   -4.41253    2.00000
 179.90837    0.00168   23.15227   22.79884    0.09165    0.05058    8.48017    1.31480    2.14308    0.02193    2.00000
 180.03999    0.02645   23.44773   23.05177    0.04795    0.02647    6.65484    2.06191    2.71372    8.34018    2.00000
 180.07806    0.08087   17.99507   17.85057    0.11241    0.06204  311.29868   -0.11183    0.43959    0.33758    2.00000
 179.98074   -0.07763   22.53565   22.25055    0.07998    0.04414   13.77500   -1.28689    1.67167    0.86072    2.00000
 179.96686   -0.01923   21.51065   21.29004    0.03832    0.02115   31.24731   -1.87649   -0.50140   -2.41884    2.00000
 180.22131   -0.03818   23.16690   22.81154    0.22458    0.12395    8.38138   -5.36494    0.00161   -3.59008    2.00000
 179.92113    0.04734   23.46395   23.06550    0.09199    0.05077    6.58576    1.01258    0.83096    1.05921    2.00000
 179.92773   -0.02897   22.54972   22.26336    0.07786    0.04297   13.62241   -1.51874    2.33353    0.31515    2.00000
 180.00307   -0.08613   21.11115   20.85772    0.08618    0.04757   44.20909   -0.33094   -0.95873   -1.05824    2.00000
 180.03307   -0.04661   20.96265   20.65827    0.05715    0.03154   51.68359    1.11886   -1.67390   -0.38802    2.00000
 180.02370   -0.13853   21.97355   21.73227    0.14054    0.07757   21.55937    1.33445   -0.00859    1.92088    2.00000
 180.00111    0.08617   23.50990   23.10437    0.08618    0.04757    6.39003    0.72073    2.10057   -2.59755    2.00000
 179.93605   -0.05479   23.57723   23.16121    0.08422    0.04648    6.10386    0.57683   -0.69278   -0.10417    2.00000
 180.03690   -0.05508   23.03460   22.69602    0.06629    0.03659    9.27994    2.84615   -3.24973    3.41630    2.00000
 179.98997   -0.00809   21.00215   20.71645    0.01289    0.00711   49.50341   -2.19531   -2.73042   -4.79246    2.00000
 180.03288   -0.00610   23.29822   22.92513    0.03345    0.01846    7.49782   -1.10117    2.50929    0.16954    2.00000
 179.97777    0.02978   21.56252   21.34161    0.03716    0.02051   29.89098    1.41011    0.55591    2.03646    2.00000
 180.03487    0.01797   20.33019   19.85780    0.03923    0.02165   93.10751    1.91486    2.40250    4.23532    2.00000
 179.98639    0.02972   23.72803   23.28663    0.03268    0.01804    5.47245   -1.41220   -0.01423    2.92091    2.00000
 179.97420   -0.00485   23.70370   23.26648    0.02627    0.01450    5.57388    1.79986   -2.11180    0.76172    2.00000
 180.03734    0.03135   23.04181   22.70231    0.04875    0.02691    9.23099   -1.97131   -3.94467   -5.34501    2.00000
 180.01021   -0.01798   23.22054   22.85811    0.02067    0.01141    8.01915    3.55396    2.28749    5.62854    2.00000
 179.31090   -0.56501   23.41798   23.02659    0.89111    0.49186    6.78163    5.62708   -3.39370   -0.04666    2.00000
 179.99190    0.00185   23.27918   22.90900    0.00831    0.00459    7.62329    3.45905    0.60803   10.07229    2.00000
 180.18616    0.19126   23.70183   23.26493    0.26690    0.14731    5.58168    1.49761   -0.37970   -3.41687    2.00000
 179.93674    0.02937   21.38765   21.16438    0.06974    0.03849   34.55274    9.54261   -0.57615    9.70283    2.00000
 180.01826   -0.02325   22.02014   21.77565    0.02956    0.01632   20.78155    1.37028   -4.53418   -3.20072    2.00000
 180.03943   -0.02234   22.29755   22.03223    0.04532    0.02501   16.37463   -2.09210    1.51299   -0.70689    2.00000
 180.05042    0.00185   21.97355   21.73227    0.05045    0.02785   21.55937    3.42587    1.25524    4.31433    2.00000
 179.96861    0.02234   22.72240   22.41849    0.03853    0.02127   11.77518   -9.50617    2.50853   -5.56575    2.00000
 179.99966   -0.02552   23.02500   22.68763    0.02552    0.01408    9.34521    3.81989    2.48992    9.24416    2.00000
 179.66525   -0.10088   22.02836   21.78330    0.34962    0.19297   20.64429    0.59149   -1.75562   -0.02101    2.00000
 179.99429    0.08267   23.41253   23.02198    0.08287    0.04574    6.80485    2.90448   -0.11838    5.43636    2.00000
 180.04855    0.03164   22.25899   21.99679    0.05796    0.03199   16.81592    0.10617    1.22062   -0.43521    2.00000
 179.99995   -0.02750   22.91847   22.59353    0.02750    0.01518   10.07709    0.97175    3.27098    4.40748    2.00000
 180.03204    0.00604   23.70183   23.26493    0.03261    0.01800    5.58168   -5.69198    0.35499   -5.34571    2.00000
 179.94542   -0.00851   22.89500   22.57261    0.05523    0.03049   10.23983    0.50016   -0.92979   -1.94196    2.00000
 179.99979    0.04896   22.22558   21.96608    0.04896    0.02702   17.36667    2.27564    0.15550    2.06104    2.00000
 179.98192    0.03484   22.90022   22.57726    0.03925    0.02167   10.20367   -2.08552    0.34235   -2.35130    2.00000
 180.02873   -0.02329   23.41525   23.02428    0.03698    0.02041    6.79324   -5.18877    0.26213   -6.22731    2.00000
 180.04333   -0.09279   18.89460   18.34547    0.10242    0.05653  238.22630    7.87587   -0.38918    7.49927    2.00000
 179.97224   -0.10167   22.38932   22.11676    0.10540    0.05817   15.36812    0.16314   -3.23231   -3.17615    2.00000
 180.00757    0.03936   23.37715   22.99200    0.04008    0.02212    6.97770    2.65422   -0.70372    6.62267    2.00000
 179.99255    0.02861   23.39620   23.00814    0.02956    0.01632    6.87450    3.17222    3.15288    4.68714    2.00000
 180.02551    0.03182   23.24248   22.87716    0.04079    0.02251    7.87097    1.43319    1.03839    3.63083    2.00000
 180.00217   -0.12091   23.79613   23.34290    0.12093    0.06675    5.18913   -4.70296    1.99356   -5.11278    2.00000
 179.33450   -0.24641   23.56598   23.15182    0.70965    0.39169    6.15115    0.99383    0.46086    6.35064    2.00000
 180.05511    0.02955   22.23586   21.97553    0.06254    0.03452   17.19721   -2.00121    1.78360    0.83860    2.00000
 180.30380   -0.03680   22.24614   21.98498    0.30602    0.16890   17.02775    1.17956   -2.20300   -2.50872    2.00000
 180.07919   -0.17163   23.75327   23.30752    0.18902    0.10432    5.36726    2.57342   -0.18181    0.49762    2.00000
 180.24101   -0.00770   22.12354   21.87255    0.24114    0.13309   19.04390   -0.16237   -4.90424   -3.25189    2.00000
 180.08116    0.11669   23.13542   22.78413    0.14214    0.07845    8.59459    2.31366    2.09832    7.50732    2.00000
 180.09982    0.00325   20.84783   20.46917    0.09988    0.05513   59.20396   -2.16290   -0.36083   -2.67026    2.00000
 179.97552   -0.10954   23.74112   23.29748    0.11225    0.06195    5.41783   -1.79593    0.15126   -4.73852    2.00000
 180.01604    0.02501   22.57237   22.28381    0.02970    0.01639   13.37894   -2.35509   -0.93310   -5.75404    2.00000
 180.01187    0.09913   23.69809   23.26183    0.09984    0.05510    5.59729   -1.18076    2.93505   -0.62994    2.00000
 179.98782   -0.11387   23.28190   22.91130    0.11452    0.06320    7.60543    3.69912    1.57400    1.07893    2.00000
 179.87798   -0.01539   22.48878   22.20783    0.12300    0.06789   14.28362   -2.13802   -1.46642   -3.42793    2.00000
 179.93803    0.06006   23.02980   22.69182    0.08630    0.04763    9.31257    3.26745   -0.71624    4.81188    2.00000
 179.95592    0.04262   23.62382   23.20013    0.06132    0.03385    5.90794   -4.83896    0.77700   -8.04534    2.00000
 179.88060   -0.09798   21.35896   21.13507    0.15445    0.08525   35.32383    0.91087   -0.71256    0.00267    2.00000
 179.99496    0.00612   21.81537   21.58429    0.00793    0.00438   24.21310    5.53206   -0.48301    4.48766    2.00000
 179.98695   -0.04947   21.80176   21.57153    0.05116    0.02824   24.44187   -2.67325   -0.42164   -2.27223    2.00000
 179.81700   -0.09216   21.72184   21.49498    0.20490    0.11309   25.85649    0.15812    0.90348    1.02584    2.00000
 180.04105   -0.02107   22.45831   22.18007    0.04613    0.02546   14.61423   -1.68725    1.44334   -1.20396    2.00000
 179.99925    0.14843   18.00923   17.96172    0.14843    0.08192  292.34152   -2.55436   -4.78793   -7.36801    2.00000
 179.97874   -0.02438   23.29006   22.91822    0.03234    0.01785    7.55162   -1.77251   -0.31379   -5.57793    2.00000
 180.06235    0.05519   23.36354   22.98047    0.08326    0.04596    7.06738   -0.56194    2.01109    1.71451    2.00000
 179.92184    0.20189   23.55044   23.13868    0.21649    0.11948    6.21732    6.21003    1.08051    5.97131    2.00000
 180.00610    0.01887   21.62676   21.40335    0.01984    0.01095   28.26678   -1.04368    2.38472    1.54045    2.00000
 180.01447    0.01984   23.65131   23.22309    0.02455    0.01355    5.79235   -9.24880   -2.55722   -8.59700    2.00000
 180.00549    0.05019   23.69996   23.26338    0.05049    0.02787    5.58948   -2.43673   -1.05767   -8.97253    2.00000
 179.99881    0.01563   22.00096   21.75779    0.01568    0.00865   21.10183    6.47788    1.13478    8.13713    2.00000
 180.00417   -0.22370   21.91879   21.68124    0.22374    0.12349   22.47445   -0.88173    1.56018    1.04971    2.00000
 180.03757    0.00973   22.65061   22.35412    0.03880    0.02141   12.54174    1.78696    0.68087    2.96354    2.00000
 179.94933    0.00652   20.88869   20.53804    0.05110    0.02820   56.18940   -6.33435   -1.89192   -8.09915    2.00000
 180.05617   -0.03851   23.74868   23.30374    0.06810    0.03758    5.38631    2.92958   -0.36265    0.02225    2.00000
 180.00754   -0.01074   23.13542   22.78413    0.01313    0.00725    8.59459   -0.19145   -2.30895   -5.13257    2.00000
 179.93748    0.03334   23.75088   23.30555    0.07085    0.03910    5.37716    1.73697   -0.98544    2.90278    2.00000
 180.02679    0.02736   22.91587   22.59121    0.03829    0.02113   10.09518    0.26024   -1.87997   -0.21144    2.00000
 180.03331    0.04490   23.82947   23.37042    0.05591    0.03086    5.05059    1.64084    1.73817   -0.44351    2.00000
 180.14163    0.02612   23.59651   23.17732    0.14402    0.07949    6.02279   -3.07186    0.30905    2.66140    2.00000
 179.90326    0.09548   23.65693   23.22774    0.13592    0.07502    5.76894   -0.02427    1.19700    2.37451    2.00000
 179.92931   -0.01381   22.52159   22.23773    0.07203    0.03975   13.92758    0.66212    1.38722    1.66351    2.00000
 179.94911    0.17983   23.82947   23.37042    0.18690    0.10315    5.05059    4.91913    0.83831    7.88769    2.00000
 179.82579    0.01157   23.50719   23.10209    0.17460    0.09636    6.40154   -4.06835   -2.05011   -4.67468    2.00000
 180.18340    0.09511   22.50050   22.21851    0.20658    0.11402   14.15646   -2.46516    1.77452   -1.13093    2.00000
 180.02278   -0.11325   22.96020   22.63073    0.11552    0.06376    9.78778    0.38825   -1.24405   -4.81634    2.00000
 179.93819    0.03477   23.32544   22.94819    0.07092    0.03914    7.31847   -0.24925    3.27666    6.54756    2.00000
 179.90836    0.07063   17.16238   16.44810    0.11570    0.06385  625.43842   -0.82343   -1.79998   -2.62407    2.00000
 179.98273   -0.08195   22.96493   22.63494    0.08375    0.04622    9.75504   -1.78434   -0.40174   -3.70386    2.00000
 179.98239   -0.05184   22.58019   22.29084    0.05475    0.03022   13.29522   -4.56560    3.44956   -1.97549    2.00000
 179.99065   -0.05148   21.61897   21.39587    0.05232    0.02888   28.46366    2.36585   -1.91306   -1.00540    2.00000
 180.01859    0.07858   23.61900   23.19610    0.08075    0.04457    5.92821   -1.81718   -1.42423   -5.92900    2.00000
 180.00471   -0.01611   22.18702   21.93064    0.01678    0.00926   18.00214   -0.94238   -2.10070   -3.82237    2.00000
 180.02676   -0.00884   18.05831   18.06800    0.02819    0.01556  276.44595    2.29285   -0.17604    2.11782    2.00000
 180.01831   -0.01733   22.36292   22.09243    0.02521    0.01392   15.65776   -4.86052    1.49818   -1.95410    2.00000
 180.00465    0.00076   22.97379   22.64271    0.00472    0.00260    9.69455   -6.35725   -0.04932   -7.79895    2.00000
 180.06102    0.00090   22.67409   22.37521    0.06103    0.03368   12.29058   -4.03498   -0.32733   -5.29912    2.00000
 180.05431   -0.01037   21.00423   20.71951    0.05529    0.03051   49.38867   -6.65945    0.00770   -6.59620    2.00000
 179.94946   -0.00727   22.53097   22.24628    0.05105    0.02818   13.82586   -3.79444    1.61708   -2.69547    2.00000
 180.04857   -0.00463   22.30012   22.03459    0.04879    0.02693   16.34650   -3.79234    3.00416    0.06106    2.00000
 179.97581    0.01788   21.59561   21.37342    0.03007    0.01660   29.05427    0.11294    0.48930    0.80334    2.00000
 180.01350    0.00748   23.70932   23.27113    0.01544    0.00852    5.55047    2.94059    1.67222    5.59657    2.00000
 179.98695    0.04029   22.15095   21.89759    0.04235    0.02337   18.59483    2.18336   -0.17328    0.08875    2.00000
 179.98769   -0.10039   22.69234   22.39161    0.10115    0.05583   12.09523    2.71794   -2.02748    0.03288    2.00000
 180.02069    0.01498   22.58802   22.29787    0.02554    0.01410   13.21150   -3.85212    0.12131   -1.74722    2.00000
 180.24556    0.01945   21.55863   21.33786    0.24633    0.13596   29.98942    1.16571    3.41820    5.20818    2.00000
 180.02394   -0.05279   22.40612   22.13224    0.05796    0.03199   15.18380    2.25762    0.49717    3.04718    2.00000
 180.02597    0.20869   23.44233   23.04720    0.21030    0.11607    6.67787    3.62609   -2.34666    1.34781    2.00000
 179.98866   -0.00935   22.74236   22.43633    0.01470    0.00811   11.56272   -0.67359   -3.87641   -3.05043    2.00000
 180.14406    0.02016   23.58847   23.17061    0.14546    0.08028    6.05657   -1.41606    0.10508    1.49761    2.00000
 180.02159   -0.04185   23.44773   23.05177    0.04709    0.02599    6.65484    4.36968    0.94363    3.65831    2.00000
 179.89474   -0.00585   23.47476   23.07464    0.10542    0.05818    6.53971    2.84194    0.28352    7.50539    2.00000
 179.96777    0.00735   22.42772   22.15214    0.03305    0.01824   14.94681    1.26148    2.71933    3.21905    2.00000
 180.09119   -0.06316   23.82471   23.36649    0.11093    0.06122    5.07038    2.76963   -3.96316    6.80197    2.00000
 179.87514   -0.07064   22.82219   22.50770    0.14346    0.07918   10.74471   -5.35316    0.32992   -9.09659    2.00000
 180.17174    0.28194   22.03384   21.78841    0.33013    0.18221   20.55278   -9.04940    0.56717   -7.72371    2.00000
 180.21162   -0.00306   22.42292   22.14772    0.21164    0.11681   14.99947    1.28797    2.16156    4.92994    2.00000
 179.96176   -0.06210   22.56454   22.27678    0.07293    0.04025   13.46266   -0.17169    2.20466    2.21679    2.00000
 180.03969   -0.05324   22.19473   21.93773    0.06641    0.03665   17.87505   -6.49752    0.82153   -5.84188    2.00000
 179.97681   -0.01661   23.12102   22.77154    0.02854    0.01575    8.69250   -1.40559   -0.76169   -3.35400    2.00000
 180.02373   -0.17337   22.72489   22.42072    0.17499    0.09658   11.74862    1.30875    2.48416    3.35293    2.00000
 180.00293   -0.02397   21.56641   21.34535    0.02415    0.01333   29.79255    3.10951    0.32304    2.95936    2.00000
 179.96027    0.04878   23.46935   23.07007    0.06292    0.03473    6.56273   -3.00104    0.73108   -0.87364    2.00000
 180.05484   -0.03296   23.44773   23.05177    0.06399    0.03532    6.65484   -4.27299   -0.33275   -2.64301    2.00000
 179.88416    0.01290   21.76153   21.53326    0.11657    0.06434   25.12819    5.10440    0.73599    6.63189    2.00000
 179.99249   -0.14976   22.01740   21.77310    0.14995    0.08276   20.82730    1.93227   -3.16433    0.68483    2.00000
 180.01065   -0.03719   22.75483   22.44748    0.03868    0.02135   11.42994    1.96004   -0.60688    1.32730    2.00000
 179.97908    0.00505   23.73551   23.29283    0.02152    0.01188    5.44123   -3.50641   -1.77913   -4.92148    2.00000
 180.01003   -0.13062   22.14657   21.89359    0.13100    0.07230   18.66668    5.55613    0.86740    6.19109    2.00000
 180.45291   -1.00129   23.07061   22.72749    1.09895    0.60661    9.03517    3.07758    1.43654    4.81694    2.00000
 179.95844    0.00847   22.94977   22.62143    0.04241    0.02341    9.86011    1.22961    2.26136    3.15294    2.00000
 179.73676    0.11410   23.81756   23.36059    0.28692    0.15836    5.10007    0.06397    1.04592   -0.08500    2.00000
 180.42310   -0.13204   23.24248   22.87716    0.44321    0.24462    7.87097    4.86411   -0.50295    9.12506    2.00000
 180.01936   -0.03227   22.05303   21.80627    0.03763    0.02077   20.23250   -4.62139   -3.49101   -8.71901    2.00000
 180.20367    0.21998   22.28470   22.02042    0.29979    0.16546   16.51529   -0.08008   -1.37052   -2.37245    2.00000
 180.05910    0.06822   23.17421   22.81789    0.09025    0.04981    8.33198   -2.93746   -2.70978   -4.26440    2.00000
 180.01093   -0.05505   21.66098   21.43630    0.05612    0.03098   27.40015    1.88954   -0.75225    0.43519    2.00000
 179.94261   -0.03917   23.73738   23.29438    0.06948    0.03835    5.43343   -6.37935   -1.74743   -5.35491    2.00000
 179.87714   -0.06353   21.87797   21.64297    0.13831    0.07634   23.16076    5.12137   -0.94275    2.50894    2.00000
 179.97522    0.00321   23.34994   22.96895    0.02499    0.01379    7.15705   -6.14656    0.36856   -6.61718    2.00000
 179.97572   -0.00933   21.68479   21.45926    0.02601    0.01436   26.79611    5.39789    0.36007    6.19615    2.00000
 180.02097    0.06379   21.58588   21.36406    0.06714    0.03706   29.30036    1.88703    2.89209    4.72255    2.00000
 179.92514   -0.09066   21.57809   21.35658    0.11757    0.06489   29.49724    1.27437   -0.72316   -0.38880    2.00000
 179.95181    0.00265   23.29822   22.92513    0.04826    0.02664    7.49782    0.05493    3.63815    1.99509    2.00000
 180.53893    0.40142   21.35635   21.13240    0.67199    0.37090   35.39392   -1.99674    0.82625   -1.27058    2.00000
 180.00633    0.06231   23.24736   22.88139    0.06263    0.03457    7.83804   -1.68112   -1.22867   -0.07776    2.00000
 180.03735   -0.00536   23.08501   22.74007    0.03774    0.02083    8.93726    1.19036    0.25792   -0.50124    2.00000
 180.10555    0.09615   23.66628   23.23548    0.14277    0.07880    5.72993    2.09021   -2.50175    2.05278    2.00000
 180.01761   -0.01332   23.52341   23.11581    0.02208    0.01219    6.33246    1.64149   -0.87157   -3.47661    2.00000
 179.98972   -0.02184   23.62221   23.19879    0.02415    0.01333    5.91469    0.47431   -0.32297   -1.40182    2.00000
 180.00981    0.05810   23.45584   23.05863    0.05893    0.03252    6.62030   -2.78875   -1.88287   -7.39944    2.00000
 180.01620   -0.01126   21.75094   21.52305    0.01973    0.01089   25.31120    1.85411   -3.94737   -1.78326    2.00000
 180.02754   -0.07757   21.18537   20.94629    0.08231    0.04543   40.88978   -6.16936    1.85397   -4.30497    2.00000
 179.81252   -0.41359   23.75088   23.30555    0.45409    0.25063    5.37716   -1.68581   -0.00855   -0.78514    2.00000
 179.97586    0.03408   22.23329   21.97317    0.04177    0.02305   17.23957   -0.56330    0.59782    0.25825    2.00000
 179.99408   -0.00566   23.37171   22.98739    0.00819    0.00452    7.01357   -4.98643    2.02005   -8.27958    2.00000
 179.28633    0.32123   23.41253   23.02198    0.78263    0.43198    6.80485    5.03574   -4.23011    3.91595    2.00000
 180.01598    0.00191   23.63185   23.20684    0.01608    0.00888    5.87416   -3.43645    0.88020    1.53153    2.00000
 180.01463   -0.03730   21.65039   21.42609    0.04007    0.02211   27.66861  -10.18820    1.88302   -8.65561    2.00000
 179.97911   -0.02602   22.59062   22.30021    0.03337    0.01842   13.18359    1.69497   -0.33729    1.50757    2.00000
 180.01044    0.07089   22.53565   22.25055    0.07166    0.03955   13.77500   -5.38895    3.15057   -1.96268    2.00000
 179.99828    0.05971   22.25128   21.98971    0.05974    0.03297   16.94302    0.66824   -2.38925   -1.68716    2.00000
 180.06525   -0.02092   22.97379   22.64271    0.06851    0.03781    9.69455    0.22333    3.34482    2.26723    2.00000
 179.98363    0.07065   23.63345   23.20818    0.07252    0.04003    5.86740   -3.85937   -1.15507   -7.61426    2.00000
 179.97565    0.03479   21.68215   21.45671    0.04246    0.02344   26.86323   -3.56866    1.70777   -1.40776    2.00000
 180.04123   -0.00389   20.67767   20.24175    0.04141    0.02286   70.92396   -3.52403   -0.48096   -4.01361    2.00000
 179.92937   -0.03745   22.42292   22.14772    0.07994    0.04412   14.99947   -1.45177    0.09465   -1.91105    2.00000
 179.98753   -0.07170   23.24979   22.88351    0.07278    0.04017    7.82157   -0.59630   -2.84458   -8.62756    2.00000
 179.91684   -0.27362   22.79225   22.48094    0.28598    0.15784   11.03159    1.36956    2.44691    3.40841    2.00000
 179.92242    0.06213   22.68452   22.38458    0.09938    0.05485   12.17895    4.29563   -2.27388    3.31847    2.00000
 180.24376    0.28446   23.68312   23.24943    0.37462    0.20676    5.65971    9.87929   -2.47367    4.29748    2.00000
 179.93192    0.08881   22.82979   22.51449    0.11190    0.06176   10.69188   -5.44973   -1.04497   -2.76944    2.00000
 180.13609   -0.03588   22.97487   22.64366    0.14074    0.07768    9.68720    1.41270   -0.15084    0.85492    2.00000
 180.07143   -0.03415   21.77476   21.54601    0.07917    0.04369   24.89941  -11.10603   -1.31127  -12.08995    2.00000
 179.87668    0.04528   21.78543   21.55622    0.13137    0.07251   24.71640    1.34482   -2.22466   -1.55130    2.00000
 179.94295    0.01883   23.21322   22.85176    0.06008    0.03316    8.06855    3.84198    3.18333    4.97495    2.00000
 179.91371   -0.06515   21.41113   21.18837    0.10812    0.05968   33.92186   -1.00034    2.72213    1.56764    2.00000
 180.02914    0.05044   22.82979   22.51449    0.05825    0.03215   10.69188    0.37248    2.77795    0.81012    2.00000
 179.93303   -0.02054   23.09701   22.75056    0.07005    0.03866    8.85567   -1.08977   -0.54267   -3.04270    2.00000
 180.09756   -0.02409   23.57723   23.16121    0.10049    0.05546    6.10386   -1.38966   -0.36079   -9.57828    2.00000
 179.92651    0.04994   23.43962   23.04491    0.08885    0.04904    6.68938   -3.72570    1.33679   -1.11153    2.00000
 179.92761    0.00155   17.89330   17.90653    0.07241    0.03996  301.75357    0.00933    0.84282    0.87695    2.00000
 180.02866    0.10243   21.07980   20.81961    0.10636    0.05870   45.63704   -4.54073   -0.78129   -4.87867    2.00000
 180.10600   -0.04979   22.86109   22.54239    0.11712    0.06464   10.47490   -0.06437   -0.81794    0.40249    2.00000
 179.89745   -0.07184   22.60106   22.30959    0.12522    0.06911   13.07197   -3.26013   -4.68716   -9.69154    2.00000
 179.99164   -0.05423   22.93673   22.60980    0.05487    0.03028    9.95052   -2.81960    2.25727   -5.29670    2.00000
 179.99130   -0.01533   23.82709   23.36845    0.01762    0.00972    5.06049   -0.79000   -0.89078    6.74172    2.00000
 180.11307    0.01246   23.07781   22.73378    0.11374    0.06278    8.98622   -3.26330   -2.02206   -2.59934    2.00000
 180.06783    0.08422   23.05381   22.71280    0.10814    0.05968    9.14940    0.69920    1.01560    3.81832    2.00000
 180.16225    0.26670   23.67189   23.24013    0.31217    0.17229    5.70652   -6.09823   -2.06159   -9.18077    2.00000
 179.88002    0.02257   22.91847   22.59353    0.12209    0.06738   10.07709   -3.00128   -0.48982   -4.01598    2.00000
 180.03896   -0.08296   21.19951   20.96271    0.09165    0.05058   40.27426    2.32105    0.57794    3.03290    2.00000
 180.02872    0.02224   22.88978   22.56796    0.03632    0.02005   10.27600    5.85130    3.80566   11.87217    2.00000
 180.03589    0.11264   23.33633   22.95742    0.11822    0.06525    7.24673    0.80823    0.38303   -0.00642    2.00000
 179.96358   -0.05270   23.23760   22.87293    0.06406    0.03536    7.90390   -8.11233   -1.32552   -6.15435    2.00000
 179.89075   -0.01965   23.81518   23.35863    0.11102    0.06127    5.10997    0.34075    1.70449   -0.01035    2.00000
 179.93181    0.24128   23.08501   22.74007    0.25073    0.13839    8.93726    1.97055    0.28607   -1.11586    2.00000
 180.02437   -0.04761   23.19372   22.83482    0.05348    0.02952    8.20027    2.54408   -1.78421   -1.54602    2.00000
 180.10051   -0.07443   22.15095   21.89759    0.12507    0.06903   18.59483   -3.62194    3.33858   -1.77788    2.00000
 179.97958   -0.06652   22.72489   22.42072    0.06958    0.03840   11.74862   -0.16670    1.67912    1.90987    2.00000
 179.27527    0.24069   21.27291   21.04361    0.76365    0.42150   37.72973   -3.51674   -0.34403   -4.09620    2.00000
 180.02647   -0.00913   21.45025   21.22834    0.02800    0.01546   32.87038    0.65686   -1.93381   -1.22661    2.00000
 180.20692   -0.14795   23.81280   23.35666    0.25438    0.14040    5.11986   10.60110    2.84770   16.70806    2.00000
 179.98863    0.07978   22.49347   22.21210    0.08059    0.04448   14.23276   -4.24896    0.09112   -3.87261    2.00000
 179.88737    0.00081   23.40981   23.01967    0.11263    0.06216    6.81646   -3.60465    1.43886   -1.06495    2.00000
 179.91254   -0.01973   22.63496   22.34005    0.08967    0.04949   12.70918   -0.10952   -0.28032   -3.13350    2.00000
 179.96844   -0.02865   21.14251   20.89582    0.04262    0.02352   42.78114   -3.38451    0.15607   -3.31734    2.00000
 180.06474    0.06056   22.76231   22.45417    0.08865    0.04893   11.35027   -2.90053   -0.58932   -4.17426    2.00000
 180.02412    0.04492   23.63185   23.20684    0.05099    0.02814    5.87416    0.69053    6.11542    3.90844    2.00000
 180.00980    0.00359   22.16520   21.91061    0.01043    0.00575   18.36132   -0.71731   -0.71948   -0.60109    2.00000
 180.01251    0.03258   22.45363   22.17580    0.03490    0.01926   14.66509    3.26325   -0.36549    3.43216    2.00000
 180.00137   -0.01429   23.59811   23.17866    0.01436    0.00792    6.01603   -1.25350   -1.15299   -1.54757    2.00000
 179.93060    0.04921   23.41798   23.02659    0.08508    0.04696    6.78163   -5.27646   -1.36037   -3.21509    2.00000
 180.04506    0.07008   23.62382   23.20013    0.08332    0.04598    5.90794   -1.99822    4.27596   -3.12112    2.00000
 180.21977    0.08501   21.46329   21.24166    0.23564    0.13006   32.51989   -3.74900    0.82329   -1.78605    2.00000
 179.92970    0.02396   21.91335   21.67614    0.07427    0.04099   22.56596   -4.81066    0.53940   -3.95536    2.00000
 179.99348   -0.02554   22.71990   22.41626    0.02636    0.01455   11.80173   -2.95900    0.84636   -2.27730    2.00000
 179.98936    0.14521   23.64149   23.21489    0.14560    0.08036    5.83362   -2.33132    0.08021    0.79399    2.00000
 179.94949   -0.34112   21.04674   20.77643    0.34484    0.19033   47.25544    4.22719    1.30560    5.29161    2.00000
 180.04745   -0.02845   23.36626   22.98278    0.05534    0.03054    7.04944   -1.03724    0.05566   -0.49417    2.00000
 180.00813    0.06922   23.25955   22.89198    0.06969    0.03847    7.75571   -8.59656   -3.86689   -7.64091    2.00000
 180.03290   -0.11154   21.60535   21.38277    0.11629    0.06418   28.80818   -5.32352   -2.26302   -6.29051    2.00000
 180.07030   -0.04676   23.67189   23.24013    0.08442    0.04659    5.70652   -3.22015    0.94174   -0.18000    2.00000
 179.93675    0.18081   22.68713   22.38693    0.19155    0.10572   12.15104    1.17336   -1.11348    1.06075    2.00000
 180.00798    0.00134   23.69809   23.26183    0.00809    0.00447    5.59729    1.58354   -1.52256   -1.51154    2.00000
 180.06236    0.05800   22.84805   22.53076    0.08517    0.04701   10.56531    0.41473   -1.10762    1.31829    2.00000
 179.94820   -0.12306   20.88869   20.53804    0.13351    0.07369   56.18940   -0.79517   -3.30856   -3.99790    2.00000
 179.95642    0.00058   22.46066   22.18220    0.04358    0.02405   14.58880    5.91380    3.86238   10.88736    2.00000
 180.02808    0.01748   23.21566   22.85388    0.03306    0.01825    8.05208   -0.18888   -0.69066    3.71699    2.00000
 180.00465    0.00942   23.79613   23.34290    0.01051    0.00580    5.18913   -6.02922   -3.14858   -9.94068    2.00000
 179.86253   -0.05881   22.35331   22.08359    0.14952    0.08252   15.76309   -3.30331   -3.09474   -6.60548    2.00000
 180.03471   -0.06084   21.55084   21.33038    0.07005    0.03866   30.18629   -1.42348   -1.26545   -3.89225    2.00000
 180.21506   -0.49201   23.79851   23.34487    0.53695    0.29636    5.17924   -4.95258    2.43890   -5.75242    2.00000
 179.95612    0.00907   21.99000   21.74758    0.04482    0.02474   21.28484   -2.06275    2.85550    2.07786    2.00000
 179.88686    0.01713   23.67938   23.24633    0.11444    0.06316    5.67531    0.02020    0.13544    2.13892    2.00000
 179.98618    0.01716   21.79632   21.56643    0.02204    0.01217   24.53338    2.03019    0.36081    2.92057    2.00000
 180.02531    0.02059   23.58205   23.16524    0.03263    0.01801    6.08359   -2.60590    0.31750   -3.51979    2.00000
 179.90295   -0.03957   23.12342   22.77364    0.10480    0.05784    8.67618    5.96979   -2.21505    3.36262    2.00000
 179.94646    0.13933   23.56919   23.15450    0.14927    0.08238    6.13764   -0.30887   -1.92648   -0.97443    2.00000
 179.77513    0.47156   22.91587   22.59121    0.52243    0.28835   10.09518    1.68870    0.73081    3.03142    2.00000
 180.01178   -0.10280   21.14848   20.90308    0.10347    0.05711   42.50915   -5.24154   -2.68523   -8.25099    2.00000
 180.00858    0.08198   23.32000   22.94358    0.08243    0.04549    7.35434    1.52398    0.35222    1.19732    2.00000
 179.99023   -0.03628   23.42070   23.02890    0.03757    0.02073    6.77002   -3.91405   -0.52171   -6.13671    2.00000
 179.98232    0.07103   21.95711   21.71696    0.07319    0.04040   21.83389   -2.94800   -3.41634   -6.89652    2.00000
 179.98534    0.00691   23.68125   23.24788    0.01622    0.00895    5.66751   -3.61770    3.81412   -0.94877    2.00000
 179.99812    0.00926   17.99900   17.77500    0.00945    0.00522  324.18735   -1.61617    3.66075    2.05153    2.00000
 179.97729    0.10216   23.22785   22.86446    0.10465    0.05776    7.96976   -0.48306   -1.74636    4.06348    2.00000
 179.98700    0.03962   22.68713   22.38693    0.04170    0.02302   12.15104    0.67751   -2.88157   -3.03394    2.00000
 179.98068   -0.02881   22.89500   22.57261    0.03469    0.01915   10.23983    2.30434    1.82119    4.58607    2.00000
 180.03960    0.05251   22.57497   22.28615    0.06577    0.03630   13.35104    0.79566    1.53764    4.26531    2.00000
 179.84756    0.26431   22.44894   22.17153    0.30512    0.16840   14.71595    2.86171    2.26855    5.03649    2.00000
 179.98595    0.03756   21.54500   21.32477    0.04010    0.02213   30.33394    3.58905    1.19608    4.27058    2.00000
 179.96727    0.01462   23.61257   23.19074    0.03584    0.01978    5.95523    4.25866   -1.27335    2.28509    2.00000
 179.83096    0.20030   23.84138   23.38025    0.26210    0.14466    5.00111   -1.15119   -0.83751   -5.50126    2.00000
 180.05286    0.01581   23.29550   22.92283    0.05517    0.03045    7.51575    2.99415    1.24221    4.21512    2.00000
 180.00568   -0.00532   22.21272   21.95427    0.00777    0.00429   17.57849   -1.72176    0.26199    1.06896    2.00000
 179.86133   -0.02337   23.59329   23.17463    0.14063    0.07762    6.03630    0.06829    3.18590    4.47844    2.00000
 180.02144   -0.08398   22.19473   21.93773    0.08668    0.04784   17.87505   -0.71555    2.70887    1.19267    2.00000
 180.02721    0.01738   22.73487   22.42964    0.03228    0.01782   11.64239   -2.15012    5.10603    3.08391    2.00000
 179.99928    0.00687   23.67751   23.24478    0.00691    0.00382    5.68312   -2.51527    0.28606   -4.56166    2.00000
 179.94855   -0.08367   22.28984   22.02514    0.09822    0.05421   16.45903    2.04368   -0.01612    1.32985    2.00000
 180.25793   -0.05502   22.21272   21.95427    0.26374    0.14557   17.57849   -5.28390   -0.31769   -6.68799    2.00000
 179.95329   -0.00096   22.62453   22.33068    0.04672    0.02579   12.82081   -0.28009    2.61692   -0.55678    2.00000
 180.00066    0.02557   23.83423   23.37435    0.02558    0.01412    5.03080   -2.21435   -1.79219    1.54358    2.00000
 179.98091    0.03246   23.67564   23.24323    0.03766    0.02078    5.69092   -1.26822   -0.83365    3.24358    2.00000
 179.96938    0.00378   23.17421   22.81789    0.03086    0.01703    8.33198    3.59516   -1.28416    2.91812    2.00000
 179.93352   -0.01883   21.32751   21.10178    0.06911    0.03814   36.19949   -1.61331   -4.08385   -5.92250    2.00000
 180.02879    0.05639   23.65318   23.22464    0.06331    0.03494    5.78455   -1.94253   -0.34328    2.30989    2.00000
 179.94209   -0.02916   19.79820   19.29824    0.06482    0.03578  135.35985    1.13331   -1.42678   -0.30078    2.00000
 180.01697   -0.02772   19.62104   19.11283    0.03251    0.01794  151.70013    3.50463   -2.77947    0.79504    2.00000
 180.00284    0.03597   22.09614   21.84691    0.03608    0.01992   19.50362    0.09598   -1.30226   -1.50797    2.00000
 180.04066    0.03538   23.12582   22.77574    0.05390    0.02975    8.65986   -1.90527    1.01023   -1.31712    2.00000
 180.16653   -0.02814   21.79088   21.56132    0.16889    0.09321   24.62489   -4.89580   -2.23666   -7.00770    2.00000
 180.17284    0.08700   22.99857   22.66445    0.19349    0.10679    9.52549   -2.47291    2.31813   -2.30496    2.00000
 179.90051   -0.03107   21.62092   21.39774    0.10423    0.05753   28.41444   -0.68566   -2.76787   -3.38066    2.00000
 180.02299   -0.02216   22.92891   22.60283    0.03194    0.01763   10.00477    0.05754    1.66609    2.99937    2.00000
 179.97414   -0.05373   22.57237   22.28381    0.05964    0.03291   13.37894    3.69365   -0.62511    2.22328    2.00000
 179.98402   -0.01865   21.45807   21.23634    0.02455    0.01355   32.66008   -2.62086   -0.60914   -1.90759    2.00000
 180.04219   -0.01338   20.21080   19.73153    0.04426    0.02443  101.74335   -2.44511    1.78659   -0.37049    2.00000
 179.94928    0.02682   22.47238   22.19288    0.05738    0.03167   14.46164    0.37737   -1.46892   -1.95950    2.00000
 180.06567    0.05712   22.98887   22.65594    0.08704    0.04804    9.59164    2.05678   -2.70808   -0.04405    2.00000
 179.97784    0.02286   23.24736   22.88139    0.03183    0.01757    7.83804   -0.06717   -1.69635   -1.75126    2.00000
 180.06432    0.03983   23.83900   23.37828    0.07564    0.04175    5.01101    0.48247    0.60538    2.58874    2.00000
 180.15855    0.22881   22.49581   22.21424    0.27837    0.15364   14.20733   -0.10646    0.88499    1.05142    2.00000
 180.11774    0.10243   22.00644   21.76289    0.15605    0.08613   21.01032    3.53206    1.81577    5.20221    2.00000
 179.96802   -0.04091   23.36899   22.98509    0.05192    0.02866    7.03151   -2.30681   -0.71123   -2.24631    2.00000
 180.03380   -0.03432   23.32000   22.94358    0.04817    0.02659    7.35434    2.42036    2.09545    0.64110    2.00000
 179.98175   -0.01175   23.23029   22.86658    0.02170    0.01198    7.95329    1.84673   -2.84990   -1.78810    2.00000
 180.27983   -0.19078   22.74236   22.43633    0.33868    0.18693   11.56272   -3.17487    0.12966   -3.61200    2.00000
 179.97955    0.02604   23.06341   22.72119    0.03310    0.01827    9.08412    0.98248    1.15510    2.30356    2.00000
 180.00916    0.04175   22.61931   22.32599    0.04274    0.02359   12.87662   -5.29622    0.93026   -2.60803    2.00000
 180.00027    0.00608   23.20103   22.84118    0.00609    0.00336    8.15087    4.17369   -0.45643    4.50250    2.00000
 180.09966    0.03017   23.81994   23.36256    0.10412    0.05746    5.09017    5.59644   -2.79794    5.45999    2.00000
 179.94318    0.09705   21.75094   21.52305    0.11246    0.06207   25.31120    0.55815    2.78626    4.01345    2.00000
 179.97649   -0.03684   21.09771   20.84139    0.04371    0.02412   44.82107   -3.79538   -3.59598   -6.91852    2.00000
 179.89249    0.01772   23.57241   23.15719    0.10896    0.06014    6.12413   -2.61427    3.95493   -1.96394    2.00000
 179.95773   -0.09790   22.69994   22.39842    0.10664    0.05886   12.01418    4.81808    0.16892    2.83448    2.00000
 179.92438   -0.03447   22.03932   21.79351    0.08311    0.04587   20.46127   -6.67854   -1.27637   -8.40413    2.00000
 179.97803    0.06251   23.73364   23.29128    0.06626    0.03657    5.44904    1.46932   -2.82115    6.27582    2.00000
 179.94507    0.08518   23.78184   23.33111    0.10135    0.05594    5.24851   -1.02116    0.42898   -0.27397    2.00000
 179.97891    0.03471   22.16191   21.90761    0.04061    0.02241   18.41520    3.54227    0.83084    5.53135    2.00000
 179.96207   -0.04354   23.37987   22.99431    0.05775    0.03187    6.95977    0.62283   -0.08014    2.91458    2.00000
 180.01521    0.02398   22.56976   22.28146    0.02840    0.01567   13.40685    0.20604   -0.46894   -1.70870    2.00000
 179.97696    0.28328   23.55314   23.14096    0.28422    0.15687    6.20581    2.61508    1.89897    6.29097    2.00000
 180.02734   -0.09910   23.11862   22.76944    0.10281    0.05674    8.70881   -5.40627    1.98833   -7.60292    2.00000
 180.35709    0.07388   22.44191   22.16512    0.36464    0.20125   14.79225   -2.72259   -2.81611   -4.20550    2.00000
 179.81836    0.05916   23.42341   23.03119    0.19103    0.10544    6.75847    8.80668    0.27939    9.64093    2.00000
 179.98148   -0.01342   21.00008   20.71338    0.02287    0.01262   49.61816   -0.04024   -1.89812   -2.69441    2.00000
 179.92984    0.00156   20.99176   20.70114    0.07018    0.03873   50.07714    2.52119   -2.36723    0.31968    2.00000
 179.97729   -0.00645   22.65844   22.36115    0.02360    0.01303   12.45802   -5.63764    3.00825   -0.32663    2.00000
 180.01515   -0.03205   22.91326   22.58888    0.03545    0.01957   10.11326   -3.62934    0.44399   -4.19297    2.00000
 179.96255   -0.02701   23.30639   22.93205    0.04617    0.02548    7.44401    3.22817   -0.39883   -0.00474    2.00000
 179.76360   -0.38980   23.38259   22.99661    0.45588    0.25162    6.94184   -0.89777    0.65833    0.69627    2.00000
 179.99692    0.04698   23.10181   22.75476    0.04708    0.02598    8.82304    0.59378    1.82397    0.99431    2.00000
 180.00656   -0.00697   23.51530   23.10895    0.00958    0.00529    6.36700    0.33522    4.33272    8.10547    2.00000
 179.93222    0.01566   22.28213   22.01806    0.06957    0.03840   16.54342   -0.74293    0.81230   -0.20113    2.00000
 180.01884   -0.03654   22.56715   22.27912    0.04111    0.02269   13.43476    4.82083   -1.59456    0.80967    2.00000
 179.96828    0.07252   23.01581   22.67957    0.07916    0.04369    9.40788   -0.43459   -1.86851   -0.48142    2.00000
 179.96460    0.03436   23.70370   23.26648    0.04934    0.02723    5.57388    0.77723    0.83192   -3.19521    2.00000
 180.09633   -0.10286   22.90543   22.58191    0.14092    0.07778   10.16750    4.47418   -1.66151    0.90999    2.00000
 179.88417    0.10280   21.42417   21.20169    0.15487    0.08548   33.57136    1.14773   -0.10424    0.59982    2.00000
 180.02480    0.01415   21.22007   20.98660    0.02855    0.01576   39.37895    1.27875   -1.66302    0.02389    2.00000
 180.01263    0.03822   21.83170   21.59960    0.04026    0.02222   23.93858   -0.04761    0.22256   -0.02355    2.00000
 180.04939    0.07289   23.79851   23.34487    0.08805    0.04859    5.17924    0.27537    1.39758    7.90632    2.00000
 180.00227   -0.06006   23.12342   22.77364    0.06011    0.03317    8.67618    5.33022   -0.61506    6.14659    2.00000
 180.00301   -0.02860   22.44425   22.16725    0.02875    0.01587   14.76681    0.11974   -0.68889    0.13262    2.00000
 180.05400    0.10625   22.92369   22.59818    0.11918    0.06578   10.04093   -3.49462    0.68489   -1.00705    2.00000
 179.99261   -0.01005   21.25269   21.02206    0.01247    0.00688   38.29648    1.71690    1.15982    1.66470    2.00000
 179.92969    0.13452   23.61418   23.19208    0.15179    0.08378    5.94847   -2.34549    1.26108   -2.07931    2.00000
 179.90369    0.05562   21.42677   21.20436    0.11122    0.06138   33.50126    2.99279    0.68010    4.22814    2.00000
 179.96214    0.06882   23.82709   23.36845    0.07855    0.04335    5.06049   -1.52794    1.46221   -3.71702    2.00000
 180.01163   -0.05002   23.23029   22.86658    0.05135    0.02834    7.95329    0.53798   -1.08440   -5.61436    2.00000
 179.91063   -0.05074   23.47206   23.07236    0.10277    0.05672    6.55122   -4.08572   -0.54561   -9.54792    2.00000
 179.90201    0.03135   22.39412   22.12118    0.10289    0.05678   15.31545   -2.66342    2.80885    0.28559    2.00000
 179.98074   -0.00579   20.53166   20.07515    0.02012    0.01110   79.50901    0.33318   -0.27479   -0.07658    2.00000
 179.97739   -0.03697   22.70493   22.40288    0.04334    0.02392   11.96107    1.15842   -1.47048   -0.53045    2.00000
 179.85867   -0.17373   22.98887   22.65594    0.22395    0.12360    9.59164    0.84629    2.79963    5.48962    2.00000
 179.83081   -0.04592   20.14443   19.66153    0.17531    0.09676  106.53046    2.19194    2.51245    4.67167    2.00000
 180.06848   -0.00692   23.09701   22.75056    0.06883    0.03799    8.85567    0.67786   -1.22924   -1.59489    2.00000
 179.96835   -0.10769   23.83423   23.37435    0.11225    0.06195    5.03080    1.07150   -1.17131   -6.68096    2.00000
 180.03442    0.09925   21.62287   21.39961    0.10505    0.05798   28.36522   -2.47387    0.62583   -2.82583    2.00000
 179.81195    0.03651   23.49098   23.08836    0.19157    0.10573    6.47062   -3.55889   -4.14968   -7.81465    2.00000
 179.95877    0.00023   23.53422   23.12495    0.04123    0.02276    6.28641    1.44445   -0.33541    5.87243    2.00000
 180.01109   -0.02352   23.78899   23.33700    0.02600    0.01435    5.21882    1.97595    0.35747   10.32738    2.00000
 180.06404    0.07085   23.65131   23.22309    0.09550    0.05271    5.79235    0.06988    1.59126    7.06089    2.00000
 180.01112   -0.03339   23.59972   23.18000    0.03520    0.01943    6.00928   -2.09299   -1.32646   -5.05931    2.00000
 179.98981    0.00417   21.64510   21.42099    0.01101    0.00608   27.80285    0.67780    0.25647    0.18270    2.00000
 180.02400    0.00723   21.93245   21.69400    0.02506    0.01383   22.24568   -1.34623    2.56997    1.91364    2.00000
 179.99426   -0.09639   22.64800   22.35177    0.09656    0.05329   12.56964   -3.07260   -1.46041   -6.45892    2.00000
 179.97214    0.06620   22.68452   22.38458    0.07182    0.03964   12.17895   -0.90158    1.78340    1.00436    2.00000
 179.96494    0.08079   23.33633   22.95742    0.08807    0.04861    7.24673   -5.00409   -1.37249   -6.22806    2.00000
 180.03616    0.00430   22.66105   22.36349    0.03643    0.02010   12.43011    2.74908   -2.06912   -0.45772    2.00000
 180.03758    0.04591   23.62221   23.19879    0.05933    0.03275    5.91469    0.23372   -0.92055    2.14907    2.00000
 180.04646   -0.13323   21.60340   21.38090    0.14110    0.07788   28.85740    0.66121    0.56186    0.37896    2.00000
 180.02544    0.02463   23.35810   22.97586    0.03541    0.01954    7.10325   -1.46292   -0.07302   -3.72319    2.00000
 179.97395    0.00823   22.93934   22.61213    0.02732    0.01508    9.93244    4.31098   -1.45395    0.79118    2.00000
 180.04453    0.01641   22.98349   22.65122    0.04745    0.02619    9.62840    2.97256    0.18799    7.29760    2.00000
 179.99733   -0.01378   22.45597   22.17793    0.01404    0.00775   14.63966    2.44235   -0.25371    1.36036    2.00000
 179.99104    0.09600   23.04661   22.70651    0.09642    0.05321    9.19835   -1.58641   -6.19252   -8.05103    2.00000
 179.87514   -0.09066   21.90246   21.66593    0.15430    0.08516   22.74897    4.76991   -0.70591    3.67224    2.00000
 180.13417   -0.10774   23.14262   22.79042    0.17207    0.09497    8.54564    4.94637    1.85848    5.49330    2.00000
 179.93834    0.01350   23.23760   22.87293    0.06312    0.03484    7.90390    4.27349   -0.14562    7.72766    2.00000
 180.12250   -0.00507   23.13062   22.77993    0.12261    0.06767    8.62723   -0.54905   -4.91851   -3.60483    2.00000
 179.96004    0.04390   23.80566   23.35076    0.05937    0.03277    5.14955    5.87097   -0.47445    0.12508    2.00000
 179.92690    0.12886   21.63649   21.41271    0.14815    0.08177   28.02069   -6.20121    0.69724   -5.37060    2.00000
 179.91824   -0.02283   23.81994   23.36256    0.08489    0.04685    5.09017   -5.94964    1.04392   -0.95078    2.00000
 180.02667    0.07415   22.89761   22.57493    0.07880    0.04349   10.22175    0.81090   -3.54722   -2.07439    2.00000
 180.50185    0.32269   23.48017   23.07922    0.59664    0.32931    6.51668   -0.19986    0.46817    1.23743    2.00000
 179.99316    0.02795   22.08142   21.83291    0.02878    0.01588   19.75476   -1.17791    1.21094   -0.34788    2.00000
 179.38799   -0.28929   22.97702   22.64555    0.67694    0.37363    9.67250   -0.92191    0.06757   -0.02963    2.00000
 180.04773   -0.06201   21.30729   21.08023    0.07825    0.04319   36.76624    1.16884   -1.13656   -0.18948    2.00000
 180.00922    0.00443   22.58280   22.29318    0.01022    0.00564   13.26732    2.38083   -2.65577    1.81851    2.00000
 180.01997   -0.02970   22.52628   22.24200    0.03579    0.01975   13.87672    1.18968    3.31978    3.42445    2.00000
 179.89417   -0.05093   22.37012   22.09907    0.11745    0.06482   15.57877   -1.22552   -3.26647   -3.81293    2.00000
 180.00468    0.03024   23.70744   23.26958    0.03060    0.01689    5.55827   -0.39832    1.86654    4.31168    2.00000
 179.98264   -0.01221   22.85327   22.53541    0.02123    0.01172   10.52914   -3.35003    3.69164    0.90448    2.00000
 179.99690   -0.04441   21.46329   21.24166    0.04452    0.02457   32.51989   -1.73611    1.92337    0.22689    2.00000
 180.01311   -0.01559   21.73507   21.50774    0.02037    0.01124   25.58573   -1.04714    1.04593    0.36635    2.00000
 179.92268   -0.08425   22.32211   22.05484    0.11435    0.06311   16.10540    3.81054   -3.40415    0.62668    2.00000
 180.00366    0.00027   16.35099   15.48868    0.00367    0.00202  983.76141   -6.22864    1.47752   -4.75988    2.00000
 179.98665   -0.10331   23.32544   22.94819    0.10417    0.05749    7.31847   -0.21894   -1.84596    0.13767    2.00000
 180.00768   -0.02300   22.37492   22.10349    0.02425    0.01338   15.52610   -1.35252    1.59585    2.29379    2.00000
 179.99519    0.00408   23.37987   22.99431    0.00630    0.00348    6.95977   -7.60887    2.73198   -1.71864    2.00000
 179.97627    0.04953   21.92970   21.69145    0.05492    0.03031   22.29143   -2.06430   -0.90961   -3.06894    2.00000
 179.96254    0.04571   23.25711   22.88986    0.05910    0.03262    7.77218   -2.04017    0.46702   -4.55507    2.00000
 179.97011    0.02879   20.89187   20.54348    0.04150    0.02290   55.98541   -0.68371    1.06809    0.00646    2.00000
 180.21996    0.01493   23.59811   23.17866    0.22046    0.12168    6.01603    6.28210    1.62378    1.56316    2.00000
 180.02086   -0.16537   23.05141   22.71070    0.16668    0.09200    9.16571    1.30840   -0.17808    0.86005    2.00000
 180.01154    0.00867   22.44894   22.17153    0.01443    0.00797   14.71595    2.30476    1.12103    2.00784    2.00000
 179.93790   -0.20687   23.38259   22.99661    0.21599    0.11921    6.94184   -0.11036    4.97968    7.14972    2.00000
 180.04514    0.02722   23.21078   22.84964    0.05271    0.02909    8.08501    0.82331   -1.22687   -3.55173    2.00000
 179.98663    0.04631   20.90907   20.57206    0.04820    0.02660   54.91464   -0.20042    1.76167    1.45747    2.00000
 179.88986   -0.02110   23.57241   23.15719    0.11214    0.06189    6.12413   -1.99234    0.92437    5.73084    2.00000
 179.96455    0.00266   21.94615   21.70676    0.03554    0.01961   22.01691   -0.40649   -1.89477   -2.85120    2.00000
 179.94629    0.02418   23.18153   22.82424    0.05890    0.03251    8.28259   -6.01701    1.61235   -5.30374    2.00000
 180.00177    0.03255   23.19372   22.83482    0.03260    0.01799    8.20027   -4.00361   -1.86928   -3.59731    2.00000
 179.95041    0.06014   23.37171   22.98739    0.07795    0.04302    7.01357    0.48128    0.38856   -1.24040    2.00000
 179.95956    0.02976   22.14108   21.88858    0.05021    0.02771   18.75650   -8.60976   -1.84307  -11.98658    2.00000
 179.99573   -0.01617   22.79724   22.48540    0.01673    0.00923   10.97848    0.32311   -0.65164   -1.88811    2.00000
 179.93304   -0.02360   22.02288   21.77820    0.07100    0.03919   20.73579    1.84838   -0.41067    1.32735    2.00000
 180.24725   -0.01053   23.56125   23.14782    0.24749    0.13659    6.17127    0.18384   -3.09311  -11.04124    2.00000
 180.38901   -0.25196   21.45286   21.23101    0.46348    0.25581   32.80028   -5.22914   -1.66061   -6.60982    2.00000
 179.87184    0.00091   23.77232   23.32325    0.12816    0.07074    5.28809   -0.74096    0.98036    5.63528    2.00000
 179.95599    0.05326   23.50990   23.10437    0.06908    0.03813    6.39003   -0.69714    0.69765    1.88743    2.00000
 180.03635    0.02718   22.67669   22.37755    0.04539    0.02505   12.26267   -2.21568   -2.84109   -3.89615    2.00000
 180.10530    0.20570   22.52628   22.24200    0.23109    0.12754   13.87672   -0.71037   -0.54918    0.04831    2.00000
 180.00903   -0.03838   22.20758   21.94954    0.03943    0.02176   17.66322   -0.46743    2.42804    1.47709    2.00000
 179.97565   -0.01302   21.21750   20.98361    0.02761    0.01524   39.49087   -0.50299   -1.10215   -2.31680    2.00000
 180.03661   -0.01551   23.07541   22.73168    0.03975    0.02194    9.00254   -3.50552    0.11461   -3.62919    2.00000
 179.98610    0.00261   23.45584   23.05863    0.01414    0.00781    6.62030    1.27867    0.49636   -1.42781    2.00000
 180.02193   -0.02883   22.26927   22.00624    0.03622    0.01999   16.68408    2.22850   -0.59872    2.05051    2.00000
 180.02556   -0.01265   23.57080   23.15585    0.02852    0.01574    6.13088   -2.12110   -0.36762  -10.67569    2.00000
 179.98811   -0.00801   23.45314   23.05635    0.01433    0.00791    6.63182    1.42580   -0.15761    2.62654    2.00000
 179.92995   -0.11178   21.33560   21.11040    0.13192    0.07281   35.97279    1.80151   -0.22121    1.41674    2.00000
 179.94997   -0.00997   22.71741   22.41403    0.05101    0.02815   11.82829   -2.80986    1.58768   -2.58629    2.00000
 180.01146   -0.06877   22.52862   22.24414    0.06972    0.03848   13.85129   -1.98087   -0.01158   -2.21512    2.00000
 179.70435   -0.04398   21.39287   21.16971    0.29890    0.16497   34.41255   -0.80269    2.50353    2.08426    2.00000
 180.01160   -0.01090   21.66627   21.44140    0.01592    0.00879   27.26592    3.33160    1.43601    3.24571    2.00000
 179.61293    0.11652   22.59062   22.30021    0.40422    0.22310   13.18359   -0.52395   -2.45994    0.96994    2.00000
 180.05322   -0.01881   22.27955   22.01569    0.05645    0.03116   16.57155    2.76083    0.68543    3.50514    2.00000
 179.98865   -0.03953   23.30367   22.92975    0.04113    0.02270    7.46195   -2.65246    0.97461    1.66802    2.00000
 179.37451    0.16655   21.05422   20.78629    0.64728    0.35726   46.88570    5.80448    0.17198    6.28227    2.00000
 180.01932   -0.00295   22.69994   22.39842    0.01954    0.01079   12.01418   -0.01438    2.22017    0.46276    2.00000
 179.97993    0.05512   21.16609   20.92389    0.05866    0.03238   41.72912   -2.34666    2.86388    0.57889    2.00000
 180.00012   -0.05463   22.62192   22.32834    0.05463    0.03015   12.84871    5.23218   -2.42276    4.80249    2.00000
 180.00281   -0.00790   23.82947   23.37042    0.00838    0.00463    5.05059    1.49144   -2.78812   -0.59992    2.00000
 180.06972   -0.01046   23.56125   23.14782    0.07051    0.03891    6.17127   -0.57878   -3.60722   -3.46101    2.00000
 180.04810    0.05084   23.10661   22.75895    0.06999    0.03863    8.79040   -1.19092   -3.55589   -5.94903    2.00000
 179.94650   -0.01383   23.59008   23.17195    0.05525    0.03049    6.04981    2.43426   -1.37769   -1.67028    2.00000
 179.99242    0.07350   23.43152   23.03805    0.07389    0.04078    6.72392   -4.09123    1.59366   -2.05333    2.00000
 179.28203   -0.32973   22.40852   22.13445    0.79006    0.43608   15.15746   -9.41662    2.90991   -8.37247    2.00000
 179.94249    0.01242   23.61096   23.18939    0.05884    0.03247    5.96198    4.92877   -0.30263   -5.07430    2.00000
 179.98296   -0.02553   22.06947   21.82158    0.03071    0.01695   19.95797   -1.74733    4.23203    2.61833    2.00000
 180.01833    0.01774   23.78899   23.33700    0.02551    0.01408    5.21882   -5.02454   -0.82518   -9.47079    2.00000
 180.00493   -0.08731   23.11141   22.76315    0.08745    0.04827    8.75777   -1.29418    2.14471    0.39914    2.00000
 180.06535    0.07352   23.46125   23.06321    0.09837    0.05429    6.59727   -2.69525    0.36841   -2.09614    2.00000
 180.07272   -0.00495   23.81280   23.35666    0.07290    0.04024    5.11986    1.23020   -0.89228   -0.87140    2.00000
 179.94905    0.04198   20.95953   20.65368    0.06602    0.03644   51.85571   -1.25462   -1.79992   -3.10405    2.00000
 180.16869    0.01402   22.39892   22.12560    0.16927    0.09342   15.26279   -2.44794   -1.50183   -2.64671    2.00000
 179.91502   -0.00585   23.14502   22.79252    0.08518    0.04701    8.52932    0.34219    1.60686    4.66794    2.00000
 179.94948   -0.21185   23.63827   23.21221    0.21779    0.12021    5.84713   -3.00781   -0.31502   -2.16518    2.00000
 180.23122    0.05426   20.86250   20.49313    0.23749    0.13108   57.96885    2.62793    0.08708    2.50217    2.00000
 179.96629    0.04268   23.40709   23.01737    0.05439    0.03002    6.82807   -4.04477    0.88249   -3.84476    2.00000
 180.04153   -0.04491   21.10667   20.85227    0.06117    0.03376   44.41308   -0.05592   -0.05959   -0.13991    2.00000
 180.01474    0.01686   19.79820   19.29824    0.02240    0.01236  135.35985    2.74931   -1.33168    1.44701    2.00000
 179.97536    0.00834   22.23329   21.97317    0.02603    0.01436   17.23957   -1.52690   -1.99006   -4.03402    2.00000
 179.97144    0.02413   21.88886   21.65318    0.03739    0.02064   22.97774    0.19089   -0.24399    0.70039    2.00000
 180.03748    0.02116   22.78477   22.47425    0.04303    0.02375   11.11126    5.79654    0.88600    5.05412    2.00000
 179.60925   -0.12312   22.93412   22.60748    0.40968    0.22611    9.96860   -0.60909   -0.36907    1.17142    2.00000
 179.90894    0.32181   22.81720   22.50324    0.33444    0.18459   10.77940   -0.04368    1.46145    0.22327    2.00000
 179.97714    0.02797   21.07293   20.81096    0.03612    0.01994   45.96136   -9.32364   -0.77671   -9.90802    2.00000
 180.04568    0.02431   23.37715   22.99200    0.05175    0.02856    6.97770   -2.61324    0.97056   -0.48361    2.00000
 180.20430    0.00765   21.35178   21.12763    0.20444    0.11283   35.51938    3.44302    1.41042    4.16108    2.00000
 179.99886    0.04977   22.90543   22.58191    0.04978    0.02748   10.16750    3.51971   -3.77988    0.82544    2.00000
 179.98656    0.00099   23.13782   22.78623    0.01348    0.00744    8.57827  -10.97402    2.61500   -6.30301    2.00000
 179.92360    0.03443   23.00611   22.67106    0.08380    0.04625    9.47404   -7.20392    3.51007   -1.63724    2.00000
 179.98033    0.00085   23.05141   22.71070    0.01968    0.01086    9.16571    3.02633    2.62952    5.20672    2.00000
 179.97163   -0.02380   21.88341   21.64807    0.03703    0.02044   23.06925   -2.10505    0.14388   -0.75303    2.00000
 180.00830   -0.01145   18.07778   17.84197    0.01414    0.00781  312.76581    0.95179   -1.58239   -0.68061    2.00000
 179.95753    0.04717   23.18640   22.82847    0.06347    0.03503    8.24966   -2.49021    1.91778   -1.28263    2.00000
 180.03931   -0.04790   21.15146   20.90670    0.06196    0.03420   42.37315    4.43540   -0.15133    4.69266    2.00000
 179.42165    0.20792   23.16934   22.81366    0.61459    0.33922    8.36491   -7.80381   -2.11922   -8.17666    2.00000
 180.09567   -0.05010   23.30367   22.92975    0.10800    0.05961    7.46195    1.50197   -6.04512   -0.29764    2.00000
 180.03722    0.03084   22.00096   21.75779    0.04834    0.02668   21.10183   -0.10727    0.16160   -0.18950    2.00000
 179.94678   -0.08096   23.13062   22.77993    0.09689    0.05347    8.62723   -4.15614    0.22134   -1.36712    2.00000
 179.93617   -0.03922   23.81280   23.35666    0.07492    0.04135    5.11986   -0.52088   -2.94553   -3.76210    2.00000
 179.95786   -0.06042   22.42292   22.14772    0.07368    0.04066   14.99947   -1.70658   -1.74101   -5.00360    2.00000
 179.70581   -0.31865   22.07212   21.82406    0.43369    0.23937   19.91338    0.22218   -2.15481   -2.44495    2.00000
 180.05251   -0.03688   23.26930   22.90045    0.06416    0.03541    7.68986   -2.00505    1.28683   -1.88776    2.00000
 180.09164   -0.00259   22.43957   22.16298    0.09167    0.05060   14.81768   -3.34267    0.38585   -3.35164    2.00000
 179.97478    0.04479   22.94456   22.61678    0.05140    0.02837    9.89627   -2.95576    2.02623   -2.84591    2.00000
 180.00438   -0.00350   23.55314   23.14096    0.00561    0.00309    6.20581    0.71323   -1.71720   -5.62086    2.00000
 180.04420   -0.02285   23.62382   23.20013    0.04977    0.02747    5.90794   -3.90374    1.60083   -5.03686    2.00000
 179.98518   -0.08478   21.90791   21.67104    0.08607    0.04750   22.65746   -2.60828   -1.08282   -4.58266    2.00000
 179.92279   -0.00795   23.82709   23.36845    0.07762    0.04284    5.06049   -1.14087   -0.51880   -2.71882    2.00000
 179.93614    0.10125   23.67751   23.24478    0.11970    0.06607    5.68312   -5.08589   -3.06589   -4.88898    2.00000
 180.04521   -0.02579   22.98564   22.65311    0.05205    0.02873    9.61369   -3.19980    2.03832   -3.99252    2.00000
 179.96149   -0.05761   16.14520   15.23025    0.06930    0.03825 1116.86548    3.62192   -0.07610    3.54886    2.00000
 180.05646    0.01736   22.14657   21.89359    0.05907    0.03260   18.66668   -1.22470    5.55485    5.06652    2.00000
 180.00266   -0.02387   23.41525   23.02428    0.02402    0.01326    6.79324    3.03480    2.44920    2.93814    2.00000
 180.07217   -0.00824   23.42881   23.03577    0.07265    0.04010    6.73544    3.59250    2.16089    3.53113    2.00000
 179.96654   -0.06180   22.94456   22.61678    0.07028    0.03879    9.89627   -1.98612   -0.81041    2.93125    2.00000
 180.08022   -0.13623   23.67002   23.23858    0.15809    0.08726    5.71433   -3.44467    0.04472   -3.24240    2.00000
 180.02379   -0.03701   22.33411   22.06590    0.04400    0.02428   15.97374   -4.83509   -1.88853   -6.33983    2.00000
 179.84360    0.04172   23.67377   23.24168    0.16187    0.08934    5.69872   -2.62492    3.23760    2.22270    2.00000
 180.09492   -0.08140   21.38243   21.15905    0.12506    0.06902   34.69294    1.89534   -1.58919    0.03747    2.00000
 179.79176    0.05389   23.37171   22.98739    0.21511    0.11872    7.01357   -1.45035   -2.21983   -0.53636    2.00000
 179.92561    0.00997   23.73925   23.29593    0.07505    0.04142    5.42563   -3.19345   -2.03246   -6.50143    2.00000
 179.99356   -0.00684   22.15862   21.90460    0.00940    0.00519   18.46909    3.93863   -0.27836    4.95204    2.00000
 179.89130    0.22064   18.11575   17.50718    0.24596    0.13575  369.86517   -0.47688    0.62321    0.12289    2.00000
 180.09016   -0.01211   23.79137   23.33897    0.09098    0.05021    5.20893    1.86436    1.89427    8.46601    2.00000
 180.06102    0.00981   23.55584   23.14325    0.06180    0.03411    6.19430    0.26991   -0.24931    0.28637    2.00000
 179.95619    0.02165   21.31336   21.08670    0.04887    0.02697   36.59622    1.33844   -4.06234   -3.33718    2.00000
 180.03676    0.11751   21.75094   21.52305    0.12313    0.06796   25.31120    1.45705   -1.03012    0.74849    2.00000
 180.09612    0.06287   21.60729   21.38464    0.11485    0.06339   28.75897   -6.10559   -5.96243  -12.32064    2.00000
 179.97733    0.01821   23.59651   23.17732    0.02908    0.01605    6.02279    1.30632    2.01729    9.44344    2.00000
 180.01096    0.04032   23.40709   23.01737    0.04178    0.02306    6.82807   -3.65046    0.79605    1.54645    2.00000
 180.04369    0.01347   21.67950   21.45416    0.04571    0.02523   26.93034   -4.62188    1.02487   -3.06251    2.00000
 179.95958    0.01353   22.73986   22.43410    0.04263    0.02353   11.58928    0.32395    1.47226    5.08189    2.00000
 180.06894    0.00799   23.69996   23.26338    0.06940    0.03830    5.58948   -9.96232    3.09117   -8.38100    2.00000
 180.02505   -0.06912   22.43012   22.15435    0.07352    0.04058   14.92048   -0.51643    3.75350    5.71036    2.00000
 179.91267    0.10344   21.70861   21.48223    0.13537    0.07471   26.19207    0.52780    0.20433    0.59341    2.00000
 180.00520   -0.00593   23.82709   23.36845    0.00789    0.00435    5.06049   -2.19581   -1.38509   -7.22944    2.00000
 179.95506    0.19579   22.32451   22.05705    0.20087    0.11087   16.07906    0.66580    0.01250    1.32875    2.00000
 179.97275   -0.03363   21.40330   21.18037    0.04329    0.02389   34.13215    4.37578    2.44740    6.11221    2.00000
 180.02412    0.00871   21.10518   20.85046    0.02565    0.01415   44.48108   -1.99934   -1.81873   -3.39349    2.00000
 180.00217   -0.01331   22.53565   22.25055    0.01348    0.00744   13.77500    9.37297    3.79379   13.87711    2.00000
 179.95673   -0.21930   23.55854   23.14554    0.22353    0.12337    6.18278    6.20326    3.00330   10.05656    2.00000
 180.06915    0.04188   23.04901   22.70860    0.08085    0.04463    9.18203    3.95627   -2.49382    3.96343    2.00000
 180.05145   -0.00089   21.86436   21.63021    0.05147    0.02841   23.38953    0.97922   -0.70571    0.41680    2.00000
 179.98734    0.00888   23.33905   22.95972    0.01546    0.00853    7.22879    4.50347    1.84405    9.27189    2.00000
 180.00505    0.14084   19.48117   18.96694    0.14093    0.07778  165.30112   -1.35841   -0.93388   -2.25406    2.00000
 180.02800    0.00718   22.50519   22.22278    0.02890    0.01595   14.10560    2.14629   -1.12580    1.00348    2.00000
 180.03415    0.00961   21.88069   21.64552    0.03547    0.01958   23.11501    1.07186    0.94545    1.86921    2.00000
 179.96394   -0.09302   21.18666   20.94778    0.09977    0.05506   40.83382    4.20077    1.27436    6.05703    2.00000
 180.03635    0.01816   22.50050   22.21851    0.04064    0.02243   14.15646    5.63577    2.71694   10.81659    2.00000
 179.97675   -0.01206   23.19859   22.83906    0.02620    0.01446    8.16734   -6.75132   -0.90169   -8.87871    2.00000
 180.05180   -0.03689   23.71680   23.27733    0.06359    0.03510    5.51926    2.79311    2.56512    9.92435    2.00000
 180.03564    0.01371   23.49908   23.09523    0.03819    0.02108    6.43608    0.49407    0.89863    6.84788    2.00000
 180.03021    0.00795   21.12758   20.87767    0.03125    0.01725   43.46112   -4.18636   -0.17112   -3.86395    2.00000
 179.91483   -0.02256   22.31251   22.04600    0.08812    0.04864   16.21072   -4.36556   -0.73457   -4.57829    2.00000
 179.98035   -0.09061   21.46329   21.24166    0.09271    0.05117   32.51989   -3.72437   -1.81119   -5.15316    2.00000
 179.97072   -0.34245   23.35538   22.97356    0.34370    0.18970    7.12118   -0.58384   -1.00457    0.44856    2.00000
 180.14824    0.03751   23.52611   23.11809    0.15291    0.08439    6.32095    4.60545   -2.32950    2.38629    2.00000
 180.00281   -0.02053   22.97487   22.64366    0.02072    0.01144    9.68720   -0.41869    0.93228    2.35936    2.00000
 180.08485    0.02868   23.34994   22.96895    0.08957    0.04943    7.15705   -4.00880    0.47457   -1.97970    2.00000
 179.93324   -0.02608   22.34371   22.07474    0.07167    0.03956   15.86841   -2.95115   -0.30433   -3.52859    2.00000
 180.06924    0.19708   22.86631   22.54704    0.20889    0.11529   10.43873    5.96765    0.96819    7.51247    2.00000
 179.99622    0.03613   20.90476   20.56503    0.03632    0.02005   55.17813    1.27769    1.02713    2.36174    2.00000
 179.82198   -0.04737   22.34131   22.07253    0.18422    0.10168   15.89474    4.11908    2.21535    4.95695    2.00000
 180.05772    0.10056   23.19372   22.83482    0.11595    0.06399    8.20027   -5.82922    1.37319   -1.85307    2.00000
 179.96294   -0.01902   21.70067   21.47457    0.04166    0.02300   26.39342    5.11114    1.25252    6.35270    2.00000
 179.97073    0.02943   22.43722   22.16085    0.04150    0.02290   14.84311    0.08876    0.45023   -1.48639    2.00000
 180.02153    0.03141   22.22301   21.96372    0.03807    0.02101   17.40903    3.76989    1.85099    4.99841    2.00000
 179.92020   -0.04256   22.18445   21.92828    0.09044    0.04992   18.04451   -4.63180    1.90381   -1.90886    2.00000
 179.98596   -0.03194   22.84023   22.52379    0.03489    0.01926   10.61955    1.46220   -3.19844   -0.66630    2.00000
 180.00443   -0.04770   21.80449   21.57408    0.04790    0.02644   24.39612    6.34426    3.45116    9.33778    2.00000
 180.01138   -0.00310   23.25223   22.88563    0.01181    0.00652    7.80511   -4.23168   -0.04965   -5.29907    2.00000
 179.94553    0.03726   22.20244   21.94482    0.06600    0.03643   17.74795    1.17178   -1.50873   -1.90971    2.00000
 179.96411    0.01610   20.39014   19.92217    0.03933    0.02171   88.70493   -0.09618   -0.99959   -0.92728    2.00000
 179.97668    0.03814   21.99548   21.75269    0.04471    0.02468   21.19333    2.16107   -0.74023    2.44622    2.00000
 180.08527   -0.06859   23.36899   22.98509    0.10943    0.06040    7.03151    0.00526    0.46178   -0.83936    2.00000
 179.80090    0.12308   22.06673   21.81902    0.23407    0.12919   20.00373    7.58834   -0.41896    6.75211    2.00000
 180.05327   -0.08609   22.41812   22.14329    0.10124    0.05587   15.05214   -4.79514   -2.73600   -7.31872    2.00000
 179.96953    0.02915   22.78726   22.47648    0.04217    0.02328   11.08471   -1.59120    0.84888   -0.18624    2.00000
 179.90311    0.01707   21.36157   21.13773    0.09840    0.05431   35.25373   -0.37745    4.16140    3.87423    2.00000
 180.06694   -0.00131   22.95760   22.62840    0.06695    0.03695    9.80587   -0.74751    1.92289    3.41301    2.00000
 179.97369    0.10537   22.17931   21.92356    0.10861    0.05994   18.12924   -0.93117   -0.98366   -0.51286    2.00000
 179.96092    0.02431   21.86436   21.63021    0.04603    0.02540   23.38953    3.04308    1.70710    4.88417    2.00000
 179.94957   -0.04485   22.46066   22.18220    0.06749    0.03725   14.58880   -0.52161    0.60341    1.30883    2.00000
 180.00824    0.01654   22.14547   21.89258    0.01848    0.01020   18.68465    3.62817   -2.64251    1.55662    2.00000
 180.00011    0.03124   23.76517   23.31735    0.03124    0.01724    5.31778   -2.68730   -1.64140   -0.02517    2.00000
 180.07462    0.09121   23.09701   22.75056    0.11784    0.06504    8.85567   -4.61870    0.50402   -3.83069    2.00000
 179.99455    0.03137   23.10661   22.75895    0.03183    0.01757    8.79040   -2.22884   -3.04555   -8.88858    2.00000
 180.01987    0.00446   22.87413   22.55401    0.02036    0.01124   10.38449   -2.73728   -3.06815   -5.05542    2.00000
 179.99664    0.01041   20.94139   20.62479    0.01093    0.00603   52.93846    2.76422    0.13421    3.13648    2.00000
 179.96896    0.05769   23.36082   22.97817    0.06551    0.03616    7.08531    0.29085    0.63416   -0.87870    2.00000
 180.05232   -0.03446   21.39287   21.16971    0.06265    0.03458   34.41255    5.26423    3.26802    8.18706    2.00000
 180.06271    0.01769   22.43488   22.15871    0.06515    0.03596   14.86854    1.46833    2.29324    5.25317    2.00000
 180.02882    0.01231   23.67377   23.24168    0.03135    0.01730    5.69872    3.25197   -2.35184   -3.30353    2.00000
 179.99947    0.00176   22.47238   22.19288    0.00184    0.00102   14.46164   -1.52626   -2.79536   -2.40316    2.00000
 180.04385   -0.10632   21.82626   21.59449    0.11501    0.06348   24.03009   -1.72998    1.40412    0.43597    2.00000
 180.00166   -0.04273   22.75732   22.44971    0.04277    0.02360   11.40338   -5.43754    3.34388   -1.48150    2.00000
 180.01018    0.01759   22.49113   22.20997    0.02032    0.01121   14.25819   -3.11113    0.29662   -2.56434    2.00000
 179.91402   -0.00508   22.57497   22.28615    0.08614    0.04754   13.35104   -0.33243    1.46707    2.70288    2.00000
 180.01587    0.03164   23.18153   22.82424    0.03540    0.01954    8.28259   -2.21370   -1.62973   -4.36317    2.00000
 180.07434   -0.06101   21.57420   21.35283    0.09618    0.05308   29.59567   -0.35254   -0.24583   -0.24786    2.00000
 180.03691   -0.00597   22.29755   22.03223    0.03739    0.02064   16.37463   -6.74020    0.16498   -6.40139    2.00000
 179.98827   -0.15883   23.10421   22.75686    0.15926    0.08790    8.80672   -0.10605   -0.79016    0.40210    2.00000
 179.87817   -0.10118   21.69802   21.47202    0.15836    0.08740   26.46053    6.15238   -0.63835    5.61732    2.00000
 179.94765    0.02004   23.47206   23.07236    0.05606    0.03094    6.55122   -1.27583    0.39697   -5.03062    2.00000
