#RA        DEC       MAG_G     MAG_I     ANGSEP    RPROJ     SNR       VTRUE       VSYS       VMEAS      VSYSERR    
 179.91328   -0.03774   23.40437   23.01506    0.09458    0.05220    6.83968    4.23259   -2.46565    5.84578    2.00000
 179.95932   -0.04200   22.63235   22.33771    0.05847    0.03227   12.73709   -1.99781    1.74070    2.32242    2.00000
 179.97034   -0.00129   23.55314   23.14096    0.02969    0.01639    6.20581    0.78229    1.63590   -0.41764    2.00000
 180.18327   -0.21935   21.84531   21.61235    0.28584    0.15776   23.70981   -1.04196   -2.74359   -3.64064    2.00000
 179.99921   -0.02079   21.89158   21.65573    0.02080    0.01148   22.93199   -3.47304   -0.11281   -3.38522    2.00000
 180.00485   -0.02885   22.93412   22.60748    0.02926    0.01615    9.96860   -2.80159    4.34493    1.25371    2.00000
 179.96133   -0.04375   23.30639   22.93205    0.05839    0.03223    7.44401   -1.99347    2.95745    1.94222    2.00000
 180.01108   -0.00055   23.22541   22.86234    0.01110    0.00613    7.98622   -3.15368   -3.67588   -4.12051    2.00000
 179.97180   -0.18772   21.69538   21.46947    0.18983    0.10477   26.52765   -9.78108   -0.97027  -10.10014    2.00000
 180.03127   -0.03374   22.90282   22.57958    0.04600    0.02539   10.18559   -0.53922    2.54476   -1.88046    2.00000
 180.01582   -0.03023   23.18884   22.83059    0.03412    0.01883    8.23320   -2.66588   -2.48601   -4.53807    2.00000
 179.96999   -0.17296   23.43962   23.04491    0.17555    0.09689    6.68938    2.12089    1.39614    3.06669    2.00000
 180.07019   -0.10202   21.30931   21.08239    0.12384    0.06835   36.70957    4.11722   -1.77145    2.68725    2.00000
 180.01190    0.02626   23.70932   23.27113    0.02883    0.01591    5.55047    1.61787    1.26192    6.39389    2.00000
 180.01381   -0.01033   21.91063   21.67359    0.01725    0.00952   22.61171   -0.93674   -2.76800   -4.53592    2.00000
 180.08121    0.09478   21.51864   21.29821    0.12481    0.06889   31.03254   -5.85502    1.90654   -4.65260    2.00000
 180.01093   -0.03041   20.98448   20.69042    0.03232    0.01784   50.47875   -5.69570    2.51497   -3.02215    2.00000
 180.08296    0.01440   22.17417   21.91883    0.08420    0.04647   18.21397   -3.62408   -1.20383   -5.52558    2.00000
 180.13898    0.03562   22.33171   22.06369    0.14347    0.07918   16.00007   -3.76920   -1.70043   -4.84161    2.00000
 179.91724   -0.00054   23.36354   22.98047    0.08277    0.04568    7.06738    1.04449    0.18891    2.20558    2.00000
 180.02881    0.09725   23.58365   23.16658    0.10143    0.05598    6.07684    2.42025   -0.70855    1.87917    2.00000
 180.02676    0.02556   23.13782   22.78623    0.03701    0.02043    8.57827   -3.79448    0.75202   -4.65108    2.00000
 179.96156    0.34606   23.30639   22.93205    0.34819    0.19218    7.44401  -11.37131   -2.73068  -14.01480    2.00000
 179.87210   -0.01593   23.60936   23.18805    0.12889    0.07113    5.96874    2.84032   -2.37565   -1.83277    2.00000
 179.57658   -0.13112   23.10901   22.76105    0.44325    0.24464    8.77409   -2.45972    2.36665   -0.76651    2.00000
 180.00310    0.03121   23.03220   22.69392    0.03137    0.01731    9.29626    7.32849    1.03255    6.67528    2.00000
 179.98003   -0.00451   23.19616   22.83694    0.02048    0.01131    8.18380    2.59777    0.13976    3.89903    2.00000
 180.01079    0.06914   23.73925   23.29593    0.06997    0.03862    5.42563    4.30370   -2.01457    3.24052    2.00000
 179.98317   -0.01703   22.39172   22.11897    0.02395    0.01322   15.34178   -3.25261    1.51234   -1.34692    2.00000
 180.00314   -0.00137   23.63185   23.20684    0.00342    0.00189    5.87416    4.63535    0.60887   10.65668    2.00000
 180.05220    0.03497   21.80993   21.57918    0.06283    0.03468   24.30461    2.53994   -1.39715    0.17112    2.00000
 180.01196    0.06734   23.12342   22.77364    0.06840    0.03775    8.67618    4.78229    0.31913    5.62827    2.00000
 180.04118    0.08377   23.22785   22.86446    0.09335    0.05152    7.96976   -2.34233   -0.22522    1.39955    2.00000
 179.93414   -0.04591   22.60627   22.31427    0.08028    0.04431   13.01615    0.02292    1.94059    1.35602    2.00000
 180.07222   -0.02770   21.57615   21.35470    0.07735    0.04269   29.54645   -2.80489   -0.04553   -3.97046    2.00000
 179.44530    0.15788   17.98409   17.72590    0.57673    0.31832  332.56116   -3.29613    2.34285   -0.99368    2.00000
 180.06813   -0.01491   22.76231   22.45417    0.06974    0.03849   11.35027   -0.73647   -0.93107   -2.11638    2.00000
 180.05865   -0.03399   23.09701   22.75056    0.06779    0.03742    8.85567    1.25705   -0.00561    2.12920    2.00000
 179.78850   -0.21722   21.07293   20.81096    0.30318    0.16733   45.96136    2.01432   -2.71473   -1.01928    2.00000
 180.01125   -0.08835   23.37715   22.99200    0.08906    0.04915    6.97770   -2.37640    0.38447    7.24609    2.00000
 179.96194   -0.00036   23.60454   23.18403    0.03805    0.02100    5.98901    2.24291   -0.96227    3.01019    2.00000
 180.01952   -0.01401   19.09462   18.55855    0.02402    0.01326  210.46559    2.37265   -1.10805    1.23717    2.00000
 179.94714    0.07492   22.33891   22.07032    0.09169    0.05060   15.92108   -0.59237    1.47494    2.77888    2.00000
 179.92361   -0.13900   23.55314   23.14096    0.15860    0.08754    6.20581    3.34249    0.08016    6.11074    2.00000
 179.98149   -0.10055   23.34177   22.96203    0.10224    0.05643    7.21086   -7.36961    3.20628   -5.43312    2.00000
 179.91872   -0.01831   23.63345   23.20818    0.08333    0.04599    5.86740    1.40992    5.11311    6.10517    2.00000
 180.04771    0.01069   23.51260   23.10666    0.04891    0.02699    6.37852   -0.88385   -1.53738   -1.61363    2.00000
 179.98700    0.04792   23.69996   23.26338    0.04965    0.02741    5.58948   -0.97339   -2.72884   -5.64125    2.00000
 180.00528   -0.02872   20.66512   20.22663    0.02920    0.01611   71.70315   -0.96175   -0.30360   -1.42418    2.00000
 180.06824    0.01990   22.40132   22.12781    0.07108    0.03923   15.23646    0.10756    0.56286    1.18291    2.00000
 180.06296    0.01712   23.06581   22.72329    0.06524    0.03601    9.06781    0.13470   -0.00144    0.62858    2.00000
 180.04446    0.09602   21.13355   20.88493    0.10581    0.05840   43.18912   -1.71751    0.86116   -0.45102    2.00000
 180.04546    0.01679   21.13653   20.88856    0.04846    0.02675   43.05313   -4.51597   -0.35570   -5.48164    2.00000
 179.94772    0.04549   23.53962   23.12953    0.06930    0.03825    6.26338   -3.03354    1.63020   -3.95441    2.00000
 179.84781    0.01832   22.82979   22.51449    0.15329    0.08460   10.69188    3.10699    0.57776    2.71998    2.00000
 180.02019   -0.04627   22.10699   21.85723    0.05048    0.02786   19.31857   -1.59673    2.71725   -0.00100    2.00000
 179.56873    0.02038   23.45314   23.05635    0.43176    0.23830    6.63182  -13.61990   -1.60238  -15.11964    2.00000
 179.99365    0.04950   23.51260   23.10666    0.04991    0.02755    6.37852    5.23172    4.37438    7.99165    2.00000
 180.12996   -0.02174   22.56976   22.28146    0.13176    0.07272   13.40685    1.03628    3.11271    4.41738    2.00000
 179.99374    0.10285   21.94341   21.70421    0.10304    0.05687   22.06266    1.15866   -2.06435   -0.42494    2.00000
 179.91185   -0.29884   22.83501   22.51914    0.31157    0.17197   10.65572    1.54321    0.68832    0.55309    2.00000
 180.16769   -0.09897   22.39172   22.11897    0.19472    0.10747   15.34178    4.73160   -3.59692    0.89695    2.00000
 179.95721    0.03317   22.96281   22.63305    0.05413    0.02988    9.76970   -0.17118   -1.36359    1.65918    2.00000
 180.05209   -0.18965   23.53692   23.12724    0.19668    0.10855    6.27489   -1.13204   -1.84338    0.73966    2.00000
 179.90150   -0.05768   22.91847   22.59353    0.11415    0.06300   10.07709   -7.52499   -1.30561   -3.03603    2.00000
 179.96074    0.01847   22.09071   21.84175    0.04339    0.02395   19.59615   -4.11602   -0.12596   -4.65889    2.00000
 179.97456    0.05203   23.05621   22.71490    0.05791    0.03196    9.13308    5.19970   -0.99348    5.35450    2.00000
 180.07951   -0.00587   22.65061   22.35412    0.07974    0.04401   12.54174   -0.70385   -0.11271   -3.28028    2.00000
 179.98254    0.02218   22.35571   22.08580    0.02822    0.01558   15.73676    0.98013   -3.29288   -2.31972    2.00000
 180.01935    0.02557   23.52341   23.11581    0.03206    0.01770    6.33246   -2.66717   -3.11018   -9.28882    2.00000
 180.02040   -0.03093   22.50284   22.22065    0.03705    0.02045   14.13103   -0.58896   -1.05859    1.52792    2.00000
 179.91370   -0.02828   20.58703   20.13632    0.09082    0.05013   76.35713   -0.83109    0.45375   -0.41518    2.00000
 179.96878   -0.05625   23.20591   22.84541    0.06433    0.03550    8.11794   -3.46947   -0.67231   -6.23201    2.00000
 180.04626   -0.05545   22.46769   22.18861    0.07222    0.03986   14.51250    6.28807   -1.83069    5.24101    2.00000
 179.57628    0.33631   21.87525   21.64042    0.54096    0.29858   23.20651   -1.72744   -1.11834   -1.50895    2.00000
 180.08549    0.01974   21.85075   21.61746    0.08774    0.04843   23.61830    0.15155   -1.46451   -1.08379    2.00000
 179.97034   -0.48646   21.79360   21.56387    0.48736    0.26899   24.57914    5.22431    5.95678   10.68530    2.00000
 179.95386    0.03682   23.01150   22.67579    0.05903    0.03258    9.43729   -1.50457    1.61553   -0.48262    2.00000
 180.00517   -0.05364   21.94615   21.70676    0.05389    0.02974   22.01691   -2.65479    2.50106   -1.70978    2.00000
 179.91652    0.02913   21.90791   21.67104    0.08841    0.04880   22.65746   -0.72851   -2.37337   -3.48286    2.00000
 179.95348   -0.29736   23.48017   23.07922    0.30098    0.16612    6.51668    4.15206    0.07958   10.60916    2.00000
 179.66216   -0.30303   23.59169   23.17329    0.45384    0.25049    6.04306    4.64965   -2.95504   -2.87680    2.00000
 179.98280    0.04032   22.31011   22.04378    0.04383    0.02419   16.23705    0.21337    0.43124    1.34154    2.00000
 179.90710    0.08439   23.77470   23.32521    0.12550    0.06927    5.27820    0.85537    1.24213   11.73112    2.00000
 180.04845   -0.01496   21.33965   21.11471    0.05071    0.02799   35.85944   -1.38280   -0.63637   -1.67929    2.00000
 180.05119    0.01063   22.31251   22.04600    0.05228    0.02885   16.21072   -1.65509    0.87169   -0.54575    2.00000
 180.00671   -0.12905   22.33651   22.06811    0.12923    0.07132   15.94741   -3.69473    0.61946   -4.61441    2.00000
 179.99471    0.09085   22.65322   22.35646    0.09100    0.05023   12.51383   -2.20658    1.29221   -2.21258    2.00000
 179.96759   -0.02201   22.00918   21.76544    0.03918    0.02162   20.96456   -1.26695    0.33870   -1.33720    2.00000
 180.00838   -0.13048   23.37443   22.98970    0.13075    0.07216    6.99564   -3.73336   -1.68185   -4.94171    2.00000
 180.09499   -0.00549   23.75088   23.30555    0.09514    0.05251    5.37716    3.79317   -0.62451    5.28236    2.00000
 179.92722    0.04533   23.04661   22.70651    0.08575    0.04733    9.19835    3.86600    3.42419    6.14210    2.00000
 180.15561   -0.22669   22.76481   22.45640    0.27496    0.15176   11.32371    1.53236   -1.49647    2.33299    2.00000
 179.98676   -0.02811   23.61096   23.18939    0.03107    0.01715    5.96198    4.65931    0.51131    3.25517    2.00000
 179.99309    0.04611   22.74236   22.43633    0.04662    0.02573   11.56272   -0.01664    2.10835    2.92286    2.00000
 179.99487    0.02179   22.68974   22.38927    0.02239    0.01236   12.12314   -0.67399    0.62064   -0.46981    2.00000
 179.94296    0.02846   22.47003   22.19075    0.06375    0.03518   14.48707    1.82571   -1.52558   -1.21696    2.00000
 180.05557    0.15826   22.93412   22.60748    0.16773    0.09258    9.96860   -4.34033    1.60894   -3.94889    2.00000
 179.98145   -0.07773   21.13952   20.89219    0.07992    0.04411   42.91713   -2.32281    3.20029    1.12186    2.00000
 179.90768    0.01408   22.97271   22.64177    0.09337    0.05153    9.70190   -3.15286   -0.88705   -5.34858    2.00000
 179.97246   -0.08765   23.55044   23.13868    0.09188    0.05071    6.21732   -0.44310   -1.86938    2.14522    2.00000
 180.03697   -0.03791   21.83442   21.60215    0.05295    0.02923   23.89283    3.62755   -0.94694    3.73461    2.00000
 179.99760   -0.04038   22.44894   22.17153    0.04045    0.02232   14.71595   -2.13740   -1.46276   -2.25306    2.00000
 179.99323   -0.02709   23.07781   22.73378    0.02793    0.01541    8.98622    1.64027    1.52880    2.07031    2.00000
 179.96504   -0.03021   22.55440   22.26763    0.04620    0.02550   13.57155   -6.87465   -1.54124   -6.63328    2.00000
 180.01704    0.00043   20.95431   20.64588    0.01706    0.00942   52.14799    4.96198    0.58515    6.08735    2.00000
 179.94966    0.02532   22.50284   22.22065    0.05635    0.03110   14.13103    0.91683    1.02298    0.47420    2.00000
 179.85175   -0.05815   17.97489   17.57257    0.15926    0.08790  358.71255   -0.15954    0.64965    0.49558    2.00000
 180.01381    0.00969   23.18884   22.83059    0.01687    0.00931    8.23320   -1.05184    1.60623   -5.76607    2.00000
 179.98567    0.00990   23.46125   23.06321    0.01741    0.00961    6.59727    3.60380    0.38278    3.46051    2.00000
 180.00945    0.06445   22.54737   22.26123    0.06514    0.03595   13.64784    0.62081   -2.21293   -0.39531    2.00000
 179.98904   -0.10870   22.17417   21.91883    0.10925    0.06030   18.21397   -2.06560    1.47782   -0.08867    2.00000
 180.04947    0.03548   21.15146   20.90670    0.06088    0.03360   42.37315   -1.21497    1.31123   -0.06938    2.00000
 180.01329    0.07098   22.65583   22.35880    0.07222    0.03986   12.48592   -1.36802    0.19238   -1.05262    2.00000
 180.01105    0.03995   23.11141   22.76315    0.04145    0.02288    8.75777    1.42208    5.13619    7.86763    2.00000
 179.98779    0.05920   21.53285   21.31272    0.06045    0.03336   30.65072    1.26319    1.42430    3.01813    2.00000
 180.11983   -0.08355   22.91847   22.59353    0.14607    0.08062   10.07709   -2.41192   -2.41136   -5.45394    2.00000
 179.85097    0.02707   23.31728   22.94128    0.15147    0.08360    7.37227   -0.31654    1.13911    7.00191    2.00000
 179.99843   -0.04504   22.90543   22.58191    0.04506    0.02487   10.16750    3.29367   -1.48446    4.24249    2.00000
 180.02992    0.02363   21.33965   21.11471    0.03814    0.02105   35.85944    3.83427    0.45639    4.60441    2.00000
 179.98732   -0.02263   23.18640   22.82847    0.02594    0.01432    8.24966   -2.29597   -0.05059   -4.15916    2.00000
 179.87198    0.02834   23.48827   23.08608    0.13112    0.07237    6.48214    2.68740   -2.95023   -0.82468    2.00000
 180.02711   -0.01762   22.89500   22.57261    0.03234    0.01785   10.23983   -3.08484    0.79507   -0.91253    2.00000
 180.05685    0.00108   21.24329   21.01198    0.05686    0.03138   38.56170   -4.84655   -4.39303   -9.08446    2.00000
 180.02370    0.02138   23.03701   22.69811    0.03191    0.01761    9.26362   -3.01374    3.98459    2.35370    2.00000
 179.95441    0.03322   21.74830   21.52050    0.05641    0.03114   25.35696   -3.60140    2.24268   -1.03665    2.00000
 179.99011   -0.00940   23.23029   22.86658    0.01365    0.00753    7.95329   -0.61561   -5.19119   -7.42684    2.00000
 180.01338    0.07328   22.82468   22.50993    0.07449    0.04111   10.72736    4.65961    1.30319    7.59544    2.00000
 179.98653   -0.01923   23.80804   23.35273    0.02348    0.01296    5.13965   -2.42194    3.10732    4.88972    2.00000
 180.00488   -0.08659   22.80722   22.49432    0.08673    0.04787   10.87225   -2.25287    1.30770   -0.91165    2.00000
 180.00970   -0.07875   23.46935   23.07007    0.07935    0.04379    6.56273   -3.10363    0.59701   -6.42773    2.00000
 180.03404   -0.01811   17.98423   17.93672    0.03856    0.02128  296.60538    1.37491   -2.70949   -1.35679    2.00000
 179.99930    0.00196   23.44233   23.04720    0.00208    0.00115    6.67787   -5.73646   -1.21370   -6.83328    2.00000
 180.02522    0.03223   23.16690   22.81154    0.04093    0.02259    8.38138    0.39349    2.21504    9.47812    2.00000
 180.17732   -0.00804   22.18702   21.93064    0.17750    0.09797   18.00214    0.79956   -2.97651   -3.80357    2.00000
 180.04211   -0.04742   22.82979   22.51449    0.06343    0.03501   10.69188    2.07282    2.57882    3.93192    2.00000
 180.04617    0.02192   22.28727   22.02278    0.05111    0.02821   16.48716   -0.98551   -0.77879   -0.41942    2.00000
 179.99655   -0.01713   23.72428   23.28353    0.01748    0.00965    5.48805    5.55892   -1.15668    2.59175    2.00000
 179.95988    0.01859   23.74868   23.30374    0.04421    0.02440    5.38631    6.59521   -1.40584    0.26836    2.00000
 180.02541    0.01328   23.41525   23.02428    0.02866    0.01582    6.79324    0.30777   -0.57840    1.01038    2.00000
 180.02766   -0.01440   21.25673   21.02637    0.03119    0.01721   38.18313    0.82682    2.86764    3.94225    2.00000
 179.95990    0.05672   22.08064   21.83217    0.06947    0.03834   19.76798    0.24198    0.80302   -0.67127    2.00000
 180.05241   -0.01043   23.39076   23.00353    0.05343    0.02949    6.89772    1.96643   -3.68218   -3.22559    2.00000
 179.97279   -0.02148   23.01904   22.68240    0.03466    0.01913    9.38583    6.10197    0.19867    3.20243    2.00000
 180.01628    0.00673   23.70183   23.26493    0.01762    0.00972    5.58168   -2.75603    0.28132   -3.50814    2.00000
 180.06599    0.02692   22.65844   22.36115    0.07127    0.03933   12.45802   -4.33610    2.88985   -1.80702    2.00000
 180.03514    0.09980   22.84544   22.52844    0.10580    0.05839   10.58339    0.23524   -0.73097   -1.46350    2.00000
 179.95711   -0.03205   21.95711   21.71696    0.05355    0.02955   21.83389    0.74957   -1.34296   -1.27198    2.00000
 180.03069   -0.08211   22.00918   21.76544    0.08765    0.04838   20.96456   -3.96206   -0.89009   -5.14109    2.00000
 180.05965    0.05160   23.75565   23.30949    0.07886    0.04353    5.35737    4.64265    0.75276    7.20965    2.00000
 179.98291   -0.02831   21.67685   21.45161    0.03306    0.01825   26.99746   -1.89408    2.99837    1.87049    2.00000
 179.88110    0.12378   21.54695   21.32664    0.17163    0.09473   30.28473   -1.41371   -1.57351   -2.91289    2.00000
 179.83496   -0.35381   22.88717   22.56563    0.39041    0.21548   10.29408   -1.57212    0.07733   -1.93846    2.00000
 180.03163   -0.09411   23.46665   23.06778    0.09928    0.05480    6.57425    0.07880   -1.62145    0.32038    2.00000
 179.96503   -0.02739   22.85327   22.53541    0.04443    0.02452   10.52914    4.83543    2.50394    7.23398    2.00000
 180.20045   -0.18024   23.34449   22.96433    0.26957    0.14878    7.19292   -5.29400   -0.48792   -4.14075    2.00000
 180.08765   -0.06554   21.20208   20.96570    0.10944    0.06040   40.16234   -6.88368    2.56170   -4.86691    2.00000
 179.98862   -0.03993   22.87935   22.55866    0.04152    0.02292   10.34832   -0.49434   -4.49324   -5.49737    2.00000
 179.95624    0.02052   22.27955   22.01569    0.04834    0.02668   16.57155   -2.13443   -6.99811   -9.31247    2.00000
 179.67773   -0.28366   22.98780   22.65500    0.42932    0.23696    9.59899   -1.32867   -0.72330   -5.53892    2.00000
 180.00748   -0.05565   21.38765   21.16438    0.05615    0.03099   34.55274   -5.49104    3.09757   -1.86134    2.00000
 179.97964   -0.07185   23.68873   23.25408    0.07468    0.04122    5.63630   -4.23750   -0.25584   -9.73128    2.00000
 179.99718   -0.04603   23.16446   22.80942    0.04612    0.02545    8.39784   -6.07133   -1.84849   -8.46910    2.00000
 179.97400    0.06370   23.38259   22.99661    0.06881    0.03798    6.94184   -1.33029    3.32428    0.69840    2.00000
 179.95955   -0.06525   23.73551   23.29283    0.07677    0.04237    5.44123   -2.63778   -0.11791    1.02169    2.00000
 179.96227   -0.02361   23.19859   22.83906    0.04452    0.02457    8.16734   -4.57751    2.42072    2.43556    2.00000
 180.02095   -0.03402   23.75803   23.31145    0.03995    0.02205    5.34747    1.12001    1.34638    0.35752    2.00000
 180.36720    0.07151   22.68191   22.38224    0.37410    0.20648   12.20686   -5.30169    0.95053   -5.51542    2.00000
 180.04819   -0.08248   21.99822   21.75524    0.09553    0.05272   21.14758   -1.28874    0.49919   -0.42504    2.00000
 179.91750   -0.09034   22.41812   22.14329    0.12234    0.06752   15.05214   -2.68436    2.07109   -2.06083    2.00000
 180.19510    0.00155   21.93793   21.69910    0.19510    0.10768   22.15417    6.60019    0.18470    6.49147    2.00000
 179.98573    0.06434   22.74734   22.44079    0.06590    0.03637   11.50961   -0.24799    3.58236    5.43419    2.00000
 179.98410    0.10834   23.68686   23.25253    0.10951    0.06044    5.64410    4.64566    3.08550    4.46579    2.00000
 180.02586    0.03658   23.06581   22.72329    0.04480    0.02472    9.06781   -1.84257    1.37054   -0.01116    2.00000
 180.02602    0.01264   22.78477   22.47425    0.02893    0.01597   11.11126    4.46136   -3.02075    3.94043    2.00000
 179.89636    0.07525   17.94808   17.94075    0.12807    0.07069  295.91794    1.99738    1.50966    3.48086    2.00000
 179.99159    0.03441   22.00644   21.76289    0.03542    0.01955   21.01032    0.78220    1.90640    1.51141    2.00000
 180.03401    0.03437   23.04661   22.70651    0.04835    0.02668    9.19835   -0.12027    0.49268    4.08526    2.00000
 180.04832    0.03329   22.83240   22.51682    0.05868    0.03239   10.67380   -2.72484    0.12931   -2.48273    2.00000
 179.88275    0.15707   22.26156   21.99916    0.19600    0.10818   16.77356    4.35879   -0.44999    3.76136    2.00000
 179.99442    0.02835   21.26280   21.03283    0.02889    0.01595   38.01310    2.61072    1.44182    4.22343    2.00000
 179.95798   -0.01715   22.61671   22.32365    0.04539    0.02505   12.90453    3.43892   -0.52301    3.04044    2.00000
 180.09451    0.16584   23.63506   23.20952    0.19088    0.10535    5.86065    2.82064    2.78765    3.23894    2.00000
 180.00420   -0.01711   22.77978   22.46979    0.01762    0.00972   11.16438    1.99203   -2.20483   -1.86422    2.00000
 180.00591   -0.02800   22.70743   22.40511    0.02861    0.01579   11.93451    3.65368   -0.99372    0.62568    2.00000
 180.01065    0.06733   22.71242   22.40957    0.06817    0.03763   11.88140    0.68680    1.84360    2.55230    2.00000
 179.96864   -0.04995   23.13062   22.77993    0.05898    0.03255    8.62723   -1.21882    0.76009    1.81884    2.00000
 179.96967   -0.00099   21.37722   21.15372    0.03035    0.01675   34.83314    1.49485   -0.33290    1.52208    2.00000
 180.00426   -0.01270   22.08917   21.84028    0.01339    0.00739   19.62258    6.42103    2.19066    7.39089    2.00000
 180.12521   -0.04821   23.70932   23.27113    0.13417    0.07405    5.55047   -0.29784    1.01011    1.46569    2.00000
 179.97620   -0.05803   23.48557   23.08379    0.06272    0.03462    6.49365    2.15168    0.69475    3.61617    2.00000
 179.97157    0.05648   22.40612   22.13224    0.06323    0.03490   15.18380   -7.71822   -0.46499   -9.12018    2.00000
 179.94952   -0.09617   23.79375   23.34094    0.10861    0.05994    5.19903    0.36094    2.12588   -2.52780    2.00000
 179.98717   -0.02708   21.88613   21.65063    0.02997    0.01654   23.02350   -5.88840   -3.61810   -9.58885    2.00000
 180.10645    0.17225   23.21810   22.85599    0.20249    0.11176    8.03562   -5.17522    0.01853   -3.22147    2.00000
 180.03624   -0.02213   21.13803   20.89037    0.04246    0.02344   42.98513   -1.45471    0.60985   -1.18330    2.00000
 179.99245    0.09489   22.79475   22.48317    0.09519    0.05254   11.00504    1.34077   -0.76371    1.10828    2.00000
 180.04054    0.01050   21.93245   21.69400    0.04189    0.02312   22.24568    0.60440    1.87162    3.01781    2.00000
 180.07253    0.00372   23.80327   23.34880    0.07262    0.04008    5.15945   -5.17586    0.77057   -3.92043    2.00000
 179.96892   -0.05038   23.75565   23.30949    0.05919    0.03267    5.35737   -0.34278   -1.07602   -5.35602    2.00000
 180.04185   -0.01456   23.68873   23.25408    0.04431    0.02446    5.63630    5.09542   -1.19360    1.38329    2.00000
 180.08139   -0.00733   20.81913   20.42405    0.08172    0.04510   61.52888   -3.83585   -1.89659   -5.70469    2.00000
 180.04935    0.00213   17.78810   17.30095    0.04939    0.02726  413.20239    1.44024    1.64158    3.07362    2.00000
 180.01634    0.06005   22.58019   22.29084    0.06224    0.03435   13.29522   -4.92423    1.02511   -3.17216    2.00000
 179.99660    0.02869   22.66105   22.36349    0.02889    0.01595   12.43011   -4.11759    4.32410    1.91331    2.00000
 180.10374    0.02882   21.57809   21.35658    0.10768    0.05943   29.49724   -5.98548    1.30527   -4.84306    2.00000
 179.86632   -0.08028   21.98177   21.73993    0.15594    0.08607   21.42210    2.76384    1.96572    4.74521    2.00000
 180.00598   -0.03252   23.31183   22.93666    0.03306    0.01825    7.40814    2.38278   -0.15389    1.36607    2.00000
 179.91516   -0.02621   23.62221   23.19879    0.08879    0.04901    5.91469   -1.99243    0.07242    0.24017    2.00000
 179.98010   -0.05422   23.73925   23.29593    0.05776    0.03188    5.42563   -0.49212    4.56486    4.66048    2.00000
 180.00243    0.05059   18.04616   17.72900    0.05064    0.02795  332.03275   -0.69291   -3.28390   -3.99351    2.00000
 179.69531    0.04735   23.29006   22.91822    0.30834    0.17018    7.55162   -0.90483   -2.59214   -0.88208    2.00000
 180.00754   -0.03308   22.71741   22.41403    0.03393    0.01873   11.82829    1.78096   -1.12869    1.37729    2.00000
 179.94444    0.00452   21.95437   21.71441    0.05573    0.03076   21.87965    0.33411    1.69246    1.78030    2.00000
 179.95366   -0.00078   22.54034   22.25482    0.04634    0.02558   13.72413    4.86066   -2.98137    2.09560    2.00000
 180.03259   -0.01348   23.23273   22.86869    0.03527    0.01947    7.93683   -3.95888   -2.72917   -6.55388    2.00000
 180.01401   -0.04531   22.11806   21.86754    0.04742    0.02617   19.13371    0.18277   -2.16163   -1.39029    2.00000
 180.02792    0.03976   20.06711   19.58013    0.04859    0.02682  112.09754   -0.11258    2.57023    2.44031    2.00000
 179.92995    0.01476   21.59951   21.37716    0.07160    0.03952   28.95584   -3.08801   -2.29454   -5.22819    2.00000
 180.00319    0.04089   22.82219   22.50770    0.04102    0.02264   10.74471   -1.99736   -2.14502   -4.84145    2.00000
 180.16177    0.02213   23.74112   23.29748    0.16328    0.09012    5.41783   -4.92023   -3.29563  -10.50369    2.00000
 179.89398   -0.00896   22.07129   21.82328    0.10640    0.05872   19.92747    8.41899    3.69445   12.53331    2.00000
 179.69330   -0.09239   22.44191   22.16512    0.32031    0.17679   14.79225    6.22027   -2.39375    2.29334    2.00000
 179.96484    0.00789   23.12582   22.77574    0.03603    0.01989    8.65986    6.96884    0.24756    5.15266    2.00000
 179.94472    0.08318   22.83501   22.51914    0.09988    0.05513   10.65572    4.00117    1.16800    8.85852    2.00000
 180.09010   -0.32433   22.83501   22.51914    0.33661    0.18578   10.65572    6.39655   -0.92023    4.99987    2.00000
 179.99529   -0.01724   21.33560   21.11040    0.01787    0.00986   35.97279    3.48143    1.99515    5.97600    2.00000
 180.04541   -0.08417   22.19216   21.93537    0.09564    0.05279   17.91741    0.98907    2.20122    2.31896    2.00000
 179.94681   -0.02231   23.53692   23.12724    0.05768    0.03184    6.27489    5.95110    3.78821    9.99867    2.00000
 179.94601    0.05490   23.11862   22.76944    0.07700    0.04250    8.70881   -0.00624   -0.13844    1.36718    2.00000
 179.96864    0.02593   21.82082   21.58939    0.04069    0.02246   24.12160   -1.67569   -1.30503   -2.71260    2.00000
 179.99298   -0.00122   22.81969   22.50547    0.00713    0.00393   10.76205   -0.61087   -0.86217   -0.31370    2.00000
 179.88022    0.01902   21.77740   21.54857    0.12128    0.06693   24.85366   -2.24647    0.95176   -1.46436    2.00000
 179.94868    0.03744   22.87413   22.55401    0.06352    0.03506   10.38449    4.49125    1.76468    7.53169    2.00000
 180.05444   -0.15771   22.19473   21.93773    0.16685    0.09209   17.87505   -1.86687    1.52626   -1.43473    2.00000
 179.95132    0.08069   22.38692   22.11455    0.09424    0.05201   15.39445    3.21926   -1.79542    1.62541    2.00000
 180.01538   -0.04387   21.36157   21.13773    0.04648    0.02566   35.25373   -1.28052    0.87745   -1.01308    2.00000
 179.93127    0.02847   23.62864   23.20415    0.07439    0.04106    5.88767    6.01025    0.63994   13.73478    2.00000
 179.93929    0.05431   22.58019   22.29084    0.08146    0.04496   13.29522    3.81339   -1.66376    2.67582    2.00000
 180.05786   -0.19169   23.45584   23.05863    0.20023    0.11051    6.62030   -8.04826    3.33042   -7.67767    2.00000
 180.00317   -0.03506   22.45128   22.17366    0.03521    0.01943   14.69052   -1.71325   -2.79117   -5.71534    2.00000
 179.99870    0.00769   23.51530   23.10895    0.00780    0.00431    6.36700    2.40202    2.58141    4.37593    2.00000
 180.12784   -0.17529   22.12026   21.86954    0.21696    0.11974   19.09779    0.37741    2.88656    2.87440    2.00000
 179.99229    0.02095   21.82898   21.59704    0.02232    0.01232   23.98433   -3.71694    1.25482   -2.57828    2.00000
 179.91190    0.10918   22.67930   22.37990    0.14030    0.07743   12.23476    3.42497   -2.37991   -0.58602    2.00000
 180.02155    0.02981   22.54503   22.25909    0.03678    0.02030   13.67327    5.58176   -2.73333    3.74093    2.00000
 180.06216   -0.06789   23.11622   22.76735    0.09205    0.05081    8.72513    5.72224    0.10123    4.68013    2.00000
 180.06583    0.11442   22.48409   22.20356    0.13201    0.07286   14.33448   -4.63670   -1.36229   -4.86537    2.00000
 179.94685    0.13268   22.91587   22.59121    0.14293    0.07888   10.09518    2.33737    2.70835    4.93689    2.00000
 179.93741    0.09570   21.72713   21.50009    0.11435    0.06311   25.72299    2.38335    0.46274    2.79437    2.00000
 179.85207   -0.22677   23.19859   22.83906    0.27076    0.14944    8.16734    6.78186   -3.07778   -0.22715    2.00000
 179.99272   -0.11744   23.23517   22.87081    0.11766    0.06494    7.92036   -1.96100    0.66922   -4.54453    2.00000
 179.96581    0.02552   22.36292   22.09243    0.04267    0.02355   15.65776   -2.45939    1.37357   -0.93985    2.00000
 180.02272    0.08102   22.67409   22.37521    0.08414    0.04644   12.29058    3.68621    2.69255    4.98887    2.00000
 180.13509    0.00861   19.29217   18.76778    0.13537    0.07471  187.32639   -0.73111   -2.84807   -3.64337    2.00000
 179.98750   -0.02672   22.30526   22.03932    0.02950    0.01628   16.29024    2.44579    1.94069    6.09743    2.00000
 180.10760   -0.01317   23.65880   23.22929    0.10841    0.05984    5.76114   -4.78116    1.69127    0.92696    2.00000
 179.89766    0.02956   22.43488   22.15871    0.10653    0.05879   14.86854    0.52642   -0.26318   -0.28311    2.00000
 180.02136   -0.16884   23.48557   23.08379    0.17018    0.09393    6.49365   -1.07069   -2.32369    0.71589    2.00000
 179.98448    0.05238   22.77229   22.46309    0.05463    0.03015   11.24404   -1.18560    1.14691    1.15584    2.00000
 179.77869    0.14163   22.66626   22.36818    0.26276    0.14502   12.37430   -3.30768    0.65014   -4.96547    2.00000
 180.02026   -0.00928   16.98838   16.24852    0.02230    0.01231  690.97632   -7.82911   -0.55040   -8.35308    2.00000
 179.98778    0.02799   23.40981   23.01967    0.03054    0.01686    6.81646   -0.56212    0.81197    0.28041    2.00000
 179.98878    0.00801   23.81756   23.36059    0.01377    0.00760    5.10007    0.82067   -1.52134   -6.28668    2.00000
 180.06123    0.04446   22.99211   22.65878    0.07567    0.04176    9.56959   -0.51664   -0.20443   -0.40163    2.00000
 180.05215    0.03202   23.34994   22.96895    0.06121    0.03378    7.15705    0.04162   -0.84683    0.81392    2.00000
 180.47604   -0.02512   22.43012   22.15435    0.47671    0.26311   14.92048   -3.15875    1.00298   -0.58713    2.00000
 179.92847   -0.02079   23.68686   23.25253    0.07450    0.04112    5.64410   -0.72515   -0.10690   -0.22311    2.00000
 179.98822    0.01632   23.62382   23.20013    0.02013    0.01111    5.90794    1.74513    0.06154    2.38617    2.00000
 179.94717   -0.00728   23.15958   22.80519    0.05332    0.02943    8.43077   -3.43766   -0.96433   -5.28242    2.00000
 179.97287    0.01323   23.12822   22.77783    0.03019    0.01666    8.64354   -0.90015    3.35040    1.23675    2.00000
 179.86900   -0.06021   23.71119   23.27268    0.14417    0.07957    5.54267    5.18343    0.92503    1.87632    2.00000
 179.87924    0.17546   22.73986   22.43410    0.21300    0.11756   11.58928   -0.83955    1.74943   -0.06027    2.00000
 179.92822    0.04216   23.18884   22.83059    0.08324    0.04594    8.23320    2.28542    0.18695    7.51991    2.00000
 180.00659    0.01138   22.27698   22.01333    0.01315    0.00726   16.59969   -3.00534   -0.70195   -6.43396    2.00000
 180.02390    0.01206   23.57401   23.15853    0.02676    0.01477    6.11737   -1.57163    2.68199    9.69781    2.00000
 179.80431    0.06267   22.81221   22.49878    0.20548    0.11341   10.81914   -6.34506    1.46464   -2.83960    2.00000
 180.03902    0.01323   23.75565   23.30949    0.04121    0.02274    5.35737    0.06542    1.78562    4.46869    2.00000
 180.28383    0.02969   22.37732   22.10570    0.28538    0.15751   15.49977    3.51930   -1.05434    1.48981    2.00000
 180.08780   -0.03800   21.33762   21.11255    0.09567    0.05280   35.91611   -0.72154   -0.89434   -1.44192    2.00000
 179.89165   -0.00389   22.29498   22.02987    0.10843    0.05984   16.40276    3.43977    2.10293    7.23967    2.00000
 180.12389   -0.00251   21.96533   21.72462    0.12390    0.06838   21.69663    0.86234    1.93856    2.99555    2.00000
 179.75269    0.06336   23.28190   22.91130    0.25531    0.14091    7.60543   -4.75757    0.17552    0.25800    2.00000
 179.99725    0.06516   23.61578   23.19342    0.06522    0.03599    5.94172   -2.11646   -0.35695   -2.04019    2.00000
 179.99326   -0.06596   21.77740   21.54857    0.06631    0.03660   24.85366   -4.20733   -1.65578   -5.60854    2.00000
 179.81413   -0.26290   23.57401   23.15853    0.32197    0.17771    6.11737    2.55135   -3.62439    1.25629    2.00000
 180.02325    0.00072   20.95324   20.64412    0.02326    0.01284   52.21386    0.09915    0.11463    0.56323    2.00000
 180.04681    0.01855   22.25128   21.98971    0.05035    0.02779   16.94302   -0.76208   -1.00875   -1.52629    2.00000
 179.99327    0.00260   23.56598   23.15182    0.00722    0.00398    6.15115   -2.68506    1.25889   -3.76839    2.00000
 180.03674    0.00562   22.50987   22.22705    0.03717    0.02052   14.05474   -0.62561    1.18014    0.33249    2.00000
 180.00742   -0.01887   23.00072   22.66634    0.02027    0.01119    9.51079   -3.76615    0.23124   -7.13943    2.00000
 179.96291   -0.07569   22.55440   22.26763    0.08429    0.04652   13.57155   -3.89623   -3.27737   -6.34913    2.00000
 180.00133    0.00724   22.78726   22.47648    0.00736    0.00406   11.08471    3.20828    3.17401    4.33295    2.00000
 180.01147   -0.10436   23.65505   23.22619    0.10499    0.05795    5.77675    3.86732   -3.51478   -1.54508    2.00000
 179.98901   -0.01798   22.32211   22.05484    0.02107    0.01163   16.10540    3.64627    0.97299    5.02819    2.00000
 180.04919    0.07896   21.13056   20.88130    0.09303    0.05135   43.32512    0.73756    2.78790    3.39751    2.00000
 179.99519   -0.05935   22.53565   22.25055    0.05955    0.03287   13.77500   -4.53198   -4.22692   -7.65097    2.00000
 180.00874   -0.02998   22.96493   22.63494    0.03123    0.01723    9.75504   -0.76164    0.46262   -0.07533    2.00000
 180.00655   -0.03172   22.94456   22.61678    0.03239    0.01788    9.89627    1.34829    2.77784    2.59969    2.00000
 180.00452    0.00300   22.48644   22.20570    0.00542    0.00299   14.30905   -1.05253    0.12408    0.74006    2.00000
 180.00455   -0.01102   23.73551   23.29283    0.01192    0.00658    5.44123   -1.42360   -0.94628    0.84070    2.00000
 179.93829   -0.06394   23.69248   23.25718    0.08886    0.04904    5.62070   -4.37449    0.48391   -3.52013    2.00000
 179.99390    0.02297   21.71125   21.48478    0.02377    0.01312   26.12496    1.20914    1.70678    2.46388    2.00000
 179.95512    0.01682   23.44773   23.05177    0.04793    0.02645    6.65484    2.33701    1.34035    5.09253    2.00000
 180.02774    0.02597   21.04300   20.77150    0.03800    0.02097   47.44031   -2.80110   -1.99495   -5.08677    2.00000
 179.97656   -0.06103   23.66628   23.23548    0.06538    0.03609    5.72993   -2.68400   -0.23565   -3.25101    2.00000
 180.24471    0.16897   23.51800   23.11123    0.29737    0.16413    6.35549   -1.99684   -0.51799   -5.55520    2.00000
 179.95215    0.02329   23.72054   23.28043    0.05322    0.02937    5.50366    0.73303   -1.23097   -7.96800    2.00000
 179.92191   -0.03450   20.84691   20.46771    0.08537    0.04712   59.27895    0.62897    1.56929    1.93883    2.00000
 179.98463   -0.06791   23.46935   23.07007    0.06963    0.03843    6.56273    1.30872   -1.37815   -3.55077    2.00000
 180.22906   -0.06901   22.16739   21.91262    0.23923    0.13204   18.32539    5.80713   -2.09113    3.97825    2.00000
 179.81569    0.02066   22.80473   22.49209    0.18546    0.10236   10.89881    2.06348   -0.43009    1.53958    2.00000
 179.74075    0.28646   23.82471   23.36649    0.38635    0.21324    5.07038    2.87463   -0.44297   -0.06334    2.00000
 179.95715    0.13400   19.62333   19.11523    0.14068    0.07764  151.48859    1.40119    4.65014    6.16203    2.00000
 179.97986   -0.03608   22.77728   22.46756    0.04132    0.02281   11.19093   -0.59904   -1.39699   -1.31507    2.00000
 180.00790   -0.01897   21.49732   21.27644    0.02056    0.01135   31.60526   -1.17801    0.42834   -0.87227    2.00000
 180.01347    0.07417   22.14657   21.89359    0.07539    0.04161   18.66668   -0.76465    2.17997    2.06440    2.00000
 180.06319   -0.10606   22.97379   22.64271    0.12346    0.06814    9.69455   -4.55805   -0.48906   -3.52455    2.00000
 180.06305   -0.05959   21.27493   21.04576    0.08675    0.04788   37.67305   -2.66650   -2.28147   -4.90807    2.00000
 179.92776   -0.04973   23.36082   22.97817    0.08770    0.04841    7.08531    0.70282   -0.97372    3.84714    2.00000
 180.04179   -0.00573   22.27955   22.01569    0.04218    0.02328   16.57155   -1.67225    1.52769   -0.73380    2.00000
 179.96584   -0.06437   23.36082   22.97817    0.07288    0.04022    7.08531    0.88642   -0.07894    2.08163    2.00000
 180.07739   -0.00468   23.36354   22.98047    0.07754    0.04280    7.06738   -3.91718    2.20288   -0.90089    2.00000
 179.99915    0.01409   23.18397   22.82636    0.01412    0.00779    8.26612    8.24416   -4.34129    3.10239    2.00000
 180.08920   -0.02165   23.51530   23.10895    0.09179    0.05066    6.36700   -0.60857    0.28304   -3.84803    2.00000
 179.98949   -0.02384   23.65131   23.22309    0.02605    0.01438    5.79235    1.26143    0.44638   -5.66305    2.00000
 179.88544    0.03168   23.52341   23.11581    0.11887    0.06560    6.33246   -3.54208   -0.48726   -5.83480    2.00000
 180.00021    0.05276   22.59062   22.30021    0.05276    0.02912   13.18359   -0.62051    3.04603    2.51076    2.00000
 179.93703    0.11181   22.31251   22.04600    0.12833    0.07083   16.21072   -2.04986    1.65092   -0.70457    2.00000
 180.02406   -0.01861   21.13803   20.89037    0.03043    0.01679   42.98513   -2.20147    2.89750    1.25089    2.00000
 179.97305   -0.05173   22.49816   22.21638    0.05833    0.03219   14.18190   -0.43489    0.89842   -0.78369    2.00000
 179.95117    0.04777   23.04421   22.70441    0.06831    0.03770    9.21467   -1.76852   -0.31059    0.63939    2.00000
 180.01794   -0.10412   23.19372   22.83482    0.10565    0.05831    8.20027   -2.60588   -1.77920   -5.70629    2.00000
 179.99503    0.05969   22.35811   22.08801    0.05990    0.03306   15.71042    1.71005   -0.29324    1.25258    2.00000
 180.02263   -0.02830   22.43488   22.15871    0.03624    0.02000   14.86854   -1.84188    1.66565   -1.23101    2.00000
 179.97511    0.01548   22.63235   22.33771    0.02930    0.01617   12.73709   -2.35209    0.67481   -0.03498    2.00000
 180.02528   -0.01907   23.75803   23.31145    0.03167    0.01748    5.34747    2.89065   -1.98429    5.96238    2.00000
 179.94933    0.02124   23.81280   23.35666    0.05494    0.03032    5.11986    4.39350   -0.57102    4.96741    2.00000
 179.94688    0.10842   23.11862   22.76944    0.12073    0.06663    8.70881   -0.12194    1.41190   -0.37412    2.00000
 179.88689    0.12853   23.36354   22.98047    0.17121    0.09449    7.06738   -2.05570    0.83576   -2.11669    2.00000
 180.05896    0.05897   23.43422   23.04034    0.08339    0.04603    6.71241    0.60456   -0.49512   -2.87221    2.00000
 180.00269   -0.01529   20.90368   20.56327    0.01552    0.00857   55.24401    1.69002   -1.40711    0.25320    2.00000
 179.92903   -0.04618   23.62382   23.20013    0.08467    0.04673    5.90794    0.99566   -0.30436   -0.74498    2.00000
 180.00700    0.08681   20.04405   19.55594    0.08709    0.04807  113.75207   -0.21486   -0.34691   -0.58732    2.00000
 179.99812   -0.00702   21.25269   21.02206    0.00727    0.00401   38.29648   -1.41716   -0.29106   -2.57094    2.00000
 180.05995    0.00507   21.14251   20.89582    0.06017    0.03321   42.78114    1.44512   -1.55444    0.05956    2.00000
 180.06197    0.04314   21.92698   21.68891    0.07550    0.04167   22.33690   -5.72879    2.78053   -3.80448    2.00000
 180.00551    0.00884   21.40852   21.18570    0.01041    0.00575   33.99195   -6.27651    0.51670   -5.53819    2.00000
 179.98285   -0.08880   21.51598   21.29549    0.09044    0.04992   31.10413   -3.84782    1.20193   -3.07856    2.00000
 180.00414    0.03874   23.66067   23.23084    0.03896    0.02150    5.75334    2.82036   -0.87011   -1.78095    2.00000
 179.88322    0.08209   22.08762   21.83880    0.14275    0.07879   19.64902   -1.70768   -0.71734   -2.13090    2.00000
 180.01237   -0.01288   23.04181   22.70231    0.01786    0.00986    9.23099   -2.30416   -2.44433   -6.00119    2.00000
 179.99554   -0.02792   23.18884   22.83059    0.02827    0.01560    8.23320   -1.15870   -2.23837   -0.73479    2.00000
 180.05112    0.06056   19.21412   18.68517    0.07924    0.04374  196.46251    3.39413   -0.55814    2.88762    2.00000
 179.89233    0.01357   23.45854   23.06092    0.10852    0.05989    6.60879    7.25162    0.33809    5.97334    2.00000
 179.93886   -0.01938   23.46395   23.06550    0.06414    0.03540    6.58576   -0.08204   -0.98707    1.79517    2.00000
 180.00113   -0.09765   21.65039   21.42609    0.09766    0.05390   27.66861   -1.27819   -0.59622   -1.66407    2.00000
 179.94478    0.02593   23.66254   23.23239    0.06101    0.03367    5.74554   -2.59047   -0.67213    3.09673    2.00000
 179.92271    0.14186   22.22044   21.96136    0.16154    0.08916   17.45140    1.40646   -0.15048    1.63261    2.00000
 179.93649   -0.02871   23.69435   23.25873    0.06969    0.03847    5.61289    0.25400   -2.54985   -4.84456    2.00000
 180.00792   -0.14808   21.81537   21.58429    0.14829    0.08184   24.21310    2.55119   -1.02983    2.37479    2.00000
 179.94205    0.03076   18.29987   17.70673    0.06561    0.03621  335.83072   -2.32056   -1.58127   -3.95087    2.00000
 180.00972    0.07266   23.67002   23.23858    0.07331    0.04046    5.71433    0.19438    0.75055    6.31202    2.00000
 179.96873   -0.01812   22.23329   21.97317    0.03615    0.01995   17.23957    1.45390   -0.87849   -0.25958    2.00000
 180.00758   -0.07217   22.87153   22.55169    0.07257    0.04005   10.40257   -0.15759   -1.30782   -1.04816    2.00000
 180.01962    0.03100   23.13542   22.78413    0.03669    0.02025    8.59459   -0.54630   -2.70809   -3.52818    2.00000
 180.03714   -0.08600   22.18188   21.92592    0.09368    0.05170   18.08687   -3.09504   -0.30734   -1.71141    2.00000
 180.01476   -0.02007   21.42677   21.20436    0.02491    0.01375   33.50126    4.14341   -0.37980    3.74495    2.00000
 179.96951   -0.00841   23.39892   23.01045    0.03163    0.01746    6.86289    6.20847    3.66799    7.13764    2.00000
 180.02698   -0.01694   23.15958   22.80519    0.03185    0.01758    8.43077    4.17392   -0.95675   -0.16204    2.00000
 180.05206    0.00989   21.35398   21.12998    0.05299    0.02925   35.45781   -1.61802   -0.97164   -2.82289    2.00000
 180.00015   -0.00853   23.08021   22.73588    0.00854    0.00471    8.96990    1.65051   -0.53239   -3.62482    2.00000
 180.18140   -0.23546   22.74984   22.44302    0.29723    0.16405   11.48305    1.47934   -0.62129    0.15107    2.00000
 180.01135    0.02525   22.25642   21.99443    0.02769    0.01528   16.85829    5.03857   -0.18811    3.90094    2.00000
 180.01784    0.00615   23.16202   22.80731    0.01887    0.01042    8.41431    1.46277   -0.65063    3.19323    2.00000
 180.00835   -0.02003   21.26887   21.03930    0.02170    0.01198   37.84308    3.61178   -0.95814    2.32993    2.00000
 179.84644    0.03246   22.27441   22.01097    0.15695    0.08663   16.62782   -5.53938    4.74287    0.93705    2.00000
 179.96077   -0.20525   21.68744   21.46181    0.20897    0.11533   26.72900   -6.57325    3.12718   -3.35858    2.00000
 180.02892    0.04977   22.37012   22.09907    0.05756    0.03177   15.57877    2.73261   -1.60609    0.53660    2.00000
 179.86703    0.02867   23.24248   22.87716    0.13601    0.07507    7.87097    3.39504    2.43010    8.30277    2.00000
 180.09673   -0.15500   22.43254   22.15657    0.18270    0.10084   14.89402   -5.21936    1.27670   -3.09255    2.00000
 179.94894   -0.08513   18.04331   18.07735    0.09927    0.05479  275.15863    5.61148   -0.72675    4.86925    2.00000
 180.08990   -0.13846   23.03941   22.70021    0.16508    0.09111    9.24730   -0.22460   -0.09865    0.39226    2.00000
 179.88086    0.05682   22.83240   22.51682    0.13199    0.07285   10.67380   -0.31538   -0.50147   -1.00868    2.00000
 180.02562    0.05082   23.20835   22.84753    0.05691    0.03141    8.10148   -2.44202    3.92694   -2.41817    2.00000
 180.06783   -0.05353   21.75094   21.52305    0.08641    0.04769   25.31120    4.83831    1.60879    6.70548    2.00000
 180.02536    0.00524   22.77728   22.46756    0.02590    0.01429   11.19093    1.60982   -1.86173    2.52538    2.00000
 179.95627   -0.11677   18.03988   18.07675    0.12469    0.06882  275.24042    1.34143    1.82368    3.16130    2.00000
 180.09541    0.05525   23.78184   23.33111    0.11027    0.06086    5.24851    3.93220    0.79860    1.76261    2.00000
 180.01488    0.01193   23.66067   23.23084    0.01908    0.01053    5.75334   -1.51559    0.40749    0.27039    2.00000
 179.98581    0.03641   23.06581   22.72329    0.03908    0.02157    9.06781   -0.68922   -2.71088    1.37261    2.00000
 179.97966    0.02744   23.28462   22.91361    0.03416    0.01885    7.58749    0.40033    0.05831    3.30967    2.00000
 179.96187    0.01658   22.61671   22.32365    0.04158    0.02295   12.90453    3.58073   -1.23851    1.36515    2.00000
 180.02892    0.06512   21.31740   21.09101    0.07125    0.03933   36.48287    7.71313    0.39812    8.09731    2.00000
 180.03360    0.03728   20.86408   20.49586    0.05019    0.02770   57.82860   -1.06526   -1.78560   -2.73786    2.00000
 180.00253   -0.08351   18.25788   17.66120    0.08354    0.04611  343.59586   -4.31356   -0.49662   -4.87451    2.00000
 180.00787   -0.15545   22.54737   22.26123    0.15565    0.08591   13.64784   -4.13343    1.70541   -0.31665    2.00000
 179.85278   -0.01001   22.99426   22.66067    0.14755    0.08144    9.55489    2.26717   -1.43093   -3.49789    2.00000
 180.00165    0.03864   23.59008   23.17195    0.03867    0.02134    6.04981    4.80599    1.28791    7.39836    2.00000
 180.00357   -0.00933   21.12011   20.86860    0.00999    0.00552   43.80110   -2.32885    4.22851    2.04056    2.00000
 180.03729    0.10009   22.23329   21.97317    0.10682    0.05895   17.23957    3.08473   -1.35714    2.24336    2.00000
 179.99863    0.13423   21.76153   21.53326    0.13424    0.07409   25.12819   -5.10633    2.78259   -2.06421    2.00000
 179.90561   -0.02347   23.20347   22.84329    0.09727    0.05368    8.13441    2.35424    1.03771    2.85449    2.00000
 179.91081    0.03953   22.68452   22.38458    0.09756    0.05384   12.17895    4.11157   -2.76455    1.82614    2.00000
 180.03879   -0.04587   20.50955   20.05115    0.06007    0.03315   80.74598   -0.53223    3.05202    2.71954    2.00000
 180.02792    0.04319   23.04181   22.70231    0.05143    0.02839    9.23099   -0.98693   -0.75300   -2.45423    2.00000
 179.99182   -0.04342   22.57237   22.28381    0.04419    0.02439   13.37894    1.51291    1.35039    2.54807    2.00000
 179.97943   -0.07911   22.74984   22.44302    0.08174    0.04512   11.48305   -5.03692   -0.37412   -3.86155    2.00000
 180.02492   -0.00603   23.77232   23.32325    0.02563    0.01415    5.28809    1.83728    4.15071   12.06465    2.00000
 179.94920    0.01784   21.40591   21.18304    0.05384    0.02972   34.06205   -1.33819   -0.10997   -2.35689    2.00000
 180.01839   -0.03652   21.83987   21.60725    0.04089    0.02257   23.80132   -3.17883    1.35616   -2.27374    2.00000
 179.97311   -0.03554   21.70331   21.47712    0.04457    0.02460   26.32630   -3.90924   -0.62164   -5.27175    2.00000
 179.92342   -0.21439   21.48415   21.26298    0.22766    0.12565   31.95910   -2.68925   -4.06549   -6.58236    2.00000
 180.08508    0.17954   23.02277   22.68567    0.19868    0.10966    9.36039    0.39125    0.32927   -1.01212    2.00000
 179.95032    0.18045   23.55044   23.13868    0.18716    0.10330    6.21732   -0.82037    2.13270    4.22879    2.00000
 179.95430    0.06230   23.82471   23.36649    0.07727    0.04264    5.07038    0.14230   -0.52721    4.69111    2.00000
 179.94283   -0.05104   22.56715   22.27912    0.07664    0.04230   13.43476   -1.06099   -0.42910   -1.65555    2.00000
 180.04784   -0.05629   18.01038   17.61600    0.07388    0.04078  351.30582    1.60250    0.27395    1.88445    2.00000
 180.05099    0.01696   23.70932   23.27113    0.05374    0.02966    5.55047   -4.80710   -1.72616   -9.54888    2.00000
 179.92926    0.01924   22.73986   22.43410    0.07331    0.04046   11.58928    1.26263   -0.30953    1.21546    2.00000
 180.05458    0.05538   21.66627   21.44140    0.07776    0.04292   27.26592   -0.73781    1.70008    0.67278    2.00000
 180.02362    0.00424   20.07633   19.58981    0.02400    0.01324  111.43573   -5.25990   -0.37051   -5.77535    2.00000
 179.94753   -0.01378   23.09701   22.75056    0.05425    0.02994    8.85567    0.44066    1.89534    5.51829    2.00000
 179.99629   -0.03116   23.56598   23.15182    0.03138    0.01732    6.15115    2.48778    1.15243    3.62015    2.00000
 179.96220    0.00551   21.16352   20.92090    0.03820    0.02108   41.84103   -1.84811   -1.16301   -3.03213    2.00000
 179.92305   -0.02390   23.55314   23.14096    0.08058    0.04447    6.20581   -0.43880    2.79230    6.80941    2.00000
 180.14050   -0.00269   20.82190   20.42842    0.14053    0.07756   61.30388   -3.48563    1.25436   -2.29897    2.00000
 180.01543    0.01300   21.50354   21.28279    0.02017    0.01113   31.43821   -1.95056    0.03071   -1.75323    2.00000
 180.03127   -0.08971   21.85620   21.62256    0.09501    0.05244   23.52679    2.43996   -0.88663    2.37979    2.00000
 180.04590    0.04146   23.01473   22.67862    0.06186    0.03414    9.41523    1.08314   -1.48772    3.68585    2.00000
 180.02521    0.03848   21.92424   21.68635    0.04600    0.02539   22.38294    3.04842   -5.41262   -2.17135    2.00000
 180.05827    0.05833   22.26156   21.99916    0.08245    0.04551   16.77356   -0.42986    2.09159    1.07107    2.00000
 180.13411    0.28724   21.82354   21.59194    0.31700    0.17496   24.07584   -0.84096   -1.17430   -2.64819    2.00000
 180.02316    0.10909   21.86436   21.63021    0.11152    0.06155   23.38953   -2.42388    3.80507    0.98162    2.00000
 179.97633    0.02387   23.16446   22.80942    0.03361    0.01855    8.39784   -0.86766    0.05915    1.63945    2.00000
 180.01897    0.01857   22.73238   22.42741    0.02655    0.01465   11.66895    1.22186    1.21334    1.68816    2.00000
 179.82678   -0.06416   21.72713   21.50009    0.18472    0.10195   25.72299   -6.22465    1.16238   -4.87079    2.00000
 179.90527    0.06793   22.17674   21.92119    0.11657    0.06434   18.17160    3.07942    3.15103    5.04299    2.00000
 180.01427    0.00350   22.89239   22.57028    0.01469    0.00811   10.25791    0.65651   -1.42459   -1.61845    2.00000
 179.96655    0.06932   22.26413   22.00152    0.07697    0.04248   16.74035   -1.36825    0.44912   -0.09075    2.00000
 179.98370   -0.05287   16.25985   15.37609    0.05532    0.03053 1041.74878   -4.44816    3.80639   -0.64453    2.00000
 180.23547    0.08204   23.29278   22.92052    0.24936    0.13763    7.53369    4.37232   -2.85780    0.74866    2.00000
 180.18755    0.06077   23.44773   23.05177    0.19715    0.10881    6.65484    7.27408    1.75520    5.51494    2.00000
 179.97467    0.05711   22.29241   22.02751    0.06248    0.03448   16.43089    1.70592    1.62988    3.14646    2.00000
 179.94994   -0.03075   22.69745   22.39619    0.05875    0.03242   12.04074    3.72058    2.53786    8.02331    2.00000
 179.98882   -0.02201   20.92738   20.60194    0.02469    0.01363   53.79481   -2.65327    1.15918   -1.58559    2.00000
 180.09010    0.05390   23.33633   22.95742    0.10499    0.05795    7.24673    0.24771   -3.14325   -2.79054    2.00000
 179.90147    0.08048   21.61119   21.38838    0.12722    0.07022   28.66053    4.53426   -0.65321    3.13319    2.00000
 179.99844    0.04661   23.73364   23.29128    0.04664    0.02574    5.44904    4.21417    0.56489    1.38199    2.00000
 179.98830    0.04425   23.04181   22.70231    0.04577    0.02526    9.23099    1.88388    1.28843    4.09141    2.00000
 180.00066   -0.00430   22.78726   22.47648    0.00435    0.00240   11.08471   -3.44745    1.78080   -4.18760    2.00000
 179.96504    0.12019   22.03658   21.79096    0.12517    0.06908   20.50702    5.63235    0.08880    6.45433    2.00000
 180.00604   -0.01961   23.10661   22.75895    0.02052    0.01133    8.79040    2.12261   -2.10468   -2.01280    2.00000
 180.03300    0.17608   23.16202   22.80731    0.17915    0.09888    8.41431   -2.64994    4.30091   -1.46067    2.00000
 180.00430    0.02526   22.86631   22.54704    0.02562    0.01414   10.43873   -0.02340    0.00623    3.47583    2.00000
 180.01529    0.05322   23.79851   23.34487    0.05537    0.03056    5.17924   -8.41089   -0.35545   -6.57134    2.00000
 180.00478    0.00114   23.56389   23.15006    0.00491    0.00271    6.16001    1.91354    2.39638    7.79252    2.00000
 180.00531   -0.04918   21.57031   21.34909    0.04946    0.02730   29.69411    2.45553    0.33062    3.42765    2.00000
 179.95744    0.21383   23.09221   22.74637    0.21802    0.12033    8.88831   -1.27782    1.26112   -3.04476    2.00000
 180.08675    0.08840   23.47476   23.07464    0.12385    0.06836    6.53971    5.48574    0.58604    6.33221    2.00000
 179.95956    0.22073   23.74868   23.30374    0.22440    0.12385    5.38631   -3.23094    2.43627    6.08940    2.00000
 179.97946    0.03534   21.66362   21.43885    0.04088    0.02256   27.33304   -0.57498   -3.38523   -3.70800    2.00000
 180.08461    0.01130   22.59062   22.30021    0.08536    0.04711   13.18359    0.19551   -3.57451   -2.52872    2.00000
 180.05058   -0.05938   23.39348   23.00584    0.07801    0.04306    6.88611   -0.60231   -1.33577    3.18978    2.00000
 179.93324   -0.00436   23.78660   23.33504    0.06689    0.03692    5.22872   -3.64958   -1.29722   -8.33558    2.00000
 180.03810    0.03675   22.20501   21.94718    0.05294    0.02922   17.70559   -4.30086    0.49404   -4.93161    2.00000
 180.00668   -0.01645   23.37987   22.99431    0.01776    0.00980    6.95977    1.15258   -0.81945    0.71414    2.00000
 180.07259   -0.01127   23.32544   22.94819    0.07345    0.04054    7.31847   -7.95073    3.36702    1.67429    2.00000
 180.00343    0.04690   22.62714   22.33302    0.04703    0.02596   12.79290   -3.14207   -1.59341   -4.81515    2.00000
 179.97235   -0.04978   22.96625   22.63610    0.05695    0.03143    9.74600   -0.05023   -1.05016   -1.49823    2.00000
 179.96500   -0.02645   22.49816   22.21638    0.04387    0.02421   14.18190    3.49854    3.18234    6.59067    2.00000
 179.99899    0.05554   21.93519   21.69655    0.05555    0.03066   22.19992    1.35166   -1.08125   -0.60327    2.00000
 180.00566    0.00965   22.94195   22.61445    0.01119    0.00617    9.91436    5.10535    0.28918    3.75358    2.00000
 179.98532    0.13481   22.54503   22.25909    0.13561    0.07484   13.67327    1.24158    1.56985    2.10855    2.00000
 180.05972   -0.02385   22.79225   22.48094    0.06432    0.03550   11.03159   -2.93927   -1.31138   -2.74385    2.00000
 179.98933    0.03841   18.11418   17.80764    0.03986    0.02200  318.61984   -1.25802    0.33138   -0.88906    2.00000
 179.93785   -0.05821   23.15471   22.80096    0.08515    0.04700    8.46370    4.19906   -0.05637    4.73460    2.00000
 180.00163   -0.01603   21.23467   21.00264    0.01611    0.00889   38.80729    2.31028   -2.26186   -0.08859    2.00000
 179.95786    0.01697   23.43152   23.03805    0.04543    0.02507    6.72392    1.15159   -1.65412   -9.82658    2.00000
 179.97440    0.04336   22.23329   21.97317    0.05035    0.02779   17.23957    0.95356   -0.95473   -0.90181    2.00000
 180.06738   -0.07714   22.86631   22.54704    0.10243    0.05653   10.43873   -2.88830   -1.11957   -7.95664    2.00000
 180.30234   -0.08889   21.89158   21.65573    0.31514    0.17393   22.93199    4.07290    0.13745    4.26447    2.00000
 180.03522    0.01479   22.93151   22.60515    0.03820    0.02108    9.98668   -4.48590   -3.15947   -7.85199    2.00000
 179.94591    0.04171   22.43957   22.16298    0.06831    0.03770   14.81768   -0.73086    2.44177    3.14864    2.00000
 180.05003   -0.01035   23.29822   22.92513    0.05109    0.02820    7.49782   -0.39725    0.55864   -0.51400    2.00000
 179.98679    0.03063   22.14218   21.88958    0.03336    0.01841   18.73853    2.44750    0.88380    4.12162    2.00000
 179.99512   -0.02067   21.69802   21.47202    0.02124    0.01173   26.46053   -3.79239    3.52778   -0.04192    2.00000
 180.03844   -0.12378   23.55584   23.14325    0.12961    0.07153    6.19430   11.60391    2.72387   10.80445    2.00000
 179.96489    0.01951   22.73986   22.43410    0.04017    0.02217   11.58928    2.04246    2.86568    5.36054    2.00000
 179.94437    0.05015   22.16191   21.90761    0.07489    0.04134   18.41520    0.62454   -0.91311   -0.58475    2.00000
 180.01344    0.01184   21.69802   21.47202    0.01792    0.00989   26.46053   -6.28999   -0.25602   -5.11930    2.00000
 179.98653    0.05997   23.45854   23.06092    0.06146    0.03392    6.60879    1.55651    1.48906    7.21171    2.00000
 180.01416   -0.00893   23.06821   22.72539    0.01674    0.00924    9.05149    1.13587    1.86893    5.62384    2.00000
 180.01675    0.01492   23.50719   23.10209    0.02244    0.01238    6.40154   -3.75229   -0.18795   -3.50654    2.00000
 179.87198    0.19943   23.16202   22.80731    0.23698    0.13080    8.41431   -2.70693   -0.05577    1.44510    2.00000
 179.97945    0.02725   21.46068   21.23900    0.03413    0.01884   32.58998    2.15094   -0.45090    1.48871    2.00000
 179.98454    0.00913   23.48287   23.08150    0.01795    0.00991    6.50517    1.76905    0.16207   -2.23394    2.00000
 180.02293   -0.02155   22.39892   22.12560    0.03148    0.01737   15.26279    2.30670   -2.38970    2.76356    2.00000
 180.37778    0.25488   21.90791   21.67104    0.45572    0.25153   22.65746    5.03890    3.16904    7.02562    2.00000
 180.01395   -0.00593   22.43722   22.16085    0.01514    0.00836   14.84311   -0.80335   -0.40249   -3.03793    2.00000
 180.09497    0.03156   22.32931   22.06148    0.10008    0.05524   16.02640   -0.75255   -0.29552   -1.73029    2.00000
 180.11671   -0.03829   23.20103   22.84118    0.12284    0.06780    8.15087    3.00466    2.12058   -1.19500    2.00000
 179.68410    0.08727   22.93934   22.61213    0.32773    0.18088    9.93244   -0.74454    0.35752    1.24006    2.00000
 180.05901    0.05282   20.91230   20.57733    0.07919    0.04371   54.71703   -4.73626   -0.68103   -5.72316    2.00000
 180.02647   -0.07063   21.63649   21.41271    0.07543    0.04163   28.02069   -2.62148   -2.19556   -4.65671    2.00000
 179.96648    0.00684   23.75327   23.30752    0.03421    0.01888    5.36726    0.32571    1.49775   -0.05989    2.00000
 179.94911   -0.00170   23.37987   22.99431    0.05092    0.02811    6.95977   -4.19326    2.63448   -6.35054    2.00000
 180.02042    0.00757   23.36354   22.98047    0.02178    0.01202    7.06738    0.79234   -3.02578   -4.37870    2.00000
 179.95615   -0.08048   23.42881   23.03577    0.09165    0.05058    6.73544    2.02277   -1.91517    1.74623    2.00000
 180.01401   -0.00353   23.04181   22.70231    0.01445    0.00797    9.23099    4.14089   -3.19657    5.60362    2.00000
 180.01135   -0.02358   23.05621   22.71490    0.02618    0.01445    9.13308   -2.47606    1.02683   -3.53314    2.00000
 180.06448    0.04948   23.60293   23.18268    0.08127    0.04486    5.99576    1.71258    0.55810    7.12639    2.00000
 180.06229   -0.05480   23.13062   22.77993    0.08296    0.04579    8.62723    1.27308    0.80740    3.91676    2.00000
 180.01489    0.02151   23.75803   23.31145    0.02617    0.01444    5.34747    7.57020    0.25622    9.55844    2.00000
 179.97765    0.19531   22.89239   22.57028    0.19659    0.10850   10.25791   -3.94800   -0.81056   -4.73666    2.00000
 179.97153    0.03213   21.74565   21.51795    0.04293    0.02370   25.40271    0.94792   -3.52905   -1.73985    2.00000
 180.02480    0.03683   23.13542   22.78413    0.04440    0.02451    8.59459   -1.39827    0.30981   -3.92173    2.00000
 179.97006   -0.10788   22.88717   22.56563    0.11195    0.06179   10.29408   -1.35085    0.74051   -0.14430    2.00000
 179.95465   -0.05091   20.97513   20.67664    0.06818    0.03763   50.99511    0.56582    0.56310    1.15377    2.00000
 179.94376    0.09157   22.99426   22.66067    0.10746    0.05931    9.55489   -2.19605    2.53535    1.13425    2.00000
 180.03102    0.01261   23.34994   22.96895    0.03348    0.01848    7.15705    2.91444    1.06185   -1.29495    2.00000
 180.02541   -0.02367   23.37715   22.99200    0.03473    0.01917    6.97770    1.34560   -0.49561    0.97344    2.00000
 179.99892    0.00334   21.74300   21.51540    0.00351    0.00194   25.44846   -0.89510    2.95294    1.94951    2.00000
 179.98528    0.02055   22.51222   22.22919    0.02528    0.01395   14.02931   -8.94604    0.43784   -9.56575    2.00000
 179.98624    0.00652   23.12342   22.77364    0.01523    0.00841    8.67618   -1.44540    0.52705   -0.67957    2.00000
 179.83247    0.24051   22.25128   21.98971    0.29311    0.16177   16.94302   -4.44113   -0.32565   -4.04658    2.00000
 180.01952   -0.04297   21.86708   21.63276    0.04719    0.02605   23.34378   -0.69618    0.49357    0.07172    2.00000
 179.91949   -0.06256   23.52611   23.11809    0.10195    0.05627    6.32095    2.77177    2.31610    4.60368    2.00000
 179.92300    0.02299   23.09221   22.74637    0.08036    0.04435    8.88831   -3.00994    1.09777    0.08789    2.00000
 180.00182   -0.01364   23.39076   23.00353    0.01376    0.00760    6.89772    0.95231    3.78110    7.42730    2.00000
 180.04033   -0.44998   22.61149   22.31896    0.45179    0.24936   12.96034   -3.01687    2.39082   -0.39173    2.00000
 180.05180    0.02915   20.82931   20.44006    0.05945    0.03281   60.70390    0.87867   -1.83846   -0.67946    2.00000
 180.00964   -0.00689   23.66441   23.23394    0.01186    0.00655    5.73773    6.50190    0.31643    6.64650    2.00000
 180.05391    0.02852   23.48557   23.08379    0.06099    0.03366    6.49365    2.40060    3.15466    5.41506    2.00000
 179.82899    0.01875   23.81994   23.36256    0.17202    0.09494    5.09017    0.32561   -2.09789   -3.81679    2.00000
 179.89410   -0.18477   22.24871   21.98734    0.21296    0.11754   16.98538    5.99628   -0.23662    6.74687    2.00000
 179.85765    0.05552   21.70331   21.47712    0.15279    0.08433   26.32630    0.05699    2.77401    2.93615    2.00000
 180.03302    0.08800   23.81518   23.35863    0.09399    0.05188    5.10997    6.36552    0.99320    5.87681    2.00000
 179.99271    0.03999   23.74674   23.30213    0.04065    0.02244    5.39442    0.14036   -1.34736   -6.09983    2.00000
 179.95090   -0.00601   22.60627   22.31427    0.04946    0.02730   13.01615   -1.84236   -3.24483   -2.97742    2.00000
 179.97583    0.01085   22.74984   22.44302    0.02649    0.01462   11.48305   -6.09013    2.06972   -3.99629    2.00000
 180.04886    0.07694   23.59329   23.17463    0.09114    0.05030    6.03630    0.02908   -0.33433   -0.18872    2.00000
 180.06931    0.02419   23.49098   23.08836    0.07341    0.04052    6.47062    3.47885    0.85128    3.61998    2.00000
 179.99173    0.01366   20.18429   19.70354    0.01597    0.00881  103.65702   -1.55310   -3.27652   -4.65643    2.00000
 180.00423    0.02617   22.64540   22.34943    0.02651    0.01463   12.59755   -1.82462   -1.21924   -3.91126    2.00000
 179.97701    0.02065   22.74485   22.43856    0.03091    0.01706   11.53617   -4.26770   -2.15078   -7.40953    2.00000
 179.93433   -0.05504   23.11141   22.76315    0.08569    0.04729    8.75777    1.59732    0.47890    2.95685    2.00000
 179.90488   -0.12170   22.02562   21.78075    0.15447    0.08525   20.69004   -2.40442    1.61027   -0.51101    2.00000
 180.00874    0.03928   23.38259   22.99661    0.04024    0.02221    6.94184   -5.85975    1.22282   -2.26965    2.00000
 180.01242   -0.01485   22.38452   22.11234    0.01935    0.01068   15.42078    1.57523    2.33850    3.73446    2.00000
 180.01932   -0.12563   21.83714   21.60470    0.12711    0.07015   23.84707   -2.32951    0.04883   -1.23891    2.00000
 179.93652    0.03514   23.00934   22.67390    0.07256    0.04005    9.45199   -0.99924   -2.62002   -4.04231    2.00000
 179.98857   -0.09207   22.37012   22.09907    0.09278    0.05121   15.57877    0.30098   -2.97503   -4.49451    2.00000
 180.05072    0.00533   21.91879   21.68124    0.05100    0.02815   22.47445    3.58333    0.98576    3.13206    2.00000
 180.00218    0.04902   23.02980   22.69182    0.04907    0.02708    9.31257   -4.78370    2.31402   -0.08847    2.00000
 179.98618    0.08702   22.46066   22.18220    0.08811    0.04863   14.58880   -0.30565    0.89444   -0.89198    2.00000
 179.99657   -0.06242   21.90246   21.66593    0.06251    0.03450   22.74897   -2.24483   -0.59480   -2.50670    2.00000
 179.98691    0.03792   22.45363   22.17580    0.04012    0.02214   14.66509   -2.56350   -2.97154   -6.97135    2.00000
 180.00945    0.13576   22.73737   22.43187    0.13609    0.07511   11.61584   -5.50862    1.51492   -4.26784    2.00000
 179.94247    0.03917   23.72428   23.28353    0.06959    0.03841    5.48805    0.70602    1.02346   -0.37305    2.00000
 179.94589   -0.02700   22.76730   22.45863    0.06047    0.03338   11.29716   -5.92138   -0.17281   -6.09062    2.00000
 179.95557   -0.04697   21.64775   21.42354    0.06466    0.03569   27.73573   -3.76872    1.76199   -1.71914    2.00000
 179.96571    0.03200   23.44773   23.05177    0.04690    0.02589    6.65484   -1.34714    1.66687   -3.01890    2.00000
 179.95468    0.03621   18.07747   18.09502    0.05801    0.03202  272.72437   -0.94534    3.98994    3.08437    2.00000
 179.99619   -0.07160   22.91847   22.59353    0.07170    0.03957   10.07709    2.51451    0.23399    1.76705    2.00000
 180.00087   -0.04035   23.18153   22.82424    0.04036    0.02227    8.28259    1.65698    0.84253    3.38847    2.00000
 179.91104   -0.07660   22.07522   21.82701    0.11739    0.06479   19.86051   -1.32217   -1.11232   -1.80890    2.00000
 179.89893    0.09387   20.98448   20.69042    0.13794    0.07613   50.47875    0.99174    1.10022    2.20479    2.00000
 180.00874   -0.01848   23.14022   22.78832    0.02045    0.01128    8.56195    0.11731    1.40655   -1.01934    2.00000
 179.98470    0.00354   21.99822   21.75524    0.01570    0.00867   21.14758    1.72474    0.12554    3.13955    2.00000
 180.05600    0.04554   23.32000   22.94358    0.07218    0.03984    7.35434    0.52112   -2.28488    0.95548    2.00000
 180.05511   -0.02158   22.89761   22.57493    0.05919    0.03267   10.22175   -3.62858    3.96313   -0.62477    2.00000
 180.61206   -0.17502   21.29313   21.06515    0.63659    0.35136   37.16297   -1.40279    1.82839    0.44137    2.00000
 180.02255    0.01749   22.50050   22.21851    0.02854    0.01575   14.15646   -5.94791    0.03091   -2.95233    2.00000
 180.02686   -0.03271   23.53962   23.12953    0.04232    0.02336    6.26338    1.93244   -1.20918   -4.15487    2.00000
 179.97514   -0.03376   23.79613   23.34290    0.04192    0.02314    5.18913   -3.27398    1.03217   -9.10314    2.00000
 179.95528    0.01338   23.30095   22.92744    0.04667    0.02576    7.47988    1.83014   -0.41992    3.43170    2.00000
 179.90736   -0.66633   23.76517   23.31735    0.67274    0.37132    5.31778    2.17527    1.84369    3.05943    2.00000
 180.02861    0.00948   21.40591   21.18304    0.03014    0.01663   34.06205   -3.43955    1.56791   -1.62905    2.00000
 180.09752   -0.15309   22.72240   22.41849    0.18151    0.10018   11.77518    1.49787   -1.78290    3.04644    2.00000
 180.01965   -0.02568   23.24492   22.87928    0.03234    0.01785    7.85450   -0.33907    0.38376   -4.64939    2.00000
 179.95650    0.18819   22.41332   22.13887    0.19315    0.10660   15.10480    1.57060    1.56479    4.80181    2.00000
 180.05154    0.04156   23.79137   23.33897    0.06621    0.03654    5.20893   -4.23846    2.19713    5.18833    2.00000
 180.00069    0.00527   23.68125   23.24788    0.00531    0.00293    5.66751   -1.14832    2.12312    6.69770    2.00000
 179.94989   -0.15180   23.70557   23.26803    0.15986    0.08823    5.56608    1.49110   -1.87132    1.15727    2.00000
 180.01328   -0.02433   23.83423   23.37435    0.02771    0.01530    5.03080   -7.37497   -1.05085   -1.43005    2.00000
 179.94759    0.04355   21.43460   21.21235    0.06815    0.03761   33.29097   -7.53488    4.02744   -3.42323    2.00000
 180.00420   -0.00737   20.82746   20.43715    0.00848    0.00468   60.85390   -1.23539    0.51399   -0.40160    2.00000
 179.95276   -0.01766   22.87935   22.55866    0.05043    0.02783   10.34832   -0.54112   -0.37931    2.78396    2.00000
 179.97342   -0.04005   22.67669   22.37755    0.04807    0.02653   12.26267    2.60669    2.41254    6.59518    2.00000
 180.02193    0.00091   20.19058   19.71018    0.02194    0.01211  103.20332   -0.21026   -1.83306   -1.93593    2.00000
 180.03279    0.02006   23.58526   23.16792    0.03844    0.02122    6.07008    1.66284   -1.59573   10.10330    2.00000
 180.05743    0.10955   22.38692   22.11455    0.12370    0.06827   15.39445    2.85137    4.34004    6.85321    2.00000
 180.02827    0.01125   23.33088   22.95280    0.03044    0.01680    7.28260    4.02147   -2.32095    1.83749    2.00000
 179.99651    0.03057   23.73738   23.29438    0.03077    0.01698    5.43343   -3.80561   -0.17324   -6.73020    2.00000
 180.01881   -0.01283   22.10621   21.85650    0.02278    0.01257   19.33179   -1.00519   -2.15385   -2.15878    2.00000
 179.99069   -0.09727   22.78227   22.47202    0.09771    0.05393   11.13782    6.61974    1.45651    5.71482    2.00000
 180.05734   -0.02223   21.87525   21.64042    0.06150    0.03394   23.20651   -2.52037   -0.67736   -3.60398    2.00000
 179.96927    0.01254   21.79632   21.56643    0.03319    0.01832   24.53338    0.13750    3.98778    4.23889    2.00000
 180.03175    0.00456   21.60340   21.38090    0.03208    0.01770   28.85740   -2.82948   -2.10670   -4.84272    2.00000
 180.00481    0.01116   23.65131   23.22309    0.01215    0.00671    5.79235   -0.25282   -2.48330   -6.92417    2.00000
 179.99406   -0.11147   23.83900   23.37828    0.11162    0.06161    5.01101    1.47422   -4.68403   -4.50445    2.00000
 180.10419    0.35625   23.03460   22.69602    0.37117    0.20486    9.27994   -5.31702   -1.65593   -9.42879    2.00000
 180.03326   -0.02676   22.68713   22.38693    0.04269    0.02356   12.15104   -3.19635   -1.44480   -6.47441    2.00000
 180.14653   -0.35256   23.69809   23.26183    0.38180    0.21073    5.59729   -4.45710    1.89709   -0.11449    2.00000
 179.98131   -0.11077   22.58802   22.29787    0.11233    0.06200   13.21150   -3.17257   -3.86088   -8.07437    2.00000
 180.07970    0.14700   21.96533   21.72462    0.16721    0.09229   21.69663   -6.46209    0.18887   -6.63190    2.00000
 179.92473   -0.01029   23.24979   22.88351    0.07597    0.04193    7.82157    3.59620    0.66065   -1.02004    2.00000
 179.94002    0.04284   23.84138   23.38025    0.07371    0.04068    5.00111   -3.64497    1.00793  -15.94820    2.00000
 180.06917    0.01211   22.00918   21.76544    0.07023    0.03876   20.96456    1.91235    1.18506    3.64910    2.00000
 180.04929   -0.02498   21.55473   21.33412    0.05526    0.03050   30.08785   -2.79019   -1.48305   -4.58537    2.00000
 180.06963    0.01278   23.67189   23.24013    0.07080    0.03907    5.70652   -2.80899   -1.30849    2.31919    2.00000
 179.97115    0.03081   22.50753   22.22492    0.04221    0.02330   14.08017    4.82185    0.52105    3.91391    2.00000
 180.01244    0.00567   22.66626   22.36818    0.01367    0.00755   12.37430    4.31060   -1.17641    0.54955    2.00000
 179.93201    0.02401   22.16630   21.91162    0.07210    0.03980   18.34335   -2.68379    2.22236   -0.59930    2.00000
 179.97375    0.01120   22.78477   22.47425    0.02854    0.01575   11.11126    2.78108   -4.03358    0.07352    2.00000
 180.00089    0.04357   22.31971   22.05263    0.04358    0.02405   16.13173    3.06809   -2.22337    0.58914    2.00000
 180.00229   -0.00382   23.13782   22.78623    0.00445    0.00246    8.57827   -5.85198    0.45958   -3.85055    2.00000
 179.98874   -0.01948   23.51260   23.10666    0.02250    0.01242    6.37852   -3.56674    0.27169   -4.15684    2.00000
 179.97072   -0.00695   23.09221   22.74637    0.03010    0.01661    8.88831    2.24620    1.94711    2.04778    2.00000
 179.96600   -0.01431   22.26156   21.99916    0.03688    0.02036   16.77356   -2.19241    5.98559    4.54900    2.00000
 179.96169   -0.01224   23.09941   22.75266    0.04023    0.02220    8.83936   -1.96004    0.02455   -0.50710    2.00000
 179.92325   -0.09003   22.05851   21.81137    0.11831    0.06530   20.14099    7.41773   -4.55625    1.94923    2.00000
 179.96294   -0.04658   22.77479   22.46533    0.05952    0.03285   11.21749   -0.60443   -1.13877   -3.84911    2.00000
 179.95692   -0.00892   21.97355   21.73227    0.04400    0.02428   21.55937   -0.98481    1.19896   -0.99698    2.00000
 179.75063   -0.05946   22.00096   21.75779    0.25636    0.14149   21.10183    3.35026    2.70478    5.86148    2.00000
 180.05344   -0.14224   23.50990   23.10437    0.15194    0.08386    6.39003    3.94791   -1.02394    4.24607    2.00000
 179.98338    0.03813   22.97595   22.64460    0.04159    0.02295    9.67985   -3.09672   -1.31113   -8.65993    2.00000
 180.08186    0.00886   21.10966   20.85590    0.08235    0.04545   44.27709   -3.54691    4.39277    0.91570    2.00000
 180.03465   -0.03101   22.28470   22.02042    0.04651    0.02567   16.51529    1.55942    1.08307    1.37064    2.00000
 180.16264    0.02475   22.23843   21.97789    0.16451    0.09080   17.15484    3.34738    2.66140    8.15278    2.00000
 179.99603    0.02679   22.57237   22.28381    0.02708    0.01495   13.37894   -2.22255    2.10155   -0.61225    2.00000
 179.82785   -0.08832   21.07169   20.80931    0.19348    0.10679   46.02298    3.34277   -2.20512    0.89990    2.00000
 180.03043   -0.15387   22.67148   22.37286    0.15685    0.08657   12.31848   -0.67437    0.22095    0.14511    2.00000
 180.07573    0.01575   21.85620   21.62256    0.07735    0.04269   23.52679    4.73616   -0.97868    3.98907    2.00000
 179.96597    0.01023   23.33088   22.95280    0.03553    0.01961    7.28260   -0.80831   -2.06364   -5.33398    2.00000
 180.00865    0.01163   23.22785   22.86446    0.01450    0.00800    7.96976    2.39363    1.70990    7.50580    2.00000
 180.08194    0.01890   23.66254   23.23239    0.08409    0.04641    5.74554   -4.56988    0.82955   -1.68951    2.00000
 179.97937   -0.00479   23.51800   23.11123    0.02118    0.01169    6.35549   -7.32243   -0.26604   -4.96995    2.00000
 179.99303    0.04431   22.19473   21.93773    0.04486    0.02476   17.87505   -1.61191    0.85147   -0.75993    2.00000
 179.96342   -0.10538   23.63185   23.20684    0.11155    0.06157    5.87416    6.29315   -1.59546    0.74719    2.00000
 179.86676    0.24150   22.66105   22.36349    0.27582    0.15223   12.43011   -5.11979   -0.52134   -5.84990    2.00000
 180.09225   -0.11356   22.67930   22.37990    0.14631    0.08075   12.23476    1.03042   -1.04189    1.03162    2.00000
 179.99226    0.01417   21.45546   21.23367    0.01615    0.00891   32.73018    0.85357    0.54225    2.13049    2.00000
 179.93402   -0.02283   22.52159   22.23773    0.06982    0.03854   13.92758    1.48972    2.50808    4.47250    2.00000
 180.02129    0.04564   22.73238   22.42741    0.05036    0.02780   11.66895   -2.98878    0.44439   -1.67487    2.00000
 180.01547    0.08810   23.57883   23.16256    0.08945    0.04937    6.09710    2.57386    3.90302   11.61127    2.00000
 179.96317    0.00774   22.57758   22.28849    0.03763    0.02077   13.32313    5.33896   -0.69634    5.28197    2.00000
 179.94012   -0.03068   23.32000   22.94358    0.06727    0.03713    7.35434    0.52682   -1.42135   -1.18115    2.00000
 179.93076   -0.02484   22.64018   22.34474    0.07357    0.04061   12.65337   -1.93078   -4.37824   -5.16322    2.00000
 179.98901    0.00939   22.47941   22.19929    0.01446    0.00798   14.38535    3.10344   -3.72623   -0.98324    2.00000
 179.98871    0.00185   23.60454   23.18403    0.01144    0.00631    5.98901   -2.52345    0.20630   -1.55532    2.00000
 179.96622   -0.02481   23.03220   22.69392    0.04192    0.02314    9.29626   -2.10122    0.34241   -2.06969    2.00000
 180.02255    0.05434   22.81969   22.50547    0.05884    0.03247   10.76205    2.18674    3.64362    8.62198    2.00000
 180.01392   -0.00896   23.53692   23.12724    0.01655    0.00914    6.27489    0.28365   -3.73463   -5.62515    2.00000
 180.09048   -0.05978   22.19987   21.94246    0.10845    0.05986   17.79032    2.28661   -0.67724    1.49655    2.00000
 180.04587    0.15971   23.54503   23.13410    0.16616    0.09171    6.24035   -6.70497   -4.08035   -6.16549    2.00000
 180.18336   -0.00145   21.89430   21.65828    0.18337    0.10121   22.88624   -1.67343   -2.07666   -2.31702    2.00000
 180.05731    0.00789   23.78184   23.33111    0.05785    0.03193    5.24851   -2.72047   -2.73291    1.09298    2.00000
 179.79134    0.07157   22.77479   22.46533    0.22060    0.12175   11.21749   -3.32113   -3.19339   -7.10323    2.00000
 180.00342    0.05801   22.90543   22.58191    0.05811    0.03207   10.16750   -0.45416   -3.96285   -2.17649    2.00000
 180.00488   -0.00905   22.58541   22.29553    0.01029    0.00568   13.23941   -4.57330   -0.12821   -4.72941    2.00000
 180.05064   -0.06731   22.36532   22.09464    0.08423    0.04649   15.63143   -3.38464   -0.76043   -5.69088    2.00000
 180.04813    0.00369   22.45831   22.18007    0.04826    0.02664   14.61423    0.02976   -2.09027   -3.39487    2.00000
 180.17921   -0.11502   21.37722   21.15372    0.21295    0.11753   34.83314   -2.71603   -1.40888   -4.52566    2.00000
 179.90942   -0.09916   23.27174   22.90256    0.13430    0.07412    7.67339    1.32689    1.83175    2.78821    2.00000
 179.98322    0.16183   23.37171   22.98739    0.16270    0.08980    7.01357   -2.24375   -1.70263   -3.08189    2.00000
 179.98994    0.01274   22.44660   22.16939    0.01622    0.00895   14.74138   -5.36295   -4.94318   -9.24584    2.00000
 180.05196   -0.03297   23.43152   23.03805    0.06153    0.03396    6.72392    7.94545    2.05801    7.73592    2.00000
 179.99278   -0.00523   23.00934   22.67390    0.00890    0.00491    9.45199   -4.62708   -3.10372   -9.95883    2.00000
 179.96317   -0.01703   22.61671   22.32365    0.04057    0.02239   12.90453   -1.05025    3.91301    0.59830    2.00000
 180.06133   -0.04876   23.60936   23.18805    0.07834    0.04324    5.96874   -1.61820   -3.81114   -7.42086    2.00000
 180.01575   -0.08438   21.07980   20.81961    0.08584    0.04738   45.63704   -2.40978    2.79649    0.08694    2.00000
 180.04034   -0.01676   23.29006   22.91822    0.04369    0.02412    7.55162    2.79675    0.78364    5.05920    2.00000
 180.02454    0.02779   23.09701   22.75056    0.03707    0.02046    8.85567    4.22688    2.80141    7.58234    2.00000
 179.95941    0.03052   22.55440   22.26763    0.05078    0.02803   13.57155    0.99378   -1.96125    0.44960    2.00000
 179.96706   -0.02114   22.45363   22.17580    0.03914    0.02160   14.66509    0.90993    2.36922    3.64962    2.00000
 180.05685   -0.05344   22.33651   22.06811    0.07803    0.04306   15.94741   -4.15879   -1.05388   -4.75263    2.00000
 179.98421    0.00652   23.68125   23.24788    0.01710    0.00944    5.66751   -4.49731   -1.43943    2.32520    2.00000
 179.83064    0.14857   23.59169   23.17329    0.22529    0.12434    6.04306   -3.83931   -0.85796    2.08727    2.00000
 179.97919   -0.07317   21.61897   21.39587    0.07607    0.04199   28.46366    0.61063   -4.50764   -3.06198    2.00000
 180.01405   -0.04824   21.88613   21.65063    0.05025    0.02773   23.02350   -0.34959   -0.51668   -0.95096    2.00000
 180.12199   -0.04744   23.50719   23.10209    0.13090    0.07225    6.40154   -4.58337    1.25516   -6.84156    2.00000
 179.98946   -0.05157   23.55584   23.14325    0.05263    0.02905    6.19430   -2.48556   -2.79549   -2.32339    2.00000
 179.95709   -0.00096   23.10661   22.75895    0.04292    0.02369    8.79040   -3.13947   -2.73702   -8.75598    2.00000
 180.05846    0.01104   22.65322   22.35646    0.05950    0.03284   12.51383   -1.14409    2.62429    0.78162    2.00000
 179.97118   -0.02450   22.62975   22.33537    0.03783    0.02088   12.76499   -3.45431   -2.77144   -6.00198    2.00000
 179.96289   -0.00366   21.95985   21.71952    0.03729    0.02058   21.78814    3.66242   -1.66978    3.81824    2.00000
 180.00063   -0.08916   22.16968   21.91471    0.08916    0.04921   18.28787    2.34979   -2.40950   -0.21575    2.00000
 180.02945    0.00335   21.80176   21.57153    0.02964    0.01636   24.44187    0.33350    2.71053    3.27648    2.00000
