#RA        DEC       MAG_G     MAG_I     ANGSEP    RPROJ     SNR       VTRUE       VSYS       VMEAS      VSYSERR    
 180.00688    0.01775   19.79146   19.29121    0.01904    0.01051  135.97951    0.86414   -0.05015    0.86025    2.00000
 179.94991    0.05677   23.58044   23.16390    0.07572    0.04179    6.09035    3.19416    0.66519   10.11571    2.00000
 179.98586   -0.00406   23.35538   22.97356    0.01471    0.00812    7.12118    1.73513    2.23491    5.81764    2.00000
 179.77333    0.07752   21.72977   21.50264    0.23956    0.13222   25.67723    2.40302   -4.63583   -3.64896    2.00000
 179.94518    0.03599   22.18445   21.92828    0.06558    0.03620   18.04451    2.20311   -0.54642   -0.90355    2.00000
 179.98834    0.01872   18.02296   18.04804    0.02206    0.01217  279.19504   -4.22559    0.86949   -3.26550    2.00000
 180.04755   -0.30121   22.17160   21.91647    0.30494    0.16830   18.25633    1.20540   -0.34783    2.43260    2.00000
 180.00021   -0.01291   22.90804   22.58423    0.01291    0.00713   10.14942   -1.62031    2.83956    2.79591    2.00000
 179.94772    0.10332   20.57023   20.11732    0.11580    0.06391   77.33618    1.91656   -2.60460   -0.41570    2.00000
 179.99910    0.01171   23.62703   23.20281    0.01174    0.00648    5.89443    2.39667   -0.55349    6.12200    2.00000
 179.98384    0.02829   23.63827   23.21221    0.03258    0.01798    5.84713   -2.30113    0.95066    2.10884    2.00000
 180.01764    0.06414   22.70493   22.40288    0.06652    0.03672   11.96107   -0.10751   -2.71517   -2.62534    2.00000
 180.00572    0.04005   22.02288   21.77820    0.04046    0.02233   20.73579  -10.18763   -0.65892   -9.81969    2.00000
 180.01125   -0.00167   23.75327   23.30752    0.01136    0.00627    5.36726   -0.54522   -1.94947   -2.86978    2.00000
 179.93100    0.04481   22.30012   22.03459    0.08228    0.04541   16.34650   -0.96512    2.29538    0.10212    2.00000
 179.99446    0.02139   23.44773   23.05177    0.02209    0.01219    6.65484   -0.22903   -1.18404    1.69334    2.00000
 180.07825   -0.03441   22.20244   21.94482    0.08547    0.04717   17.74795   -0.32365   -4.26279   -4.41930    2.00000
 179.97607    0.11669   23.69996   23.26338    0.11912    0.06574    5.58948   -0.69872    3.42194    4.13920    2.00000
 180.00656    0.08393   23.25467   22.88774    0.08419    0.04647    7.78864   -9.38313   -2.14962   -9.37377    2.00000
 179.92770   -0.07972   21.81809   21.58684    0.10763    0.05940   24.16735    3.44765   -1.38935    2.72094    2.00000
 179.99042   -0.06396   23.65693   23.22774    0.06467    0.03569    5.76894    1.83928   -0.82549    0.37532    2.00000
 180.04932    0.12100   23.29006   22.91822    0.13066    0.07211    7.55162  -12.17605    0.29688  -11.81823    2.00000
 180.09178    0.04530   22.44191   22.16512    0.10235    0.05649   14.79225    7.85178    2.94452    9.86322    2.00000
 179.99213    0.02108   23.32816   22.95050    0.02250    0.01242    7.30053   -1.45681    0.19200    0.48431    2.00000
 180.09886   -0.04177   23.56389   23.15006    0.10732    0.05923    6.16001    4.61631   -2.44934    4.25567    2.00000
 179.99992    0.05738   21.76682   21.53836    0.05738    0.03167   25.03668   -0.91770   -1.37110   -1.42207    2.00000
 179.79323   -0.13011   22.59323   22.30256    0.24430    0.13484   13.15569    5.29418   -2.65932    0.29212    2.00000
 179.87927   -0.04294   21.91879   21.68124    0.12812    0.07071   22.47445   -0.70576   -3.66028   -3.15380    2.00000
 179.95502    0.08230   23.71867   23.27888    0.09379    0.05177    5.51146    0.25152    0.55328    3.72876    2.00000
 179.71738   -0.00722   23.40437   23.01506    0.28272    0.15604    6.83968   -1.06516   -1.30720   -6.90867    2.00000
 179.99413   -0.19509   23.27661   22.90680    0.19518    0.10772    7.64046    2.74060    1.79071    2.53491    2.00000
 179.98093   -0.00887   22.49347   22.21210    0.02104    0.01161   14.23276   -4.84865   -0.56454   -8.82349    2.00000
 179.97116    0.10908   21.67685   21.45161    0.11283    0.06227   26.99746    0.03830    1.04246    0.60119    2.00000
 180.03493   -0.02293   22.71242   22.40957    0.04178    0.02306   11.88140   -0.15249    2.58065    2.73204    2.00000
 179.94536   -0.05111   22.75982   22.45194    0.07482    0.04129   11.37683    1.17929    0.15099    1.80532    2.00000
 180.04494   -0.05187   21.65039   21.42609    0.06863    0.03788   27.66861    3.36665    1.33997    4.80181    2.00000
 179.94872    0.05270   21.14251   20.89582    0.07354    0.04059   42.78114    0.10723    4.82229    5.01867    2.00000
 179.95486    0.02765   22.09924   21.84986    0.05293    0.02921   19.45075    2.93052   -2.46473   -0.19696    2.00000
 180.00830   -0.01871   23.25711   22.88986    0.02047    0.01130    7.77218   -9.86644    3.20675   -8.26923    2.00000
 180.03127    0.05132   22.78726   22.47648    0.06009    0.03317   11.08471   -6.12525   -0.92623   -5.35761    2.00000
 180.08086   -0.06217   23.09701   22.75056    0.10198    0.05629    8.85567   -5.05632   -2.90016   -6.14238    2.00000
 179.94781   -0.14247   21.00008   20.71338    0.15173    0.08374   49.61816   -3.40435    0.15535   -3.53615    2.00000
 179.89830   -0.08430   21.71125   21.48478    0.13209    0.07291   26.12496   -1.60681   -1.25519   -2.42181    2.00000
 179.95517    0.03259   22.63757   22.34240    0.05543    0.03059   12.68127    0.36648    0.88851    1.08640    2.00000
 179.89624   -0.03228   22.94716   22.61910    0.10867    0.05998    9.87819   -5.48384    0.57663   -3.10685    2.00000
 179.96323    0.01694   22.48878   22.20783    0.04048    0.02234   14.28362   -2.97113   -0.35136   -2.67844    2.00000
 179.95058    0.01051   23.37171   22.98739    0.05053    0.02789    7.01357   -0.80619    1.13275   -0.55851    2.00000
 180.05554    0.02846   23.24492   22.87928    0.06241    0.03445    7.85450    0.75777    0.00165   -1.66351    2.00000
 180.02922    0.03095   23.33088   22.95280    0.04256    0.02349    7.28260    0.69616   -2.64508   -3.97564    2.00000
 179.97995    0.08917   18.09238   17.70328    0.09139    0.05044  336.41901   -2.11427   -2.43068   -4.53455    2.00000
 179.99149   -0.01523   19.79595   19.29589    0.01745    0.00963  135.56641    2.87948    1.32495    4.08778    2.00000
 180.07692   -0.03475   23.07781   22.73378    0.08441    0.04659    8.98622   -3.66706    1.28092    0.93888    2.00000
 180.03159    0.05627   23.68312   23.24943    0.06453    0.03562    5.65971    3.47425   -2.58556   -8.24609    2.00000
 180.00604    0.00934   23.75803   23.31145    0.01112    0.00614    5.34747    6.72220   -1.19738    1.35435    2.00000
 180.01968    0.05764   21.64039   21.41645    0.06090    0.03361   27.92226   -4.80444   -0.24215   -6.22814    2.00000
 180.02032   -0.13329   23.75088   23.30555    0.13483    0.07442    5.37716    2.10296   -1.78935    4.15334    2.00000
 180.18489   -0.22169   23.57562   23.15987    0.28867    0.15932    6.11062   -0.94407   -2.74253    7.27161    2.00000
 180.01376   -0.24551   22.90804   22.58423    0.24590    0.13572   10.14942   -1.81550    0.91612   -0.79308    2.00000
 179.98466    0.02118   22.00370   21.76034    0.02615    0.01443   21.05607    2.18522   -1.81048    2.33328    2.00000
 180.03380    0.00076   23.32000   22.94358    0.03381    0.01866    7.35434    4.05972    0.89997    3.96566    2.00000
 179.97079   -0.05929   23.81042   23.35469    0.06609    0.03648    5.12976   -5.39402   -0.24128   -0.58758    2.00000
 179.98286    0.01819   22.28213   22.01806    0.02499    0.01379   16.54342    3.97310    0.83894    3.92261    2.00000
 180.05766    0.00615   22.63496   22.34005    0.05800    0.03201   12.70918   -2.72253   -0.50888   -1.75929    2.00000
 179.98752    0.00096   22.42532   22.14993    0.01252    0.00691   14.97314    3.98999   -0.23706    2.87215    2.00000
 179.95714   -0.04790   21.49157   21.27056    0.06428    0.03548   31.75970    1.46282   -1.64683   -0.31507    2.00000
 180.05846    0.02124   23.79613   23.34290    0.06220    0.03433    5.18913    3.35165   -0.68425    8.07560    2.00000
 180.00258   -0.01571   22.39172   22.11897    0.01592    0.00879   15.34178   -0.74344    0.55298    1.05355    2.00000
 179.99384    0.00644   23.21566   22.85388    0.00892    0.00492    8.05208   -4.91842   -1.80770   -9.51222    2.00000
 179.93254   -0.05791   22.97164   22.64082    0.08891    0.04907    9.70925    2.35514   -3.69405    0.22603    2.00000
 179.97102   -0.41514   21.37200   21.14839    0.41615    0.22968   34.97333   -2.03757    2.27219    0.42343    2.00000
 180.00134    0.06283   23.58847   23.17061    0.06284    0.03469    6.05657   -0.36506    0.69822    3.21445    2.00000
 179.96957    0.00859   23.40981   23.01967    0.03161    0.01744    6.81646    3.68880   -1.84869    0.47709    2.00000
 179.99742   -0.11563   23.73364   23.29128    0.11566    0.06383    5.44904   -4.24034    0.03061   -1.79688    2.00000
 180.08408   -0.00230   22.85066   22.53309    0.08411    0.04642   10.54722   -1.48213   -0.87585   -2.15908    2.00000
 179.79433   -0.08507   21.30122   21.07377    0.22258    0.12284   36.93627   -1.18512    1.07189    0.19604    2.00000
 179.94064    0.01852   23.17421   22.81789    0.06217    0.03431    8.33198   -3.49952   -1.75506   -1.75621    2.00000
 180.00841   -0.16573   20.54272   20.08716    0.16595    0.09159   78.89053   -2.47577    2.10153   -0.28153    2.00000
 179.95808   -0.11063   17.97528   17.95917    0.11831    0.06530  292.77585   -2.89272    0.73579   -2.13612    2.00000
 179.99168    0.03892   21.63455   21.41084    0.03980    0.02197   28.06991   -6.95309    1.06312   -5.50316    2.00000
 180.00641    0.03711   23.77708   23.32718    0.03766    0.02078    5.26830   -0.56672   -1.01179   -8.11640    2.00000
 179.96645   -0.01916   20.94462   20.63006    0.03865    0.02133   52.74084   -3.40030    0.25048   -3.25673    2.00000
 179.96825   -0.08437   21.70861   21.48223    0.09015    0.04976   26.19207    1.05907   -1.70139   -0.20755    2.00000
 179.91515   -0.02124   23.40437   23.01506    0.08748    0.04828    6.83968    0.02487   -1.73216    0.16949    2.00000
 180.19492   -0.09963   21.74036   21.51284    0.21890    0.12081   25.49422   -2.85219    0.74973   -1.94805    2.00000
 179.94186   -0.00994   23.20835   22.84753    0.05898    0.03255    8.10148    0.91150   -0.59230   -0.51914    2.00000
 179.96855    0.09607   23.49368   23.09065    0.10108    0.05579    6.45911    0.14317   -1.70473   -3.39747    2.00000
 179.92657    0.07422   23.48827   23.08608    0.10439    0.05762    6.48214    1.91208   -2.84113   -2.97398    2.00000
 180.03281    0.02557   23.06581   22.72329    0.04159    0.02295    9.06781    2.18989    3.26227    2.04237    2.00000
 180.07056    0.02525   21.99548   21.75269    0.07493    0.04136   21.19333   -2.70209   -0.71618   -4.02578    2.00000
 180.04652   -0.03595   23.81042   23.35469    0.05880    0.03245    5.12976   -3.93659    2.36163    0.90838    2.00000
 180.00710    0.01332   22.50987   22.22705    0.01509    0.00833   14.05474   -0.89887    3.70854    1.36765    2.00000
 180.03534   -0.02204   23.42611   23.03348    0.04165    0.02299    6.74695    3.26043   -1.09299    3.51951    2.00000
 180.26801    0.07480   22.98026   22.64838    0.27825    0.15358    9.65045   -3.47101   -0.27237   -1.30517    2.00000
 180.00404    0.04715   23.18640   22.82847    0.04732    0.02612    8.24966   -2.35009   -0.31881   -1.76590    2.00000
 179.94528    0.02674   23.43962   23.04491    0.06090    0.03361    6.68938    4.54545   -0.31173    6.49822    2.00000
 179.99155    0.03257   22.90804   22.58423    0.03365    0.01857   10.14942   -0.18518    1.09163    2.75763    2.00000
 180.02467   -0.12703   21.64039   21.41645    0.12941    0.07142   27.92226    3.52600   -1.88709    2.14919    2.00000
 180.01323   -0.07257   22.95499   22.62608    0.07376    0.04071    9.82395   -3.38630   -2.65241   -7.76751    2.00000
 179.98262   -0.00108   23.25223   22.88563    0.01741    0.00961    7.80511    0.41687   -0.09471   -4.16446    2.00000
 179.99460    0.02309   22.59062   22.30021    0.02372    0.01309   13.18359   -8.34194   -0.39207   -9.76927    2.00000
 179.98859    0.04063   22.64800   22.35177    0.04221    0.02330   12.56964   -1.42237    0.13239   -4.59556    2.00000
 180.03285    0.03018   23.28462   22.91361    0.04461    0.02462    7.58749   -2.97582   -1.93497   -5.53859    2.00000
 180.04379   -0.00272   23.82709   23.36845    0.04388    0.02422    5.06049    0.07186   -2.18228   -0.81312    2.00000
 179.98087   -0.00422   23.19128   22.83271    0.01960    0.01082    8.21673   -0.73985   -3.54732   -8.68553    2.00000
 180.01123   -0.15211   22.65322   22.35646    0.15253    0.08418   12.51383   11.01235   -1.84495   10.57251    2.00000
 180.02919   -0.01839   22.99965   22.66539    0.03450    0.01904    9.51814    1.48859    3.59899    3.51769    2.00000
 180.04070   -0.01865   22.85588   22.53774    0.04476    0.02470   10.51106    5.75170   -0.29923    0.47303    2.00000
 179.93803   -0.01468   21.23195   20.99969    0.06368    0.03515   38.88829   -0.70169    1.30763    0.70046    2.00000
 179.99718    0.06075   23.33088   22.95280    0.06082    0.03357    7.28260    1.34140   -0.48468    1.37328    2.00000
 180.00401    0.00707   22.18702   21.93064    0.00813    0.00449   18.00214    2.96610   -0.10553    2.79955    2.00000
 179.96225   -0.06182   21.69273   21.46692    0.07243    0.03998   26.59476   -2.01844   -1.22703   -2.64455    2.00000
 179.96870    0.01209   23.69809   23.26183    0.03355    0.01852    5.59729    0.50854    2.89357   -3.15491    2.00000
 179.94414    0.08765   23.56389   23.15006    0.10394    0.05737    6.16001    1.45200   -4.25212   -5.59560    2.00000
 180.05978   -0.02196   22.94195   22.61445    0.06368    0.03515    9.91436    1.95535    1.13558    2.93758    2.00000
 180.09796   -0.07927   21.82898   21.59704    0.12602    0.06955   23.98433    2.94851    0.46109    2.56327    2.00000
 179.94707    0.04604   21.80449   21.57408    0.07015    0.03872   24.39612   -2.63543    2.95598   -0.18047    2.00000
 179.95135   -0.22121   23.80089   23.34683    0.22649    0.12501    5.16934   -1.65217    1.33824    1.46246    2.00000
 179.93951   -0.02592   21.94615   21.70676    0.06580    0.03632   22.01691    2.56863    0.49826    3.04687    2.00000
 179.96011   -0.11438   23.80566   23.35076    0.12114    0.06686    5.14955    3.78965   -0.82568    8.22369    2.00000
 179.95013   -0.12530   23.43152   23.03805    0.13486    0.07443    6.72392   -1.60331   -2.24563   -1.27567    2.00000
 180.01987    0.00525   23.82709   23.36845    0.02055    0.01134    5.06049   -1.81075    0.59119   -2.31144    2.00000
 180.18616   -0.08044   23.43422   23.04034    0.20279    0.11192    6.71241   -4.07618   -0.26705   -3.92383    2.00000
 180.02116    0.20510   23.08261   22.73797    0.20619    0.11380    8.95358    2.92691   -0.34115    6.25313    2.00000
 179.98479    0.04088   22.26156   21.99916    0.04362    0.02407   16.77356    1.71587   -1.04730   -0.21408    2.00000
 179.97894   -0.08521   23.83185   23.37239    0.08778    0.04845    5.04069    5.00045    0.90919   -0.10610    2.00000
 179.95764    0.05999   22.17931   21.92356    0.07344    0.04053   18.12924   -2.05003    3.71642    2.15019    2.00000
 180.02528    0.15018   23.48017   23.07922    0.15230    0.08406    6.51668   -1.79294   -1.22842   -5.96929    2.00000
 180.00977   -0.03491   22.08839   21.83954    0.03625    0.02001   19.63580   -0.08022   -0.72695   -1.61183    2.00000
 180.00301   -0.05592   21.99000   21.74758    0.05600    0.03091   21.28484    2.31625    0.44024    3.74400    2.00000
 179.91173   -0.15719   23.72990   23.28818    0.18028    0.09950    5.46464    2.23990   -0.39372    1.80673    2.00000
 180.00076   -0.00149   22.64279   22.34708    0.00167    0.00092   12.62546   -0.01394    1.18389    3.68243    2.00000
 180.03514    0.01421   22.81470   22.50101    0.03791    0.02092   10.79675    1.05216    0.61229   -1.13511    2.00000
 180.00671    0.00782   23.43422   23.04034    0.01031    0.00569    6.71241   -1.95521   -1.38037    0.84914    2.00000
 180.01262   -0.03408   23.65693   23.22774    0.03634    0.02006    5.76894   -0.09363    1.72389   -0.71590    2.00000
 179.94296    0.07460   22.61410   22.32131    0.09391    0.05183   12.93243   -1.21972   -1.63450   -3.38035    2.00000
 180.13742   -0.05475   22.62453   22.33068    0.14792    0.08164   12.82081    4.85766   -3.53456    0.63015    2.00000
 180.01347    0.06622   22.72240   22.41849    0.06758    0.03730   11.77518   -1.65856   -0.02459    0.68075    2.00000
 179.93988   -0.04678   22.61671   22.32365    0.07617    0.04204   12.90453    4.30589   -0.75230    5.07575    2.00000
 179.99039   -0.00062   22.69234   22.39161    0.00963    0.00531   12.09523    5.02129    0.00415    3.35388    2.00000
 179.96738   -0.01243   23.62703   23.20281    0.03492    0.01927    5.89443    3.08835    1.21852    5.65984    2.00000
 180.02197   -0.06128   21.63260   21.40897    0.06510    0.03593   28.11913   -1.02206    1.81815    0.80403    2.00000
 179.89505    0.06961   23.75327   23.30752    0.12593    0.06950    5.36726   -2.02510   -0.45302   -2.91734    2.00000
 179.97762   -0.09801   23.47746   23.07693    0.10054    0.05549    6.52819   -3.33693   -2.57222   -1.42553    2.00000
 179.92810   -0.05831   22.98564   22.65311    0.09257    0.05109    9.61369    1.93269   -0.28680    3.97009    2.00000
 179.93620    0.05653   23.65131   23.22309    0.08523    0.04704    5.79235    1.44784    0.61995   -1.15257    2.00000
 180.05940   -0.00508   20.77266   20.36027    0.05962    0.03291   64.81606   -2.91921    5.75749    2.90034    2.00000
 180.10651    0.08693   23.54233   23.13182    0.13747    0.07587    6.25187   -0.24744   -2.42434   -1.54342    2.00000
 179.95602   -0.10568   22.20501   21.94718    0.11446    0.06318   17.70559    4.21964   -0.44123    2.29458    2.00000
 179.99026   -0.00843   21.07169   20.80931    0.01289    0.00711   46.02298    6.92688    2.43162    9.55199    2.00000
 179.94202   -0.01141   23.08021   22.73588    0.05910    0.03262    8.96990    1.72198    3.66571    0.62784    2.00000
 180.02736   -0.04924   22.51690   22.23346    0.05633    0.03109   13.97845    2.35210    0.06360    3.61220    2.00000
 179.84653   -0.06600   22.85066   22.53309    0.16706    0.09221   10.54722  -10.64042   -1.34856  -14.03790    2.00000
 179.97520   -0.02528   21.15967   20.91642    0.03541    0.01954   42.00890    1.42390    0.70465    2.33077    2.00000
 179.89731    0.02692   22.11697   21.86654    0.10616    0.05859   19.15168   -0.45962   -4.36054   -5.48517    2.00000
 179.99001    0.00880   20.98136   20.68583    0.01332    0.00735   50.65087    2.85424   -1.00616    1.96003    2.00000
 180.05991   -0.00279   22.96020   22.63073    0.05998    0.03310    9.78778   -0.63465    1.03361    2.80708    2.00000
 180.00610   -0.01703   21.49377   21.27281    0.01809    0.00998   31.70071   -6.13649    0.57459   -5.51931    2.00000
 180.01707   -0.01569   22.43254   22.15657    0.02320    0.01280   14.89402    1.38608    3.19405    5.68211    2.00000
 179.94894   -0.11031   23.22298   22.86023    0.12155    0.06709    8.00269   -4.91428   -1.78400   -9.49560    2.00000
 179.96745   -0.01018   22.17674   21.92119    0.03410    0.01882   18.17160   -0.93737   -0.57436   -2.48947    2.00000
 179.91020    0.15637   21.50443   21.28369    0.18032    0.09952   31.41435   -3.68654   -0.08898   -2.94121    2.00000
 179.92596   -0.04355   21.60924   21.38651    0.08590    0.04741   28.70975    0.14541   -3.14035   -2.97404    2.00000
 179.97090   -0.02060   22.75982   22.45194    0.03565    0.01968   11.37683    4.22548    3.15447    8.61664    2.00000
 180.04150   -0.03599   23.75565   23.30949    0.05493    0.03032    5.35737    3.39409   -0.37341    5.95022    2.00000
 180.03899   -0.05342   23.44233   23.04720    0.06613    0.03650    6.67787   -4.20212    0.57364   -6.86855    2.00000
 180.02632   -0.04172   23.26442   22.89621    0.04932    0.02722    7.72278    0.47680   -3.99106   -6.73679    2.00000
 179.98524    0.00447   22.18959   21.93301    0.01541    0.00851   17.95978   -0.13124    0.71087    0.47494    2.00000
 179.74501   -0.09978   21.99274   21.75013    0.27382    0.15113   21.23909    0.32900    1.18597    0.97199    2.00000
 179.94965   -0.00915   22.83762   22.52146    0.05118    0.02825   10.63763    3.93823    1.26828    4.68207    2.00000
 179.95439    0.01561   21.40069   21.17771    0.04821    0.02661   34.20225    0.50190    2.01912    1.70520    2.00000
 180.04877   -0.03059   22.93412   22.60748    0.05757    0.03177    9.96860    1.31204   -1.94581   -0.63303    2.00000
 180.09715   -0.00850   22.70992   22.40734    0.09752    0.05382   11.90796   -3.67474   -1.48609   -5.32934    2.00000
 180.07385    0.12471   23.28190   22.91130    0.14494    0.08000    7.60543    2.49383   -2.32127    0.11116    2.00000
 179.98260    0.04675   23.34177   22.96203    0.04988    0.02753    7.21086   -6.62825   -2.92142  -11.95892    2.00000
 180.10149    0.02261   23.15958   22.80519    0.10396    0.05738    8.43077   -2.27636   -0.15710   -5.21773    2.00000
 180.05042    0.03937   23.75565   23.30949    0.06397    0.03531    5.35737   -3.31349    0.62234   -2.22577    2.00000
 180.00487    0.00410   22.99103   22.65783    0.00637    0.00351    9.57694    6.03928   -0.91066    5.31568    2.00000
 179.98430    0.04790   21.82082   21.58939    0.05040    0.02782   24.12160    2.41433   -0.82545    1.24229    2.00000
 179.99757   -0.01621   22.47706   22.19715    0.01639    0.00904   14.41078   -4.35593   -0.51221   -2.66540    2.00000
 179.99120    0.00443   22.04481   21.79861    0.00985    0.00544   20.36976    5.11990   -3.37185    1.64318    2.00000
 179.95728   -0.00140   23.74674   23.30213    0.04275    0.02360    5.39442   -0.92447    2.84316    1.52035    2.00000
 180.02814   -0.04155   23.43962   23.04491    0.05017    0.02769    6.68938   -0.09370    1.27457    1.47497    2.00000
 179.88966   -0.12990   23.53422   23.12495    0.17044    0.09407    6.28641   -7.73961    1.38722   -7.36769    2.00000
 180.07098   -0.02614   21.69538   21.46947    0.07564    0.04175   26.52765    4.92983   -4.56734    0.76231    2.00000
 179.97485   -0.04203   21.60535   21.38277    0.04898    0.02703   28.80818    1.08965   -0.57971    0.49270    2.00000
 180.04591    0.03250   23.80804   23.35273    0.05625    0.03105    5.13965    0.08250    0.43088    3.11329    2.00000
 179.95773    0.00678   23.52341   23.11581    0.04281    0.02363    6.33246   -4.12727   -0.77266    0.37795    2.00000
 180.01988    0.04771   19.46490   18.94987    0.05168    0.02853  167.18855    1.85609   -0.51586    1.38913    2.00000
 180.09335   -0.02786   21.49910   21.27825    0.09743    0.05377   31.55753   -3.25982    1.48952   -2.18572    2.00000
 179.88338   -0.01323   22.72988   22.42518    0.11737    0.06478   11.69551    0.06527   -1.08280    1.01872    2.00000
 179.97617    0.00300   22.05029   21.80372    0.02402    0.01326   20.27825   -4.79678   -1.21397   -8.35891    2.00000
 179.97519   -0.03515   23.45854   23.06092    0.04302    0.02374    6.60879    0.03029   -0.74032    3.02207    2.00000
 180.12553   -0.09574   21.22877   20.99625    0.15788    0.08714   39.01720   -1.48729   -3.28695   -5.19012    2.00000
 180.03593   -0.05272   23.04661   22.70651    0.06380    0.03521    9.19835   -3.15833    0.49905    2.02282    2.00000
 180.17033   -0.03730   22.15095   21.89759    0.17437    0.09624   18.59483   -0.46444   -1.72959   -2.46141    2.00000
 180.00993   -0.00804   23.35266   22.97125    0.01278    0.00706    7.13912    1.82175    3.58967   -0.32640    2.00000
 180.01584    0.01716   23.56389   23.15006    0.02335    0.01289    6.16001   -2.13134   -2.20924   -1.44552    2.00000
 180.00723   -0.10179   22.72489   22.42072    0.10205    0.05632   11.74862   -0.20761    0.39070    0.30734    2.00000
 179.97482   -0.00900   21.71390   21.48733    0.02674    0.01476   26.05784    1.68327    3.15619    6.33438    2.00000
 180.17868   -0.12499   23.69248   23.25718    0.21806    0.12035    5.62070   -2.90826    0.68246   -6.31732    2.00000
 179.99628   -0.03347   23.45044   23.05406    0.03367    0.01859    6.64333   -1.23370    2.01529    2.46032    2.00000
 180.15092   -0.00473   21.04674   20.77643    0.15099    0.08334   47.25544    1.42072   -0.29179    0.75945    2.00000
 180.05807   -0.02780   22.06673   21.81902    0.06438    0.03553   20.00373    2.23542    2.62626    5.07335    2.00000
 180.04369    0.06731   22.26156   21.99916    0.08025    0.04429   16.77356   -2.95839   -0.43991   -3.21812    2.00000
 179.97926   -0.11156   21.83442   21.60215    0.11348    0.06263   23.89283   -0.55368   -1.91722   -3.96798    2.00000
 180.08910   -0.02318   22.22301   21.96372    0.09207    0.05081   17.40903    0.19619   -1.93016   -2.50689    2.00000
 179.74136    0.10071   23.71119   23.27268    0.27754    0.15318    5.54267    0.50124   -0.55398    3.56737    2.00000
 179.64551    0.06419   22.48409   22.20356    0.36025    0.19883   14.33448    5.63627    1.87968    6.18809    2.00000
 179.93195    0.03198   23.29822   22.92513    0.07519    0.04150    7.49782    0.79736   -2.30387    3.23339    2.00000
 180.09581   -0.24616   23.33361   22.95511    0.26415    0.14579    7.26466    2.01825    1.23332    3.18285    2.00000
 180.01857   -0.16710   22.33171   22.06369    0.16813    0.09279   16.00007   13.78287   -0.78912   13.39962    2.00000
 179.97314   -0.00490   22.92108   22.59586    0.02731    0.01507   10.05901    1.49701    1.33007    4.57547    2.00000
 179.90247    0.15077   22.65583   22.35880    0.17957    0.09911   12.48592    1.16531    0.76506    2.54131    2.00000
 180.06319    0.11013   23.58847   23.17061    0.12697    0.07008    6.05657    0.41924    0.50309    2.37075    2.00000
 179.95052   -0.00276   22.88978   22.56796    0.04957    0.02736   10.27600    2.76775   -0.45607    4.46795    2.00000
 179.99881   -0.01527   21.51331   21.29277    0.01532    0.00846   31.17572    3.03737    0.46330    3.70096    2.00000
 180.01024    0.01413   21.55084   21.33038    0.01745    0.00963   30.18629    2.05633    0.37906    2.61526    2.00000
 180.01657    0.00420   23.40981   23.01967    0.01710    0.00944    6.81646    5.44118    2.08573    8.12804    2.00000
 180.03680    0.12499   21.05797   20.79123    0.13029    0.07191   46.70084    7.70217    0.24669    8.05164    2.00000
 180.07925    0.04552   23.20591   22.84541    0.09139    0.05044    8.11794    0.36577   -0.24165   -1.14775    2.00000
 180.03181    0.03495   21.39808   21.17504    0.04727    0.02609   34.27235   -5.86839    0.68284   -5.23742    2.00000
 179.94122   -0.12187   17.52894   16.86205    0.13530    0.07468  513.16010    2.76702    2.22202    4.96907    2.00000
 179.97037   -0.04502   23.76279   23.31538    0.05389    0.02974    5.32768    0.57268    0.00307   -3.90846    2.00000
 179.97218    0.00154   23.65693   23.22774    0.02785    0.01537    5.76894    0.11147    0.77101   -3.80051    2.00000
 179.88708    0.25566   23.75327   23.30752    0.27948    0.15425    5.36726    0.73345    2.25935   11.69562    2.00000
 180.00424   -0.10534   23.13782   22.78623    0.10542    0.05818    8.57827   -3.95628   -1.37405   -5.63375    2.00000
 180.00317   -0.05774   20.87281   20.51083    0.05782    0.03191   57.20937   -1.58807    0.22329   -0.92223    2.00000
 179.98904    0.00692   21.87525   21.64042    0.01295    0.00715   23.20651    1.76413   -2.36421   -1.53268    2.00000
 179.91589    0.07924   22.56976   22.28146    0.11556    0.06378   13.40685   -7.11837    1.81308   -4.68550    2.00000
 179.92430    0.10692   22.93673   22.60980    0.13100    0.07230    9.95052   -2.49829    3.48939    2.31131    2.00000
 180.02299    0.03859   22.83240   22.51682    0.04492    0.02479   10.67380   -1.66769    4.57168    5.65901    2.00000
 179.95265   -0.10944   21.69538   21.46947    0.11925    0.06581   26.52765    4.87635   -0.54521    4.21470    2.00000
 180.01784   -0.01610   18.01613   18.04110    0.02402    0.01326  280.15182   -2.74019   -3.47477   -6.22552    2.00000
 180.13260    0.16984   23.62382   23.20013    0.21547    0.11892    5.90794   -1.98676    3.58257    4.51852    2.00000
 180.02547   -0.07742   23.62382   23.20013    0.08150    0.04498    5.90794   -3.13633   -0.17259    0.41754    2.00000
 180.00571    0.00753   22.21529   21.95663    0.00945    0.00522   17.53613   -0.49716   -0.21707   -1.66735    2.00000
 180.00467   -0.00202   22.02562   21.78075    0.00509    0.00281   20.69004    0.29688   -1.75976   -1.18831    2.00000
 179.98531   -0.03779   22.43722   22.16085    0.04055    0.02238   14.84311   -1.22389   -0.39707   -2.38140    2.00000
 180.03067   -0.01456   23.09941   22.75266    0.03395    0.01874    8.83936    5.86978   -2.00654    0.05772    2.00000
 180.05301   -0.05290   22.47472   22.19502    0.07489    0.04134   14.43621   -3.03010    3.04290    1.89177    2.00000
 180.10063    0.09740   23.40165   23.01276    0.14005    0.07729    6.85129    5.47723   -0.78696    7.21751    2.00000
 180.06900   -0.09405   22.43012   22.15435    0.11665    0.06438   14.92048    0.62990   -0.99494   -1.09578    2.00000
 180.01222   -0.05932   21.42156   21.19903    0.06056    0.03343   33.64146    5.66897    0.01051    5.42521    2.00000
 179.91945   -0.05522   22.98026   22.64838    0.09766    0.05390    9.65045   -1.88235    1.94243   -1.44975    2.00000
 179.96410   -0.01745   22.32931   22.06148    0.03991    0.02203   16.02640   -3.35732   -0.15190   -4.15080    2.00000
 180.04814   -0.04038   21.16224   20.91941    0.06283    0.03468   41.89699   -2.56312   -0.44453   -2.75568    2.00000
 180.00015   -0.06976   23.73925   23.29593    0.06976    0.03850    5.42563    0.97162   -3.07072    0.87336    2.00000
 180.09122   -0.06327   23.52611   23.11809    0.11100    0.06126    6.32095   -3.56125   -1.11215   -3.37012    2.00000
 180.02966   -0.01502   22.66626   22.36818    0.03326    0.01835   12.37430   -2.72321    0.64166   -3.90467    2.00000
 179.95473   -0.07763   23.70932   23.27113    0.08987    0.04960    5.55047    0.00695   -2.24969   -1.77236    2.00000
 180.02077   -0.05008   22.54737   22.26123    0.05421    0.02992   13.64784   -1.96278    2.78433    1.23460    2.00000
 180.02782   -0.00198   21.54695   21.32664    0.02789    0.01539   30.28473    6.11847   -0.91473    6.20405    2.00000
 180.03563   -0.01025   22.92630   22.60050    0.03707    0.02046   10.02285   -1.67459    1.56938    0.46518    2.00000
 180.10909    0.04932   23.43692   23.04263    0.11972    0.06607    6.70090    4.13602   -2.13323   -5.38091    2.00000
 179.95898   -0.12951   23.35266   22.97125    0.13585    0.07498    7.13912   -3.55921    2.92330    0.57142    2.00000
 180.31538    0.02126   23.52881   23.12038    0.31610    0.17446    6.30943    0.40296   -2.76164   -1.97864    2.00000
 180.01340   -0.01765   23.00072   22.66634    0.02216    0.01223    9.51079   -8.68193   -1.65719  -11.01767    2.00000
 180.04175   -0.00281   22.29241   22.02751    0.04184    0.02309   16.43089    2.34017   -1.29574   -0.62938    2.00000
 180.04955    0.02172   23.56598   23.15182    0.05409    0.02986    6.15115   -0.69514    5.67545   10.17278    2.00000
 179.95276   -0.02838   22.51925   22.23560    0.05511    0.03042   13.95302   -6.32947    3.55069   -3.31605    2.00000
 180.10245    0.01070   17.02314   16.35894    0.10301    0.05685  654.71509    2.08636    3.31918    5.40868    2.00000
 179.96512    0.00134   21.99274   21.75013    0.03490    0.01926   21.23909    3.65389   -2.30901    2.58686    2.00000
 180.03497   -0.07898   22.69745   22.39619    0.08638    0.04768   12.04074   -4.14772    1.17519   -2.30707    2.00000
 179.86678    0.09878   23.53692   23.12724    0.16586    0.09154    6.27489    2.95387    3.84219    3.57500    2.00000
 179.96346    0.03292   23.10181   22.75476    0.04918    0.02715    8.82304    2.42877    3.65179    3.57087    2.00000
 179.96114    0.00766   21.80721   21.57663    0.03961    0.02186   24.35037   -1.07943   -0.67764   -1.74189    2.00000
 180.17139    0.02980   23.33633   22.95742    0.17396    0.09601    7.24673   -0.83790   -1.66168   -3.28407    2.00000
 180.00421    0.06824   23.64309   23.21623    0.06837    0.03774    5.82687   -1.96001    2.01745    5.36323    2.00000
 180.08849   -0.05518   21.48415   21.26298    0.10428    0.05755   31.95910    3.21243   -4.12565   -0.61603    2.00000
 180.02258    0.00103   22.90022   22.57726    0.02261    0.01248   10.20367    8.67358    0.93877    9.71306    2.00000
 180.05156    0.02951   22.89239   22.57028    0.05941    0.03279   10.25791   -3.70170   -0.31376   -6.16540    2.00000
 179.95784    0.04116   22.63757   22.34240    0.05893    0.03252   12.68127   -3.50241   -4.53634   -9.20076    2.00000
 179.97969    0.05932   17.98258   17.87069    0.06271    0.03461  307.86774    4.40648   -3.99837    0.41386    2.00000
 179.85905    0.01220   22.99211   22.65878    0.14148    0.07809    9.56959    3.58218   -3.49262    1.66689    2.00000
 179.99969   -0.00355   22.85588   22.53774    0.00356    0.00197   10.51106    0.31132   -2.50052   -2.36049    2.00000
 179.99753   -0.00026   23.25955   22.89198    0.00249    0.00137    7.75571    8.81784    2.60524    7.52483    2.00000
 180.04106    0.02903   22.63496   22.34005    0.05029    0.02776   12.70918    3.92271   -0.95166    2.79484    2.00000
 180.06050   -0.13268   23.46935   23.07007    0.14582    0.08048    6.56273   -5.46783   -0.77213   -4.88051    2.00000
 180.00139   -0.02952   22.65322   22.35646    0.02955    0.01631   12.51383    4.21539   -3.02085    2.92813    2.00000
 180.02702   -0.02494   23.74487   23.30058    0.03677    0.02029    5.40222    7.19902   -1.80900    8.93263    2.00000
 180.00333   -0.03432   23.60293   23.18268    0.03449    0.01903    5.99576   -1.05098    1.92673   -5.49696    2.00000
 180.04134   -0.05903   22.22815   21.96844    0.07207    0.03977   17.32430    0.39010    1.54625    2.31373    2.00000
 179.95375    0.00893   23.68312   23.24943    0.04710    0.02600    5.65971   -0.38428    1.51590   -6.44341    2.00000
 180.00340    0.08224   23.00072   22.66634    0.08231    0.04543    9.51079    0.94023   -2.94355   -1.56934    2.00000
 180.01511    0.00081   22.34371   22.07474    0.01512    0.00834   15.86841   -0.58021   -1.35430   -0.95183    2.00000
 179.90503   -0.02747   22.13780   21.88557    0.09886    0.05457   18.81038    4.15224   -4.17588   -0.44476    2.00000
 180.10019    0.09594   21.50621   21.28551    0.13871    0.07656   31.36662    8.46639    2.45651   11.10052    2.00000
 179.93538   -0.11501   21.75623   21.52815    0.13192    0.07281   25.21969    0.02569   -1.73291   -1.95120    2.00000
 179.78398   -0.04943   21.87525   21.64042    0.22160    0.12231   23.20651    0.78679   -3.93624   -2.94328    2.00000
 179.93520   -0.00636   23.36354   22.98047    0.06511    0.03594    7.06738    0.56539    2.28858    3.27970    2.00000
 179.96931    0.05477   22.98026   22.64838    0.06278    0.03465    9.65045   -2.87428   -0.88873   -3.21704    2.00000
 179.95264   -0.00009   22.27441   22.01097    0.04737    0.02615   16.62782   -1.44734    0.29549   -1.14524    2.00000
 179.81070   -0.02511   23.51530   23.10895    0.19096    0.10539    6.36700   -7.19166    2.07033  -11.41736    2.00000
 179.97372   -0.12413   23.35538   22.97356    0.12688    0.07003    7.12118   -0.14525   -0.23739    3.83247    2.00000
 180.00237   -0.01881   21.33965   21.11471    0.01896    0.01047   35.85944    2.33123    3.26253    6.00516    2.00000
 180.05856    0.05839   22.32691   22.05926    0.08271    0.04565   16.05273   -3.86588   -1.13794   -4.53110    2.00000
 179.93353   -0.03857   17.51772   16.84957    0.07685    0.04241  516.44128   -0.00239    3.63927    3.60833    2.00000
 180.10834    0.02006   22.03384   21.78841    0.11018    0.06081   20.55278   -2.22477   -3.63506   -7.35720    2.00000
 179.97092   -0.04445   22.53097   22.24628    0.05312    0.02932   13.82586   -0.14988   -0.51892   -2.53907    2.00000
 180.00562    0.16345   22.33411   22.06590    0.16355    0.09027   15.97374    8.37920    1.86023    9.92214    2.00000
 180.02409   -0.00924   23.16202   22.80731    0.02580    0.01424    8.41431   -5.51650    1.04339   -9.66152    2.00000
 180.00775   -0.01386   23.26930   22.90045    0.01588    0.00876    7.68986   -3.23912    0.03378   -0.85079    2.00000
 179.99126   -0.12872   22.07677   21.82849    0.12901    0.07120   19.83407    1.14848   -0.44601    1.57267    2.00000
 179.94989    0.01357   22.85066   22.53309    0.05191    0.02865   10.54722   -3.55649   -0.49874   -3.54049    2.00000
 180.03741   -0.00230   22.72988   22.42518    0.03748    0.02069   11.69551    2.11019   -0.50023   -0.51645    2.00000
 179.75815   -0.39051   23.70557   23.26803    0.45933    0.25352    5.56608   -0.41702    1.52989    0.79893    2.00000
 179.99702    0.09662   23.11381   22.76525    0.09667    0.05335    8.74145   -0.35460   -1.44389    0.46012    2.00000
 179.98929   -0.01172   22.42292   22.14772    0.01588    0.00876   14.99947    5.00627   -0.27066    4.01093    2.00000
 180.01939   -0.03872   22.71741   22.41403    0.04330    0.02390   11.82829   -2.76290   -0.25043   -3.96956    2.00000
 179.89651    0.44928   21.72448   21.49754    0.46104    0.25447   25.78938   -0.95929   -2.51960   -2.56168    2.00000
 180.02477   -0.02764   23.72054   23.28043    0.03711    0.02048    5.50366    4.11518    3.66043    9.05664    2.00000
 179.94646    0.02886   23.12102   22.77154    0.06083    0.03357    8.69250   -0.89097   -1.34391   -0.18597    2.00000
 179.97546   -0.04271   19.01901   18.47782    0.04926    0.02719  219.99506   -0.89145    0.22185   -0.74710    2.00000
 179.91289    0.06328   23.14984   22.79673    0.10767    0.05942    8.49659    3.56081   -0.69133    3.93641    2.00000
 179.99095   -0.02977   23.80804   23.35273    0.03111    0.01717    5.13965    0.92467    0.37114    5.01293    2.00000
 180.01633   -0.00884   23.02119   22.68429    0.01857    0.01025    9.37113    1.61303    1.96675    4.96161    2.00000
 179.90437    0.02349   23.11381   22.76525    0.09846    0.05434    8.74145    3.69010   -4.64435   -1.54061    2.00000
 179.95786    0.04967   22.98349   22.65122    0.06514    0.03595    9.62840    3.83573   -0.32340    1.58248    2.00000
 179.92653    0.03044   22.19730   21.94009    0.07952    0.04389   17.83268    0.13504    0.04004   -3.25040    2.00000
 180.01329    0.01570   23.29278   22.92052    0.02057    0.01135    7.53369   -3.94872    1.83683   -5.55737    2.00000
 180.06529    0.06068   22.34131   22.07253    0.08914    0.04920   15.89474    0.31213   -2.51131   -2.40634    2.00000
 180.09283    0.09608   23.56598   23.15182    0.13360    0.07374    6.15115    4.09041   -2.06998    2.79662    2.00000
 179.93987    0.01769   19.68965   19.18484    0.06269    0.03460  145.35371   -3.52363    1.19914   -2.36893    2.00000
 180.04442   -0.00177   22.13012   21.87856    0.04445    0.02454   18.93612    5.01287   -1.15281    3.80180    2.00000
 180.00200   -0.00110   21.47894   21.25765    0.00228    0.00126   32.09929   -3.45084    0.19706   -3.21415    2.00000
 179.87161   -0.02112   23.11381   22.76525    0.13010    0.07181    8.74145   -2.93832   -0.23665   -3.81844    2.00000
 180.03464    0.00106   23.59651   23.17732    0.03465    0.01912    6.02279   -3.18633   -1.75116   -6.45174    2.00000
 179.95924   -0.02873   22.31011   22.04378    0.04986    0.02752   16.23705    1.03547   -0.81792   -0.43032    2.00000
 180.03149   -0.00439   22.43012   22.15435    0.03180    0.01755   14.92048    1.03160    0.55188   -1.93568    2.00000
 180.03181   -0.09802   23.25223   22.88563    0.10305    0.05688    7.80511   -0.43610   -1.81617   -0.44407    2.00000
 179.97408   -0.08498   22.85066   22.53309    0.08885    0.04904   10.54722   -0.54105    1.78350   -0.35528    2.00000
 180.02206    0.00395   20.96161   20.65674    0.02242    0.01238   51.74096    1.93464    0.80248    2.78892    2.00000
 180.00002    0.05220   23.76993   23.32128    0.05220    0.02881    5.29799   -0.84431    1.92237    0.75749    2.00000
 180.46539   -0.19246   23.60293   23.18268    0.50362    0.27797    5.99576   -6.99927    0.18379   -4.52946    2.00000
 179.92487   -0.19242   23.02119   22.68429    0.20657    0.11401    9.37113    5.95791   -0.37470   10.04237    2.00000
 179.71352   -0.12322   22.58541   22.29553    0.31186    0.17213   13.23941   -4.78894    2.70617   -1.84180    2.00000
 179.99185   -0.02032   23.76755   23.31931    0.02189    0.01208    5.30789    1.98262   -0.55913   -6.90731    2.00000
 180.06017   -0.10801   21.17252   20.93135    0.12363    0.06824   41.44934   -7.01740    0.52016   -6.57312    2.00000
 179.97652    0.00286   21.39548   21.17238    0.02365    0.01306   34.34245    2.67887   -5.06848   -3.43162    2.00000
 180.04042    0.11991   22.60106   22.30959    0.12654    0.06984   13.07197    1.37393    0.77762    3.35521    2.00000
 180.00784    0.04035   23.01904   22.68240    0.04111    0.02269    9.38583   -2.21631   -2.79678   -6.81970    2.00000
 179.98978   -0.07242   22.46769   22.18861    0.07314    0.04037   14.51250   -3.17474    2.82606   -0.55745    2.00000
 180.03941    0.09680   22.70244   22.40065    0.10452    0.05769   11.98763   -3.11291   -3.52722   -6.97573    2.00000
 180.00278    0.00401   23.53152   23.12267    0.00487    0.00269    6.29792   -5.65875   -0.01639   -7.90761    2.00000
 179.98303   -0.12711   22.49347   22.21210    0.12824    0.07078   14.23276   -4.03776    0.02213   -6.31913    2.00000
 179.92503    0.00580   23.46935   23.07007    0.07519    0.04150    6.56273   -3.57702    3.32821    3.48415    2.00000
 179.97408    0.10801   20.83672   20.45170    0.11108    0.06131   60.10393   -1.03497    2.60685    1.43145    2.00000
 179.94678    0.03273   22.73238   22.42741    0.06248    0.03448   11.66895    2.91426    2.03057    4.03530    2.00000
 179.99451    0.11177   23.74487   23.30058    0.11190    0.06176    5.40222   -2.04618   -3.85511   -1.10160    2.00000
 180.04514    0.02619   22.20244   21.94482    0.05218    0.02880   17.74795    1.81315    1.96346    2.94593    2.00000
 180.07124   -0.20748   23.60775   23.18671    0.21937    0.12107    5.97550    1.12944   -3.34700   -2.65006    2.00000
 179.98616   -0.02820   19.97949   19.48820    0.03142    0.01734  118.61769    3.90054   -1.80467    2.18225    2.00000
 180.14784    0.02227   20.00485   19.51481    0.14952    0.08252  116.56476    0.74549   -0.82444   -0.12954    2.00000
 179.99336    0.11312   21.72184   21.49498    0.11331    0.06254   25.85649    5.53752    1.99889    7.06571    2.00000
 180.03667    0.00677   23.12102   22.77154    0.03728    0.02057    8.69250   -3.81288   -3.37573   -9.82550    2.00000
 180.04031   -0.10972   22.44660   22.16939    0.11689    0.06451   14.74138   -4.40871   -0.42526   -5.59948    2.00000
 179.91513    0.08684   22.17160   21.91647    0.12143    0.06702   18.25633   -5.53868    2.12350   -3.19199    2.00000
 179.95364    0.03386   22.63757   22.34240    0.05740    0.03168   12.68127   -0.75267    0.55440   -0.95839    2.00000
 180.09120   -0.34194   23.43962   23.04491    0.35390    0.19533    6.68938   -5.29580    2.52635   -3.79436    2.00000
 180.02654   -0.05908   22.42772   22.15214    0.06476    0.03574   14.94681    3.36103    0.55982    3.45189    2.00000
 180.03221   -0.02264   21.03302   20.75834    0.03937    0.02173   47.93329    4.24732    2.72915    6.80394    2.00000
 179.98404   -0.00829   22.77479   22.46533    0.01798    0.00993   11.21749   -5.44468    2.26583   -1.74628    2.00000
 179.96519    0.03768   23.47476   23.07464    0.05129    0.02831    6.53971    1.36546   -1.14056   -1.40451    2.00000
 179.99065   -0.02799   23.33361   22.95511    0.02951    0.01629    7.26466   -2.39624    2.79083   -4.62170    2.00000
 179.77191   -0.09952   21.64775   21.42354    0.24885    0.13735   27.73573    0.13630    3.33405    3.19329    2.00000
 180.04588    0.05821   23.80327   23.34880    0.07412    0.04091    5.15945    1.23797   -0.52132    1.80460    2.00000
 179.97884    0.01166   22.28984   22.02514    0.02416    0.01334   16.45903    2.59143   -2.43011   -1.24525    2.00000
 179.92644    0.00789   22.51222   22.22919    0.07398    0.04083   14.02931   -0.46612   -1.24496   -1.03341    2.00000
 179.98831   -0.05861   23.76041   23.31342    0.05976    0.03298    5.33757    3.28491   -1.64977    9.82262    2.00000
 180.03810   -0.00409   22.94977   22.62143    0.03832    0.02115    9.86011   -4.45069   -3.71448   -7.31736    2.00000
 180.00352    0.02065   22.22815   21.96844    0.02095    0.01156   17.32430   -3.58596    1.95909   -3.52462    2.00000
 180.10390    0.16777   23.04421   22.70441    0.19734    0.10891    9.21467    4.16394   -2.77444    0.63515    2.00000
 179.96902   -0.00090   23.55044   23.13868    0.03100    0.01711    6.21732   -1.78912    0.35064   -5.56667    2.00000
 179.97302    0.07293   23.19859   22.83906    0.07776    0.04292    8.16734   -1.77959   -4.14603   -6.58444    2.00000
 179.96706    0.00431   23.43422   23.04034    0.03323    0.01834    6.71241    5.51221    1.95252    2.97722    2.00000
 180.16016   -0.03390   22.64540   22.34943    0.16370    0.09035   12.59755   -5.49379   -1.87110   -9.30462    2.00000
 180.02373   -0.22138   23.49908   23.09523    0.22265    0.12289    6.43608    0.72190    1.52694    6.83418    2.00000
 180.02074   -0.04534   22.77728   22.46756    0.04986    0.02752   11.19093    2.18101   -3.65697   -1.95580    2.00000
 179.99170    0.02069   22.10156   21.85207    0.02230    0.01231   19.41110    0.49368    0.95487    0.81888    2.00000
 180.04330    0.05554   23.24004   22.87504    0.07043    0.03887    7.88743   -1.95613    2.04910    0.07172    2.00000
 179.96968    0.05422   20.83487   20.44879    0.06212    0.03429   60.25392   -1.98546    0.89118   -1.05829    2.00000
 179.97064   -0.04755   21.97355   21.73227    0.05588    0.03084   21.55937    3.40839   -0.14715    4.02702    2.00000
 180.04678    0.00154   23.55044   23.13868    0.04680    0.02583    6.21732   -4.83581    1.89495   -5.95493    2.00000
 179.95520    0.01997   23.53422   23.12495    0.04905    0.02707    6.28641   -1.57939   -1.35174   -4.50574    2.00000
 179.86549    0.14920   22.77229   22.46309    0.20089    0.11087   11.24404   -3.43206    1.69749   -1.35596    2.00000
 180.07440   -0.02956   23.00611   22.67106    0.08006    0.04418    9.47404    2.11025   -4.39036   -6.89357    2.00000
 179.96008   -0.05691   22.80223   22.48986    0.06952    0.03837   10.92537    2.83900    1.65590    4.47422    2.00000
 179.96468   -0.12375   23.65505   23.22619    0.12870    0.07103    5.77675    4.90584    0.55206    2.17795    2.00000
 180.04816    0.01693   22.94716   22.61910    0.05105    0.02818    9.87819    3.76802    1.28583    9.48847    2.00000
 180.01891    0.01601   22.01740   21.77310    0.02477    0.01367   20.82730   -2.92526   -2.04020   -5.50402    2.00000
 180.03403   -0.02715   23.55314   23.14096    0.04353    0.02402    6.20581   -0.40360    0.02877   -4.97346    2.00000
 179.83939   -0.02102   23.03701   22.69811    0.16199    0.08941    9.26362   -8.28227    1.21391   -2.83511    2.00000
 179.96835   -0.01748   23.75327   23.30752    0.03615    0.01995    5.36726    0.09396   -1.76249    2.99338    2.00000
 180.17252    0.00020   23.39892   23.01045    0.17252    0.09522    6.86289    3.35730   -1.07334    0.23325    2.00000
 180.00417   -0.08247   22.79225   22.48094    0.08258    0.04558   11.03159   -1.91338    0.85236   -1.43056    2.00000
 180.09628   -0.05830   23.33088   22.95280    0.11256    0.06213    7.28260   -4.09296    1.55447   -2.10191    2.00000
 179.98489   -0.00603   22.06673   21.81902    0.01627    0.00898   20.00373   -1.06176   -1.10817   -1.86841    2.00000
 179.89006    0.04847   22.77229   22.46309    0.12015    0.06631   11.24404   -0.64260   -1.82854   -0.02383    2.00000
 179.91789    0.03235   22.59845   22.30724    0.08825    0.04871   13.09987    3.78937    0.18320    3.65525    2.00000
 179.96828    0.00301   22.72739   22.42295    0.03187    0.01759   11.72206   -4.48485    2.44878    0.44621    2.00000
 179.98106   -0.02248   22.73737   22.43187    0.02939    0.01622   11.61584    1.59496    0.25653    1.45943    2.00000
 180.07280   -0.00146   22.03658   21.79096    0.07281    0.04019   20.50702   -2.04899    1.89643    0.18479    2.00000
 179.96539   -0.10209   23.54773   23.13639    0.10779    0.05949    6.22884   -6.25754    0.04664   -1.66573    2.00000
 180.03149   -0.04806   21.60340   21.38090    0.05747    0.03172   28.85740   -0.83925   -2.38914   -2.92108    2.00000
 179.94577   -0.00248   22.43254   22.15657    0.05428    0.02996   14.89402    1.09926   -0.00586    1.16687    2.00000
 179.90317    0.04235   21.21365   20.97913    0.10569    0.05833   39.65874    2.75078   -2.11050    1.07846    2.00000
 180.02104   -0.05656   21.67950   21.45416    0.06035    0.03331   26.93034    3.48800    1.27069    5.10181    2.00000
 179.98869    0.08581   23.14742   22.79462    0.08655    0.04777    8.51300    1.36947    1.99696    3.53779    2.00000
 179.81609    0.06171   23.71867   23.27888    0.19400    0.10707    5.51146    3.38311    0.58077   -1.14035    2.00000
 180.03702   -0.01914   21.39287   21.16971    0.04168    0.02300   34.41255   -0.60120    0.75962    0.08406    2.00000
 179.96387    0.04200   23.20103   22.84118    0.05540    0.03058    8.15087    2.11316   -1.37085    5.47551    2.00000
 179.97057   -0.00783   23.62703   23.20281    0.03046    0.01681    5.89443   -2.88214    1.94403    5.00387    2.00000
 179.94533   -0.05383   23.76993   23.32128    0.07672    0.04234    5.29799    7.03427    1.45710   21.65863    2.00000
 180.06250    0.07995   22.32211   22.05484    0.10148    0.05601   16.10540    2.16390    0.18600    2.51401    2.00000
 180.07741   -0.06760   23.58365   23.16658    0.10277    0.05672    6.07684   -1.68474    0.18281   -3.09898    2.00000
 180.07616    0.04680   23.08021   22.73588    0.08939    0.04934    8.96990    2.11561   -0.39103    0.92592    2.00000
 180.00214    0.00636   21.82082   21.58939    0.00671    0.00370   24.12160    3.23451   -0.73137    1.82946    2.00000
 179.92279   -0.11967   23.30911   22.93436    0.14242    0.07860    7.42608   -0.30162   -2.03030   -6.69053    2.00000
 180.10008   -0.07539   23.71493   23.27578    0.12530    0.06915    5.52706    3.56425   -3.24885   -7.09325    2.00000
 180.02277    0.05684   22.67409   22.37521    0.06123    0.03380   12.29058   -5.84803   -1.27101   -5.00269    2.00000
 179.81329   -0.04425   23.18640   22.82847    0.19187    0.10590    8.24966    1.60972    0.77209    4.15605    2.00000
 180.01796   -0.00888   22.68974   22.38927    0.02004    0.01106   12.12314    0.99828    0.16839    0.23963    2.00000
 180.01511   -0.01151   23.57401   23.15853    0.01899    0.01048    6.11737   -5.53932   -0.85256   -5.49214    2.00000
 180.04768    0.04328   22.66365   22.36583    0.06440    0.03555   12.40220   -2.75508    1.32542   -3.51867    2.00000
 180.08447    0.04438   23.08501   22.74007    0.09543    0.05267    8.93726   -2.42085   -0.53300   -0.81783    2.00000
 180.00134   -0.02016   22.65322   22.35646    0.02020    0.01115   12.51383   -3.64117    1.68431   -2.87025    2.00000
 180.03426    0.08140   23.30367   22.92975    0.08831    0.04874    7.46195   -1.07774    2.24653   -0.75942    2.00000
 180.00903   -0.01185   21.65039   21.42609    0.01490    0.00823   27.66861   -1.87398   -2.64852   -4.44450    2.00000
 179.95384   -0.03957   20.20846   19.72905    0.06080    0.03356  101.91268   -1.71950   -1.03993   -2.86282    2.00000
 179.97427   -0.01127   23.71680   23.27733    0.02809    0.01551    5.51926    3.15688   -0.48246   -1.05936    2.00000
 180.01408   -0.03453   23.73925   23.29593    0.03729    0.02058    5.42563    4.91624   -1.36429   -0.00307    2.00000
 179.99615   -0.00025   21.25471   21.02421    0.00386    0.00213   38.23980   -3.10463   -2.17773   -5.28884    2.00000
 179.97502   -0.03267   23.69622   23.26028    0.04113    0.02270    5.60509    0.73588   -0.29363   -3.07465    2.00000
 179.97568    0.00686   21.43982   21.21768    0.02526    0.01394   33.15077   -4.07723   -3.85310   -8.31928    2.00000
 179.94443    0.08121   23.42881   23.03577    0.09841    0.05431    6.73544    2.97120    1.03307    1.59432    2.00000
 179.93858    0.02696   22.85848   22.54006    0.06708    0.03702   10.49298   -3.51156    2.49090   -4.59102    2.00000
 180.02498    0.04598   23.36899   22.98509    0.05233    0.02888    7.03151   -0.19368   -1.50957   -1.53373    2.00000
 179.98306    0.05125   23.17178   22.81577    0.05398    0.02979    8.34845    2.94176    0.64404    9.06615    2.00000
 180.15558    0.07544   23.45584   23.05863    0.17291    0.09543    6.62030    1.91701   -3.97212   -2.45103    2.00000
 180.04703   -0.00639   22.60888   22.31662    0.04745    0.02619   12.98825    1.81711   -0.95283    1.17276    2.00000
 179.88019   -0.04365   22.28213   22.01806    0.12752    0.07038   16.54342   -1.05493    0.00198   -0.46910    2.00000
 179.92165    0.00405   23.69622   23.26028    0.07846    0.04330    5.60509   -4.35169   -1.89954   -4.30540    2.00000
 179.99316    0.02914   23.45044   23.05406    0.02993    0.01652    6.64333    4.12992   -0.86251    0.15076    2.00000
 179.97787   -0.02213   22.58541   22.29553    0.03129    0.01727   13.23941   -1.49276    0.68550   -0.33218    2.00000
 179.94125    0.06498   23.55854   23.14554    0.08759    0.04834    6.18278   -3.31224    1.04957   -6.54086    2.00000
 179.98511   -0.03731   22.84023   22.52379    0.04017    0.02217   10.61955   -1.39951   -1.94938   -1.33698    2.00000
 180.02243   -0.00220   23.02012   22.68335    0.02254    0.01244    9.37848    1.14115    1.39293    8.23642    2.00000
 180.01225   -0.07051   23.01365   22.67768    0.07157    0.03950    9.42258   -2.39487    0.46870   -8.44548    2.00000
 179.90167    0.07152   22.67148   22.37286    0.12159    0.06711   12.31848   -0.83344    1.28326   -1.60794    2.00000
 179.93507    0.01548   20.29049   19.81571    0.06675    0.03684   95.98613   -0.42568    3.81289    3.30714    2.00000
 180.21048    0.01103   22.82468   22.50993    0.21077    0.11633   10.72736    3.95983    1.66526    6.93165    2.00000
 180.01625    0.02836   22.69496   22.39396    0.03268    0.01804   12.06724   -2.41024    0.00949   -3.92963    2.00000
 179.97955   -0.07881   22.88196   22.56098    0.08143    0.04494   10.33024   -0.42769   -0.42830    0.72478    2.00000
 180.00163    0.03770   21.41113   21.18837    0.03773    0.02083   33.92186   -1.87755    1.46238    0.03965    2.00000
 180.02109   -0.00172   23.28462   22.91361    0.02116    0.01168    7.58749    2.27608   -0.39257    0.27240    2.00000
 179.86369   -0.01843   22.96493   22.63494    0.13754    0.07591    9.75504   -0.02457   -0.51735   -5.57554    2.00000
 179.98045   -0.08989   22.02562   21.78075    0.09199    0.05077   20.69004    3.76567   -0.61985    2.05551    2.00000
 180.02286   -0.03773   21.06670   20.80274    0.04411    0.02435   46.26948   -4.91610    2.40635   -2.50447    2.00000
 179.94324   -0.12189   22.44191   22.16512    0.13445    0.07421   14.79225   -1.10009   -0.69286   -0.67274    2.00000
 180.03448    0.01222   21.76682   21.53836    0.03658    0.02019   25.03668   -0.07219    0.20116    0.79293    2.00000
 179.96484   -0.01372   22.32211   22.05484    0.03774    0.02083   16.10540   -1.26855    2.02003   -0.74597    2.00000
 179.87634   -0.01665   22.29755   22.03223    0.12478    0.06887   16.37463   -4.86737   -1.53787   -6.24699    2.00000
 180.02893    0.12564   21.86436   21.63021    0.12892    0.07116   23.38953   -4.32182   -3.09155   -8.17955    2.00000
 180.10184   -0.02970   23.77708   23.32718    0.10608    0.05855    5.26830    1.27212   -2.10573    3.28816    2.00000
 179.97939   -0.03824   23.74868   23.30374    0.04344    0.02398    5.38631   -2.07898   -2.59447  -10.96479    2.00000
 180.08940   -0.00355   23.72054   23.28043    0.08947    0.04938    5.50366    3.35470   -1.45192    3.44400    2.00000
 180.09372   -0.04808   23.24492   22.87928    0.10533    0.05814    7.85450   -7.56599   -2.49690  -14.06754    2.00000
 179.99445    0.04362   21.89430   21.65828    0.04397    0.02427   22.88624    0.41023   -0.48656   -0.14654    2.00000
 179.95297    0.25382   22.02836   21.78330    0.25814    0.14247   20.64429   -5.91334    0.76074   -5.91450    2.00000
 180.01553   -0.00890   22.20758   21.94954    0.01790    0.00988   17.66322   -1.95753   -0.71896   -0.67240    2.00000
 180.05357   -0.16564   20.35556   19.88503    0.17409    0.09608   91.24488   -1.50092    0.89373   -0.56382    2.00000
 180.03207   -0.03259   23.15227   22.79884    0.04572    0.02524    8.48017    0.78170   -1.91400    0.57588    2.00000
 180.00017   -0.00437   22.21272   21.95427    0.00438    0.00242   17.57849    1.06704    1.54759    3.69737    2.00000
 180.05598   -0.03621   22.43488   22.15871    0.06667    0.03680   14.86854    1.19220   -1.19155    0.57107    2.00000
 180.04623   -0.03604   23.78184   23.33111    0.05862    0.03235    5.24851    0.99987    0.55719    3.59371    2.00000
 179.90938    0.04856   22.72988   22.42518    0.10281    0.05674   11.69551   -0.78370   -0.22773   -0.05863    2.00000
 180.01682    0.05272   21.00423   20.71951    0.05534    0.03054   49.38867   -4.40094   -2.51559   -7.20945    2.00000
 179.98123    0.03996   22.36772   22.09686    0.04415    0.02437   15.60510    4.25346   -2.63460    2.08676    2.00000
 179.97710   -0.04341   22.03658   21.79096    0.04908    0.02709   20.50702    4.79997    0.78862    5.36522    2.00000
 179.98634    0.03924   23.79613   23.34290    0.04155    0.02293    5.18913    1.57444    1.03546    2.88166    2.00000
 180.06761    0.01832   21.72713   21.50009    0.07005    0.03866   25.72299   -1.41393    2.36994    1.00450    2.00000
 180.06300    0.03585   23.76041   23.31342    0.07248    0.04001    5.33757   -4.22729    0.68463   -8.69271    2.00000
 179.97237    0.01841   22.43957   22.16298    0.03320    0.01833   14.81768    1.34728   -0.42679   -0.01680    2.00000
 180.03049    0.01365   21.62481   21.40148    0.03341    0.01844   28.31600   10.27061   -0.17570   11.03516    2.00000
 179.95757    0.08864   23.24979   22.88351    0.09827    0.05424    7.82157   -0.78661    2.08151    5.97489    2.00000
 179.91678   -0.04306   22.74236   22.43633    0.09370    0.05172   11.56272    4.42031   -1.08789    0.35587    2.00000
 180.05524   -0.17311   23.75803   23.31145    0.18171    0.10029    5.34747   -2.63968    1.02968   -3.30950    2.00000
 179.95721   -0.13449   22.53800   22.25268    0.14112    0.07789   13.74957   -0.58911    0.35664   -2.43335    2.00000
 179.89465    0.43085   22.63757   22.34240    0.44354    0.24480   12.68127   -5.96172   -0.03110   -4.92732    2.00000
 179.98451   -0.01359   22.34851   22.07917    0.02061    0.01138   15.81575    3.00324    2.32755    4.88552    2.00000
 179.98946   -0.00826   21.74830   21.52050    0.01339    0.00739   25.35696   -1.37695   -0.81369   -2.49729    2.00000
 180.02097   -0.04037   22.97056   22.63988    0.04549    0.02511    9.71660    2.92548   -3.42212   -2.95767    2.00000
 179.97452   -0.01967   20.47859   20.01755    0.03219    0.01777   82.47774    2.09033    1.92852    3.95613    2.00000
 180.00801    0.01111   22.46769   22.18861    0.01370    0.00756   14.51250    0.79551   -2.72034   -1.28020    2.00000
 180.00803   -0.01653   18.10233   17.94089    0.01838    0.01014  295.89368   -3.58849    0.95020   -2.71561    2.00000
 180.01424   -0.07433   23.70370   23.26648    0.07568    0.04177    5.57388    1.58019   -0.44869   -5.14981    2.00000
 179.96631   -0.13888   22.98564   22.65311    0.14291    0.07888    9.61369   -0.26728    0.57687    2.56766    2.00000
 179.93915    0.03589   23.09701   22.75056    0.07064    0.03899    8.85567   -1.97230   -3.56381   -7.46168    2.00000
 179.95970   -0.04558   23.52611   23.11809    0.06084    0.03358    6.32095    1.48638    0.31917    0.97312    2.00000
 180.07971    0.11544   23.76517   23.31735    0.14029    0.07743    5.31778   -0.42492   -1.94189    3.42550    2.00000
 180.15446   -0.07907   22.96625   22.63610    0.17353    0.09578    9.74600    5.08602    0.84878    5.55244    2.00000
 179.97249   -0.03796   21.96807   21.72717    0.04688    0.02587   21.65088    1.60062    3.89107    5.47899    2.00000
 179.90248    0.06170   22.38452   22.11234    0.11540    0.06369   15.42078   -2.28843   -0.27631   -0.42945    2.00000
 180.00493   -0.08275   21.39026   21.16705    0.08290    0.04575   34.48264   -1.62157   -1.79190   -2.50059    2.00000
 179.91296   -0.10104   21.89974   21.66338    0.13336    0.07361   22.79473   -0.59161    4.78541    3.67051    2.00000
 180.09741    0.08571   22.39412   22.12118    0.12975    0.07161   15.31545   -8.55365    0.58069   -8.46901    2.00000
 179.95961   -0.09662   23.74487   23.30058    0.10472    0.05780    5.40222   -7.41047    0.55184   -4.29081    2.00000
 180.06891   -0.06974   23.24979   22.88351    0.09804    0.05411    7.82157   -1.13959    0.08288   -1.73538    2.00000
 180.02782   -0.10932   23.37715   22.99200    0.11280    0.06226    6.97770   -2.31268   -1.34563   -5.13505    2.00000
 179.95021   -0.02424   23.53422   23.12495    0.05537    0.03056    6.28641   -0.90982   -2.77029   -6.11223    2.00000
 179.99948    0.07979   22.19730   21.94009    0.07979    0.04404   17.83268   -3.69471    2.72693   -1.93835    2.00000
 179.95590   -0.01775   21.99000   21.74758    0.04754    0.02624   21.28484    2.11105   -0.31352    1.47600    2.00000
 179.98010   -0.00582   23.73177   23.28973    0.02072    0.01144    5.45684    1.77993    0.80562    1.72602    2.00000
 180.04762   -0.05146   23.53152   23.12267    0.07011    0.03870    6.29792    2.65394    1.51734    8.49060    2.00000
 179.96475   -0.04211   22.59845   22.30724    0.05492    0.03031   13.09987   -1.30014   -1.49862   -1.12159    2.00000
 179.95961   -0.17757   23.81994   23.36256    0.18210    0.10051    5.09017    0.15291    3.97134    3.55051    2.00000
 180.01894    0.06947   20.08325   19.59706    0.07200    0.03974  110.93938    1.98311   -1.89430    0.15563    2.00000
 180.01932    0.01636   22.98672   22.65405    0.02530    0.01397    9.60634    2.64064    0.29917    4.32945    2.00000
 179.99686   -0.03491   22.99534   22.66161    0.03506    0.01935    9.54754    3.19085   -1.98106    2.86966    2.00000
 179.98128   -0.00091   23.76041   23.31342    0.01875    0.01035    5.33757   -4.54932    1.76552   -4.24794    2.00000
 179.93697    0.04579   21.96807   21.72717    0.07791    0.04300   21.65088   -4.72585   -0.38178   -4.90708    2.00000
 180.00105   -0.08105   23.20347   22.84329    0.08106    0.04474    8.13441   -0.88850   -1.33955   -6.94426    2.00000
 179.95705    0.02358   20.99176   20.70114    0.04901    0.02705   50.07714    1.43509    1.72771    3.34840    2.00000
 179.87186    0.08059   23.52881   23.12038    0.15139    0.08355    6.30943   -7.09533    6.08608   -7.41359    2.00000
 180.01628    0.01007   22.73487   22.42964    0.01914    0.01056   11.64239    0.28333   -0.05275    1.78457    2.00000
 179.97192   -0.03602   23.30639   22.93205    0.04567    0.02521    7.44401    0.34118   -0.00159    2.83833    2.00000
 179.91092    0.06504   22.61149   22.31896    0.11029    0.06087   12.96034   -2.65613   -1.30924   -3.25265    2.00000
 180.04575   -0.02991   23.22054   22.85811    0.05465    0.03016    8.01915   -1.36628    0.88739   -1.30292    2.00000
 180.02151    0.02427   23.55314   23.14096    0.03243    0.01790    6.20581   -0.73386   -2.34978   -4.37797    2.00000
 179.99178    0.02045   23.37443   22.98970    0.02204    0.01217    6.99564   -3.66067   -3.01991   -5.66410    2.00000
 179.97394   -0.01066   23.34721   22.96664    0.02816    0.01554    7.17499    3.52203    1.28038    6.24345    2.00000
 179.88043    0.07380   22.52628   22.24200    0.14052    0.07755   13.87672    5.12555    4.47313   10.70693    2.00000
 180.00108    0.01442   23.44233   23.04720    0.01446    0.00798    6.67787    3.06366   -0.38255    0.51828    2.00000
 180.02824   -0.00357   22.42532   22.14993    0.02846    0.01571   14.97314    4.76095    2.40249    6.76597    2.00000
 179.98849   -0.03439   23.11381   22.76525    0.03626    0.02001    8.74145    6.85235    2.18724    7.73139    2.00000
 180.02702    0.02616   23.50179   23.09751    0.03761    0.02076    6.42457    1.76039   -0.20789    1.82208    2.00000
 180.06071    0.04102   23.50179   23.09751    0.07327    0.04044    6.42457    0.75763    2.33650    4.03063    2.00000
 180.00026    0.05860   23.36354   22.98047    0.05860    0.03234    7.06738    0.55086   -0.52055   -0.77543    2.00000
 180.12164   -0.03865   21.64775   21.42354    0.12764    0.07045   27.73573   -4.19011    2.05239   -2.17817    2.00000
 179.77071    0.02280   22.44191   22.16512    0.23043    0.12718   14.79225    0.91728    0.54729    0.97628    2.00000
 180.03630    0.00303   22.22815   21.96844    0.03643    0.02010   17.32430    4.46043   -3.87742    1.21532    2.00000
 180.16064   -0.01098   23.23760   22.87293    0.16101    0.08887    7.90390    2.22105   -1.57274    1.05433    2.00000
 179.90276   -0.01242   22.64800   22.35177    0.09804    0.05411   12.56964   -5.96113    0.93759   -5.91394    2.00000
 180.24693    0.04120   23.65131   23.22309    0.25034    0.13817    5.79235    2.43100    1.37191    0.23589    2.00000
 180.05548    0.01709   22.52394   22.23987    0.05805    0.03204   13.90215   -8.64347    0.96532   -7.26430    2.00000
 179.96225   -0.06109   22.31731   22.05042    0.07181    0.03963   16.15806    5.60544   -1.76909    3.71936    2.00000
 180.02315    0.16475   23.33361   22.95511    0.16636    0.09182    7.26466   -4.25693    0.24407   -3.67994    2.00000
 179.35300   -0.86578   23.50990   23.10437    1.08081    0.59659    6.39003   -0.32109    0.01422   -0.56694    2.00000
 180.05171    0.00936   22.00096   21.75779    0.05255    0.02900   21.10183   -1.61911   -3.75103   -6.53346    2.00000
 180.06264    0.07716   22.67930   22.37990    0.09938    0.05485   12.23476   -2.29065   -3.57842   -6.10298    2.00000
 180.00362   -0.09352   23.28462   22.91361    0.09359    0.05165    7.58749    0.27319   -2.35216   -4.49130    2.00000
 180.02382   -0.07777   23.72616   23.28508    0.08134    0.04489    5.48025   -0.69735    2.23848    5.76584    2.00000
 180.01514   -0.09293   22.52159   22.23773    0.09416    0.05197   13.92758    3.59964   -0.21844    3.75362    2.00000
 180.02066   -0.00065   22.17417   21.91883    0.02067    0.01141   18.21397   -5.52190    0.03140   -5.14806    2.00000
 180.03911    0.02608   22.56976   22.28146    0.04700    0.02594   13.40685   -3.56190   -0.27505   -2.89666    2.00000
 179.89642    0.13902   22.09769   21.84839    0.17337    0.09568   19.47719    3.20328   -1.03112    2.09920    2.00000
 179.98265    0.04514   23.22785   22.86446    0.04836    0.02669    7.96976   -1.88383    1.62166   -0.67540    2.00000
 179.81961   -0.27036   23.05861   22.71700    0.32502    0.17939    9.11676   -1.71107   -2.03920   -4.76127    2.00000
 179.99828    0.06521   22.82979   22.51449    0.06523    0.03600   10.69188    3.41101    0.21071    3.64607    2.00000
 179.96017    0.05180   22.86892   22.54936    0.06534    0.03606   10.42065   -1.82946   -2.09064   -6.05849    2.00000
 179.99933    0.03360   23.65880   23.22929    0.03361    0.01855    5.76114   -1.05223   -0.18952    0.20103    2.00000
 179.94061   -0.06362   22.73737   22.43187    0.08703    0.04803   11.61584    9.06971    2.10019   11.83485    2.00000
 179.96992   -0.00382   21.14549   20.89945    0.03033    0.01674   42.64514   -1.44773   -2.04517   -3.69711    2.00000
 180.09386   -0.05880   21.87253   21.63787    0.11075    0.06112   23.25227   -0.33811    1.04512   -0.06677    2.00000
 180.03712    0.08932   23.37987   22.99431    0.09673    0.05339    6.95977    0.82324   -1.41878   -4.79428    2.00000
 179.95853    0.00785   23.79375   23.34094    0.04221    0.02330    5.19903   -2.93244    0.37302   -6.23389    2.00000
 180.02795   -0.07107   20.90907   20.57206    0.07636    0.04215   54.91464   -0.75322   -0.59875   -1.58786    2.00000
 180.03065   -0.01952   23.69996   23.26338    0.03635    0.02006    5.58948    4.78648    1.30429    1.50629    2.00000
 180.08521    0.00127   22.17160   21.91647    0.08520    0.04703   18.25633   -2.10652    0.91885   -0.18308    2.00000
 180.00688    0.01033   22.66365   22.36583    0.01242    0.00685   12.40220    1.50561    2.48741    5.77445    2.00000
 179.62666   -0.17512   23.53152   23.12267    0.41237    0.22760    6.29792   -1.87319   -0.78219   -3.96762    2.00000
 179.96339    0.05946   22.19987   21.94246    0.06982    0.03854   17.79032    2.06202   -2.06079   -0.82703    2.00000
 179.92354   -0.00598   22.98133   22.64933    0.07669    0.04233    9.64310   -2.86660   -0.42457   -5.27657    2.00000
 180.01797    0.02653   22.83501   22.51914    0.03205    0.01769   10.65572   -1.53088    4.28024   -0.78993    2.00000
 179.97359   -0.02618   21.85892   21.62511    0.03719    0.02052   23.48104    2.71930   -1.92198    0.73149    2.00000
 179.98192   -0.30196   23.70370   23.26648    0.30250    0.16696    5.57388   -2.38679   -0.71523   -1.49472    2.00000
 179.98422    0.00023   23.81518   23.35863    0.01578    0.00871    5.10997    4.31626   -3.74378    6.99636    2.00000
 179.54909   -0.21841   22.81221   22.49878    0.50102    0.27653   10.81914    4.64302    0.46213    4.22992    2.00000
 180.01471   -0.00607   23.15958   22.80519    0.01592    0.00879    8.43077   -5.45632    4.70793   -3.20609    2.00000
 179.92935    0.08917   21.47894   21.25765    0.11377    0.06279   32.09929    0.34113    2.07589    2.06621    2.00000
 179.91335    0.01102   22.40132   22.12781    0.08735    0.04821   15.23646    4.44585   -0.17152    4.93162    2.00000
 179.96951   -0.01298   21.20722   20.97167    0.03313    0.01828   39.93852    6.78294   -1.21783    5.44849    2.00000
 180.06226   -0.02831   22.67930   22.37990    0.06839    0.03774   12.23476    1.94596   -2.65086   -3.23422    2.00000
 179.94759   -0.03850   23.68686   23.25253    0.06504    0.03590    5.64410    1.58672    0.92010   -1.59267    2.00000
 179.97102    0.03702   22.21529   21.95663    0.04700    0.02594   17.53613    2.11563   -0.28859    1.70558    2.00000
 179.98955   -0.04683   23.23760   22.87293    0.04798    0.02648    7.90390   -0.66741   -2.04112   -3.62583    2.00000
 180.03720   -0.01877   22.71242   22.40957    0.04166    0.02300   11.88140   -4.87741    1.63465   -5.82575    2.00000
 180.00990    0.06331   21.84531   21.61235    0.06407    0.03536   23.70981   -4.26089   -3.38791   -6.27075    2.00000
 179.96619   -0.02147   23.70370   23.26648    0.04005    0.02211    5.57388   -4.78902   -0.73836   -6.29799    2.00000
 179.99419   -0.04795   23.39348   23.00584    0.04830    0.02666    6.88611    3.20173    1.81373    7.53699    2.00000
 180.12213    0.01215   23.03220   22.69392    0.12273    0.06774    9.29626    0.11719   -1.65290    1.24027    2.00000
 179.84348    0.19412   22.19987   21.94246    0.24936    0.13763   17.79032   -2.39655   -0.50947   -1.48899    2.00000
 179.50435   -0.76421   23.63506   23.20952    0.91086    0.50277    5.86065   -5.87345    0.12950   -5.69563    2.00000
 180.05634    0.10282   22.82979   22.51449    0.11724    0.06471   10.69188    0.67544   -5.88395   -9.46455    2.00000
 180.03207    0.10251   23.66628   23.23548    0.10741    0.05928    5.72993   -4.73199    1.09123  -14.23612    2.00000
 179.98146    0.03050   21.21365   20.97913    0.03569    0.01970   39.65874    0.82745    0.08566    1.68333    2.00000
 179.98969   -0.03040   21.62287   21.39961    0.03210    0.01772   28.36522    1.19399    0.32138    1.09570    2.00000
 180.17909    0.34434   23.23517   22.87081    0.38813    0.21422    7.92036    1.59399    0.40207   -0.33949    2.00000
 180.05066    0.00004   20.99280   20.70267    0.05066    0.02796   50.01977    2.19012   -1.42081    0.53088    2.00000
 180.02718    0.01589   21.02803   20.75176    0.03148    0.01737   48.17978   -7.03287    1.45806   -5.07567    2.00000
 180.01428    0.11838   22.38932   22.11676    0.11923    0.06581   15.36812   -5.76769    3.47781   -2.10708    2.00000
 180.02779   -0.00911   23.59329   23.17463    0.02923    0.01614    6.03630    4.23159    1.41379    8.89269    2.00000
 180.01530   -0.00329   23.32544   22.94819    0.01565    0.00864    7.31847   -3.39543   -0.34688   -8.51601    2.00000
 179.77203    0.01848   22.65844   22.36115    0.22871    0.12623   12.45802   -0.72367    1.20244    0.26208    2.00000
 180.05103    0.03751   22.01466   21.77055    0.06333    0.03495   20.87306   -4.94248    4.75625   -1.30105    2.00000
 180.06924   -0.19564   21.40330   21.18037    0.20753    0.11454   34.13215    3.31095   -2.43127    0.61722    2.00000
 180.05396    0.00852   23.46665   23.06778    0.05461    0.03014    6.57425   -1.22751   -0.79461   -5.45513    2.00000
 180.05782   -0.27596   22.40132   22.12781    0.28195    0.15561   15.23646   -5.39750   -0.74495   -5.81165    2.00000
 179.90353    0.00596   21.10070   20.84501    0.09666    0.05335   44.68507    0.17490    0.99339    0.90737    2.00000
 179.85283    0.10727   23.42070   23.02890    0.18212    0.10051    6.77002   -1.67343    1.93960   -3.08999    2.00000
 179.99548    0.05487   20.57280   20.12019    0.05506    0.03039   77.18813   -0.91669   -2.48664   -3.77718    2.00000
 180.00793    0.01503   20.44319   19.97913    0.01700    0.00938   84.80958    6.59604    1.76600    8.22961    2.00000
 180.03555   -0.00173   23.81280   23.35666    0.03560    0.01965    5.11986    3.11792   -0.08643    3.00545    2.00000
 180.03444    0.11310   22.75483   22.44748    0.11823    0.06525   11.42994   -1.12975    0.26950    1.09769    2.00000
 180.05664   -0.02467   21.77740   21.54857    0.06178    0.03410   24.85366    2.63139   -1.41361    0.61504    2.00000
 179.99899   -0.05378   22.67148   22.37286    0.05379    0.02969   12.31848    1.85050    1.95032    5.95858    2.00000
 179.69678    0.13267   22.11009   21.86018    0.33098    0.18268   19.26570   -2.83862    0.80175   -3.24304    2.00000
 180.11951    0.03162   21.19694   20.95972    0.12361    0.06822   40.38617   -1.61765    1.88126   -0.39371    2.00000
 180.02179   -0.06218   23.59972   23.18000    0.06589    0.03637    6.00928   -0.71224   -0.13969    0.85650    2.00000
 180.06068   -0.02061   23.69809   23.26183    0.06409    0.03537    5.59729   -6.14681    2.84230   -5.68895    2.00000
 179.95856    0.05312   22.25899   21.99679    0.06737    0.03718   16.81592    2.04356   -3.45395   -1.08170    2.00000
 180.02344    0.00369   21.77211   21.54346    0.02373    0.01310   24.94517   -3.55969   -0.33466   -4.41849    2.00000
 180.09947   -0.08302   20.52724   20.07035    0.12956    0.07151   79.75640   -5.99337    0.29056   -5.69056    2.00000
 179.99736    0.06416   23.47206   23.07236    0.06421    0.03544    6.55122   -2.45067   -2.81077   -0.57129    2.00000
 179.97113    0.04579   23.69060   23.25563    0.05413    0.02988    5.62850    2.07605    1.82836    0.89729    2.00000
 180.21284   -0.07304   22.69234   22.39161    0.22504    0.12420   12.09523   -4.74968    2.01256   -3.35293    2.00000
 180.09106    0.04929   23.47476   23.07464    0.10356    0.05716    6.53971   -0.28781   -2.86878   -3.21933    2.00000
 180.02711    0.05071   23.21322   22.85176    0.05751    0.03174    8.06855   -3.60496    0.34484   -6.50015    2.00000
 179.98943   -0.06177   22.96281   22.63305    0.06267    0.03459    9.76970   -0.20102   -3.03738   -4.11838    2.00000
 180.08968    0.00812   22.39652   22.12339    0.09004    0.04969   15.28912   -1.09909   -1.02969   -2.08319    2.00000
 180.01987    0.03936   19.22660   18.69832    0.04409    0.02433  195.00774   -3.32156    1.50450   -1.79817    2.00000
 179.97063    0.00360   18.11837   17.79081    0.02960    0.01634  321.49146    1.71832    2.44431    4.12022    2.00000
 179.94521    0.05493   23.00396   22.66917    0.07758    0.04282    9.48874    1.99780   -1.34128   -1.22820    2.00000
 180.02725   -0.07614   22.64540   22.34943    0.08087    0.04463   12.59755   -3.77714   -0.99796   -4.18344    2.00000
 180.02728    0.12530   22.93934   22.61213    0.12824    0.07078    9.93244   -5.43932    0.89079   -0.73649    2.00000
 180.00125   -0.01868   22.77479   22.46533    0.01872    0.01033   11.21749    0.47971    1.63279    0.02422    2.00000
 180.11575    0.06894   22.20501   21.94718    0.13473    0.07436   17.70559  -13.48284    0.09222  -10.82421    2.00000
 179.97375    0.27271   23.16690   22.81154    0.27397    0.15121    8.38138    5.28784    0.16680    5.41229    2.00000
 179.94443   -0.06823   23.34177   22.96203    0.08801    0.04857    7.21086   -1.16516    3.50965    1.94558    2.00000
 179.90163   -0.02327   23.52881   23.12038    0.10110    0.05580    6.30943    0.82427    1.90513    6.72713    2.00000
 180.04634    0.04210   20.85853   20.48633    0.06260    0.03455   58.31949    1.30824   -2.89384   -1.29367    2.00000
 179.95934   -0.09174   22.06125   21.81392    0.10035    0.05538   20.09524   -0.08490   -2.61073   -2.05540    2.00000
 179.99895    0.11924   22.79724   22.48540    0.11925    0.06581   10.97848   -2.00168    0.00719   -4.25031    2.00000
 179.93344   -0.04693   22.79724   22.48540    0.08144    0.04495   10.97848   -1.98024    1.33598    1.28637    2.00000
 180.22485   -0.10269   21.78543   21.55622    0.24719    0.13643   24.71640   -0.52986    0.82896    1.00576    2.00000
 179.97707    0.18140   23.30911   22.93436    0.18284    0.10091    7.42608   -1.19492   -1.07442   -3.24625    2.00000
 179.98592   -0.04853   21.63260   21.40897    0.05053    0.02789   28.11913    1.83055   -1.60959   -1.10827    2.00000
 180.18475   -0.54796   21.53374   21.31363    0.57826    0.31917   30.62686    3.53143    0.21821    4.20464    2.00000
 179.98083   -0.00505   22.54972   22.26336    0.01981    0.01093   13.62241    5.66988   -0.86559    4.48709    2.00000
 179.96082    0.09609   22.90022   22.57726    0.10377    0.05727   10.20367   -4.02880   -4.87523  -10.34505    2.00000
 179.84538   -0.04012   23.52611   23.11809    0.15974    0.08817    6.32095   -6.23825   -1.13211  -10.16408    2.00000
 179.96559    0.00210   21.20851   20.97316    0.03447    0.01903   39.88256   -2.49476   -2.82927   -5.84561    2.00000
 179.96033    0.08745   21.15146   20.90670    0.09602    0.05300   42.37315    4.50257   -1.35979    2.81154    2.00000
 180.28767    0.09511   22.20758   21.94954    0.30299    0.16723   17.66322    2.14555   -1.58154    1.93459    2.00000
 179.96291    0.03103   23.68499   23.25098    0.04836    0.02669    5.65191    0.83578    0.84843   -5.77445    2.00000
 179.98064    0.03569   21.31336   21.08670    0.04061    0.02241   36.59622    1.09802   -1.35003   -0.70831    2.00000
 180.13170    0.07483   23.83423   23.37435    0.15147    0.08360    5.03080   -0.47209    1.35296    8.46758    2.00000
 179.92841   -0.00869   23.50449   23.09980    0.07213    0.03981    6.41306   -0.59679   -4.99190   -3.27600    2.00000
 179.97559   -0.00765   17.99679   18.02421    0.02558    0.01412  282.47723    8.26561    2.52675   10.74542    2.00000
 180.00142    0.01320   23.37987   22.99431    0.01328    0.00733    6.95977   -1.93393    0.21021   -4.99647    2.00000
 179.90843   -0.00591   22.93673   22.60980    0.09176    0.05065    9.95052   -0.28664   -1.16848   -1.13130    2.00000
 180.01091   -0.05837   22.41092   22.13666    0.05938    0.03277   15.13113    1.74822    0.35243    1.90257    2.00000
 179.90556    0.11010   22.91847   22.59353    0.14506    0.08006   10.07709    1.36347    0.70525   -0.14906    2.00000
 180.02472    0.00403   23.63827   23.21221    0.02505    0.01383    5.84713    2.77621    1.92321    4.33469    2.00000
 180.01038    0.06257   23.36354   22.98047    0.06343    0.03501    7.06738   -0.41315   -0.62963    0.07407    2.00000
 179.89981   -0.10722   22.21529   21.95663    0.14674    0.08099   17.53613   -1.10924   -1.22683   -0.51227    2.00000
 180.11617   -0.04150   22.69234   22.39161    0.12336    0.06808   12.09523   -2.11413   -0.17125   -0.87142    2.00000
 180.01871   -0.01412   23.39892   23.01045    0.02344    0.01294    6.86289   -8.49907   -1.42781  -10.10636    2.00000
 180.00980    0.03854   22.91587   22.59121    0.03976    0.02195   10.09518   -3.13178    0.20324   -3.72000    2.00000
 180.03873   -0.03210   22.45363   22.17580    0.05030    0.02776   14.66509    4.97041   -0.09675    4.60686    2.00000
 179.99590   -0.01855   23.43152   23.03805    0.01900    0.01049    6.72392    2.83781   -0.66389    2.19366    2.00000
 179.94696    0.00639   21.57809   21.35658    0.05342    0.02948   29.49724   -2.81934   -1.96261   -4.73561    2.00000
 179.98071   -0.01797   21.76682   21.53836    0.02636    0.01455   25.03668    1.57074   -0.37294    0.48831    2.00000
 180.02496   -0.00022   20.82468   20.43279    0.02496    0.01378   61.07889    2.54336   -0.73119    1.29508    2.00000
 180.03326   -0.10838   22.39652   22.12339    0.11337    0.06257   15.28912   -5.00371    0.57894   -5.30987    2.00000
 180.17059    0.04899   22.65583   22.35880    0.17749    0.09796   12.48592   -4.78884    1.63583   -2.71133    2.00000
 180.02924   -0.03397   21.93519   21.69655    0.04482    0.02474   22.19992    4.88574    1.00089    6.04927    2.00000
 180.01292   -0.10158   21.43460   21.21235    0.10240    0.05652   33.29097   -6.80279    1.61518   -5.69060    2.00000
 180.08191    0.09307   21.78816   21.55877    0.12398    0.06843   24.67064    2.03756   -2.14644    0.11511    2.00000
 180.09097   -0.06169   21.79904   21.56898    0.10992    0.06067   24.48763   -6.64630   -4.14353  -11.08941    2.00000
 180.06969   -0.01345   23.43152   23.03805    0.07096    0.03917    6.72392    0.88775    2.27702    3.88520    2.00000
 180.04424    0.00378   22.99965   22.66539    0.04440    0.02451    9.51814   -0.22534    0.74662    2.60018    2.00000
 179.92683   -0.01071   22.92108   22.59586    0.07396    0.04082   10.05901    1.44149    0.11319    1.35476    2.00000
 180.00522   -0.05682   23.43962   23.04491    0.05706    0.03149    6.68938    0.64918   -0.81437    0.24013    2.00000
 179.93742   -0.02510   23.21322   22.85176    0.06742    0.03721    8.06855    4.08484   -1.99021    3.56632    2.00000
 180.01118   -0.09333   23.56125   23.14782    0.09399    0.05188    6.17127   -0.36187    0.12877    2.87634    2.00000
 179.99242   -0.09366   22.90022   22.57726    0.09397    0.05186   10.20367   -1.03584    1.27504    0.76626    2.00000
 180.03012    0.05432   22.90543   22.58191    0.06211    0.03428   10.16750   -3.58634    3.78857    1.36703    2.00000
 179.83676   -0.14014   22.91587   22.59121    0.21514    0.11874   10.09518   -6.26327    0.54520   -6.89793    2.00000
 179.98361    0.00039   22.03110   21.78585    0.01640    0.00905   20.59853   -2.09800   -0.64310   -2.79713    2.00000
 179.94704   -0.04101   23.40165   23.01276    0.06698    0.03697    6.85129   -2.13180    0.34903   -5.37322    2.00000
 180.02335   -0.05003   20.59496   20.14539    0.05521    0.03047   75.88961   -1.02912   -1.67170   -2.91445    2.00000
 179.94858   -0.12799   22.27184   22.00861    0.13793    0.07613   16.65595   -6.10262   -0.39857   -6.27890    2.00000
 179.96721   -0.01828   22.85066   22.53309    0.03754    0.02072   10.54722   -3.91807   -1.33113   -2.71257    2.00000
 180.04974   -0.04408   21.61313   21.39026    0.06646    0.03668   28.61131   -0.31263    0.87819   -0.97895    2.00000
 179.99706   -0.01700   23.24979   22.88351    0.01725    0.00952    7.82157    4.02614   -0.81014    1.60994    2.00000
 180.04816   -0.07094   22.76481   22.45640    0.08574    0.04732   11.32371   -1.70921   -1.16102   -3.13063    2.00000
 180.13963    0.31925   23.61096   23.18939    0.34846    0.19232    5.96198    8.69099    0.11027   14.67962    2.00000
