#RA        DEC       MAG_G     MAG_I     ANGSEP    RPROJ     SNR       VTRUE       VSYS       VMEAS      VSYSERR    
 179.98938    0.00775   21.66627   21.44140    0.01315    0.00726   27.26592    1.02018    0.48990    1.24238    2.00000
 179.92941    0.16197   21.85075   21.61746    0.17669    0.09752   23.61830    1.95127   -1.03289    0.35682    2.00000
 179.99510   -0.04529   23.81042   23.35469    0.04556    0.02514    5.12976    2.58039    2.33308    0.14548    2.00000
 180.08873    0.05787   22.74734   22.44079    0.10593    0.05846   11.50961    1.19205    1.60422    3.11159    2.00000
 179.93108   -0.08957   22.12574   21.87455    0.11302    0.06238   19.00797   -4.49433   -3.41233   -7.65781    2.00000
 180.02490    0.05788   23.65505   23.22619    0.06301    0.03478    5.77675    0.81796   -0.03389    2.04075    2.00000
 179.95901   -0.00007   22.04481   21.79861    0.04098    0.02262   20.36976    2.19246   -1.46529    0.40393    2.00000
 179.93851    0.07771   20.76260   20.34717    0.09911    0.05470   65.49104   -2.00893    0.35297   -1.58602    2.00000
 180.01050    0.17260   21.41895   21.19636    0.17292    0.09544   33.71156    0.76735   -2.17273   -1.78067    2.00000
 180.06271   -0.00377   22.55206   22.26550    0.06282    0.03467   13.59698   -4.52906    0.00442   -2.18425    2.00000
 179.97588    0.00978   22.54972   22.26336    0.02604    0.01437   13.62241   -0.67312   -0.26344   -0.26429    2.00000
 179.95543    0.04387   21.97903   21.73738    0.06254    0.03452   21.46786    1.04194   -1.06559   -0.35725    2.00000
 180.00620    0.10923   21.47111   21.24966    0.10940    0.06038   32.30959   -0.88605   -1.29494   -2.57139    2.00000
 179.97504   -0.03530   23.22785   22.86446    0.04324    0.02386    7.96976    2.09142    1.61709    1.16848    2.00000
 179.96123   -0.13388   23.77946   23.32914    0.13939    0.07693    5.25841   -4.74486    1.47958   -4.37203    2.00000
 180.04459    0.03247   23.02500   22.68763    0.05515    0.03044    9.34521    2.03977    0.27604    3.09937    2.00000
 180.08685   -0.02172   20.87361   20.51219    0.08953    0.04941   57.15837   -0.29304   -0.23165   -0.36991    2.00000
 180.00635    0.03033   23.34177   22.96203    0.03098    0.01710    7.21086   -0.44362    2.18257   -0.47139    2.00000
 179.85271   -0.07650   21.80176   21.57153    0.16598    0.09161   24.44187   -0.52821    1.15655    0.00519    2.00000
 180.01097    0.01880   21.50176   21.28097    0.02176    0.01201   31.48594   -3.40299   -1.16720   -4.73125    2.00000
 179.98808   -0.07281   23.43692   23.04263    0.07378    0.04072    6.70090    1.76235   -0.00840   -0.65420    2.00000
 179.98582    0.06618   21.12160   20.87042    0.06768    0.03735   43.73311   -2.09699    3.18023    1.24942    2.00000
 179.97635    0.12427   22.98672   22.65405    0.12650    0.06982    9.60634   -0.11838    0.41797   -1.96890    2.00000
 179.92912    0.20159   23.82709   23.36845    0.21368    0.11794    5.06049    4.52524    0.91775    3.59075    2.00000
 179.99574   -0.04032   23.59651   23.17732    0.04055    0.02238    6.02279    3.40386    0.30267    2.56094    2.00000
 180.00307   -0.01935   23.50990   23.10437    0.01960    0.01082    6.39003   -3.71454    0.27300    3.19332    2.00000
 180.13396   -0.03427   22.21272   21.95427    0.13827    0.07631   17.57849    4.13118    3.79731    7.73936    2.00000
 180.25937   -0.00390   22.83240   22.51682    0.25939    0.14317   10.67380   -1.50280    0.37962   -1.00023    2.00000
 180.00645    0.03604   23.75803   23.31145    0.03662    0.02021    5.34747   -4.03974    0.92213   -3.28940    2.00000
 179.94527    0.02696   20.89266   20.54485    0.06102    0.03368   55.93441    0.14922   -3.55883   -3.36084    2.00000
 180.11090   -0.14450   23.66441   23.23394    0.18215    0.10054    5.73773   -2.38257   -1.18821    0.18448    2.00000
 180.11581    0.03444   22.75982   22.45194    0.12082    0.06668   11.37683   -3.87116    3.21422    0.51183    2.00000
 180.02261    0.05664   20.90153   20.55975    0.06099    0.03366   55.37575   -6.06082    1.11634   -4.86283    2.00000
 179.97548   -0.00432   21.75094   21.52305    0.02490    0.01374   25.31120    1.97777   -1.14411    0.44350    2.00000
 179.98270    0.09622   22.87935   22.55866    0.09776    0.05396   10.34832   -0.15295   -1.60930    0.67014    2.00000
 180.02231   -0.02008   23.01365   22.67768    0.03002    0.01657    9.42258    3.08350    3.72910    7.11563    2.00000
 180.03496   -0.01533   21.43982   21.21768    0.03818    0.02107   33.15077   -5.63493   -3.03617   -8.43756    2.00000
 179.92310   -0.05540   22.04481   21.79861    0.09478    0.05231   20.36976   -3.89760   -2.02862   -4.93701    2.00000
 179.91560    0.01690   21.35178   21.12763    0.08607    0.04750   35.51938    2.26631   -0.80431    0.90852    2.00000
 179.97945    0.01144   23.20591   22.84541    0.02351    0.01298    8.11794   -0.61977    2.83492    5.36603    2.00000
 180.18794    0.51269   22.18445   21.92828    0.54605    0.30138   18.04451   -2.53224    3.54501    0.52402    2.00000
 179.94206    0.05126   21.83714   21.60470    0.07735    0.04269   23.84707   -1.99731    1.23047   -0.65711    2.00000
 180.12563    0.03327   20.43856   19.97416    0.12995    0.07172   85.14899    0.38092   -2.32052   -1.90226    2.00000
 180.09456    0.05060   21.27695   21.04791    0.10725    0.05919   37.61637    4.65114    1.13038    4.82261    2.00000
 179.93491    0.02752   21.68744   21.46181    0.07067    0.03900   26.72900   -2.25560   -0.87284   -2.06232    2.00000
 179.99614   -0.13799   22.96625   22.63610    0.13804    0.07619    9.74600   -3.57215    1.55169   -4.65726    2.00000
 180.05949    0.02521   22.01192   21.76799    0.06461    0.03566   20.91881   -2.50728    2.95612   -0.04293    2.00000
 179.99551    0.00345   20.88631   20.53396    0.00566    0.00312   56.34240   -0.31080    0.17736   -0.18604    2.00000
 179.99519   -0.01442   21.43199   21.20969    0.01521    0.00839   33.36107   -1.03148   -1.39879   -3.06765    2.00000
 179.95155   -0.04150   22.16849   21.91362    0.06380    0.03521   18.30743    0.23744   -0.06704    0.32936    2.00000
 179.98331    0.02298   23.44503   23.04949    0.02840    0.01567    6.66636   -1.95103   -2.71379   -9.15518    2.00000
 179.92274    0.02204   23.17665   22.82001    0.08033    0.04434    8.31552   -0.94791    3.00224   -1.69848    2.00000
 180.03622    0.05130   23.15471   22.80096    0.06281    0.03466    8.46370    3.70236   -0.59229    2.42756    2.00000
 179.98512   -0.06140   23.40981   23.01967    0.06317    0.03487    6.81646    3.75468   -1.50130    4.99217    2.00000
 180.02518   -0.01091   21.48937   21.26831    0.02743    0.01514   31.81890   -5.92834    3.63481   -2.98024    2.00000
 179.99191    0.01639   21.75888   21.53070    0.01828    0.01009   25.17394   -4.88622   -2.56648   -8.33342    2.00000
 179.88554   -0.04376   23.13302   22.78203    0.12253    0.06763    8.61091   -2.84112    3.68591    1.56390    2.00000
 180.01593   -0.00358   23.08501   22.74007    0.01632    0.00901    8.93726    2.93220    1.27084    1.55736    2.00000
 180.04407   -0.06579   22.66365   22.36583    0.07918    0.04370   12.40220   -0.79272    2.52565    1.45644    2.00000
 180.05296    0.02699   22.10854   21.85871    0.05945    0.03281   19.29214    7.60581    0.45621    7.60821    2.00000
 179.97765    0.22851   22.44894   22.17153    0.22960    0.12672   14.71595    6.48292   -0.22800    5.04241    2.00000
 179.91649    0.10206   22.48644   22.20570    0.13187    0.07278   14.30905   -0.73903   -1.75855   -2.33372    2.00000
 180.03694   -0.04014   23.06581   22.72329    0.05455    0.03011    9.06781   -0.31464    0.29189    4.14470    2.00000
 179.94698    0.06958   23.57241   23.15719    0.08748    0.04828    6.12413    5.14157    1.45481    2.86490    2.00000
 180.00633    0.00003   21.08875   20.83050    0.00634    0.00350   45.22905    1.39615    3.59580    4.95327    2.00000
 179.91064    0.21073   21.82082   21.58939    0.22889    0.12633   24.12160    0.13176    1.39260    1.80510    2.00000
 179.97585    0.01475   22.10854   21.85871    0.02831    0.01562   19.29214    5.22263   -5.60929    0.33820    2.00000
 180.02425   -0.06832   21.49555   21.27462    0.07250    0.04001   31.65298    4.77456   -1.56295    3.23325    2.00000
 180.07710   -0.01896   21.67421   21.44906    0.07940    0.04382   27.06457   -1.91195    2.40385    0.94500    2.00000
 180.00385   -0.04250   22.23329   21.97317    0.04268    0.02356   17.23957    2.00536   -0.68002   -2.01376    2.00000
 180.12158    0.04199   22.89239   22.57028    0.12863    0.07099   10.25791    0.61240   -0.21465    1.67609    2.00000
 180.01259    0.01198   22.34131   22.07253    0.01738    0.00959   15.89474    3.29136   -1.03214    3.76439    2.00000
 179.96477   -0.01218   23.45044   23.05406    0.03728    0.02057    6.64333    6.11944    1.62260    8.53009    2.00000
 180.00378   -0.06842   17.97088   18.00012    0.06853    0.03782  285.79587    2.36011   -0.89607    1.45312    2.00000
 180.06224   -0.05453   23.50719   23.10209    0.08274    0.04567    6.40154    2.17504   -0.55746    0.89928    2.00000
 179.84622   -0.00842   23.71119   23.27268    0.15401    0.08500    5.54267   -4.25672   -2.54652   -4.91391    2.00000
 180.00803    0.02399   23.55044   23.13868    0.02529    0.01396    6.21732   -2.99131   -2.01273    0.09911    2.00000
 180.04884   -0.03643   21.90791   21.67104    0.06093    0.03363   22.65746   -1.25304    1.49803   -0.27564    2.00000
 179.96114   -0.02995   23.35810   22.97586    0.04907    0.02708    7.10325   -2.25946    0.33719   -2.32454    2.00000
 180.00246   -0.01883   22.06399   21.81647    0.01899    0.01048   20.04948   -2.54415   -0.38575   -3.59246    2.00000
 179.93423   -0.01979   22.83240   22.51682    0.06868    0.03791   10.67380    3.41259    0.43125    3.90548    2.00000
 180.00754    0.02005   22.83762   22.52146    0.02142    0.01182   10.63763   -2.09775    1.83889    1.04231    2.00000
 179.99657   -0.00893   21.90246   21.66593    0.00956    0.00528   22.74897   -0.27872   -1.31725   -0.25027    2.00000
 179.99667    0.02529   22.00644   21.76289    0.02551    0.01408   21.01032   -3.80777   -1.95932   -5.39313    2.00000
 180.11282    0.06465   23.66067   23.23084    0.13003    0.07176    5.75334    2.57602    2.49223    4.76089    2.00000
 180.08981   -0.03662   23.61096   23.18939    0.09699    0.05353    5.96198   -0.41400    0.29091    0.48979    2.00000
 179.92854    0.04228   22.67409   22.37521    0.08302    0.04582   12.29058   -1.61229   -0.14201   -2.41574    2.00000
 179.98734   -0.17589   22.48409   22.20356    0.17635    0.09733   14.33448    5.80667    3.34643   10.49882    2.00000
 179.93889   -0.10578   23.06101   22.71909    0.12216    0.06742    9.10044   -0.11117   -1.54705   -2.60561    2.00000
 179.97208    0.01597   20.07864   19.59223    0.03218    0.01776  111.27028   -2.13459   -5.11561   -7.20784    2.00000
 180.02232   -0.01354   22.12245   21.87155    0.02611    0.01441   19.06186    4.48237   -1.50350    1.85022    2.00000
 179.90086    0.08183   21.03925   20.76656    0.12854    0.07095   47.62518   -5.84446    2.68717   -2.96965    2.00000
 179.82625   -0.14083   21.18280   20.94330    0.22365    0.12344   41.00169   -3.35308    1.03122   -2.45241    2.00000
 180.00722    0.00347   23.26686   22.89833    0.00800    0.00442    7.70632    1.28145   -0.54455    0.47028    2.00000
 180.00641   -0.01095   21.40852   21.18570    0.01268    0.00700   33.99195   -3.89721   -2.36999   -5.79873    2.00000
 180.00407    0.00144   23.45314   23.05635    0.00431    0.00238    6.63182    2.79623    4.41676    4.65316    2.00000
 179.90092   -0.01120   23.09221   22.74637    0.09971    0.05503    8.88831   -0.93726    1.26828   -2.74911    2.00000
 180.05927    0.02415   22.85588   22.53774    0.06400    0.03532   10.51106   -0.81913    1.50772   -0.92247    2.00000
 179.98071    0.07106   23.46935   23.07007    0.07363    0.04064    6.56273    0.47301   -0.31248    1.14163    2.00000
 180.09731    0.04314   22.31731   22.05042    0.10644    0.05874   16.15806   -5.93177   -0.14925   -5.04180    2.00000
 179.84579   -0.08302   22.06399   21.81647    0.17514    0.09666   20.04948    2.42477    1.17921    2.48033    2.00000
 180.04704    0.03035   21.36939   21.14573    0.05598    0.03090   35.04343    0.32062   -0.92443   -1.43472    2.00000
 179.97804   -0.02415   23.39348   23.00584    0.03263    0.01801    6.88611   -5.26223    0.97133   -3.88078    2.00000
 180.04691   -0.04795   22.71491   22.41180    0.06707    0.03702   11.85484    0.20718    1.00668   -0.80629    2.00000
 180.07132    0.10937   21.36157   21.13773    0.13057    0.07207   35.25373    4.54392   -3.36783    1.28952    2.00000
 179.97729   -0.00269   21.55863   21.33786    0.02287    0.01262   29.98942   -1.06535   -0.94634   -2.55853    2.00000
 179.96989   -0.02389   23.72803   23.28663    0.03843    0.02121    5.47245    1.75967    1.32012    7.78842    2.00000
 179.99097   -0.02531   23.68499   23.25098    0.02688    0.01483    5.65191   -1.45100   -1.81255    4.49659    2.00000
 179.97255   -0.01249   23.63506   23.20952    0.03016    0.01665    5.86065   -0.37627   -0.98433    9.04866    2.00000
 179.96529    0.02171   23.42070   23.02890    0.04095    0.02260    6.77002    2.11122   -1.69980    0.35157    2.00000
 180.00377   -0.09354   23.03460   22.69602    0.09361    0.05167    9.27994    0.64910    0.78250    0.46217    2.00000
 180.01350   -0.01042   22.95760   22.62840    0.01706    0.00942    9.80587   -4.87166   -2.66911   -8.60787    2.00000
 179.98630   -0.00030   23.64791   23.22026    0.01371    0.00757    5.80660    5.13282    1.36183   11.71002    2.00000
 180.01971   -0.00200   23.19616   22.83694    0.01982    0.01094    8.18380   -2.70895    0.28845   -4.33497    2.00000
 179.99287    0.00748   22.70992   22.40734    0.01032    0.00570   11.90796   -3.16390   -1.62982   -6.80371    2.00000
 180.07059   -0.01353   23.71306   23.27423    0.07188    0.03967    5.53487    6.74133   -1.01193    5.67548    2.00000
 180.03539    0.08409   22.51222   22.22919    0.09123    0.05035   14.02931   -8.38897   -2.95480  -11.18967    2.00000
 179.99396   -0.03906   23.65318   23.22464    0.03952    0.02181    5.78455    3.47996    4.44047    6.30949    2.00000
 179.98442   -0.01688   23.66254   23.23239    0.02297    0.01268    5.74554   -2.69652    0.99267    3.95705    2.00000
 179.96104    0.06169   21.94067   21.70166    0.07297    0.04027   22.10842    5.27230    1.16469    6.21985    2.00000
 179.97617   -0.03910   23.78660   23.33504    0.04579    0.02527    5.22872    1.28056    0.36276    1.95841    2.00000
 180.01994    0.02378   23.20103   22.84118    0.03104    0.01713    8.15087   -0.22866   -2.70346   -5.10526    2.00000
 180.38097   -0.04840   23.05621   22.71490    0.38403    0.21196    9.13308   -4.41218   -1.44703   -7.58445    2.00000
 180.14217    0.01618   22.34371   22.07474    0.14308    0.07897   15.86841    6.15820    3.62722    7.47371    2.00000
 179.98540    0.00133   22.50987   22.22705    0.01466    0.00809   14.05474    0.19315   -3.00039   -1.55306    2.00000
 179.99478    0.00065   22.88717   22.56563    0.00526    0.00291   10.29408    5.86266    2.40459    7.40333    2.00000
 180.07520   -0.01608   21.09921   20.84320    0.07690    0.04244   44.75307   -0.34114   -3.34269   -3.77443    2.00000
 180.03831   -0.03147   21.97629   21.73482    0.04958    0.02736   21.51361   -2.00418    0.71733   -0.43512    2.00000
 180.06602   -0.04611   23.23029   22.86658    0.08054    0.04445    7.95329    0.10013    0.83889    2.94678    2.00000
 180.02682    0.02585   22.99965   22.66539    0.03725    0.02056    9.51814    0.04398    1.23985   -1.68179    2.00000
 179.98465   -0.03296   22.08839   21.83954    0.03636    0.02007   19.63580   -3.35178    1.70416    0.02382    2.00000
 179.99336    0.02342   21.74300   21.51540    0.02434    0.01343   25.44846   -1.37705   -0.09978   -1.66565    2.00000
 180.17215   -0.09524   21.29718   21.06946    0.19674    0.10859   37.04962   -3.73265   -1.07289   -4.74062    2.00000
 180.00711    0.09825   21.11115   20.85772    0.09851    0.05437   44.20909   -0.76030   -2.54058   -3.35584    2.00000
 179.98347   -0.02770   21.44503   21.22301    0.03225    0.01780   33.01057   -3.20998    2.02487   -0.99289    2.00000
 179.93814    0.06469   21.74565   21.51795    0.08950    0.04940   25.40271   -0.44094    0.47480    0.12298    2.00000
 180.00870   -0.03548   22.75483   22.44748    0.03653    0.02016   11.42994   -5.67799   -0.06963   -6.14313    2.00000
 180.04137    0.03616   22.32691   22.05926    0.05494    0.03032   16.05273   -0.45802    3.30741    1.19307    2.00000
 179.97249    0.04175   23.19372   22.83482    0.05000    0.02759    8.20027   -0.17946   -0.27765   -2.22606    2.00000
 180.09506   -0.04470   22.22815   21.96844    0.10504    0.05797   17.32430    0.34799    0.62509    0.89282    2.00000
 179.88074   -0.00934   23.15715   22.80307    0.11963    0.06602    8.44724    2.66815   -0.74388    2.61836    2.00000
 179.88062   -0.01127   22.92891   22.60283    0.11992    0.06619   10.00477    0.42911    0.42115   -0.01399    2.00000
 179.95206   -0.08688   23.27918   22.90900    0.09923    0.05477    7.62329   -6.47662    0.69049   -7.65441    2.00000
 179.65208   -0.20708   22.17417   21.91883    0.40487    0.22346   18.21397    6.90280    1.97100    8.63375    2.00000
 179.91130   -0.11634   22.13999   21.88758    0.14630    0.08075   18.77446   -0.06786    2.17113    1.64449    2.00000
 180.00325    0.08344   21.28504   21.05653    0.08351    0.04609   37.38967    3.64973   -1.91210    2.60017    2.00000
 179.99129    0.01193   23.58044   23.16390    0.01478    0.00816    6.09035    4.18959    4.24872    3.76690    2.00000
 179.90855    0.03236   23.17421   22.81789    0.09700    0.05354    8.33198   -3.20564   -1.16245   -6.18573    2.00000
 179.97575    0.14851   22.09691   21.84765    0.15047    0.08305   19.49041   -1.47311    1.64955    0.67009    2.00000
 180.05113   -0.00807   22.11164   21.86166    0.05176    0.02857   19.23918   -1.32252    0.33910    0.36331    2.00000
 179.99168    0.00708   21.24555   21.01443    0.01092    0.00603   38.49707    1.79418   -0.18579    1.49831    2.00000
 180.01743   -0.00595   23.03460   22.69602    0.01842    0.01016    9.27994    6.47255    2.46180    9.85186    2.00000
 180.01288    0.01213   21.78816   21.55877    0.01769    0.00977   24.67064   -3.47197    0.72768   -2.58770    2.00000
 180.00443   -0.00757   23.70932   23.27113    0.00876    0.00484    5.55047   -0.18266    3.02413   12.20240    2.00000
 180.10905    0.04015   23.58205   23.16524    0.11622    0.06414    6.08359   -5.93691    0.18523   -4.72969    2.00000
 180.14606    0.05752   21.38243   21.15905    0.15698    0.08664   34.69294    3.64678   -0.11155    4.41775    2.00000
 180.07076    0.03746   23.23273   22.86869    0.08006    0.04418    7.93683    0.15998   -0.68026   -2.65590    2.00000
 180.06314    0.00446   22.06399   21.81647    0.06330    0.03494   20.04948    4.16532    0.72579    5.42300    2.00000
 180.11546    0.03455   21.26887   21.03930    0.12053    0.06652   37.84308    2.17616    0.49773    3.26969    2.00000
 179.83568    0.20881   23.11862   22.76944    0.26571    0.14665    8.70881    1.63256   -1.77068    2.07022    2.00000
 179.95589    0.01016   21.31740   21.09101    0.04527    0.02498   36.48287   -2.88794    0.72534   -2.68363    2.00000
 179.87718   -0.09576   20.41551   19.94940    0.15574    0.08595   86.84230   -2.82736   -5.57288   -8.22662    2.00000
 179.98523   -0.00231   22.67669   22.37755    0.01495    0.00825   12.26267   -2.33488   -4.90760   -4.92044    2.00000
 179.97267    0.10487   23.19372   22.83482    0.10838    0.05982    8.20027    0.07334   -1.86294   -1.40773    2.00000
 180.05479   -0.04901   22.98780   22.65500    0.07351    0.04057    9.59899   -4.69953   -2.17034   -7.82287    2.00000
 180.00996    0.09116   23.02500   22.68763    0.09170    0.05061    9.34521   -1.80322    1.21133   -5.73636    2.00000
 180.00764    0.04119   23.76517   23.31735    0.04189    0.02312    5.31778   -3.77004   -0.08265    2.14634    2.00000
 180.10870    0.03245   22.81720   22.50324    0.11345    0.06262   10.77940    3.66440   -3.25822    3.91759    2.00000
 179.94403   -0.06719   22.84544   22.52844    0.08745    0.04827   10.58339   -7.19601   -3.24111  -12.05128    2.00000
 179.92834    0.14415   22.98564   22.65311    0.16097    0.08885    9.61369   -1.54933    0.98238   -1.52494    2.00000
 180.00729   -0.00564   23.43962   23.04491    0.00922    0.00509    6.68938   -0.88008    0.11439   -2.48737    2.00000
 180.03035    0.03157   22.75233   22.44525    0.04379    0.02417   11.45650    3.04416   -0.29381    0.12923    2.00000
 180.04527    0.00356   23.05861   22.71700    0.04541    0.02506    9.11676    0.48947   -0.97246   -3.81707    2.00000
 180.00896    0.01498   23.20347   22.84329    0.01745    0.00963    8.13441    5.00245    3.35383    4.85850    2.00000
 179.68575    0.04280   22.86370   22.54471    0.31717    0.17505   10.45681    5.73841   -0.39023    5.93125    2.00000
 180.08353    0.12000   23.10421   22.75686    0.14621    0.08070    8.80672   -3.54032   -1.46571   -1.00070    2.00000
 180.11520   -0.02645   21.32347   21.09747    0.11821    0.06524   36.31284    6.08942   -1.07934    4.88978    2.00000
 180.04375   -0.00272   22.32451   22.05705    0.04382    0.02419   16.07906    2.28325   -0.66515    0.82642    2.00000
 179.98349   -0.02527   23.01581   22.67957    0.03019    0.01666    9.40788    8.35232   -4.20709    4.90126    2.00000
 180.05653   -0.02933   23.02500   22.68763    0.06369    0.03515    9.34521    0.70673    2.24494    0.95460    2.00000
 180.01633   -0.00694   22.13560   21.88357    0.01773    0.00979   18.84631   -3.96660   -0.42627   -4.28362    2.00000
 179.93805   -0.07975   21.28707   21.05869    0.10098    0.05573   37.33300    2.25401    0.56340    3.71449    2.00000
 180.03291    0.01656   22.54503   22.25909    0.03684    0.02034   13.67327   -3.10551   -0.17910   -4.54028    2.00000
 179.82863    0.22215   23.23273   22.86869    0.28056    0.15485    7.93683   -2.59655   -2.14900   -5.78670    2.00000
 179.94243    0.01867   22.95238   22.62375    0.06052    0.03340    9.84203   -0.86555    1.20126   -2.08169    2.00000
 179.96933   -0.01067   21.56447   21.34348    0.03247    0.01792   29.84176    1.79456   -2.45155   -0.73150    2.00000
 179.99107    0.05088   22.65583   22.35880    0.05166    0.02851   12.48592   -0.30087   -3.01537   -3.36183    2.00000
 180.10362   -0.09009   22.50519   22.22278    0.13731    0.07578   14.10560    1.75806    1.41642    3.24532    2.00000
 180.01823   -0.17497   22.83501   22.51914    0.17591    0.09709   10.65572   -3.92481   -1.31800   -3.91157    2.00000
 179.96461    0.41730   23.27174   22.90256    0.41880    0.23115    7.67339   -3.55251   -0.39899   -3.97685    2.00000
 179.89137    0.01483   23.41525   23.02428    0.10963    0.06051    6.79324   -1.90467    6.12039    4.65550    2.00000
 180.01721   -0.04007   23.40437   23.01506    0.04360    0.02407    6.83968   -3.06079   -0.60208   -8.32340    2.00000
 180.05763    0.00983   23.65880   23.22929    0.05847    0.03227    5.76114    2.65108   -3.26325    1.65209    2.00000
 179.89908   -0.03964   23.33088   22.95280    0.10843    0.05984    7.28260   -0.08041    3.25029    1.44633    2.00000
 180.04605   -0.15423   23.67751   23.24478    0.16096    0.08884    5.68312   -4.07695   -1.85543   -9.16981    2.00000
 179.80048   -0.11842   23.52881   23.12038    0.23202    0.12806    6.30943   -0.16616    1.37401   -0.43608    2.00000
 180.03616   -0.03676   23.08741   22.74217    0.05157    0.02846    8.92095   -1.35749   -0.57364   -1.83053    2.00000
 179.89876   -0.04641   22.45128   22.17366    0.11137    0.06147   14.69052   -2.67955   -2.30106   -6.86565    2.00000
 179.98404   -0.00677   22.60888   22.31662    0.01734    0.00957   12.98825    4.51373   -2.38631    1.92180    2.00000
 179.93536    0.00431   22.19730   21.94009    0.06479    0.03576   17.83268    3.21476    0.95209    5.01689    2.00000
 179.96574   -0.00048   23.67189   23.24013    0.03426    0.01891    5.70652   -0.86453   -1.79874   -4.95502    2.00000
 180.07698   -0.17042   22.63235   22.33771    0.18700    0.10321   12.73709    1.27894    1.42458    2.08397    2.00000
 179.97940   -0.09171   21.32953   21.10393    0.09399    0.05188   36.14281   -2.33257   -1.03187   -3.73723    2.00000
 179.93172   -0.18253   22.71491   22.41180    0.19489    0.10756   11.85484   -4.22239   -0.64443   -5.88391    2.00000
 179.98640   -0.02390   22.96281   22.63305    0.02750    0.01518    9.76970   -3.63417   -3.56619   -8.69205    2.00000
 179.97731    0.07684   21.74300   21.51540    0.08012    0.04422   25.44846    4.67213   -3.05017    0.71012    2.00000
 179.94814   -0.01879   23.04421   22.70441    0.05517    0.03045    9.21467    4.88238    0.23077    5.93036    2.00000
 180.00082    0.03437   22.57758   22.28849    0.03438    0.01898   13.32313   -2.00066   -3.44001   -6.07345    2.00000
 179.98605   -0.05902   17.89065   17.92765    0.06065    0.03347  298.15201    3.46404   -1.94953    1.49125    2.00000
 180.06197    0.06291   23.79613   23.34290    0.08831    0.04874    5.18913   -4.48980    0.01008    0.24402    2.00000
 180.03410   -0.03355   21.83714   21.60470    0.04784    0.02640   23.84707    7.97517   -0.84386    8.03972    2.00000
 180.02425   -0.19537   23.35810   22.97586    0.19687    0.10866    7.10325   -1.27085    0.57560   -4.86290    2.00000
 179.99838   -0.02747   20.94031   20.62303    0.02752    0.01519   53.00433    4.27306   -2.09176    2.39640    2.00000
 179.94272   -0.00225   23.57401   23.15853    0.05733    0.03164    6.11737    3.08096   -1.33866    1.27670    2.00000
 180.01639   -0.02682   23.18884   22.83059    0.03143    0.01735    8.23320   -0.51371    4.34366    3.42032    2.00000
 180.02309   -0.03633   23.10661   22.75895    0.04305    0.02376    8.79040    4.10995   -5.02968    3.30527    2.00000
 179.99611   -0.01666   21.53730   21.31726    0.01711    0.00944   30.53141    2.50810    0.08338    2.26754    2.00000
 179.98419   -0.02142   23.14262   22.79042    0.02662    0.01469    8.54564    3.56399    3.79850    7.50681    2.00000
 179.86057   -0.02385   23.01904   22.68240    0.14147    0.07808    9.38583    2.05160   -3.62613   -3.45117    2.00000
 180.01489   -0.05827   21.88341   21.64807    0.06014    0.03319   23.06925   -5.19276    3.60223   -2.07316    2.00000
 179.99174   -0.00975   23.79375   23.34094    0.01277    0.00705    5.19903   -4.87700    0.81297   -6.39728    2.00000
 179.93277   -0.00210   23.22298   22.86023    0.06726    0.03712    8.00269   -0.26503    4.24282    2.86482    2.00000
 179.98669   -0.00553   22.60366   22.31193    0.01441    0.00795   13.04406    4.33388   -3.09014   -0.24897    2.00000
 180.05099    0.00888   23.15958   22.80519    0.05176    0.02857    8.43077   -3.76994   -1.27990  -10.37765    2.00000
 180.01384   -0.01111   23.28734   22.91591    0.01774    0.00979    7.56956   -5.54867    0.52590   -2.30885    2.00000
 179.99966    0.02709   22.77229   22.46309    0.02709    0.01495   11.24404   -6.21966    0.69361   -8.11725    2.00000
 180.00835    0.02456   23.76279   23.31538    0.02594    0.01432    5.32768   -3.18742   -0.03788   -6.22040    2.00000
 179.98792    0.00561   22.20501   21.94718    0.01333    0.00736   17.70559   -0.14448   -1.75988   -2.31331    2.00000
 179.89252   -0.06987   23.43692   23.04263    0.12820    0.07076    6.70090   -4.24344   -0.51336   -3.15742    2.00000
 179.97710   -0.05233   21.99822   21.75524    0.05712    0.03153   21.14758    0.77084    0.84162    1.81943    2.00000
 179.97011   -0.00317   21.93793   21.69910    0.03006    0.01659   22.15417    1.34414    3.00559    6.02317    2.00000
 180.06126   -0.00532   22.90022   22.57726    0.06149    0.03394   10.20367   -1.19869    4.23601    5.47421    2.00000
 180.00456    0.03513   22.78976   22.47871    0.03542    0.01955   11.05815   -2.88123   -1.73417   -4.76583    2.00000
 179.99620   -0.04107   23.07301   22.72958    0.04125    0.02276    9.01885   -2.66126    0.02248   -4.86448    2.00000
 179.99205   -0.10496   23.64791   23.22026    0.10526    0.05809    5.80660    3.58834    0.29938    7.33981    2.00000
 180.10378    0.00634   22.96493   22.63494    0.10396    0.05738    9.75504   -1.13045    1.56601    1.70708    2.00000
 180.00999    0.02619   23.79613   23.34290    0.02803    0.01547    5.18913    2.12268   -1.32902   -1.16744    2.00000
 180.01099    0.00690   22.98672   22.65405    0.01297    0.00716    9.60634    9.87265   -0.76197   10.91534    2.00000
 179.99466   -0.04865   23.11622   22.76735    0.04894    0.02701    8.72513    2.14164   -1.23945   -1.92570    2.00000
 179.97453    0.00993   21.52664   21.30637    0.02733    0.01509   30.81777   -2.19151   -1.14416   -2.61992    2.00000
 180.07663   -0.17048   23.70557   23.26803    0.18691    0.10316    5.56608    2.67212    0.69609    8.30779    2.00000
 180.07449    0.02305   23.65505   23.22619    0.07798    0.04304    5.77675   -0.80482   -0.38276    4.27616    2.00000
 179.87881   -0.04405   22.90543   22.58191    0.12894    0.07116   10.16750    2.39261    2.20960   11.80063    2.00000
 179.91438   -0.06537   22.61149   22.31896    0.10772    0.05945   12.96034    3.29344   -0.12407    3.77804    2.00000
 180.02837   -0.00483   23.83900   23.37828    0.02878    0.01588    5.01101   -0.60536    2.69324   -1.99286    2.00000
 179.93916    0.02434   22.30269   22.03696    0.06552    0.03616   16.31837   -2.19411    1.69817   -0.96681    2.00000
 179.99850    0.00288   23.70744   23.26958    0.00325    0.00179    5.55827    1.40647    0.93199    2.43884    2.00000
 180.04597   -0.01415   23.36082   22.97817    0.04809    0.02654    7.08531   -1.63079   -1.02643    0.95749    2.00000
 179.98174   -0.04966   22.75732   22.44971    0.05291    0.02920   11.40338    0.52388    0.30823   -0.10908    2.00000
 180.08411   -0.03722   21.76946   21.54091    0.09197    0.05076   24.99092    2.98409    0.50465    5.19601    2.00000
 179.99945   -0.04574   20.68708   20.25309    0.04575    0.02525   70.33956   -5.34877   -1.34681   -6.66724    2.00000
 179.96652    0.00748   22.86370   22.54471    0.03431    0.01894   10.45681   -1.77350    0.26612   -1.26366    2.00000
 179.99413   -0.12587   21.31942   21.09316    0.12601    0.06955   36.42619   -2.44326    2.05663   -0.02735    2.00000
 179.95622    0.06817   23.32000   22.94358    0.08101    0.04471    7.35434   -1.79861    1.01645   -0.30907    2.00000
 180.03178   -0.02542   23.79613   23.34290    0.04070    0.02246    5.18913    2.42285    3.95404   10.25541    2.00000
 179.98181    0.00509   23.01904   22.68240    0.01889    0.01042    9.38583    2.49468   -1.80980   -0.63149    2.00000
 179.96490   -0.10681   21.18794   20.94927    0.11242    0.06205   40.77786   -4.00053   -3.32045   -6.65281    2.00000
 180.01683    0.01362   21.25269   21.02206    0.02165    0.01195   38.29648    0.57721    1.52488    2.28706    2.00000
 180.14349   -0.04209   23.44233   23.04720    0.14953    0.08253    6.67787   -1.37261    0.56277    3.31038    2.00000
 179.92268    0.00868   22.30012   22.03459    0.07781    0.04295   16.34650   11.37886   -0.68114   12.69465    2.00000
 180.08232   -0.06416   23.46665   23.06778    0.10437    0.05760    6.57425   -0.58076   -2.94650   -3.87748    2.00000
 179.96510   -0.01668   23.27418   22.90468    0.03868    0.02135    7.65693   -1.51777    2.04177    0.07787    2.00000
 180.00153    0.09750   23.74868   23.30374    0.09751    0.05382    5.38631   -1.24203    0.24771    5.04866    2.00000
 180.06680    0.03027   23.57883   23.16256    0.07333    0.04047    6.09710    1.07565    1.88235    6.46901    2.00000
 180.01585    0.00657   21.25471   21.02421    0.01716    0.00947   38.23980   -3.39093   -0.76435   -4.29071    2.00000
 179.96188   -0.04366   22.65583   22.35880    0.05795    0.03198   12.48592    6.01704   -0.70638    2.30886    2.00000
 179.96397   -0.03590   23.22054   22.85811    0.05086    0.02807    8.01915    0.24178   -1.43628    2.85653    2.00000
 179.89919   -0.14014   21.23421   21.00215    0.17264    0.09529   38.82022    0.36332   -4.06222   -4.31882    2.00000
 180.08623    0.08992   21.83714   21.60470    0.12457    0.06875   23.84707    1.01155   -2.61778   -1.13507    2.00000
 179.97316    0.03252   22.97164   22.64082    0.04217    0.02328    9.70925    2.76236    4.19165    5.38446    2.00000
 179.95898   -0.03338   22.43957   22.16298    0.05288    0.02918   14.81768    2.46375    2.12762    4.23770    2.00000
 180.00769    0.02591   22.88457   22.56331    0.02703    0.01492   10.31216    0.72356   -1.11595   -1.14801    2.00000
 180.01740    0.00022   21.67950   21.45416    0.01740    0.00960   26.93034   -1.27479    2.47526    1.24439    2.00000
 180.10428    0.01254   22.86631   22.54704    0.10503    0.05797   10.43873    7.12723    1.36628   10.36468    2.00000
 180.05768   -0.01302   23.78660   23.33504    0.05913    0.03263    5.22872    2.93670   -3.34459    1.94885    2.00000
 179.92204    0.06771   21.80449   21.57408    0.10325    0.05699   24.39612    0.41879   -1.52987    0.04659    2.00000
 180.09016    0.04035   23.02500   22.68763    0.09879    0.05452    9.34521   -1.68446   -0.98272   -2.96612    2.00000
 179.93237   -0.01248   20.95642   20.64909    0.06877    0.03795   52.02782   -0.23883   -1.18174   -1.25479    2.00000
 179.95952   -0.03627   22.82468   22.50993    0.05435    0.03000   10.72736    3.50806   -1.12974    2.09622    2.00000
 180.02596    0.01784   22.32691   22.05926    0.03149    0.01738   16.05273   -1.31687    1.35882   -1.92566    2.00000
 180.00455    0.00458   21.76153   21.53326    0.00646    0.00356   25.12819    0.46179    0.83934    2.23267    2.00000
 180.00505    0.05210   22.84544   22.52844    0.05234    0.02889   10.58339    5.38618    3.10796   10.56065    2.00000
 179.98965    0.00110   23.81518   23.35863    0.01040    0.00574    5.10997   -0.28061   -0.27810  -13.21132    2.00000
 179.98474   -0.05502   23.26930   22.90045    0.05710    0.03151    7.68986   -1.20984    0.01238    3.87708    2.00000
 179.96529    0.15492   23.53152   23.12267    0.15877    0.08763    6.29792    6.04273    0.97915    8.15798    2.00000
 179.97826   -0.04246   20.18009   19.69912    0.04770    0.02633  103.95949    3.62755   -0.29336    3.16401    2.00000
 180.07281   -0.00524   23.78660   23.33504    0.07300    0.04029    5.22872   -1.21446   -0.56976   -0.25191    2.00000
 180.01874   -0.02069   21.36939   21.14573    0.02792    0.01541   35.04343   -4.32236    0.24480   -4.09955    2.00000
 180.02348   -0.02958   23.22541   22.86234    0.03777    0.02085    7.98622   -4.51974   -2.87424   -4.57236    2.00000
 179.99944   -0.05518   23.49908   23.09523    0.05518    0.03046    6.43608    0.45369    1.18460   -0.09182    2.00000
 179.97585    0.12992   23.53692   23.12724    0.13215    0.07293    6.27489    0.94187   -0.57556   -5.79223    2.00000
 180.00475   -0.00577   21.80449   21.57408    0.00747    0.00412   24.39612    1.27758   -0.83266    0.55991    2.00000
 180.00119   -0.00804   22.90282   22.57958    0.00813    0.00449   10.18559    0.79608   -4.70581   -6.98724    2.00000
 180.14195    0.03870   23.42611   23.03348    0.14714    0.08121    6.74695   -3.70318    0.49973   -5.68588    2.00000
 180.09898   -0.00271   23.80327   23.34880    0.09903    0.05466    5.15945   -0.78670   -0.51905   -3.75661    2.00000
 180.06558    0.07655   23.46665   23.06778    0.10081    0.05564    6.57425    0.53757    2.90739    4.30252    2.00000
 179.94955   -0.00693   19.00030   18.45792    0.05091    0.02810  222.73640   -1.87546    2.45758    0.56526    2.00000
 179.88644    0.01071   23.24004   22.87504    0.11406    0.06295    7.88743   -5.62634    0.10986   -5.58582    2.00000
 180.31825   -0.68513   23.20835   22.84753    0.75544    0.41697    8.10148    5.33014    0.85284    7.89384    2.00000
 180.07892   -0.16024   23.53422   23.12495    0.17862    0.09858    6.28641    2.94001   -1.46459    4.04661    2.00000
 179.96275    0.00844   22.66105   22.36349    0.03819    0.02108   12.43011   -0.75892    0.00859   -0.54054    2.00000
 179.97713    0.01183   23.62382   23.20013    0.02575    0.01421    5.90794    5.43360   -0.19731    0.76354    2.00000
 179.92474   -0.00533   20.44319   19.97913    0.07544    0.04164   84.80958   -1.99143    0.95689   -0.88929    2.00000
 179.95399    0.15953   23.44503   23.04949    0.16603    0.09164    6.66636   -3.02699   -0.57061   -1.18594    2.00000
 180.03712   -0.06812   22.65322   22.35646    0.07758    0.04282   12.51383   -5.61070   -0.92112   -5.10735    2.00000
 179.92500    0.00954   22.73986   22.43410    0.07560    0.04173   11.58928   -3.73627    3.90465   -1.20903    2.00000
 179.98775    0.00415   22.67930   22.37990    0.01294    0.00714   12.23476    0.80309   -0.55551    3.97020    2.00000
 179.95526    0.02299   23.16446   22.80942    0.05030    0.02776    8.39784   -3.20117   -0.00722   -3.12317    2.00000
 179.84647    0.02192   21.96807   21.72717    0.15509    0.08560   21.65088   -4.71915   -2.53427   -7.38377    2.00000
 180.05035    0.03743   22.90804   22.58423    0.06274    0.03463   10.14942    1.29024    0.16549    0.87695    2.00000
 179.97685   -0.06856   23.27418   22.90468    0.07236    0.03994    7.65693    0.47411    2.30883    3.88464    2.00000
 179.99976    0.01017   22.78477   22.47425    0.01017    0.00561   11.11126    1.14322   -2.50066    1.64322    2.00000
 179.79659    0.12943   23.48017   23.07922    0.24111    0.13307    6.51668   -2.20149   -2.64574   -3.62742    2.00000
 179.97755   -0.06983   22.37492   22.10349    0.07335    0.04048   15.52610   -0.14607   -0.36929   -1.05824    2.00000
 180.00349    0.00454   22.59584   22.30490    0.00573    0.00316   13.12778    0.99513    1.79090    4.75229    2.00000
 179.96806    0.05808   23.33088   22.95280    0.06628    0.03658    7.28260    1.48252    0.46020   -1.27376    2.00000
 179.78053   -0.07989   23.45314   23.05635    0.23355    0.12890    6.63182   -2.80851   -0.75766   -2.45075    2.00000
 180.07088   -0.02845   21.09473   20.83776    0.07636    0.04215   44.95706   -4.85979    1.97265   -2.97652    2.00000
 179.93741    0.09897   22.55440   22.26763    0.11710    0.06463   13.57155   -2.84414   -5.04239   -9.17093    2.00000
 180.05922    0.01660   21.78005   21.55112    0.06150    0.03394   24.80791   -0.51363   -0.73106   -1.88557    2.00000
 180.03728   -0.01964   23.14022   22.78832    0.04213    0.02325    8.56195    0.60534    0.46448    3.71143    2.00000
 179.99770    0.05967   21.94889   21.70931    0.05971    0.03296   21.97115   -0.66588    0.71185   -1.08553    2.00000
 179.97568    0.02474   23.69435   23.25873    0.03470    0.01915    5.61289   -0.41354   -0.29135   -7.64125    2.00000
 179.97913    0.00697   21.37983   21.15639    0.02201    0.01215   34.76304   -2.70035   -1.59439   -3.66916    2.00000
 180.02280   -0.02383   22.36292   22.09243    0.03298    0.01820   15.65776    4.24454    0.16802    4.82382    2.00000
 180.18225   -0.16440   22.84544   22.52844    0.24544    0.13547   10.58339   -3.35241    0.98159   -4.29288    2.00000
 179.96825    0.01687   19.49033   18.97651    0.03596    0.01985  164.24269    4.46266    0.85492    5.33914    2.00000
 180.03984    0.01801   22.50284   22.22065    0.04372    0.02413   14.13103   -3.27916    1.31730   -2.08079    2.00000
 179.99902   -0.03517   23.05861   22.71700    0.03518    0.01942    9.11676    0.22304   -1.16433    0.11551    2.00000
 180.03545   -0.03604   23.78184   23.33111    0.05055    0.02790    5.24851    2.85850   -0.99255   -5.88151    2.00000
 180.00549    0.07519   23.32816   22.95050    0.07539    0.04161    7.30053   -0.79719   -0.25519   -1.18718    2.00000
 179.97701    0.01869   23.69248   23.25718    0.02963    0.01635    5.62070    2.12050    0.43587    2.93400    2.00000
 180.00890   -0.04995   23.53692   23.12724    0.05073    0.02800    6.27489    2.98636   -0.79110    0.77788    2.00000
 180.14270    0.01277   22.63757   22.34240    0.14327    0.07907   12.68127   -0.88779    2.24956   -0.27403    2.00000
 180.10942   -0.04971   22.65844   22.36115    0.12018    0.06633   12.45802   -5.82011    2.30050   -4.76566    2.00000
 180.00134   -0.01376   22.66626   22.36818    0.01382    0.00763   12.37430    4.26704    1.25663    8.69283    2.00000
 179.84444   -0.07308   22.51925   22.23560    0.17187    0.09486   13.95302   -0.33900    2.53004    1.91258    2.00000
 180.06216   -0.06147   22.58019   22.29084    0.08742    0.04825   13.29522   -1.99295    0.01959   -2.64750    2.00000
 180.03717   -0.10840   23.77708   23.32718    0.11459    0.06325    5.26830    2.47219    2.48262   13.08467    2.00000
 179.96771    0.02961   22.69496   22.39396    0.04381    0.02418   12.06724   -1.26935    3.79764    2.76192    2.00000
 179.99326   -0.06631   20.93708   20.61776    0.06665    0.03679   53.20195   -3.30767    0.35842   -2.63050    2.00000
 179.95947    0.04813   22.44425   22.16725    0.06292    0.03473   14.76681   -3.31974   -3.55294   -7.41798    2.00000
 180.11548   -0.00699   21.69008   21.46437    0.11570    0.06385   26.66188    4.63141    1.70528    7.25621    2.00000
 180.01588   -0.01505   22.20758   21.94954    0.02188    0.01208   17.66322    3.21345    1.05151    2.91089    2.00000
 180.02699   -0.02295   21.55279   21.33225    0.03544    0.01956   30.13707   -1.83332   -2.37793   -3.48930    2.00000
 179.92117   -0.02124   23.42611   23.03348    0.08164    0.04506    6.74695    3.31610    0.94324    5.17321    2.00000
 180.01553    0.10865   23.30095   22.92744    0.10976    0.06058    7.47988   -3.73562    0.43270   -6.32598    2.00000
 179.93166   -0.08259   22.99642   22.66256    0.10720    0.05916    9.54019    1.29873    1.32330    4.17538    2.00000
 180.02818   -0.04727   22.19216   21.93537    0.05503    0.03037   17.91741    0.81436    1.06438    2.31854    2.00000
 180.02306   -0.01575   22.03932   21.79351    0.02793    0.01541   20.46127   -1.14934    2.71841    1.85652    2.00000
 180.01393   -0.06972   22.33411   22.06590    0.07110    0.03924   15.97374   -2.38603   -1.12761   -2.83600    2.00000
 179.95056    0.02564   23.16202   22.80731    0.05569    0.03074    8.41431   -0.33253   -4.35275   -7.72283    2.00000
 180.05675    0.04528   22.66365   22.36583    0.07260    0.04007   12.40220    0.86031   -3.62307   -4.25036    2.00000
 179.60043    0.01904   22.80971   22.49655    0.40001    0.22078   10.84570    1.73343   -1.36911   -1.42327    2.00000
 179.90758   -0.02138   23.18884   22.83059    0.09486    0.05235    8.23320   -2.79015    1.47548   -6.50040    2.00000
 180.19466   -0.08171   22.71242   22.40957    0.21111    0.11652   11.88140    4.43439    2.97339    7.97711    2.00000
 180.03540   -0.02136   22.87413   22.55401    0.04135    0.02282   10.38449   -4.12465    0.62742   -1.22228    2.00000
 180.00952    0.11044   22.85848   22.54006    0.11085    0.06118   10.49298   -0.66609   -0.31942   -0.89774    2.00000
 180.08701    0.49938   22.88978   22.56796    0.50691    0.27978   10.27600   -0.42263    3.37961    3.85343    2.00000
 179.89853    0.01641   23.63667   23.21086    0.10278    0.05673    5.85389   -0.18885   -2.62138   -5.13135    2.00000
 179.96770    0.03132   23.71119   23.27268    0.04500    0.02484    5.54267   -0.28224    1.19285   -1.84483    2.00000
 179.99072    0.04462   22.70493   22.40288    0.04557    0.02515   11.96107    1.51968    0.03611   -2.12708    2.00000
 179.98547   -0.04083   22.95760   22.62840    0.04334    0.02392    9.80587    3.14619   -0.49012    5.98544    2.00000
 180.06506   -0.02768   23.38259   22.99661    0.07071    0.03903    6.94184   -5.49028    1.51141   -5.33554    2.00000
 180.02293    0.04206   23.63345   23.20818    0.04790    0.02644    5.86740    2.38681    2.25286    7.19867    2.00000
 179.97112   -0.03672   23.23517   22.87081    0.04672    0.02579    7.92036   -5.46967   -0.70965   -7.81690    2.00000
 179.97040    0.04088   23.31728   22.94128    0.05047    0.02785    7.37227    3.97062   -0.00292    9.96884    2.00000
 179.96265   -0.01887   22.28984   22.02514    0.04185    0.02310   16.45903    0.33999    2.12430    3.58095    2.00000
 180.02727   -0.01954   23.65505   23.22619    0.03355    0.01852    5.77675   -0.86329   -2.32726   -1.94628    2.00000
 180.01366   -0.05961   23.12822   22.77783    0.06116    0.03375    8.64354    1.56509   -0.16840    0.95100    2.00000
 180.02689    0.05064   22.61410   22.32131    0.05734    0.03165   12.93243   -0.71492   -1.25940   -0.66485    2.00000
 180.06470    0.06604   23.14502   22.79252    0.09245    0.05102    8.52932    0.27976   -0.59433   -1.77403    2.00000
 179.99124    0.01999   23.23760   22.87293    0.02183    0.01205    7.90390   -3.08395    2.29617   -1.01480    2.00000
 180.06194   -0.02264   23.02119   22.68429    0.06594    0.03639    9.37113    0.98547    2.29486    3.13464    2.00000
 180.05154   -0.04171   21.38765   21.16438    0.06631    0.03660   34.55274   -1.22351   -0.13091   -1.00525    2.00000
 179.90938   -0.10569   21.44764   21.22568    0.13922    0.07684   32.94048   -4.21465    1.30019   -3.02849    2.00000
 179.96266   -0.09959   22.80223   22.48986    0.10636    0.05870   10.92537    0.71291   -3.87244   -4.49227    2.00000
 179.97002   -0.03065   23.08261   22.73797    0.04288    0.02367    8.95358    3.23241   -3.53424    0.71767    2.00000
 180.00185    0.14058   22.73487   22.42964    0.14059    0.07760   11.64239   -0.45020    3.48341    3.16257    2.00000
 179.95654   -0.06775   23.38259   22.99661    0.08049    0.04442    6.94184   -0.00717    1.64586    3.38353    2.00000
 180.01614    0.04510   22.33651   22.06811    0.04790    0.02644   15.94741   -3.57321    1.80818   -2.67827    2.00000
 180.04189    0.03154   21.62287   21.39961    0.05243    0.02894   28.36522    1.24132   -2.04320   -1.89483    2.00000
 180.02676   -0.02208   23.46665   23.06778    0.03470    0.01915    6.57425   -1.71582    2.28699    0.85104    2.00000
 179.97507   -0.04942   23.78184   23.33111    0.05536    0.03056    5.24851    2.43925    1.59322    3.66050    2.00000
 179.78362   -0.16431   21.73242   21.50519    0.27170    0.14996   25.63148    1.15537    1.72609    3.32173    2.00000
 180.00925    0.12320   21.98726   21.74503    0.12355    0.06819   21.33060   -9.89612    0.48647   -9.34082    2.00000
 180.01865   -0.03175   23.23760   22.87293    0.03682    0.02032    7.90390    1.14925    3.73746    2.85057    2.00000
 179.81761    0.11449   23.29550   22.92283    0.21535    0.11885    7.51575    5.43486    3.00844    7.41682    2.00000
 179.95201    0.05292   23.69248   23.25718    0.07144    0.03943    5.62070   -4.61028   -1.77961   -0.73493    2.00000
 180.09836   -0.00106   21.47372   21.25232    0.09837    0.05429   32.23949   -3.70579    1.39937   -2.64036    2.00000
 180.05734   -0.04077   22.95760   22.62840    0.07035    0.03883    9.80587   -0.71367    3.76623    3.69109    2.00000
 180.01955    0.03242   16.73087   16.00911    0.03786    0.02090  769.59460    1.18313    0.59599    1.80489    2.00000
 179.96690   -0.04061   21.94067   21.70166    0.05238    0.02891   22.10842   -5.13890    2.49295   -2.02198    2.00000
 179.92319    0.04803   23.63988   23.21355    0.09060    0.05000    5.84038   -2.95059    2.51534    1.57537    2.00000
 180.00453    0.03360   23.54503   23.13410    0.03390    0.01871    6.24035   -0.22749   -2.03132   -2.21606    2.00000
 179.97752    0.01631   21.88341   21.64807    0.02778    0.01533   23.06925   -1.06662    0.45521   -0.68789    2.00000
 179.99619    0.11077   22.65322   22.35646    0.11084    0.06117   12.51383    4.91759    2.87305    4.65259    2.00000
 179.96875    0.04283   22.81720   22.50324    0.05302    0.02926   10.77940    0.57342   -2.34556   -3.62132    2.00000
 180.01425    0.04701   23.21810   22.85599    0.04912    0.02711    8.03562   -5.00132    1.27233  -10.43500    2.00000
 180.01270   -0.02595   22.95238   22.62375    0.02889    0.01595    9.84203    1.95155   -1.55602   -0.13239    2.00000
 180.00587   -0.01747   23.02277   22.68567    0.01843    0.01017    9.36039    4.36322    0.62584    5.34955    2.00000
 179.91193   -0.02791   20.74106   20.31910    0.09240    0.05100   66.93741   -4.32799   -1.20596   -5.44565    2.00000
 180.03992   -0.01925   22.54034   22.25482    0.04431    0.02446   13.72413   -3.42885    1.60969    0.98610    2.00000
 179.99799    0.01956   23.34721   22.96664    0.01966    0.01085    7.17499    2.92934    1.94426   10.08373    2.00000
 179.95415   -0.05834   23.61578   23.19342    0.07421    0.04096    5.94172    1.31576   -1.15620    1.96892    2.00000
 179.88744   -0.01207   23.35266   22.97125    0.11321    0.06248    7.13912   -0.28580    0.05400    0.95640    2.00000
 179.99094    0.08269   22.98241   22.65027    0.08319    0.04591    9.63575   -0.05319    1.83117   -0.23029    2.00000
 180.13721    0.05107   22.96493   22.63494    0.14640    0.08080    9.75504   -2.04605    1.25598   -2.09348    2.00000
 180.22530   -0.20538   22.92108   22.59586    0.30486    0.16826   10.05901   -0.11508    0.12301    0.35043    2.00000
 180.10361    0.05921   23.27174   22.90256    0.11932    0.06586    7.67339    0.15623   -1.08386   -7.60179    2.00000
 179.85428    0.06665   23.61096   23.18939    0.16024    0.08844    5.96198    6.39348    1.14881    7.03643    2.00000
 180.02550    0.01612   21.26078   21.03068    0.03016    0.01665   38.06978   -4.62129   -2.39537   -6.92384    2.00000
 180.01271   -0.09367   21.18409   20.94479    0.09453    0.05217   40.94573   -2.08640   -0.07302   -1.63299    2.00000
 180.12395    0.06598   23.17178   22.81577    0.14041    0.07750    8.34845   -2.79844   -1.66587   -3.57143    2.00000
 179.93991    0.00034   22.52628   22.24200    0.06009    0.03317   13.87672    4.36778    1.45278    4.69167    2.00000
 180.05344    0.03823   23.52071   23.11352    0.06570    0.03626    6.34397    1.70738    1.21028    4.96587    2.00000
 179.99277    0.00584   23.11622   22.76735    0.00930    0.00513    8.72513    0.26887    3.09917    1.61592    2.00000
 181.09943    0.48563   22.88196   22.56098    1.20189    0.66345   10.33024    2.85962    0.56706    4.49480    2.00000
 179.94385   -0.01759   23.78184   23.33111    0.05884    0.03247    5.24851    4.48493    0.48160   12.22740    2.00000
 179.98894    0.02990   23.17421   22.81789    0.03189    0.01760    8.33198   -1.18723   -0.17895   -1.74807    2.00000
 180.01314   -0.01183   21.63649   21.41271    0.01768    0.00976   28.02069   -3.36315   -0.77380   -3.69191    2.00000
 179.98096    0.03030   22.92891   22.60283    0.03579    0.01975   10.00477    1.20685    2.22359    2.43315    2.00000
 179.96054    0.04080   23.60614   23.18537    0.05676    0.03133    5.98225    2.20710    0.26423   -5.23417    2.00000
 179.99982    0.00449   22.07129   21.82328    0.00449    0.00248   19.92747   -8.41023    1.82817   -5.98371    2.00000
 179.99951    0.01704   23.59811   23.17866    0.01705    0.00941    6.01603   -1.13672   -2.48299   -4.15763    2.00000
 180.07333   -0.10811   20.82190   20.42842    0.13064    0.07210   61.30388   -4.31582   -0.36383   -4.62776    2.00000
 180.03543   -0.02047   23.00180   22.66728    0.04092    0.02258    9.50344    6.25578   -5.15787    1.28478    2.00000
 180.01646   -0.07701   23.55044   23.13868    0.07875    0.04346    6.21732    1.77624   -4.28854   -6.68949    2.00000
 179.83911    0.04100   22.01466   21.77055    0.16603    0.09164   20.87306    6.79808    1.64718    9.27816    2.00000
 180.16064    0.05017   23.78660   23.33504    0.16829    0.09288    5.22872   -2.98713   -2.52841  -10.21164    2.00000
 179.97301    0.00397   23.70183   23.26493    0.02729    0.01506    5.58168    0.15355    0.20965    5.46759    2.00000
 180.01459   -0.02857   22.97810   22.64649    0.03208    0.01770    9.66515    4.26621    2.00528    6.88471    2.00000
 180.01077   -0.03076   21.34369   21.11902    0.03260    0.01799   35.74609   -4.60622   -0.01335   -5.03180    2.00000
 179.94090    0.03044   23.75803   23.31145    0.06647    0.03669    5.34747    1.08903   -1.57617    4.06989    2.00000
 180.07970    0.07391   22.88196   22.56098    0.10869    0.05999   10.33024    3.50393   -1.02761   -0.68368    2.00000
 179.99948   -0.06341   22.55933   22.27209    0.06342    0.03500   13.51848   -0.31189   -1.04564    1.69797    2.00000
 180.02776    0.05011   20.96265   20.65827    0.05728    0.03161   51.68359   -2.31070    1.53333   -0.74142    2.00000
 179.97418   -0.04490   22.99965   22.66539    0.05180    0.02859    9.51814   -5.09846    0.46058   -5.74376    2.00000
 179.88272    0.11783   21.61897   21.39587    0.16625    0.09176   28.46366   -3.31265   -5.68954   -8.59132    2.00000
 180.00087    0.03280   23.29550   22.92283    0.03281    0.01811    7.51575   -2.96176    2.19636    3.04470    2.00000
 179.97800    0.09837   23.27418   22.90468    0.10081    0.05564    7.65693    6.45511   -2.16356    7.38766    2.00000
 180.23602   -0.13339   23.76517   23.31735    0.27111    0.14963    5.31778    0.15126   -2.25145    3.39642    2.00000
 180.07317    0.03099   22.45128   22.17366    0.07946    0.04386   14.69052    1.29455    0.00399    0.65437    2.00000
 180.05138    0.04186   23.70932   23.27113    0.06627    0.03658    5.55047   -1.20445   -0.37566   -1.75560    2.00000
 179.96790    0.01400   17.96009   17.54824    0.03502    0.01933  362.86136   -2.32834    1.55784   -0.80201    2.00000
 180.01048    0.04087   22.65844   22.36115    0.04220    0.02329   12.45802    1.00316    4.46673    2.63083    2.00000
 180.02209   -0.51066   22.19216   21.93537    0.51114    0.28212   17.91741    4.08416    0.38089    2.58754    2.00000
 179.99840   -0.01004   23.20347   22.84329    0.01017    0.00561    8.13441    0.75111    0.27975    1.66092    2.00000
 179.96896   -0.11044   22.04207   21.79606    0.11472    0.06332   20.41551   -4.85829   -3.58894   -9.36494    2.00000
 180.03046    0.46727   23.26686   22.89833    0.46826    0.25845    7.70632   -3.19229    0.77226   -6.45444    2.00000
 179.86082   -0.05227   23.28734   22.91591    0.14866    0.08205    7.56956    3.12826    0.10634    1.01693    2.00000
 179.96718    0.06588   22.29755   22.03223    0.07360    0.04062   16.37463    3.95030   -1.41305    2.20283    2.00000
 180.00781   -0.04949   23.28462   22.91361    0.05010    0.02765    7.58749    3.45682   -0.13965    1.39660    2.00000
 179.97929    0.00776   22.72739   22.42295    0.02212    0.01221   11.72206   -3.10869    3.03664    1.17646    2.00000
 179.93214   -0.06350   23.82709   23.36845    0.09293    0.05129    5.06049    2.93926   -0.38387    4.23998    2.00000
 179.91382    0.02019   22.39892   22.12560    0.08852    0.04885   15.26279   -3.93635   -0.96260   -6.73244    2.00000
 180.15169   -0.04490   23.17421   22.81789    0.15818    0.08731    8.33198    7.11074    1.08321    7.51913    2.00000
 179.92206    0.15953   23.76279   23.31538    0.17755    0.09799    5.32768   -1.71754    1.21315   -1.31294    2.00000
 180.10524   -0.02808   22.77978   22.46979    0.10892    0.06012   11.16438    0.12420    0.25677   -0.33137    2.00000
 179.95551   -0.06338   20.99904   20.71185    0.07744    0.04274   49.67553   -0.38981   -2.73258   -3.02187    2.00000
 180.02264    0.02211   22.51222   22.22919    0.03164    0.01747   14.02931    0.51307    3.35905    3.70644    2.00000
 179.98973   -0.01241   22.95760   22.62840    0.01611    0.00889    9.80587    1.37704    1.20716    5.74687    2.00000
 180.08382   -0.10810   22.87674   22.55634    0.13679    0.07550   10.36640    0.92294   -2.09763    2.22518    2.00000
 180.04610   -0.04142   22.47706   22.19715    0.06197    0.03420   14.41078   -1.52574    2.79169   -0.43886    2.00000
 180.33690   -0.11720   23.13062   22.77993    0.35670    0.19687    8.62723    1.76092   -3.23948   -3.62559    2.00000
 179.98677    0.02698   22.53800   22.25268    0.03005    0.01658   13.74957    1.01208    2.60230    3.41671    2.00000
 180.00797    0.07146   21.98177   21.73993    0.07190    0.03968   21.42210   -0.39540    4.51276    5.18746    2.00000
 180.06409   -0.06709   19.80045   19.30058    0.09278    0.05121  135.15331    4.07301   -0.62470    3.41255    2.00000
 179.96124   -0.00743   23.45854   23.06092    0.03946    0.02178    6.60879    3.53353    1.74334    0.32885    2.00000
 180.02023    0.01286   23.62060   23.19744    0.02397    0.01323    5.92145   -2.01103    1.84473    1.10220    2.00000
 179.98033    0.01286   22.19473   21.93773    0.02350    0.01297   17.87505    0.67437    0.98913    1.12026    2.00000
 180.04971    0.04612   18.13429   17.95532    0.06782    0.03743  293.43326    0.97534    0.91288    1.91612    2.00000
 179.96783   -0.04409   22.55933   22.27209    0.05458    0.03012   13.51848   -4.53733   -1.75562   -6.02096    2.00000
 180.03938   -0.08900   21.93519   21.69655    0.09733    0.05372   22.19992    3.22623   -0.35112    2.39083    2.00000
 180.00784    0.17062   23.29278   22.92052    0.17080    0.09427    7.53369    0.00233   -1.63096   -3.73015    2.00000
 180.10843    0.08121   22.84805   22.53076    0.13547    0.07477   10.56531   -1.27530   -1.14301   -1.22644    2.00000
 180.08710    0.02537   22.69994   22.39842    0.09072    0.05007   12.01418    0.95261   -3.03819   -1.81916    2.00000
 180.00330    0.03644   21.46590   21.24433    0.03659    0.02020   32.44979   -2.26826    0.42259   -2.86909    2.00000
 179.95284   -0.02918   23.60293   23.18268    0.05546    0.03061    5.99576   -5.83189    1.86017   -3.52848    2.00000
 180.02409    0.03533   21.24864   21.01775    0.04277    0.02360   38.40983    3.20100   -0.91172    2.03495    2.00000
 180.00443    0.00780   23.70557   23.26803    0.00897    0.00495    5.56608    3.02756   -3.94810    2.30367    2.00000
 180.01172    0.01279   21.97903   21.73738    0.01735    0.00958   21.46786   -2.41019   -3.36733   -5.46029    2.00000
 179.87073    0.06150   22.40852   22.13445    0.14315    0.07901   15.15746    4.31902   -3.14518    0.51431    2.00000
 179.98367   -0.00290   22.71990   22.41626    0.01658    0.00915   11.80173   -5.65153   -0.19829   -5.18468    2.00000
 180.18301    0.21237   23.41253   23.02198    0.28035    0.15473    6.80485    2.31280   -0.13414    2.48884    2.00000
 180.01355   -0.00630   22.88717   22.56563    0.01494    0.00825   10.29408    2.31084    2.82498    7.40895    2.00000
 179.97565    0.04285   22.33411   22.06590    0.04929    0.02720   15.97374   -0.62436    0.42682   -0.14797    2.00000
 180.29097    0.09661   23.38259   22.99661    0.30659    0.16921    6.94184    0.64735    0.72450    2.11993    2.00000
 180.09038   -0.02221   21.69802   21.47202    0.09307    0.05137   26.46053   -3.60687    1.85475   -1.86548    2.00000
 180.01521   -0.16745   22.44660   22.16939    0.16814    0.09280   14.74138    0.18853    0.62476    0.44962    2.00000
 180.10597   -0.02121   22.06399   21.81647    0.10807    0.05965   20.04948    0.06872   -0.59518   -0.08597    2.00000
 180.01027   -0.01873   23.12342   22.77364    0.02136    0.01179    8.67618   -0.95499   -1.18091   -8.26185    2.00000
 179.89275    0.08245   22.46769   22.18861    0.13528    0.07466   14.51250   -1.37227    1.42075    0.07222    2.00000
 180.05042    0.02751   18.11465   17.81709    0.05743    0.03170  317.00812   -5.70070    1.77047   -3.99589    2.00000
 180.00136    0.02685   19.61646   19.10803    0.02689    0.01484  152.12323   -5.61036   -1.65081   -7.14151    2.00000
 180.03975   -0.01261   23.62221   23.19879    0.04170    0.02302    5.91469    2.41289    2.55667    1.16666    2.00000
 180.05090    0.22386   21.41895   21.19636    0.22958    0.12671   33.71156   -2.26757    3.59827    1.61760    2.00000
 179.94949   -0.03412   22.50519   22.22278    0.06095    0.03364   14.10560    1.43020    2.65094    5.79579    2.00000
 180.01328   -0.02051   22.49347   22.21210    0.02443    0.01348   14.23276    0.08284   -0.00958    0.39594    2.00000
 180.00060    0.13923   21.11264   20.85953    0.13923    0.07685   44.14109    3.74672   -0.03081    3.76027    2.00000
 179.94106    0.00536   22.13670   21.88457    0.05918    0.03266   18.82835    0.34493    2.07079    1.68059    2.00000
 180.00816    0.06640   22.51690   22.23346    0.06690    0.03693   13.97845   -5.62406    2.83611   -3.42309    2.00000
 180.05089   -0.02516   21.00735   20.72410    0.05677    0.03133   49.21655    0.79244    0.86616    2.07652    2.00000
 180.01357    0.03195   22.85848   22.54006    0.03471    0.01916   10.49298   -2.22945   -2.77009   -7.29327    2.00000
 179.97289   -0.02725   23.42881   23.03577    0.03844    0.02122    6.73544   -5.06901    0.71159    2.52202    2.00000
 179.94824    0.08438   22.93673   22.60980    0.09899    0.05464    9.95052   -0.10676    2.08022    3.11355    2.00000
 180.11046    0.04685   23.12342   22.77364    0.11998    0.06622    8.67618    4.38189    1.08689    3.24647    2.00000
 179.99394   -0.01407   21.10518   20.85046    0.01532    0.00846   44.48108    1.87676    0.36745    2.11383    2.00000
 180.02196   -0.01402   22.36532   22.09464    0.02605    0.01438   15.63143   -4.65431    3.20645   -1.42767    2.00000
 180.02670   -0.01480   21.94615   21.70676    0.03053    0.01685   22.01691   -0.57508    0.18045   -0.72248    2.00000
 180.35361    0.26046   21.86708   21.63276    0.43918    0.24240   23.34378   -4.84688   -0.57318   -5.06474    2.00000
 179.95287   -0.16501   23.27418   22.90468    0.17161    0.09472    7.65693    1.83557    4.37268    8.00258    2.00000
 179.97232   -0.09797   23.17421   22.81789    0.10181    0.05619    8.33198   -5.48930   -2.54191   -9.75026    2.00000
 180.01607    0.00080   23.19859   22.83906    0.01608    0.00888    8.16734   -3.35723    0.91285   -0.18470    2.00000
 179.84160    0.05069   22.64018   22.34474    0.16631    0.09179   12.65337    1.23413   -2.82462   -1.87101    2.00000
 180.04311    0.00272   21.20079   20.96420    0.04320    0.02384   40.21830    3.39018   -0.77254    2.55700    2.00000
 179.97171    0.03573   23.69435   23.25873    0.04557    0.02515    5.61289   -1.15696   -1.21403   -4.42582    2.00000
 180.06277    0.08917   22.86631   22.54704    0.10905    0.06019   10.43873    5.14114    1.35404    2.19733    2.00000
 180.03070   -0.05963   22.15205   21.89859    0.06707    0.03702   18.57687    0.54403   -2.96251   -2.43800    2.00000
 179.99393    0.01433   22.79974   22.48763    0.01556    0.00859   10.95192    0.14360    0.76082    1.47097    2.00000
 180.06197   -0.23897   23.18640   22.82847    0.24688    0.13626    8.24966   -3.84080    0.81199    5.19327    2.00000
 179.82594   -0.06645   22.62453   22.33068    0.18630    0.10282   12.82081    3.22900   -2.22214    2.30778    2.00000
 180.23299    0.13289   23.54503   23.13410    0.26822    0.14804    6.24035   -0.55881   -4.17579   -7.40797    2.00000
 180.03648    0.02194   23.65880   23.22929    0.04258    0.02350    5.76114   -0.53522    1.48686    1.27352    2.00000
 179.98184    0.08470   22.38692   22.11455    0.08663    0.04781   15.39445    0.53487   -1.22623   -0.36951    2.00000
 179.96982    0.03711   21.55279   21.33225    0.04783    0.02640   30.13707    0.46558    0.75008    0.89362    2.00000
 180.06148   -0.07584   23.75327   23.30752    0.09763    0.05389    5.36726    4.38456   -1.03340    7.64436    2.00000
 179.97408   -0.02262   22.02562   21.78075    0.03441    0.01899   20.69004   -0.11111   -1.56664   -2.50723    2.00000
 180.01659   -0.00974   22.62192   22.32834    0.01924    0.01062   12.84871    3.10950    3.17448    4.52787    2.00000
 179.92264    0.15085   22.20758   21.94954    0.16953    0.09357   17.66322   -0.09880   -3.31309   -3.45442    2.00000
 180.07414   -0.05103   21.74830   21.52050    0.09001    0.04968   25.35696   -0.99316    0.98581    0.22328    2.00000
 180.00322    0.09134   23.60132   23.18134    0.09139    0.05044    6.00252   -2.03801    3.42796   -0.18443    2.00000
 179.97710    0.00626   22.78227   22.47202    0.02374    0.01310   11.13782    2.97106    1.41729    6.24221    2.00000
 179.98375   -0.13913   22.27441   22.01097    0.14007    0.07731   16.62782    2.05821    1.38127    1.67526    2.00000
 179.98581    0.03217   22.81720   22.50324    0.03516    0.01940   10.77940    7.24277    3.60781   10.95824    2.00000
 180.11568    0.18102   23.29006   22.91822    0.21483    0.11857    7.55162   -8.04547   -0.38450   -6.79060    2.00000
 180.04202   -0.01498   23.35266   22.97125    0.04462    0.02463    7.13912    0.92867    1.21749    3.96041    2.00000
 180.07552   -0.00703   23.02740   22.68972    0.07584    0.04186    9.32889   -2.87541   -1.22761   -1.91646    2.00000
 180.11337   -0.43983   23.77470   23.32521    0.45421    0.25069    5.27820   -2.23820    0.33876   -5.26957    2.00000
 180.00394   -0.37669   23.41798   23.02659    0.37671    0.20792    6.78163    8.40366   -0.30787   10.58004    2.00000
 180.00826   -0.02565   23.00719   22.67201    0.02694    0.01487    9.46669   -3.30180   -0.14044   -1.59528    2.00000
 179.98503    0.02218   21.43460   21.21235    0.02676    0.01477   33.29097    0.39017   -1.63436   -1.12143    2.00000
 179.97919    0.03193   23.33633   22.95742    0.03811    0.02104    7.24673   -3.41242    3.14251    0.69208    2.00000
 179.97107   -0.12744   23.47206   23.07236    0.13069    0.07213    6.55122    4.49372   -2.87808    3.91328    2.00000
 180.10147    0.12490   22.53097   22.24628    0.16092    0.08882   13.82586    6.91652    1.57958    7.61538    2.00000
 179.97131   -0.00984   23.26686   22.89833    0.03033    0.01674    7.70632    2.13189   -3.57049   -0.60494    2.00000
 179.99020    0.04443   23.24492   22.87928    0.04549    0.02511    7.85450    2.36395   -1.44188   -1.46047    2.00000
 180.05251   -0.31132   22.67148   22.37286    0.31572    0.17425   12.31848   -6.14945   -0.21871   -7.37480    2.00000
 179.97601    0.04202   22.50284   22.22065    0.04839    0.02671   14.13103    0.32572   -1.13182   -0.92365    2.00000
 179.98149   -0.00614   17.51772   16.84957    0.01951    0.01077  516.44128    1.19712    1.49070    2.67765    2.00000
 179.98901   -0.02555   18.66570   18.10076    0.02781    0.01535  271.93375   -3.17765   -3.26584   -6.45469    2.00000
 179.89838   -0.01976   23.81756   23.36059    0.10352    0.05713    5.10007   -0.45528    3.70524    2.49052    2.00000
 179.88840   -0.02637   22.34611   22.07695    0.11468    0.06329   15.84208   -8.10025   -0.58416   -9.52114    2.00000
 179.97833   -0.03445   22.63235   22.33771    0.04069    0.02246   12.73709    1.41662   -1.77259    0.60628    2.00000
 180.05190    0.05119   23.74487   23.30058    0.07289    0.04023    5.40222    0.51510    2.92062    0.95235    2.00000
 179.99553    0.10223   23.67377   23.24168    0.10233    0.05648    5.69872    1.54720   -1.07602    0.57085    2.00000
 180.05057    0.00784   23.35266   22.97125    0.05118    0.02825    7.13912    6.28964    0.78403    7.44648    2.00000
 179.96117   -0.00530   23.83900   23.37828    0.03920    0.02164    5.01101   -0.76437   -1.65988    2.70981    2.00000
 180.01772   -0.02412   23.02500   22.68763    0.02993    0.01652    9.34521    3.11512    0.72738    1.65425    2.00000
 180.02541    0.12598   23.38804   23.00123    0.12852    0.07093    6.90933    3.01966   -1.52072    1.95590    2.00000
 180.08562   -0.02100   23.22785   22.86446    0.08816    0.04866    7.96976    0.46445    0.58795   -1.30210    2.00000
 180.02975    0.00705   23.10181   22.75476    0.03058    0.01688    8.82304   -4.15168    2.34425   -6.46333    2.00000
 179.87750   -0.17947   22.55933   22.27209    0.21729    0.11993   13.51848    3.16260    0.72505    3.96841    2.00000
 179.96819    0.04650   17.39320   16.79485    0.05634    0.03109  530.83533   -2.51541   -3.63835   -6.14237    2.00000
 179.82770   -0.02276   21.45546   21.23367    0.17380    0.09592   32.73018    6.54196   -2.02351    3.43740    2.00000
 179.90649   -0.08217   22.81221   22.49878    0.12448    0.06871   10.81914    0.32256   -0.87185   -0.21336    2.00000
 179.87801    0.02481   22.58280   22.29318    0.12448    0.06871   13.26732   -1.16137    1.01427   -0.47385    2.00000
 179.90166    0.06936   22.37732   22.10570    0.12035    0.06642   15.49977    1.33321    0.60828    1.60040    2.00000
 179.98026    0.00813   23.40981   23.01967    0.02135    0.01178    6.81646    1.91218    0.07424   -2.50400    2.00000
 179.95711   -0.03244   23.14742   22.79462    0.05378    0.02968    8.51300    1.37152    2.36908    0.54352    2.00000
 179.99719    0.00179   22.75483   22.44748    0.00334    0.00184   11.42994   -5.20000   -1.44648   -7.20470    2.00000
 180.21918    0.47782   22.20501   21.94718    0.52569    0.29015   17.70559    2.49318   -0.29362    1.41430    2.00000
 179.97083   -0.00301   23.73177   23.28973    0.02932    0.01618    5.45684    0.27199    1.70353    1.11063    2.00000
 180.02374   -0.06764   22.97164   22.64082    0.07168    0.03956    9.70925    0.83411   -1.47865   -1.11884    2.00000
 179.94521    0.01736   23.32816   22.95050    0.05748    0.03172    7.30053    0.87377    1.39442    9.55664    2.00000
 180.08253   -0.21773   23.31183   22.93666    0.23285    0.12852    7.40814    0.39524   -3.63504   -2.38076    2.00000
 180.02763    0.13257   22.59062   22.30021    0.13542    0.07474   13.18359    2.09926    0.29797    2.92911    2.00000
 180.03319   -0.05651   23.25955   22.89198    0.06553    0.03617    7.75571    2.60877    0.49150    3.69493    2.00000
 179.97868    0.06161   23.41253   23.02198    0.06519    0.03598    6.80485    5.81161    1.21760    3.88122    2.00000
 180.02734   -0.06903   23.80089   23.34683    0.07425    0.04098    5.16934   -6.61666   -5.89112   -8.59705    2.00000
 180.00975    0.01555   21.75888   21.53070    0.01835    0.01013   25.17394    0.78740    0.93227    2.57416    2.00000
 179.98201   -0.05948   22.99642   22.66256    0.06215    0.03430    9.54019    2.41826    0.38084    3.97029    2.00000
 179.86751   -0.03761   22.48409   22.20356    0.13773    0.07601   14.33448    1.18320   -1.62646    0.22541    2.00000
 180.02255    0.03829   22.88457   22.56331    0.04444    0.02453   10.31216   -2.66802    2.23951    3.73349    2.00000
 180.00002    0.00188   23.61739   23.19476    0.00188    0.00104    5.93496   -2.20639   -0.00141   -7.33867    2.00000
 179.94347   -0.06715   22.99211   22.65878    0.08778    0.04845    9.56959   -1.58675    0.88025    4.30828    2.00000
 179.98245    0.00958   23.79137   23.33897    0.01999    0.01103    5.20893    1.18840    0.77120   -5.45588    2.00000
 180.02271    0.00088   23.58365   23.16658    0.02273    0.01254    6.07684    3.80126   -4.09371    2.69640    2.00000
 180.00531    0.03255   23.39892   23.01045    0.03298    0.01820    6.86289    0.25978    3.94164    5.97472    2.00000
 180.01971   -0.06043   22.51690   22.23346    0.06357    0.03508   13.97845    0.99978    0.43930   -0.33603    2.00000
 180.02925    0.01026   23.57241   23.15719    0.03100    0.01711    6.12413   -2.15236   -1.19820   -0.23795    2.00000
 179.95403    0.05429   21.43199   21.20969    0.07114    0.03926   33.36107    3.64714   -3.12667    0.77635    2.00000
 179.94688   -0.02440   23.38804   23.00123    0.05844    0.03226    6.90933   -5.86760    2.61216    0.78226    2.00000
 179.95413   -0.00084   21.90791   21.67104    0.04587    0.02532   22.65746   -3.99437   -4.58217   -7.95615    2.00000
 179.99870   -0.07845   21.09174   20.83413    0.07846    0.04330   45.09306    3.23302   -2.31921    0.66278    2.00000
 180.15237    0.10651   22.80971   22.49655    0.18591    0.10261   10.84570    0.72966   -1.17269   -1.35944    2.00000
 179.99696   -0.06146   23.04181   22.70231    0.06154    0.03396    9.23099    2.03959   -1.30247    0.48055    2.00000
 179.97935    0.02202   23.83900   23.37828    0.03019    0.01666    5.01101    3.53500   -0.09081   -4.06993    2.00000
 179.96527   -0.03644   23.49098   23.08836    0.05034    0.02778    6.47062    2.45573   -3.08994    1.58688    2.00000
 180.00014   -0.04760   22.70743   22.40511    0.04760    0.02627   11.93451    6.47008    2.90770    8.62852    2.00000
 180.06773   -0.09952   23.19372   22.83482    0.12039    0.06644    8.20027    3.29692   -2.05993    3.74105    2.00000
 180.03891   -0.00500   23.29278   22.92052    0.03923    0.02165    7.53369    1.52212   -1.99928   -1.99332    2.00000
 180.00848    0.11017   23.45314   23.05635    0.11050    0.06098    6.63182   -1.65117    0.87738    1.02648    2.00000
 180.01128    0.09192   22.40372   22.13003    0.09261    0.05111   15.21013    1.00396   -1.38740    0.16080    2.00000
 179.97601    0.04915   23.59972   23.18000    0.05469    0.03018    6.00928    6.20970    0.68982    5.01001    2.00000
 180.03537    0.00217   22.68974   22.38927    0.03544    0.01956   12.12314    0.46094   -3.00689   -2.83998    2.00000
 179.96263   -0.02544   20.94354   20.62830    0.04520    0.02495   52.80672    0.06549    3.50209    3.53088    2.00000
 179.96442   -0.00886   18.18399   17.92622    0.03668    0.02024  298.39554    3.61780    1.18228    4.76800    2.00000
 179.97192    0.02798   21.66892   21.44395    0.03963    0.02188   27.19880    8.20895   -1.37631    5.57220    2.00000
 179.92245    0.15160   22.12793   21.87656    0.17028    0.09398   18.97205   -1.55628   -1.37538   -4.13424    2.00000
 179.94196   -0.00213   22.73737   22.43187    0.05808    0.03205   11.61584   -0.76576   -0.11671   -0.26902    2.00000
 180.03090    0.05301   21.54305   21.32290    0.06136    0.03387   30.38316    3.98042   -2.30097    3.18679    2.00000
 180.07898   -0.15283   22.16849   21.91362    0.17203    0.09495   18.30743   -5.29775    3.72006   -2.34915    2.00000
 179.96162   -0.06460   19.73973   19.23730    0.07513    0.04147  140.73016    3.44042    2.83166    6.38083    2.00000
 180.27478    0.80600   23.69809   23.26183    0.85155    0.47002    5.59729    3.76948   -6.78433    0.74676    2.00000
 179.99277   -0.08129   22.60366   22.31193    0.08162    0.04505   13.04406    2.32541   -0.99990    2.75889    2.00000
 180.00932   -0.07458   23.65131   23.22309    0.07516    0.04148    5.79235   -0.79490   -1.97978    5.36777    2.00000
 180.11774    0.05899   23.04661   22.70651    0.13169    0.07268    9.19835    2.20775   -0.57607   -2.08292    2.00000
 179.99525   -0.02286   19.82294   19.32402    0.02335    0.01289  133.08780   -1.52073    3.57847    2.07470    2.00000
 179.96281   -0.01589   23.81756   23.36059    0.04045    0.02232    5.10007    1.80192    1.71882    4.23570    2.00000
 179.91660    0.10335   23.22298   22.86023    0.13280    0.07330    8.00269   -5.67705   -2.39911  -12.58529    2.00000
 180.06134    0.07034   22.86892   22.54936    0.09333    0.05151   10.42065   -3.58570    1.91195   -0.30241    2.00000
 180.04626    0.04703   21.93793   21.69910    0.06598    0.03641   22.15417   -2.03240   -4.32941   -5.88232    2.00000
 180.02322   -0.14499   21.89702   21.66083    0.14683    0.08104   22.84048    2.38541    0.23916    2.22137    2.00000
 179.98816   -0.00838   21.75094   21.52305    0.01451    0.00801   25.31120   -3.59954    1.49574   -1.76009    2.00000
 180.06898   -0.00555   23.51800   23.11123    0.06921    0.03820    6.35549    0.60480   -0.55079    1.51441    2.00000
 180.03757    0.11070   23.69060   23.25563    0.11690    0.06452    5.62850   -1.17176    1.09700    6.81986    2.00000
 180.01501    0.01512   23.16202   22.80731    0.02131    0.01176    8.41431   -2.99899    2.49212    1.49680    2.00000
 179.95953    0.06056   22.36532   22.09464    0.07284    0.04020   15.63143    4.37130   -0.47910    3.01530    2.00000
 180.06818   -0.00794   21.97629   21.73482    0.06864    0.03788   21.51361    0.30127    3.04499    2.85893    2.00000
 179.98422    0.03767   23.50719   23.10209    0.04084    0.02254    6.40154   -2.82536   -1.96727   -4.76382    2.00000
 180.01659    0.08429   23.74300   23.29903    0.08590    0.04741    5.41002    4.28693    0.62050    8.40137    2.00000
 180.03729    0.03554   22.41812   22.14329    0.05152    0.02843   15.05214   -3.94581   -1.15829   -4.46847    2.00000
 179.89651    0.04141   22.61931   22.32599    0.11147    0.06152   12.87662    1.48558   -3.39376   -1.78973    2.00000
 179.98306   -0.02480   21.77476   21.54601    0.03003    0.01658   24.89941   -6.19004    0.90299   -5.76386    2.00000
 180.02544    0.01611   21.50621   21.28551    0.03011    0.01662   31.36662   -1.79926    4.68823    2.54600    2.00000
 179.95074   -0.08040   22.18959   21.93301    0.09429    0.05204   17.95978    2.45620   -0.58351    1.78757    2.00000
 179.99734   -0.01515   23.43422   23.04034    0.01538    0.00849    6.71241    3.87970    1.23458    3.72116    2.00000
 180.00957    0.00425   23.71493   23.27578    0.01046    0.00578    5.52706   -0.30522   -0.98215   -1.08600    2.00000
 179.97755   -0.02606   23.57723   23.16121    0.03440    0.01898    6.10386    3.01555    3.18391    9.94182    2.00000
 180.36243   -0.00049   23.49098   23.08836    0.36242    0.20003    6.47062   -1.77982   -2.96408   -8.49603    2.00000
 179.97102   -0.02436   23.45044   23.05406    0.03786    0.02090    6.64333   -0.19301   -1.20183    0.57719    2.00000
 179.94734    0.07666   21.52575   21.30547    0.09301    0.05133   30.84163   -4.77865    0.88895   -2.71286    2.00000
 179.94440   -0.02060   22.33411   22.06590    0.05929    0.03273   15.97374    3.39955    1.67911    5.12466    2.00000
 180.02477    0.02293   17.67582   17.02556    0.03375    0.01863  471.46622   -4.67071    0.27064   -4.42797    2.00000
 180.00211    0.09365   22.72240   22.41849    0.09368    0.05170   11.77518   -4.23144   -0.17891   -5.56373    2.00000
 179.97516    0.12793   20.87520   20.51491    0.13032    0.07193   57.05637    4.00688   -0.12822    3.94815    2.00000
 180.01384   -0.07754   20.86964   20.50538    0.07876    0.04347   57.41336    2.77855   -0.17180    1.83734    2.00000
 180.11395   -0.39256   22.35331   22.08359    0.40876    0.22561   15.76309   -3.84350   -0.31101   -2.80338    2.00000
 179.78391    0.04723   23.37987   22.99431    0.22119    0.12208    6.95977    0.22188   -2.99781   -2.38961    2.00000
 180.01920   -0.04550   22.39172   22.11897    0.04938    0.02725   15.34178   -0.53077   -3.46647   -4.48842    2.00000
 180.28400    0.31604   22.07677   21.82849    0.42488    0.23451   19.83407   -1.74817   -2.48009   -4.13428    2.00000
 179.70892   -0.15372   23.69248   23.25718    0.32918    0.18168    5.62070   -5.83294   -2.00526   -6.63342    2.00000
 179.87495   -0.05050   23.50990   23.10437    0.13486    0.07443    6.39003    3.55482    2.28138   -0.29810    2.00000
 180.00941    0.03058   23.05861   22.71700    0.03200    0.01766    9.11676   -2.44972   -2.93576   -5.37685    2.00000
 179.88440    0.02457   22.53800   22.25268    0.11818    0.06523   13.74957    4.52530    0.10363    4.29414    2.00000
 179.94382    0.01383   21.88613   21.65063    0.05786    0.03193   23.02350   -1.62728   -0.23165   -2.83464    2.00000
 179.98636    0.03013   23.37987   22.99431    0.03308    0.01826    6.95977    0.42988   -0.99234   -3.83868    2.00000
 180.00565    0.04269   21.90791   21.67104    0.04306    0.02377   22.65746    1.16171   -0.59925    0.91810    2.00000
 179.95920    0.04095   22.64800   22.35177    0.05781    0.03191   12.56964   -2.28095   -1.15028   -5.07571    2.00000
 179.99419    0.00082   19.87946   19.38318    0.00587    0.00324  127.87343   -1.64577    0.19402   -1.46116    2.00000
 180.08711   -0.07978   22.12135   21.87055    0.11813    0.06520   19.07982   -1.23097    1.16205   -0.60203    2.00000
 180.04068   -0.01385   23.52071   23.11352    0.04297    0.02372    6.34397    1.79134    0.41458    2.82567    2.00000
 179.96780    0.13600   22.25642   21.99443    0.13975    0.07713   16.85829    4.24892    1.10387    5.92089    2.00000
 180.00146    0.05782   22.06673   21.81902    0.05783    0.03192   20.00373    3.63591   -1.94011    2.63144    2.00000
 179.99823   -0.03422   23.40709   23.01737    0.03427    0.01891    6.82807   -1.65458   -3.29199   -0.63266    2.00000
 179.97813   -0.00632   23.17178   22.81577    0.02275    0.01256    8.34845    3.13063    1.70890    0.40576    2.00000
 180.01355   -0.01108   22.73238   22.42741    0.01750    0.00966   11.66895    6.41395   -0.63825    5.27624    2.00000
 180.01585   -0.04870   23.53692   23.12724    0.05121    0.02827    6.27489   -4.12749   -0.01564   -2.88247    2.00000
 179.99452   -0.01726   21.51687   21.29639    0.01811    0.01000   31.08026    4.73858    0.46753    5.30720    2.00000
 180.02982    0.06695   21.82082   21.58939    0.07328    0.04045   24.12160   -3.93801   -0.02798   -3.23682    2.00000
 180.03436   -0.03473   20.38323   19.91474    0.04886    0.02696   89.21292   -0.35724    0.88893    0.69102    2.00000
 179.93803    0.01888   23.35810   22.97586    0.06477    0.03575    7.10325    3.97723    2.44449    7.94801    2.00000
 180.03062   -0.07291   23.44503   23.04949    0.07908    0.04365    6.66636   -0.98641    0.48713   -5.01473    2.00000
 179.83656   -0.06573   23.26686   22.89833    0.17616    0.09722    7.70632    4.27928   -0.07918    9.95326    2.00000
 180.02280    0.01661   21.82082   21.58939    0.02821    0.01557   24.12160   -7.73326    1.04042   -6.77713    2.00000
 179.95407    0.02392   23.16690   22.81154    0.05179    0.02858    8.38138   -1.34628    4.26298    4.54067    2.00000
 180.00229   -0.04693   23.50719   23.10209    0.04699    0.02594    6.40154   -1.59346   -3.17986   -1.41849    2.00000
 180.06425    0.11036   22.20758   21.94954    0.12771    0.07048   17.66322    2.78886   -0.17260    3.00377    2.00000
 179.94916    0.01764   23.04661   22.70651    0.05381    0.02970    9.19835    3.36883    2.65857    9.27827    2.00000
 179.99718   -0.04508   23.07541   22.73168    0.04516    0.02493    9.00254    3.90618   -2.65660   -0.24098    2.00000
 179.99944    0.02317   22.64540   22.34943    0.02317    0.01279   12.59755   -3.95823   -0.13889   -2.74721    2.00000
 179.99066    0.03182   21.93793   21.69910    0.03317    0.01831   22.15417    2.07074   -0.40228    1.27625    2.00000
 179.96931   -0.01255   18.14379   17.81732    0.03315    0.01830  316.96973    4.26534    3.66179    7.87702    2.00000
 180.03609   -0.05231   23.07541   22.73168    0.06355    0.03508    9.00254   -1.06380    0.14042   -4.31142    2.00000
 179.90549   -0.01555   23.20591   22.84541    0.09578    0.05286    8.11794    0.46375    1.27912    5.04156    2.00000
 179.89842   -0.05705   23.74300   23.29903    0.11651    0.06430    5.41002   -6.67010   -0.84953   -3.68459    2.00000
 179.93488    0.02029   21.32751   21.10178    0.06821    0.03765   36.19949    3.47992    2.50279    6.23209    2.00000
 179.96227   -0.00855   21.65304   21.42864    0.03868    0.02135   27.60150   -1.60659    0.61525   -2.51582    2.00000
 179.98676    0.08385   23.70183   23.26493    0.08489    0.04685    5.58168   -2.19751   -0.06396   -2.57028    2.00000
 180.00681   -0.02811   22.97595   22.64460    0.02892    0.01596    9.67985    3.14259   -1.34823   -1.18899    2.00000
 179.91805   -0.07635   23.42881   23.03577    0.11200    0.06182    6.73544    1.47808    0.55791   -2.11268    2.00000
 179.93288    0.05894   23.29278   22.92052    0.08933    0.04930    7.53369    1.11062    1.60307    0.66590    2.00000
 180.05637    0.02078   21.44503   21.22301    0.06007    0.03315   33.01057   -3.78209    2.86086   -1.10319    2.00000
 179.94461   -0.00392   23.62864   23.20415    0.05553    0.03065    5.88767    1.03203    0.12654    1.64044    2.00000
 180.07353    0.00817   22.58280   22.29318    0.07398    0.04083   13.26732    2.59229    0.92001    3.33301    2.00000
 179.93732   -0.02228   21.95163   21.71186    0.06652    0.03672   21.92540   -2.51038   -0.61328   -2.87694    2.00000
 179.97385   -0.01922   23.06821   22.72539    0.03246    0.01791    9.05149   -5.32720   -1.80640   -8.18208    2.00000
 180.08537    0.03299   23.05381   22.71280    0.09153    0.05052    9.14940   -7.72801   -1.71665  -12.77417    2.00000
 179.92368   -0.08778   22.43722   22.16085    0.11632    0.06420   14.84311   -1.77167   -2.57489   -3.94721    2.00000
 179.90102    0.01421   22.76481   22.45640    0.10001    0.05520   11.32371    3.07405   -0.22550    1.34120    2.00000
 179.92873   -0.02584   23.63827   23.21221    0.07582    0.04185    5.84713    5.43872   -1.97414   11.20810    2.00000
 179.99959   -0.00618   23.30367   22.92975    0.00619    0.00342    7.46195    4.30686   -2.21147    3.67219    2.00000
 180.04858   -0.01139   22.56454   22.27678    0.04991    0.02755   13.46266    5.87481    0.88342    4.57607    2.00000
 179.94185    0.14123   23.63345   23.20818    0.15273    0.08430    5.86740    3.69289    0.09032    1.94105    2.00000
 180.04176    0.03636   23.50719   23.10209    0.05537    0.03056    6.40154   -9.14966   -1.20732   -9.24402    2.00000
 179.89920   -0.07728   20.69022   20.25687    0.12702    0.07011   70.14477   -1.77417    1.37515   -0.45669    2.00000
 180.06873    0.05982   22.62453   22.33068    0.09112    0.05029   12.82081    2.09113    0.15960    2.91727    2.00000
 180.05446   -0.02994   23.74300   23.29903    0.06215    0.03430    5.41002    2.51682    1.37377   -2.66777    2.00000
