#RA        DEC       MAG_G     MAG_I     ANGSEP    RPROJ     SNR       VTRUE       VSYS       VMEAS      VSYSERR    
 179.98302    0.04709   21.03676   20.76327    0.05006    0.02763   47.74842   -0.12415    0.49028    0.20402    2.00000
 179.99924    0.01129   21.82354   21.59194    0.01131    0.00624   24.07584   -5.72313   -2.14982   -8.39275    2.00000
 180.01001    0.03745   19.00238   18.46013    0.03876    0.02139  222.43181    0.90206   -1.66964   -0.74839    2.00000
 179.99774   -0.11286   23.07541   22.73168    0.11288    0.06230    9.00254   -1.32910   -0.89191   -4.93443    2.00000
 179.99518    0.00709   21.50265   21.28188    0.00857    0.00473   31.46208   -2.48723   -0.21882   -2.37704    2.00000
 179.98726    0.00323   21.55084   21.33038    0.01314    0.00725   30.18629   -0.94402   -0.00754   -0.94813    2.00000
 179.73000   -0.35791   23.30095   22.92744    0.44832    0.24744    7.47988    4.61539    1.04733    6.37616    2.00000
 180.26691   -0.03941   22.15533   21.90160    0.26979    0.14891   18.52298   -0.24208   -0.37655    0.56263    2.00000
 180.02467   -0.03724   23.23517   22.87081    0.04467    0.02465    7.92036    4.22593    0.34046    5.10534    2.00000
 180.11295    0.08770   21.86164   21.62766    0.14299    0.07892   23.43528    2.14498   -1.36645    1.59725    2.00000
 179.74809    0.27226   22.10311   21.85355    0.37092    0.20472   19.38466   -7.27983   -1.54669   -9.15129    2.00000
 179.88722    0.02388   22.97702   22.64555    0.11528    0.06362    9.67250   -0.19487    0.94585    1.18912    2.00000
 180.04204    0.03309   23.31455   22.93897    0.05350    0.02953    7.39021   -0.89072    1.03614    4.18436    2.00000
 179.99261    0.02648   22.76730   22.45863    0.02748    0.01517   11.29716   -0.50339    0.55999    1.55689    2.00000
 179.95367    0.16182   21.68744   21.46181    0.16832    0.09290   26.72900   -0.29763   -0.33215   -1.05297    2.00000
 180.00774    0.05067   23.20835   22.84753    0.05125    0.02829    8.10148   -4.21916   -0.97705   -8.93147    2.00000
 179.96985   -0.01831   22.90282   22.57958    0.03527    0.01947   10.18559   -3.56183    3.68015   -0.03762    2.00000
 180.08376    0.02592   22.69234   22.39161    0.08767    0.04838   12.09523   -3.29998    0.27312   -5.75823    2.00000
 179.96626    0.10849   22.85066   22.53309    0.11362    0.06271   10.54722   -0.02480   -0.93279   -1.06013    2.00000
 179.95641   -0.03130   21.70596   21.47967    0.05366    0.02962   26.25919   -0.95059   -1.63723   -2.25796    2.00000
 179.94418   -0.06086   23.58687   23.16926    0.08258    0.04558    6.06332   -1.03831   -0.40382    0.65388    2.00000
 179.97977   -0.04528   18.94833   18.40264    0.04959    0.02737  230.35126    3.84059    2.01433    5.81170    2.00000
 179.95268   -0.00676   22.25128   21.98971    0.04780    0.02638   16.94302   -3.02225   -1.11241   -3.74415    2.00000
 180.04405    0.05479   21.62676   21.40335    0.07030    0.03880   28.26678    4.60022   -1.31386    4.14502    2.00000
 180.07504    0.02920   23.71306   23.27423    0.08052    0.04444    5.53487   -0.19024   -1.07205   -5.39536    2.00000
 179.92680   -0.03043   22.08064   21.83217    0.07927    0.04375   19.76798    2.50204    2.21660    4.42335    2.00000
 180.00774   -0.05183   20.46975   20.00795    0.05241    0.02892   82.97252    1.75996    1.76579    3.50576    2.00000
 179.93677    0.03471   22.44191   22.16512    0.07213    0.03981   14.79225    1.94461   -1.21050   -0.07759    2.00000
 179.98093    0.00036   23.42341   23.03119    0.01909    0.01054    6.75847    7.98209   -4.38703    0.85140    2.00000
 180.00069   -0.08702   23.19128   22.83271    0.08702    0.04803    8.21673   -3.78836   -1.04725   -5.71919    2.00000
 179.93575    0.01536   23.76755   23.31931    0.06607    0.03646    5.30789    0.94527   -1.13508    1.11137    2.00000
 180.01234    0.04339   21.48937   21.26831    0.04511    0.02490   31.81890   -0.82695   -2.44084   -2.57994    2.00000
 180.01654   -0.01423   23.46125   23.06321    0.02181    0.01204    6.59727   -3.93492   -0.82087   -2.76674    2.00000
 180.10641    0.04734   20.65571   20.21529    0.11647    0.06428   72.28755   -2.23649    0.34091   -2.02120    2.00000
 180.00755    0.03293   21.78816   21.55877    0.03379    0.01865   24.67064   -2.47616   -3.26042   -5.84772    2.00000
 180.00169    0.04296   22.22815   21.96844    0.04300    0.02373   17.32430    0.76848    3.72804    4.61303    2.00000
 179.98468    0.03614   23.00396   22.66917    0.03925    0.02167    9.48874   -1.72774    1.43207    2.47567    2.00000
 180.12526    0.15220   22.16301   21.90861    0.19712    0.10880   18.39724    1.22728    3.29790    5.04418    2.00000
 179.83759    0.01804   22.30526   22.03932    0.16342    0.09020   16.29024    2.15870   -0.64032    2.49292    2.00000
 180.14404    0.06441   21.30729   21.08023    0.15779    0.08709   36.76624   -2.41057   -0.36227   -1.97106    2.00000
 179.99397   -0.04276   22.05303   21.80627    0.04319    0.02384   20.23250   -2.31293   -1.19391   -3.67330    2.00000
 180.11536   -0.14826   22.20758   21.94954    0.18785    0.10368   17.66322    4.87521    1.04983    5.60832    2.00000
 180.01849   -0.00361   21.86708   21.63276    0.01883    0.01040   23.34378   -3.44298    1.82343   -2.15884    2.00000
 179.98103   -0.04045   22.23329   21.97317    0.04467    0.02465   17.23957   -5.42188    3.31303   -1.65693    2.00000
 179.97997   -0.00995   22.96020   22.63073    0.02237    0.01235    9.78778    0.58098   -0.87377   -0.86215    2.00000
 179.98650    0.06167   22.75483   22.44748    0.06314    0.03485   11.42994    1.16728    0.09326    1.01747    2.00000
 180.15727    0.06061   23.81518   23.35863    0.16855    0.09302    5.10997    0.74894   -2.80549   -6.36357    2.00000
 180.10628   -0.07147   23.13302   22.78203    0.12807    0.07069    8.61091    4.39668    2.97644    6.92288    2.00000
 180.00169   -0.00997   23.77232   23.32325    0.01011    0.00558    5.28809    2.70754    1.43011    3.61330    2.00000
 179.98152    0.14960   22.94716   22.61910    0.15074    0.08320    9.87819    5.20978    1.53325    7.59594    2.00000
 179.98364   -0.13315   21.92970   21.69145    0.13415    0.07404   22.29143    3.85301    0.73518    4.90892    2.00000
 180.05574    0.00033   22.64800   22.35177    0.05574    0.03077   12.56964   -1.47978   -1.59745   -2.65871    2.00000
 179.82275    0.36586   22.91587   22.59121    0.40653    0.22438   10.09518   -4.28049   -0.59817   -3.28230    2.00000
 179.95297   -0.06677   23.77708   23.32718    0.08167    0.04507    5.26830    0.47883    1.54728    5.56142    2.00000
 180.00578    0.07500   21.62092   21.39774    0.07522    0.04152   28.41444   -4.11533    2.29732   -1.86952    2.00000
 180.01505   -0.03596   23.47206   23.07236    0.03898    0.02151    6.55122    1.70037    0.10162    2.86901    2.00000
 180.21918   -0.29315   21.07044   20.80767    0.36602    0.20202   46.08461    1.40974   -0.64852    0.98558    2.00000
 179.99934    0.08604   22.05577   21.80882    0.08604    0.04749   20.18674    1.78925    0.92075    1.50053    2.00000
 180.07478    0.08629   21.82626   21.59449    0.11419    0.06302   24.03009    4.45167   -1.80646    3.36444    2.00000
 180.02351   -0.05679   23.34449   22.96433    0.06146    0.03392    7.19292    0.62882   -1.95151    0.52254    2.00000
 180.15485    0.12640   23.53962   23.12953    0.19989    0.11032    6.26338    0.67704    0.00784   -1.66395    2.00000
 179.83899   -0.12366   20.88790   20.53668    0.20302    0.11205   56.24040   -4.24320   -0.87758   -5.35257    2.00000
 179.71024   -0.18519   23.17909   22.82212    0.34389    0.18980    8.29905    5.03970    1.72763    9.36350    2.00000
 179.95863   -0.04388   23.11381   22.76525    0.06030    0.03328    8.74145   -2.76438   -0.34165   -5.27566    2.00000
 180.05164   -0.16438   23.46395   23.06550    0.17230    0.09510    6.58576   -1.72105   -4.63472   -9.52697    2.00000
 180.03261    0.08156   23.53422   23.12495    0.08784    0.04848    6.28641    1.76545   -0.10675   -1.11317    2.00000
 179.97350    0.03734   23.27418   22.90468    0.04579    0.02527    7.65693   -2.77190    0.02514   -5.19450    2.00000
 179.97168   -0.03728   23.26686   22.89833    0.04681    0.02584    7.70632   -4.15932    0.55254   -6.90451    2.00000
 179.82130   -0.00607   23.77470   23.32521    0.17881    0.09869    5.27820   -4.06097   -2.96061   -4.40564    2.00000
 179.97984    0.03675   23.74300   23.29903    0.04192    0.02314    5.41002    2.99499    0.43801    3.19136    2.00000
 179.99710   -0.02982   20.64656   20.20436    0.02996    0.01653   72.85076   -1.66230   -1.03932   -2.87751    2.00000
 179.96513   -0.18376   16.91253   16.16015    0.18704    0.10323  719.99609   -1.91753    1.16854   -0.72719    2.00000
 179.95848   -0.02536   23.00180   22.66728    0.04865    0.02685    9.50344    6.19873   -3.04738    2.15640    2.00000
 180.18277    0.01014   21.30729   21.08023    0.18305    0.10103   36.76624    5.53289   -1.17398    4.52250    2.00000
 179.97385    0.00791   23.80089   23.34683    0.02733    0.01509    5.16934   -0.82572   -0.23392   -7.42970    2.00000
 180.07690   -0.03559   23.01042   22.67484    0.08475    0.04677    9.44464    0.70140   -3.42703    0.89199    2.00000
 179.93394   -0.06265   23.58847   23.17061    0.09104    0.05025    6.05657    0.25284   -4.00337   -1.07492    2.00000
 180.00882    0.03889   21.42677   21.20436    0.03988    0.02201   33.50126   -3.31354    0.51857   -2.77077    2.00000
 180.02988    0.01680   22.06947   21.82158    0.03428    0.01892   19.95797   -4.70819   -1.94701   -6.19402    2.00000
 179.97348   -0.04611   23.12342   22.77364    0.05319    0.02936    8.67618    2.58374   -1.34033    0.44461    2.00000
 180.02597   -0.01797   23.83423   23.37435    0.03158    0.01743    5.03080   -1.32192    4.03887   -2.18994    2.00000
 179.98212   -0.02350   23.76517   23.31735    0.02953    0.01630    5.31778    0.09097   -1.84675   -4.79271    2.00000
 179.96045    0.01615   21.56836   21.34722    0.04272    0.02358   29.74333    2.80966    0.95996    3.16338    2.00000
 179.76793   -0.14609   22.18188   21.92592    0.27422    0.15135   18.08687    2.06086    0.38229    1.87711    2.00000
 180.04553    0.01505   23.24736   22.88139    0.04795    0.02647    7.83804   -0.97881   -1.23855   -6.58081    2.00000
 180.02357    0.01460   22.11258   21.86253    0.02774    0.01531   19.22353    0.98423   -2.14908   -1.31377    2.00000
 179.98752    0.00431   23.48827   23.08608    0.01320    0.00729    6.48214    5.10710    1.16739    4.37083    2.00000
 180.06703   -0.04051   23.07541   22.73168    0.07832    0.04323    9.00254   -5.91387    0.82594   -7.09308    2.00000
 179.94244   -0.10902   21.56447   21.34348    0.12328    0.06804   29.84176    5.20951    0.36867    5.65250    2.00000
 180.01755   -0.03048   22.91065   22.58656    0.03517    0.01941   10.13134    6.90859   -0.05496    6.63530    2.00000
 179.89391   -0.00186   22.59845   22.30724    0.10612    0.05857   13.09987   -0.22842   -0.47053    2.49929    2.00000
 180.30324    0.32460   21.80993   21.57918    0.44420    0.24517   24.30461   -1.71946   -2.01040   -3.49273    2.00000
 179.97659    0.05529   21.31133   21.08454    0.06004    0.03314   36.65289   -6.40734    0.18383   -5.44364    2.00000
 180.04161    0.03638   23.16934   22.81366    0.05527    0.03051    8.36491   -2.96250    0.76998   -0.48272    2.00000
 180.01920    0.03404   22.87674   22.55634    0.03908    0.02157   10.36640   -3.74656    1.65345   -2.94228    2.00000
 180.05299   -0.10488   22.62192   22.32834    0.11751    0.06486   12.84871   -0.39758    0.57518   -1.27225    2.00000
 179.96429    0.02221   23.24736   22.88139    0.04204    0.02321    7.83804   -0.07777    0.52341   -0.97830    2.00000
 179.98260    0.01617   23.45314   23.05635    0.02374    0.01310    6.63182   -1.63638    2.80186    1.75995    2.00000
 179.96613    0.21054   22.66626   22.36818    0.21325    0.11770   12.37430   -4.68121   -1.55260   -5.88333    2.00000
 180.01945    0.00990   21.25673   21.02637    0.02183    0.01205   38.18313    0.54887    0.25564    1.20400    2.00000
 180.04288   -0.00763   21.80721   21.57663    0.04354    0.02403   24.35037    1.25159   -0.61674   -0.22890    2.00000
 179.98956    0.01062   23.82709   23.36845    0.01489    0.00822    5.06049    7.49746   -0.50542    5.31323    2.00000
 180.01968   -0.00551   23.21566   22.85388    0.02045    0.01128    8.05208    7.25584    0.36224    4.62025    2.00000
 180.11719    0.14864   22.84023   22.52379    0.18928    0.10447   10.61955   -3.17395    2.38891   -0.74871    2.00000
 180.03169   -0.03428   22.70244   22.40065    0.04669    0.02577   11.98763    0.55721    3.54492    3.27428    2.00000
 179.92557   -0.02985   23.58205   23.16524    0.08020    0.04426    6.08359    4.92503    2.75535   11.53502    2.00000
 179.90558    0.01178   22.70493   22.40288    0.09515    0.05251   11.96107   -5.57195    0.94360   -4.73019    2.00000
 180.04301   -0.03088   22.36292   22.09243    0.05295    0.02923   15.65776    1.17288    0.80181    1.24990    2.00000
 179.73111   -0.27506   23.72990   23.28818    0.38465    0.21230    5.46464   -1.81031   -1.10652   -1.30201    2.00000
 180.01228    0.01962   23.34721   22.96664    0.02315    0.01278    7.17499   -3.96254    0.81143   -3.44962    2.00000
 179.07469    0.02473   21.77476   21.54601    0.92564    0.51092   24.89941   -0.56721    1.95069    1.90695    2.00000
 180.27414    0.05095   22.41572   22.14108    0.27884    0.15390   15.07847   -4.22639    0.69412   -3.03223    2.00000
 179.98129   -0.05066   20.90583   20.56678    0.05400    0.02981   55.11226    1.44529   -0.57508    0.76250    2.00000
 180.16261   -0.17622   21.93245   21.69400    0.23979    0.13234   22.24568    4.22009    0.96999    4.94462    2.00000
 179.98912   -0.02852   22.30012   22.03459    0.03053    0.01685   16.34650    2.78476   -0.81659    1.59476    2.00000
 179.94838    0.05278   22.06399   21.81647    0.07383    0.04075   20.04948    2.15130   -2.52217   -1.04724    2.00000
 179.98062    0.04754   21.17381   20.93285    0.05134    0.02834   41.39338    2.06153    1.18621    3.09046    2.00000
 180.00325   -0.04903   23.09221   22.74637    0.04913    0.02712    8.88831   -1.89609   -2.52724   -5.52190    2.00000
 180.06824   -0.00783   19.19957   18.66982    0.06868    0.03791  198.15973   -1.41679    3.00555    1.64674    2.00000
 180.06158    0.03577   23.33361   22.95511    0.07122    0.03931    7.26466   -0.37571   -0.06780    1.30262    2.00000
 180.01920    0.02344   22.96020   22.63073    0.03030    0.01672    9.78778   -1.96052   -0.90465   -4.30326    2.00000
 180.06625    0.22084   22.58802   22.29787    0.23057    0.12726   13.21150   -8.14402   -1.21708   -7.93471    2.00000
 179.98637   -0.01450   23.01473   22.67862    0.01990    0.01098    9.41523   -2.56304    1.38786    0.85443    2.00000
 180.00108    0.01104   22.39172   22.11897    0.01110    0.00613   15.34178   -4.28378    0.56451   -4.26556    2.00000
 179.94759    0.07997   20.99592   20.70726    0.09562    0.05277   49.84765   -2.26781   -0.89376   -3.14687    2.00000
 179.88606   -0.08909   22.16191   21.90761    0.14463    0.07982   18.41520   -3.45263    2.46508   -0.95979    2.00000
 180.03162    0.01522   23.42341   23.03119    0.03508    0.01936    6.75847   -4.36178    1.63848   -6.43239    2.00000
 180.00920   -0.02009   21.75094   21.52305    0.02209    0.01219   25.31120    2.56778   -0.45216    1.28323    2.00000
 180.05771    0.02505   22.36532   22.09464    0.06291    0.03472   15.63143   -0.31268   -0.42595   -0.45055    2.00000
 180.06526   -0.07190   23.48287   23.08150    0.09710    0.05359    6.50517   -0.35690    2.94492   -4.11757    2.00000
 180.09811    0.12767   21.95985   21.71952    0.16101    0.08887   21.78814   -0.06428   -1.51577   -1.87810    2.00000
 180.04108   -0.02585   21.39548   21.17238    0.04854    0.02679   34.34245   -4.17465    2.34229   -1.48522    2.00000
 180.00375   -0.03100   23.66628   23.23548    0.03123    0.01723    5.72993   -0.13415   -1.46417   -8.45408    2.00000
 180.24188    0.04337   23.39348   23.00584    0.24573    0.13563    6.88611    6.37845    2.54777    3.33993    2.00000
 179.95229    0.03846   22.36292   22.09243    0.06128    0.03382   15.65776    1.58744   -5.42947   -3.72954    2.00000
 179.97092    0.02976   23.70744   23.26958    0.04161    0.02297    5.55827   -1.36244   -0.23032   -0.49007    2.00000
 179.97607    0.01756   21.30122   21.07377    0.02968    0.01638   36.93627    0.63668   -1.31519   -0.50410    2.00000
 179.98531    0.04367   23.57562   23.15987    0.04608    0.02543    6.11062   -0.13889   -1.29324    0.86510    2.00000
 179.98067   -0.03190   23.80804   23.35273    0.03730    0.02059    5.13965   -0.06680    1.14020   -1.18786    2.00000
 179.96904    0.00213   23.80566   23.35076    0.03104    0.01713    5.14955    2.09692   -3.64691    8.24321    2.00000
 180.11621   -0.02824   21.74036   21.51284    0.11959    0.06600   25.49422   -0.61124   -0.24988   -0.33908    2.00000
 179.84599   -0.01949   23.38259   22.99661    0.15524    0.08568    6.94184    0.07911    0.33319   -3.15249    2.00000
 180.02689   -0.07719   23.72803   23.28663    0.08174    0.04512    5.47245    0.34441   -3.22757    4.85214    2.00000
 179.96471   -0.04058   23.76755   23.31931    0.05379    0.02969    5.30789   -4.44002   -1.55008   -5.16298    2.00000
 180.04327    0.05366   22.67669   22.37755    0.06893    0.03805   12.26267    0.96809   -2.20014   -1.09785    2.00000
 180.00481    0.02173   22.80473   22.49209    0.02226    0.01229   10.89881    0.53917    3.73630    4.00441    2.00000
 180.00008    0.00895   22.55206   22.26550    0.00895    0.00494   13.59698   -4.12202   -1.85631   -6.89810    2.00000
 179.96815   -0.00750   23.33088   22.95280    0.03271    0.01805    7.28260   -0.41106    2.14731   -0.70304    2.00000
 180.14455    0.00206   22.19730   21.94009    0.14456    0.07979   17.83268    3.02122    5.76667    8.72465    2.00000
 179.96860   -0.04622   22.50987   22.22705    0.05588    0.03084   14.05474   -4.71225    0.44165   -1.03175    2.00000
 180.12498    0.05251   22.14657   21.89359    0.13557    0.07482   18.66668   -5.32626   -1.57724   -7.56143    2.00000
 180.06493    0.11187   22.61149   22.31896    0.12934    0.07139   12.96034   -2.98820   -1.37373   -4.69704    2.00000
 180.04082    0.06225   21.39548   21.17238    0.07444    0.04108   34.34245    0.60899   -0.86603   -0.19348    2.00000
 179.91953   -0.32312   23.01042   22.67484    0.33299    0.18379    9.44464   -3.68453   -0.20051   -3.80728    2.00000
 179.97780   -0.02757   21.62871   21.40522    0.03540    0.01954   28.21757    2.59363    2.44888    5.74928    2.00000
 179.90248   -0.08539   21.54695   21.32664    0.12962    0.07154   30.28473  -12.74107    0.49349  -11.87983    2.00000
 180.06087   -0.02951   23.41798   23.02659    0.06764    0.03733    6.78163   -3.06934    1.53474    1.19801    2.00000
 180.04343   -0.05903   21.37200   21.14839    0.07328    0.04045   34.97333   -1.30575   -1.15400   -2.21625    2.00000
 180.01318   -0.01230   23.26686   22.89833    0.01804    0.00995    7.70632   -0.04876   -0.68516   -4.87196    2.00000
 180.03416   -0.05020   21.79904   21.56898    0.06073    0.03352   24.48763   -4.73368   -3.98835   -9.31261    2.00000
 179.98369   -0.04701   23.43692   23.04263    0.04976    0.02746    6.70090   -5.45974   -3.41030   -9.21059    2.00000
 179.97995   -0.01486   23.37715   22.99200    0.02496    0.01378    6.97770   -1.86532   -2.13624   -3.78619    2.00000
 179.99062   -0.06308   23.27661   22.90680    0.06377    0.03520    7.64046   -3.40018    0.33506   -2.40900    2.00000
 179.92728   -0.15880   23.48557   23.08379    0.17466    0.09640    6.49365   -4.23289    2.39954    0.86948    2.00000
 180.03455    0.03538   23.57241   23.15719    0.04945    0.02729    6.12413    3.95145    1.72083    4.81146    2.00000
 179.97495    0.03055   22.73487   22.42964    0.03951    0.02181   11.64239    0.39002    1.14186    4.30608    2.00000
 179.99101    0.02674   21.29516   21.06731    0.02821    0.01557   37.10630    1.17442   -1.24341   -0.42864    2.00000
 180.00375    0.00850   21.60729   21.38464    0.00930    0.00513   28.75897    0.91032    0.40057    1.54381    2.00000
 180.03931    0.07473   22.59323   22.30256    0.08443    0.04660   13.15569   -1.51262    0.67502   -1.53979    2.00000
 179.97287   -0.04058   22.64540   22.34943    0.04882    0.02694   12.59755   -2.59616   -2.50670   -4.63887    2.00000
 179.34589   -0.21754   20.09617   19.61067    0.68934    0.38048  110.00884    0.19474   -0.10146    0.10229    2.00000
 179.98643    0.00491   23.47476   23.07464    0.01442    0.00796    6.53971   -0.31132   -2.59309   -3.59465    2.00000
 179.78835    0.05205   18.88643   18.33677    0.21796    0.12030  239.42386   -4.05194   -0.29720   -4.26058    2.00000
 180.01395    0.02496   23.13062   22.77993    0.02859    0.01578    8.62723   -8.35533   -1.43808  -10.76962    2.00000
 179.96751    0.02572   22.76980   22.46086    0.04144    0.02287   11.27060   -7.04689   -3.64214   -9.96248    2.00000
 180.02191    0.02289   22.22815   21.96844    0.03168    0.01749   17.32430    3.60391   -2.18713    1.56577    2.00000
 180.02667    0.01901   23.61418   23.19208    0.03275    0.01807    5.94847    3.51624   -2.15946    0.75881    2.00000
 180.02409   -0.02644   22.32211   22.05484    0.03578    0.01975   16.10540   -6.26429    0.03364   -6.87152    2.00000
 179.98441   -0.03426   23.38532   22.99892    0.03764    0.02078    6.92390    4.68867   -0.36059    3.82139    2.00000
 180.07509    0.08721   17.93911   17.97457    0.11509    0.06352  290.14932   -7.44865   -6.77075  -14.23310    2.00000
 179.95154    0.02614   23.57562   23.15987    0.05506    0.03039    6.11062   -3.69045   -2.01053   -4.58283    2.00000
 179.99162   -0.04503   23.58687   23.16926    0.04580    0.02528    6.06332   -4.99779    1.44337   -5.75770    2.00000
 180.05766   -0.01489   23.55854   23.14554    0.05956    0.03287    6.18278   -2.15561   -1.60998    2.97204    2.00000
 179.94209   -0.02117   20.88075   20.52443    0.06165    0.03403   56.69939   -2.98939    0.45098   -2.48645    2.00000
 180.04002    0.07601   23.13062   22.77993    0.08590    0.04741    8.62723   -1.17811    3.13319    0.88727    2.00000
 179.97272    0.00544   22.63235   22.33771    0.02781    0.01535   12.73709   -1.85918    1.82397   -0.93483    2.00000
 180.09839    0.03534   21.31538   21.08885    0.10455    0.05770   36.53954    0.23384    0.70927    0.81933    2.00000
 179.98154    0.12497   23.01042   22.67484    0.12632    0.06972    9.44464    4.25279   -0.03463    7.29849    2.00000
 179.99887   -0.03410   21.71125   21.48478    0.03412    0.01883   26.12496    5.13862    0.78268    6.00523    2.00000
 180.02003    0.00431   21.43721   21.21502    0.02050    0.01131   33.22087   -3.71033    0.21271   -3.62504    2.00000
 180.06837    0.05121   21.59561   21.37342    0.08542    0.04715   29.05427   -4.77548    1.63205   -2.96300    2.00000
 179.90594   -0.00857   22.84544   22.52844    0.09444    0.05212   10.58339   -3.45484    7.58600    2.77866    2.00000
 179.99042    0.00885   22.93673   22.60980    0.01305    0.00720    9.95052   -4.59053   -0.62639   -7.18389    2.00000
 180.00410    0.12657   23.36626   22.98278    0.12664    0.06990    7.04944    3.58554   -2.29708   -0.09446    2.00000
 179.99786   -0.01384   21.82626   21.59449    0.01400    0.00773   24.03009    2.44914   -1.09916    0.37499    2.00000
 180.02855   -0.01550   23.65505   23.22619    0.03248    0.01793    5.77675    2.65800   -0.28917   -3.87658    2.00000
 179.93188   -0.02982   23.64791   23.22026    0.07436    0.04104    5.80660   -0.98807    1.80266    1.85749    2.00000
 179.98872   -0.09127   21.38243   21.15905    0.09197    0.05076   34.69294   -6.58941    0.84575   -5.81668    2.00000
 180.02940   -0.10057   22.33411   22.06590    0.10477    0.05783   15.97374   -5.66579    0.42924   -5.76791    2.00000
 180.01454    0.10423   21.27493   21.04576    0.10524    0.05809   37.67305    1.55090    0.58360    1.37782    2.00000
 180.12701    0.02505   23.38804   23.00123    0.12946    0.07145    6.90933    0.44130   -1.89735   -0.46703    2.00000
 180.03329    0.04546   22.47003   22.19075    0.05635    0.03110   14.48707    0.78690   -0.07320    0.15327    2.00000
 179.93980   -0.00312   22.13451   21.88257    0.06028    0.03327   18.86427    1.36187   -2.41943   -0.85790    2.00000
 179.97794   -0.07132   22.06947   21.82158    0.07465    0.04120   19.95797   -1.20201    1.47816   -0.21813    2.00000
 180.03606   -0.03705   23.73551   23.29283    0.05170    0.02853    5.44123    3.18458   -0.56930    5.75933    2.00000
 179.99771   -0.04301   22.42532   22.14993    0.04307    0.02377   14.97314   -0.97329    1.22556   -0.07391    2.00000
 179.99774    0.01727   21.96259   21.72207    0.01741    0.00961   21.74238    5.61374    2.30885    9.67676    2.00000
 180.04416   -0.11743   22.58802   22.29787    0.12546    0.06924   13.21150   -0.93329   -0.93667   -2.65309    2.00000
 180.03813    0.00938   23.68312   23.24943    0.03927    0.02167    5.65971    1.47989    3.53823    3.96590    2.00000
 180.03793   -0.03801   22.18702   21.93064    0.05370    0.02964   18.00214   -1.00608   -1.08131   -2.37897    2.00000
 179.99271   -0.05505   23.41253   23.02198    0.05553    0.03065    6.80485    3.73664   -3.20641   -2.22543    2.00000
 179.94521   -0.07227   22.64800   22.35177    0.09070    0.05006   12.56964    0.68633   -2.58770    0.62978    2.00000
 179.99557    0.00864   22.36532   22.09464    0.00970    0.00536   15.63143   -2.90442   -1.58236   -6.76761    2.00000
 180.03017    0.04603   21.98451   21.74248    0.05503    0.03037   21.37635   -2.23322    1.95422   -0.20817    2.00000
 180.03436    0.02447   23.73925   23.29593    0.04218    0.02328    5.42563   -5.83396    2.48750   -2.36053    2.00000
 179.91747   -0.07364   21.95985   21.71952    0.11061    0.06105   21.78814   -0.11965    0.46848   -1.01418    2.00000
 179.57785   -0.13275   21.73242   21.50519    0.44253    0.24424   25.63148   -2.77952   -0.74049   -3.55489    2.00000
 180.02222   -0.07970   23.69248   23.25718    0.08273    0.04566    5.62070    2.09941    1.34336    4.70587    2.00000
 180.00902    0.02150   23.75327   23.30752    0.02331    0.01287    5.36726    1.69574   -0.91671    8.92964    2.00000
 179.99174   -0.05465   21.71654   21.48988    0.05527    0.03051   25.99072    1.81820    0.25687    2.92959    2.00000
 180.00107    0.03400   23.72428   23.28353    0.03402    0.01877    5.48805   -1.39488   -0.09003   -2.41597    2.00000
 179.87852    0.01200   23.36354   22.98047    0.12206    0.06737    7.06738   -5.81734   -0.79102   -8.24556    2.00000
 179.91226    0.03193   23.80566   23.35076    0.09337    0.05153    5.14955   -3.14889   -2.67151   -8.70316    2.00000
 179.99940   -0.01539   23.49638   23.09294    0.01540    0.00850    6.44760   -1.60012   -1.00239    2.04609    2.00000
 180.00067    0.01411   22.72739   22.42295    0.01413    0.00780   11.72206   -3.93918    0.49685   -2.49869    2.00000
 179.97359   -0.05640   22.40852   22.13445    0.06227    0.03437   15.15746    1.29654    0.80712    3.44309    2.00000
 180.00661   -0.00909   23.81042   23.35469    0.01124    0.00620    5.12976   -4.91388   -0.92191   -8.65926    2.00000
 180.00119    0.03048   21.12758   20.87767    0.03050    0.01684   43.46112   -1.65913   -0.63563   -2.76548    2.00000
 179.91820   -0.09253   23.42881   23.03577    0.12351    0.06817    6.73544    5.40975   -2.55005   -0.89081    2.00000
 180.00298   -0.00390   23.24004   22.87504    0.00491    0.00271    7.88743    2.61474    1.32514    5.95163    2.00000
 179.99202   -0.05546   22.44894   22.17153    0.05603    0.03093   14.71595   -0.45760    0.46131   -0.96143    2.00000
 180.03297   -0.45220   21.62092   21.39774    0.45340    0.25024   28.41444   -5.22402   -0.55355   -5.93031    2.00000
 179.97623   -0.04252   21.17124   20.92986    0.04872    0.02689   41.50530    1.98133    0.93150    3.54181    2.00000
 180.02727    0.01387   23.68312   23.24943    0.03059    0.01688    5.65971    2.14057   -0.61270   -0.81025    2.00000
 179.96532    0.04203   23.83185   23.37239    0.05450    0.03008    5.04069   -0.77074    2.98582    5.32288    2.00000
 180.02187    0.03869   23.35810   22.97586    0.04444    0.02453    7.10325   -1.22757    3.11563   -0.51907    2.00000
 179.93195    0.00075   21.51065   21.29004    0.06806    0.03756   31.24731    1.48109    1.26136    2.02242    2.00000
 180.02979   -0.00789   23.20835   22.84753    0.03081    0.01700    8.10148    5.63276    0.39743    3.69354    2.00000
 180.00349   -0.02565   23.78899   23.33700    0.02589    0.01429    5.21882    1.48970   -1.57608   -3.28434    2.00000
 179.90646   -0.00453   23.56759   23.15316    0.09365    0.05169    6.14439    2.76784    1.73324    2.98219    2.00000
 180.07065    0.01031   22.98780   22.65500    0.07139    0.03940    9.59899    3.00052    0.32441   -0.67789    2.00000
 180.08846   -0.02091   20.42934   19.96426    0.09090    0.05017   85.82631   -2.58675    3.65982    1.01322    2.00000
 179.96870    0.01033   22.81221   22.49878    0.03296    0.01819   10.81914    0.61253   -2.98143   -4.86336    2.00000
 179.65530    0.14803   22.60106   22.30959    0.37514    0.20705   13.07197   -1.23227    1.17524    1.48835    2.00000
 180.08099    0.00835   23.31183   22.93666    0.08143    0.04494    7.40814   -2.02303    3.52546    3.49873    2.00000
 180.20355    0.02172   22.64279   22.34708    0.20470    0.11298   12.62546   -0.40111   -2.48957   -2.74707    2.00000
 179.99657    0.03962   22.11368   21.86353    0.03977    0.02195   19.20556   -0.11628    3.26205    2.69304    2.00000
 179.97549   -0.00718   23.46395   23.06550    0.02553    0.01409    6.58576   -1.20086    0.39241   -0.50951    2.00000
 180.05673   -0.25321   23.79375   23.34094    0.25948    0.14322    5.19903   -0.09904   -0.57434    2.44291    2.00000
 180.01172    0.18953   23.11862   22.76944    0.18989    0.10481    8.70881   -1.92493    3.87837    0.51870    2.00000
 180.00238   -0.00812   23.56125   23.14782    0.00846    0.00467    6.17127   -2.18635    0.07385   -1.62997    2.00000
 179.94199   -0.08658   20.55156   20.09676    0.10422    0.05752   78.39574    2.49036   -1.44785    1.11285    2.00000
 179.96854    0.02213   22.85848   22.54006    0.03847    0.02123   10.49298    0.78820    1.46791    1.98487    2.00000
 180.33775   -0.44143   21.11862   20.86679    0.55583    0.30678   43.86910   -0.69816    1.13496    0.83069    2.00000
 179.96475    0.16899   21.01930   20.74025    0.17263    0.09528   48.61114   -7.28961    2.15481   -5.66235    2.00000
 180.04645   -0.00504   19.36494   18.84503    0.04672    0.02579  178.78278    0.91674   -4.55360   -3.70190    2.00000
 180.02370    0.02909   21.11414   20.86134    0.03752    0.02071   44.07309   -1.15174    1.07350   -0.11491    2.00000
 180.21916    0.10992   23.68499   23.25098    0.24518    0.13532    5.65191    2.35635   -1.80678   -6.08236    2.00000
 180.09399   -0.03515   23.47206   23.07236    0.10036    0.05539    6.55122   -2.75423   -1.56247   -5.99439    2.00000
 179.90486    0.01494   23.78184   23.33111    0.09630    0.05315    5.24851   -0.68249   -2.06389   -1.02715    2.00000
 179.96587    0.01024   22.04755   21.80116    0.03564    0.01967   20.32401   -1.53711    1.65046   -0.76803    2.00000
 180.01750   -0.04499   22.90804   22.58423    0.04827    0.02664   10.14942    7.35835    1.96265    7.19504    2.00000
 180.15405   -0.16254   22.88717   22.56563    0.22395    0.12360   10.29408   -1.34624    0.83102   -2.11942    2.00000
 179.98077   -0.02873   23.55314   23.14096    0.03457    0.01908    6.20581    6.46633   -0.47758    8.40399    2.00000
 180.03900    0.00564   21.69538   21.46947    0.03941    0.02175   26.52765   -1.07146    3.45635    1.73748    2.00000
 180.05910   -0.03385   22.90022   22.57726    0.06811    0.03759   10.20367    1.82199    0.87718    2.03707    2.00000
 179.99168    0.01557   22.39412   22.12118    0.01765    0.00974   15.31545   -1.35608    1.14927    1.19603    2.00000
 179.99454   -0.05723   23.25711   22.88986    0.05749    0.03173    7.77218    0.51082   -0.40880   -3.26834    2.00000
 179.94260   -0.06640   20.64656   20.20436    0.08778    0.04845   72.85076   -1.21145   -3.18683   -4.64607    2.00000
 179.99730   -0.20919   18.26360   17.66738    0.20921    0.11547  342.54178   -4.10117    0.53035   -3.59259    2.00000
 180.01320    0.03325   19.43235   18.91574    0.03578    0.01975  170.96342    1.52002   -2.00916   -0.54345    2.00000
 180.02823    0.04151   22.09459   21.84544    0.05020    0.02771   19.53006    0.23936   -1.20676   -0.60203    2.00000
 180.00337    0.00799   21.51687   21.29639    0.00868    0.00479   31.08026   -2.36627    2.69599    0.62404    2.00000
 179.97667    0.02724   20.76548   20.35091    0.03587    0.01980   65.29819   -3.00196    1.61194   -1.10877    2.00000
 179.91711    0.03659   23.51800   23.11123    0.09061    0.05001    6.35549   -1.64020    2.53498    1.07216    2.00000
 180.00301    0.04175   22.68452   22.38458    0.04185    0.02310   12.17895    1.24254   -1.19737   -0.78078    2.00000
 179.91940   -0.06628   23.17909   22.82212    0.10436    0.05760    8.29905    2.67306   -1.06555    4.24253    2.00000
 180.01358    0.08525   22.83240   22.51682    0.08632    0.04764   10.67380   -0.68494   -2.57833   -4.82614    2.00000
 180.07420    0.03145   22.46535   22.18648    0.08059    0.04448   14.53793   -0.41757   -2.52870   -2.10369    2.00000
 180.02670   -0.05478   22.65322   22.35646    0.06094    0.03364   12.51383    2.50398   -2.16356   -2.13637    2.00000
 180.03723    0.04174   23.43152   23.03805    0.05593    0.03087    6.72392   -0.07479    1.62501    0.49401    2.00000
 180.01251    0.01573   23.22054   22.85811    0.02010    0.01110    8.01915   -1.02369    2.09856   -0.73366    2.00000
 180.01418    0.00144   22.91587   22.59121    0.01424    0.00786   10.09518   -5.21961   -1.74475  -10.98793    2.00000
 179.91792    0.08126   22.31971   22.05263    0.11549    0.06374   16.13173    1.73027   -0.25833    1.88992    2.00000
 180.05055   -0.01962   23.45314   23.05635    0.05422    0.02993    6.63182   -3.37259   -1.24474   -8.11396    2.00000
 180.01202   -0.07617   22.24357   21.98262    0.07711    0.04256   17.07011   -0.73443   -1.90393   -0.72793    2.00000
 179.94189    0.04222   22.68713   22.38693    0.07182    0.03964   12.15104    2.52256    0.82063    1.65346    2.00000
 179.95607    0.02303   23.75088   23.30555    0.04960    0.02738    5.37716   -0.42336    2.06599   10.45283    2.00000
 180.07468    0.03242   23.72241   23.28198    0.08141    0.04493    5.49585   -0.07445   -1.84736   -3.23288    2.00000
 179.97697   -0.01428   22.54737   22.26123    0.02709    0.01495   13.64784    2.58255   -3.15327   -1.58337    2.00000
 180.01511    0.00613   16.91356   16.22710    0.01630    0.00900  698.01093  -11.59877   -2.00412  -13.62072    2.00000
 179.77348    0.14013   22.71990   22.41626    0.26636    0.14701   11.80173   -0.64507   -1.38563   -3.79611    2.00000
 180.02470   -0.01994   21.41895   21.19636    0.03175    0.01752   33.71156    1.15920   -0.10424    1.49762    2.00000
 179.98953    0.00114   21.57031   21.34909    0.01053    0.00581   29.69411   -2.83556   -0.01077   -3.56227    2.00000
 180.05331    0.03787   23.73551   23.29283    0.06539    0.03609    5.44123   -1.85592   -0.78426   -1.08379    2.00000
 180.07545    0.00018   23.23760   22.87293    0.07546    0.04165    7.90390   -2.21322    0.04700   -4.54571    2.00000
 180.04082    0.07730   22.69745   22.39619    0.08741    0.04824   12.04074    1.22015   -1.31955    0.81488    2.00000
 179.97223    0.05555   23.70183   23.26493    0.06211    0.03428    5.58168   -0.16192   -1.43139   -2.03469    2.00000
 180.15057   -0.05561   20.87440   20.51355    0.16052    0.08859   57.10737    5.01672    0.34709    5.43030    2.00000
 180.03255    0.06667   21.98177   21.73993    0.07418    0.04094   21.42210   -8.81496   -0.26313   -8.34241    2.00000
 179.94814   -0.02529   21.16224   20.91941    0.05770    0.03184   41.89699    0.98567   -1.60737   -1.36563    2.00000
 179.92995    0.01212   22.48644   22.20570    0.07110    0.03924   14.30905   -1.40415   -3.24270   -3.42739    2.00000
 180.07809   -0.09589   22.50987   22.22705    0.12366    0.06825   14.05474    2.31224   -4.24705   -2.55038    2.00000
 180.08199   -0.00329   22.05303   21.80627    0.08206    0.04529   20.23250    2.33560   -4.74898   -4.15759    2.00000
 180.02882    0.00761   22.56715   22.27912    0.02982    0.01646   13.43476    3.26377   -2.92902    1.51363    2.00000
 180.00731    0.01587   23.26686   22.89833    0.01748    0.00965    7.70632   -3.36387   -1.61121   -4.39145    2.00000
 180.00346    0.03379   21.49157   21.27056    0.03397    0.01875   31.75970    0.51921   -0.74484    0.73816    2.00000
 180.03683   -0.04764   23.81994   23.36256    0.06022    0.03324    5.09017   -1.33708    0.80759   -5.25536    2.00000
 180.08470    0.05710   23.74868   23.30374    0.10215    0.05638    5.38631    0.62688   -0.22711   -6.06115    2.00000
 180.03700   -0.11293   23.59651   23.17732    0.11884    0.06559    6.02279   -1.31982    3.65370   -1.02099    2.00000
 179.85585   -0.00971   22.32931   22.06148    0.14447    0.07974   16.02640   -2.00738    1.73586    0.08265    2.00000
 179.92653   -0.08318   21.57031   21.34909    0.11098    0.06125   29.69411    0.23464    1.02381    1.05926    2.00000
 179.96663    0.06172   22.28984   22.02514    0.07016    0.03872   16.45903    2.46813   -1.84669    1.61708    2.00000
 179.98637   -0.12629   21.63844   21.41458    0.12702    0.07011   27.97148   -1.53404    0.39647   -0.94264    2.00000
 179.98027    0.02556   22.27184   22.00861    0.03229    0.01782   16.65595    2.88243    2.86884    5.60843    2.00000
 179.96826   -0.02073   23.74487   23.30058    0.03791    0.02092    5.40222    3.46164   -2.62191    2.36025    2.00000
 179.95602   -0.00069   22.73737   22.43187    0.04398    0.02428   11.61584    1.16479    1.92405    3.82597    2.00000
 180.03532    0.02321   23.14262   22.79042    0.04227    0.02333    8.54564    3.08888   -1.42373    3.26938    2.00000
 180.00705   -0.06035   23.08741   22.74217    0.06076    0.03354    8.92095   -3.72867    0.15448   -5.93486    2.00000
 179.97229    0.07627   22.71741   22.41403    0.08115    0.04479   11.82829   -0.19358   -1.02238    1.68370    2.00000
 180.20007   -0.11557   21.97629   21.73482    0.23105    0.12752   21.51361   -3.82936    1.97733   -2.18340    2.00000
 179.95551   -0.00415   23.03460   22.69602    0.04470    0.02467    9.27994    2.56884   -2.10518    1.39352    2.00000
 180.00490   -0.06830   23.52881   23.12038    0.06848    0.03779    6.30943   -0.73162    3.25963   -1.31628    2.00000
 179.95854    0.00056   23.47476   23.07464    0.04146    0.02288    6.53971    2.54980   -1.49158    4.41463    2.00000
 179.95782    0.06737   21.24419   21.01296    0.07948    0.04387   38.53584   -1.88171    2.23675    0.25421    2.00000
 179.98045   -0.00420   23.74487   23.30058    0.01999    0.01103    5.40222    2.37421    4.49238    5.68048    2.00000
 179.95667    0.04601   23.48557   23.08379    0.06321    0.03489    6.49365   -5.31421    4.37359    2.25428    2.00000
 179.85414   -0.02199   22.42052   22.14550    0.14750    0.08141   15.02581    4.15149    1.11743    6.23004    2.00000
 180.00212    0.01910   23.55584   23.14325    0.01921    0.01061    6.19430    1.81085   -0.25479   -2.15819    2.00000
 180.03548   -0.01615   23.15227   22.79884    0.03898    0.02151    8.48017    0.23397   -3.04428   -0.91798    2.00000
 179.96927   -0.24943   22.53331   22.24841    0.25132    0.13871   13.80043   -6.49669   -0.66294   -6.87359    2.00000
 180.06761   -0.05945   21.69008   21.46437    0.09002    0.04969   26.66188   -2.93771    1.77954   -0.05848    2.00000
 180.00117   -0.02148   22.62192   22.32834    0.02151    0.01187   12.84871   -3.46606    2.33990   -2.03095    2.00000
 179.99890    0.01915   23.14984   22.79673    0.01918    0.01058    8.49659   -5.52493    0.13138   -4.04709    2.00000
 179.86510   -0.10394   18.73538   18.17530    0.17030    0.09399  261.66605   -0.96411   -3.28114   -4.22750    2.00000
 179.99033    0.01514   22.68713   22.38693    0.01797    0.00992   12.15104   -3.67547   -1.51266   -6.36534    2.00000
 179.95969   -0.08584   23.59811   23.17866    0.09483    0.05234    6.01603   -6.46250   -1.17490   -5.13815    2.00000
 179.94524   -0.00295   23.51260   23.10666    0.05485    0.03028    6.37852    2.98723   -1.22300   -0.73862    2.00000
 179.96684    0.01289   22.49816   22.21638    0.03556    0.01963   14.18190    1.13391    0.56339   -0.15023    2.00000
 180.16692    0.02877   22.93673   22.60980    0.16938    0.09349    9.95052    1.38528    0.98496    2.13051    2.00000
 179.98784    0.09626   20.78990   20.38272    0.09703    0.05355   63.65896    2.78148    0.37491    2.91657    2.00000
 179.84090    0.04757   21.40591   21.18304    0.16607    0.09166   34.06205    0.01817   -0.87421   -0.71981    2.00000
 179.99722   -0.01127   22.06125   21.81392    0.01161    0.00641   20.09524    1.99101    0.24933    1.59643    2.00000
 179.94177    0.15109   22.37012   22.09907    0.16192    0.08937   15.57877    3.26699   -1.13804    4.04902    2.00000
 180.00169   -0.00677   23.70744   23.26958    0.00698    0.00385    5.55827   -1.81872   -5.12114  -14.55627    2.00000
 180.03638    0.01660   22.63235   22.33771    0.03998    0.02206   12.73709   -2.00621    0.11789    0.19831    2.00000
 180.00591   -0.00983   22.24871   21.98734    0.01147    0.00633   16.98538   -2.28655   -2.12538   -5.02961    2.00000
 179.93669    0.10804   21.80721   21.57663    0.12522    0.06911   24.35037    5.72890    0.42943    6.32607    2.00000
 180.01781   -0.03312   23.61096   23.18939    0.03761    0.02076    5.96198    1.53780    1.36732    0.26118    2.00000
 180.01588    0.07424   23.41253   23.02198    0.07592    0.04190    6.80485    3.03175    1.54288    1.67244    2.00000
 180.15552    0.06818   21.13056   20.88130    0.16981    0.09372   43.32512    5.05311    2.34772    6.99015    2.00000
 179.94783    0.00785   22.77479   22.46533    0.05276    0.02912   11.21749    0.26434    1.75831    1.12762    2.00000
 180.09709    0.02565   22.13122   21.87956    0.10042    0.05543   18.91816   -3.80301   -0.77166   -3.08718    2.00000
 180.00201    0.08549   21.82082   21.58939    0.08551    0.04719   24.12160   -3.80242   -0.53005   -3.52400    2.00000
 179.96124    0.03381   21.96259   21.72207    0.05143    0.02839   21.74238   -3.28851    1.38993   -0.72671    2.00000
 180.01141   -0.01236   23.59972   23.18000    0.01683    0.00929    6.00928    5.12478   -0.51264   11.68076    2.00000
 180.01678    0.04017   23.35810   22.97586    0.04354    0.02403    7.10325   -4.13412   -0.21426    0.42072    2.00000
 179.94183   -0.04239   21.26280   21.03283    0.07198    0.03973   38.01310   -1.02092    0.92668    0.03880    2.00000
 180.04831   -0.01487   23.65880   23.22929    0.05054    0.02790    5.76114    3.56705   -0.51177    5.27136    2.00000
 180.05792   -0.07225   23.67938   23.24633    0.09260    0.05111    5.67531   -5.83488   -2.60839   -6.78592    2.00000
 179.75906   -0.41686   21.03676   20.76327    0.48148    0.26574   47.74842    8.42089   -1.70288    6.63361    2.00000
 179.96455   -0.11096   23.35538   22.97356    0.11648    0.06429    7.12118   -0.86187    2.23169    2.43548    2.00000
 179.97299   -0.02538   23.36082   22.97817    0.03706    0.02045    7.08531    4.05317   -0.88364    0.50603    2.00000
 180.16289   -0.11193   23.53152   23.12267    0.19763    0.10908    6.29792   -2.18051   -2.62169   -5.72257    2.00000
 179.92712    0.13379   23.27918   22.90900    0.15235    0.08409    7.62329    6.00158    0.73833    6.31028    2.00000
 180.12102   -0.05799   22.31971   22.05263    0.13419    0.07406   16.13173    1.38845   -3.24333   -2.05637    2.00000
 179.92317    0.00201   22.36051   22.09022    0.07686    0.04242   15.68409    1.05098    3.32842    6.24370    2.00000
 180.11502   -0.08456   23.02119   22.68429    0.14276    0.07879    9.37113    2.98004    3.43181    5.86684    2.00000
 179.94789   -0.01933   22.62714   22.33302    0.05558    0.03067   12.79290   -2.64058    1.12098   -2.09776    2.00000
 179.94952   -0.03698   23.81756   23.36059    0.06258    0.03454    5.10007    2.24093    1.09893    4.10019    2.00000
 180.27464    0.00898   22.49113   22.20997    0.27479    0.15166   14.25819   -2.75436   -1.45494   -2.05765    2.00000
 179.95058   -0.04385   21.97629   21.73482    0.06607    0.03646   21.51361   -4.38331   -0.83109   -5.76171    2.00000
 179.94206    0.04001   23.70932   23.27113    0.07042    0.03886    5.55047   -0.00725    2.23940    0.59162    2.00000
 179.97769   -0.03308   22.21787   21.95899    0.03990    0.02202   17.49376    2.27228   -4.12936   -1.56253    2.00000
 179.95805   -0.02873   23.34449   22.96433    0.05085    0.02806    7.19292   -1.82124    0.34407   -5.31134    2.00000
 179.98817    0.06195   21.08577   20.82687    0.06307    0.03481   45.36505    0.69380   -2.90475   -1.84030    2.00000
 179.99751   -0.02890   22.33651   22.06811    0.02901    0.01601   15.94741   -0.46100    0.51772   -2.25781    2.00000
 180.03816    0.01251   23.59490   23.17597    0.04015    0.02216    6.02954   -0.60823    3.76765    2.11512    2.00000
 179.97202   -0.00674   23.71867   23.27888    0.02879    0.01589    5.51146    1.92404   -1.26830   -2.79039    2.00000
 180.05211    0.01921   23.62221   23.19879    0.05554    0.03065    5.91469   -2.99291    0.58439   -6.40302    2.00000
 179.98309    0.03216   21.99822   21.75524    0.03632    0.02005   21.14758   -1.99026    2.49064   -0.42342    2.00000
 179.95934   -0.03828   23.82947   23.37042    0.05584    0.03082    5.05059    0.43211    0.81809    5.34460    2.00000
 179.88168   -0.02437   21.67421   21.44906    0.12079    0.06667   27.06457    1.51660    3.05819    4.50222    2.00000
 179.85831   -0.01519   23.76041   23.31342    0.14251    0.07865    5.33757    0.60271   -3.46723   -5.32255    2.00000
 179.89378   -0.00997   23.21566   22.85388    0.10669    0.05888    8.05208    2.10382    2.22396    9.50065    2.00000
 179.97182   -0.02302   20.87520   20.51491    0.03639    0.02008   57.05637   -0.87187    0.19474   -0.42595    2.00000
 179.89178    0.09274   19.84997   19.35222    0.14252    0.07866  130.60188   -1.00083    3.05806    1.82598    2.00000
 179.98141   -0.06814   23.47746   23.07693    0.07063    0.03898    6.52819    1.63376    1.87060    2.72473    2.00000
 180.00008   -0.03535   22.15862   21.90460    0.03535    0.01951   18.46909    0.34974   -1.59669   -2.73442    2.00000
 180.02786   -0.01191   21.68479   21.45926    0.03031    0.01673   26.79611    1.47521   -0.48872    1.11205    2.00000
 180.02998    0.06014   23.74300   23.29903    0.06721    0.03709    5.41002    6.89337   -2.39449    8.35134    2.00000
 180.02731   -0.04227   21.64775   21.42354    0.05033    0.02778   27.73573    3.84237    0.79365    5.31099    2.00000
 180.10545    0.10887   21.89430   21.65828    0.15156    0.08365   22.88624    0.65397    1.20122    2.02665    2.00000
 180.00681    0.02099   23.21322   22.85176    0.02207    0.01218    8.06855    1.19120    3.27817    5.57085    2.00000
 179.97746   -0.04432   22.59062   22.30021    0.04972    0.02744   13.18359    0.52914   -1.27190   -0.34480    2.00000
 180.06892   -0.09833   22.91587   22.59121    0.12008    0.06628   10.09518   -1.04805    0.22752    0.12704    2.00000
 179.37321    0.00841   23.36082   22.97817    0.62685    0.34599    7.08531   -3.75978    1.12150   -0.25675    2.00000
 179.97720    0.12139   22.15972   21.90561    0.12351    0.06817   18.45113    3.75150   -1.49280    4.25650    2.00000
 180.09439    0.04210   23.65693   23.22774    0.10335    0.05704    5.76894    4.00833   -2.07541    6.77431    2.00000
 179.99744   -0.02197   23.51530   23.10895    0.02212    0.01221    6.36700   -3.84483   -1.71360   -9.61970    2.00000
 179.91869   -0.02740   22.35091   22.08138    0.08580    0.04736   15.78942   -1.10383   -0.48227   -3.28120    2.00000
 179.96596    0.03203   22.05577   21.80882    0.04674    0.02580   20.18674    1.92548   -0.55955    1.41291    2.00000
 179.99931    0.00749   23.45044   23.05406    0.00752    0.00415    6.64333    4.77608    6.15571    9.00813    2.00000
 180.04820   -0.03439   23.30095   22.92744    0.05920    0.03268    7.47988   -1.26872   -3.27834   -7.11825    2.00000
 179.94499    0.07091   22.52159   22.23773    0.08975    0.04953   13.92758    2.36939    0.38900    3.01904    2.00000
 180.00484   -0.06619   22.97271   22.64177    0.06637    0.03663    9.70190    5.00705   -0.64398    3.77229    2.00000
 180.00832    0.04428   21.59367   21.37154    0.04505    0.02486   29.10349    2.97924   -1.86769    1.68621    2.00000
 180.14658   -0.00657   23.19128   22.83271    0.14673    0.08098    8.21673   -8.94455   -2.81181  -13.18269    2.00000
 179.95367    0.03675   20.88631   20.53396    0.05914    0.03264   56.34240    0.32511   -3.78199   -3.38377    2.00000
 179.97131    0.16880   23.66441   23.23394    0.17122    0.09450    5.73773   -2.20832    0.52430   -2.86290    2.00000
 179.94115    0.07692   22.20501   21.94718    0.09685    0.05345   17.70559   -1.42549    1.08232    0.40648    2.00000
 179.97833    0.02502   22.99534   22.66161    0.03310    0.01827    9.54754    1.23226    0.79318    6.37908    2.00000
 180.01064    0.07301   21.16095   20.91792    0.07378    0.04072   41.95295    1.78798    0.17597    1.80555    2.00000
 179.99818   -0.00748   23.74300   23.29903    0.00770    0.00425    5.41002    3.76645    2.00108    5.28658    2.00000
 180.00153    0.01671   23.73551   23.29283    0.01678    0.00926    5.44123   -7.44986    1.62417  -18.92170    2.00000
 180.05797    0.01992   23.66254   23.23239    0.06130    0.03383    5.74554   -1.40033    0.41375   -8.91559    2.00000
 179.99519   -0.08348   23.47746   23.07693    0.08362    0.04615    6.52819   -6.59368    2.37497   -3.86721    2.00000
 179.94540    0.04771   23.77470   23.32521    0.07250    0.04001    5.27820    2.12226   -2.98950   -3.17080    2.00000
 179.97406   -0.16692   23.59008   23.17195    0.16893    0.09323    6.04981    2.08562    1.06574    7.49026    2.00000
 179.90504    0.05376   23.42611   23.03348    0.10911    0.06022    6.74695   -1.17203   -1.02160    1.28252    2.00000
 180.03217    0.00036   22.14108   21.88858    0.03218    0.01776   18.75650    1.56050    0.81988    0.50799    2.00000
 179.89415    0.01587   23.24492   22.87928    0.10703    0.05907    7.85450   -1.19295    0.06868    0.50570    2.00000
 179.91991   -0.07245   23.66628   23.23548    0.10800    0.05961    5.72993    1.36689    0.20442    0.22665    2.00000
 179.98692    0.01165   22.87674   22.55634    0.01752    0.00967   10.36640    0.87950    1.47067    2.16660    2.00000
 180.05453    0.09587   22.33171   22.06369    0.11029    0.06087   16.00007    2.46923   -0.41025    2.63711    2.00000
 179.96559    0.03757   23.26198   22.89410    0.05095    0.02812    7.73925   -1.72925   -2.34690   -7.34627    2.00000
 180.05865    0.04497   23.55584   23.14325    0.07390    0.04079    6.19430    7.62224   -1.18481    7.73616    2.00000
 179.98949   -0.05645   22.15533   21.90160    0.05742    0.03169   18.52298   -0.09527    2.74476    1.97179    2.00000
 179.99091    0.02669   23.16690   22.81154    0.02819    0.01556    8.38138   -2.62902    1.02811   -0.09471    2.00000
 180.03964   -0.00694   23.16446   22.80942    0.04024    0.02221    8.39784   -3.91100    2.48007    3.50142    2.00000
 179.95107   -0.08003   23.30367   22.92975    0.09380    0.05177    7.46195   -2.63730   -0.29970   -4.68513    2.00000
 179.96422    0.02962   22.72739   22.42295    0.04645    0.02563   11.72206   -3.31239   -0.45324   -3.22107    2.00000
 180.01006    0.04102   23.07301   22.72958    0.04223    0.02331    9.01885    0.87858    1.91275    3.43967    2.00000
 179.98232   -0.07319   23.28462   22.91361    0.07530    0.04156    7.58749    4.83075   -0.38890    5.33891    2.00000
 180.04745    0.12126   23.05381   22.71280    0.13022    0.07187    9.14940    7.92288    0.59646    7.41474    2.00000
 179.96239   -0.02528   23.73177   23.28973    0.04533    0.02502    5.45684   -6.10654   -3.91886  -14.35296    2.00000
 179.95770    0.14349   21.69802   21.47202    0.14960    0.08257   26.46053    0.59403    3.26725    4.30370    2.00000
 179.95374    0.00921   22.75483   22.44748    0.04718    0.02604   11.42994    0.03950    2.54689    4.61612    2.00000
 180.07585   -0.09717   22.05851   21.81137    0.12327    0.06803   20.14099    3.14496   -0.77254    3.61229    2.00000
 179.85881    0.01985   22.54972   22.26336    0.14258    0.07869   13.62241   -6.47889    2.96870   -6.68263    2.00000
 179.99844    0.02487   22.33891   22.07032    0.02492    0.01376   15.92108    0.16807    3.03108    5.06350    2.00000
 180.01610   -0.04487   23.11381   22.76525    0.04768    0.02631    8.74145    3.82481   -0.54510    5.99044    2.00000
 179.98326   -0.05139   23.50449   23.09980    0.05404    0.02983    6.41306   -0.76252    1.85104    1.62568    2.00000
 180.07544   -0.04662   21.26684   21.03714    0.08868    0.04894   37.89975   -3.19259   -0.69037   -4.19574    2.00000
 180.07204   -0.09426   23.05141   22.71070    0.11864    0.06548    9.16571    4.84060    1.70573    4.53480    2.00000
 180.10242   -0.11707   23.55314   23.14096    0.15555    0.08585    6.20581   -0.60641    1.04077    0.72910    2.00000
 179.92738   -0.10840   23.00827   22.67295    0.13047    0.07201    9.45934   -2.07219   -0.07384   -3.08002    2.00000
 180.03090    0.02125   23.11141   22.76315    0.03750    0.02070    8.75777   -0.28244    1.03668   -1.74647    2.00000
 179.85883    0.02187   23.32272   22.94589    0.14286    0.07885    7.33640   -4.75584   -1.22622   -8.10550    2.00000
 180.00041    0.03319   21.85075   21.61746    0.03319    0.01832   23.61830    1.75184   -4.50355   -2.56360    2.00000
 179.99252   -0.04723   23.71680   23.27733    0.04782    0.02639    5.51926   -2.11828   -0.22364   -0.56860    2.00000
 180.04677    0.02252   23.08741   22.74217    0.05191    0.02865    8.92095    0.71494    1.43958   -0.91420    2.00000
 179.97803   -0.01416   23.72428   23.28353    0.02615    0.01443    5.48805   -3.27623   -1.03282   -3.68223    2.00000
 180.25502    0.09775   23.43152   23.03805    0.27312    0.15074    6.72392   -2.14124   -0.05563    0.25942    2.00000
 179.92224   -0.05176   22.43254   22.15657    0.09341    0.05156   14.89402   -4.59844   -0.17117   -4.21689    2.00000
 180.15074    0.11019   23.20835   22.84753    0.18672    0.10306    8.10148   -6.31047    4.74909   -2.02823    2.00000
 180.01349   -0.28958   23.72241   23.28198    0.28990    0.16000    5.49585   -1.44830    0.95087   -0.93154    2.00000
 180.05656   -0.00707   19.43700   18.92061    0.05701    0.03147  170.42415    1.30537    0.91859    2.20164    2.00000
 180.08289   -0.01766   21.79904   21.56898    0.08475    0.04677   24.48763    2.08276    0.20456    3.24752    2.00000
 179.90172    0.28452   20.80894   20.40805    0.30102    0.16614   62.35385   -1.01757    2.01045    1.18727    2.00000
 179.87009    0.13638   23.12822   22.77783    0.18836    0.10396    8.64354   -4.14905    0.59806   -5.96136    2.00000
 179.97717   -0.08923   22.39652   22.12339    0.09210    0.05083   15.28912    0.55659   -1.46959   -1.19260    2.00000
 179.96701    0.03922   21.74830   21.52050    0.05125    0.02829   25.35696   -3.82782    4.01043   -0.15771    2.00000
 180.02895    0.03589   23.45854   23.06092    0.04610    0.02545    6.60879    1.21726    0.23095    1.82208    2.00000
 180.03534    0.01519   23.60936   23.18805    0.03847    0.02123    5.96874   -0.16845    1.90309   -3.31716    2.00000
 179.98557    0.04816   17.36169   16.67527    0.05028    0.02775  562.29041    0.84410    0.66823    1.51958    2.00000
 180.07146    0.02460   21.56836   21.34722    0.07558    0.04171   29.74333    7.26618   -0.38182    7.15957    2.00000
 180.16808    0.05606   22.74236   22.43633    0.17718    0.09779   11.56272   -1.89354   -0.45477   -1.15518    2.00000
 180.01138   -0.01638   23.45314   23.05635    0.01995    0.01101    6.63182    1.70791   -0.02651    6.24366    2.00000
 180.04176   -0.00680   21.58199   21.36032    0.04231    0.02335   29.39880   -5.42050   -0.83255   -6.36718    2.00000
 180.14420   -0.11246   22.22044   21.96136    0.18286    0.10093   17.45140   -2.40454    2.29000    1.13877    2.00000
 180.00870   -0.00636   23.81756   23.36059    0.01077    0.00594    5.10007    0.17118    2.31909    4.88838    2.00000
 179.78340   -0.11694   19.22452   18.69613    0.24615    0.13586  195.25020    0.34508    1.05096    1.32407    2.00000
 179.93671    0.08028   21.69802   21.47202    0.10224    0.05643   26.46053    1.42455    1.67828    3.70627    2.00000
 180.01855    0.07385   23.07061   22.72749    0.07615    0.04203    9.03517    0.16027   -0.31788    0.82866    2.00000
 180.03323   -0.05108   23.13302   22.78203    0.06094    0.03364    8.61091    5.78459   -0.22232    5.92342    2.00000
 179.90166    0.05767   22.76481   22.45640    0.11401    0.06292   11.32371    6.68173    3.16716   11.79043    2.00000
 179.78519   -0.04733   22.25642   21.99443    0.21996    0.12140   16.85829   -1.03313    1.78869    1.21893    2.00000
 179.74928   -0.24778   21.36939   21.14573    0.35249    0.19455   35.04343   -6.73095    1.12784   -6.38845    2.00000
 179.67314   -0.08365   22.85588   22.53774    0.33740    0.18622   10.51106   -3.89763    0.07708   -4.73794    2.00000
 179.91263    0.00380   22.19987   21.94246    0.08745    0.04827   17.79032    3.06699    2.52107    5.11453    2.00000
 180.16901   -0.12993   22.98241   22.65027    0.21318    0.11766    9.63575    1.76874    0.75698    5.99657    2.00000
 179.99361    0.04698   23.53422   23.12495    0.04741    0.02617    6.28641    3.60733    1.16717   -0.39134    2.00000
 180.01181    0.03050   22.18445   21.92828    0.03271    0.01805   18.04451   -4.24540   -1.56506   -5.16427    2.00000
 179.95222    0.00942   22.06399   21.81647    0.04869    0.02687   20.04948   -5.83112   -0.11410   -5.28198    2.00000
 180.04181   -0.09609   23.32000   22.94358    0.10479    0.05783    7.35434    3.22178    0.30742    2.49013    2.00000
 180.05582   -0.10218   23.61257   23.19074    0.11643    0.06426    5.95523   -0.03611   -3.04801   -2.68603    2.00000
 179.98309   -0.01863   23.03941   22.70021    0.02516    0.01389    9.24730   -1.22877    3.03962   -0.32833    2.00000
 180.03490    0.02730   22.49347   22.21210    0.04430    0.02445   14.23276   -3.41602    1.21639   -1.50409    2.00000
 180.12656   -0.04536   23.26686   22.89833    0.13444    0.07420    7.70632   -4.44396   -2.13575  -10.01018    2.00000
 179.98070   -0.05456   22.53565   22.25055    0.05787    0.03194   13.77500   -2.84959    1.75924   -1.76078    2.00000
 180.01698   -0.03250   23.49638   23.09294    0.03667    0.02024    6.44760    2.03965    0.21729    2.40378    2.00000
 179.98546   -0.00032   22.29755   22.03223    0.01455    0.00803   16.37463   -4.07494    3.00461   -0.19847    2.00000
 179.94432    0.04367   22.60106   22.30959    0.07076    0.03905   13.07197   -2.24280    0.38181   -0.97999    2.00000
 180.01210    0.06266   23.64631   23.21892    0.06382    0.03522    5.81335    5.24483    1.59051   14.37734    2.00000
 179.96680   -0.08156   22.50519   22.22278    0.08806    0.04860   14.10560    1.92899    0.51250    4.99683    2.00000
 179.94389    0.07600   22.54268   22.25695    0.09446    0.05214   13.69870   -0.16832   -1.04997   -1.65906    2.00000
 180.06470    0.02717   23.63506   23.20952    0.07016    0.03872    5.86065   -3.07089    0.36183   -8.12378    2.00000
 179.99802   -0.02338   23.46935   23.07007    0.02346    0.01295    6.56273    0.64157   -1.37093    3.49326    2.00000
 179.90219    0.21644   21.90246   21.66593    0.23752    0.13109   22.74897   -7.53970    0.40459   -7.38287    2.00000
 180.09706   -0.01476   23.07301   22.72958    0.09818    0.05419    9.01885   -0.62821    0.21454   -1.75027    2.00000
 180.00005   -0.00563   21.71654   21.48988    0.00563    0.00311   25.99072    4.88485   -4.15367    0.90526    2.00000
 179.96770   -0.13657   22.67669   22.37755    0.14034    0.07746   12.26267    2.30343   -1.17977    2.39799    2.00000
 180.02686    0.08134   22.93673   22.60980    0.08566    0.04728    9.95052    1.93324    0.12927    0.05361    2.00000
 180.55627   -0.08547   22.78227   22.47202    0.56280    0.31063   11.13782   -3.77111   -3.23610   -9.47458    2.00000
 179.99492    0.01040   21.58977   21.36780    0.01158    0.00639   29.20193    2.33664    2.70403    5.49002    2.00000
 179.87999    0.03224   23.58847   23.17061    0.12427    0.06859    6.05657    1.18411    0.46765    4.78573    2.00000
 179.99750   -0.09429   21.97355   21.73227    0.09432    0.05206   21.55937    8.79121   -4.05751    6.08479    2.00000
 179.98820    0.00887   23.73177   23.28973    0.01476    0.00815    5.45684   -3.87828    0.26622   -1.16468    2.00000
 180.01947    0.01976   23.29006   22.91822    0.02774    0.01531    7.55162    0.87669   -4.95390   -8.90536    2.00000
 179.91583    0.01439   20.81820   20.42260    0.08540    0.04713   61.60387   -2.14189    2.81179    0.96738    2.00000
 180.05872    0.05463   23.59008   23.17195    0.08020    0.04426    6.04981   -4.41300   -0.33389   -5.24102    2.00000
 180.00490   -0.04218   22.45128   22.17366    0.04246    0.02344   14.69052   -0.46899   -0.91288   -1.34741    2.00000
 179.91695   -0.03492   22.77229   22.46309    0.09010    0.04973   11.24404   -1.84037   -0.02859   -1.03880    2.00000
 180.02930   -0.04266   22.36532   22.09464    0.05175    0.02856   15.63143    2.77634   -0.88986    0.69551    2.00000
 180.00488   -0.06402   21.40069   21.17771    0.06420    0.03543   34.20225   -1.81900   -1.07680   -1.83977    2.00000
 180.01978   -0.05040   23.19859   22.83906    0.05414    0.02988    8.16734    0.76970   -2.22971   -1.76636    2.00000
 179.98988   -0.10801   22.76730   22.45863    0.10848    0.05987   11.29716   -7.35143    0.70293   -9.14626    2.00000
 180.04842   -0.07184   21.99274   21.75013    0.08663    0.04781   21.23909   -0.99325   -0.10650   -0.36051    2.00000
 179.93745   -0.16233   23.74674   23.30213    0.17396    0.09601    5.39442   -0.37918   -1.67527   -4.32520    2.00000
 180.04037   -0.06466   21.33156   21.10609    0.07623    0.04207   36.08614   -4.59057    3.44803   -1.01098    2.00000
 179.75195    0.04291   22.81969   22.50547    0.25173    0.13894   10.76205  -10.02959   -1.19867  -11.24911    2.00000
 180.05592   -0.03759   22.45831   22.18007    0.06739    0.03719   14.61423   -1.72168    5.45655   -0.46036    2.00000
 179.90521   -0.03595   21.46851   21.24699    0.10138    0.05595   32.37969    2.87401    2.27120    5.15119    2.00000
 179.96442   -0.01688   23.16202   22.80731    0.03939    0.02174    8.41431    1.92189   -4.24338   -2.61060    2.00000
 179.89789   -0.09291   23.32272   22.94589    0.13806    0.07620    7.33640   -5.09195    0.69449   -5.50162    2.00000
 180.01395    0.00921   22.10311   21.85355    0.01672    0.00923   19.38466    3.34817   -2.26154    0.35402    2.00000
 180.02133    0.02276   23.36354   22.98047    0.03119    0.01721    7.06738   -2.01742    3.63575   -1.27837    2.00000
 180.02986    0.07079   21.99548   21.75269    0.07683    0.04241   21.19333   -0.27739   -4.09784   -4.24511    2.00000
 179.96576    0.00887   20.93169   20.60897    0.03537    0.01952   53.53132   -6.52677   -0.55010   -7.65511    2.00000
 180.07195   -0.02229   23.10421   22.75686    0.07532    0.04157    8.80672    1.91639   -0.83579    1.71241    2.00000
 180.24670   -0.02385   23.81756   23.36059    0.24785    0.13680    5.10007    5.60075    1.69834    5.02800    2.00000
 179.98611    0.00992   21.76417   21.53581    0.01707    0.00942   25.08243    2.98772   -3.31307   -0.87516    2.00000
 179.96301    0.05691   22.96281   22.63305    0.06787    0.03746    9.76970    1.22392   -2.48156   -0.62538    2.00000
 180.07208   -0.08448   23.20103   22.84118    0.11105    0.06129    8.15087   -0.52324   -1.25846   -6.68120    2.00000
 180.03653   -0.02506   23.40981   23.01967    0.04430    0.02445    6.81646    2.10493   -0.82295    6.28443    2.00000
 179.98508   -0.07785   22.25899   21.99679    0.07927    0.04375   16.81592    0.18133   -2.58193   -2.16982    2.00000
 179.82558   -0.00410   23.41253   23.02198    0.17448    0.09630    6.80485    0.96080   -3.25837   -1.41753    2.00000
 179.99208   -0.06853   23.67564   23.24323    0.06898    0.03807    5.69092   -5.22176   -3.15893  -12.88506    2.00000
 179.97153    0.01107   22.77728   22.46756    0.03055    0.01686   11.19093    0.91223   -1.40916    2.47023    2.00000
 180.47403   -0.15569   20.95953   20.65368    0.49894    0.27538   51.85571   -0.68863    1.50433    0.40866    2.00000
 179.89194    0.00093   22.89761   22.57493    0.10807    0.05965   10.22175    2.22447    2.07478    3.71025    2.00000
 180.05521   -0.12767   21.99000   21.74758    0.13910    0.07677   21.28484    1.48317    1.04937    1.65468    2.00000
 180.03661   -0.02587   22.56193   22.27443    0.04482    0.02474   13.49057   -2.48419   -2.16872   -2.67267    2.00000
 180.04617    0.01365   21.86164   21.62766    0.04816    0.02658   23.43528   -2.76672    1.65462   -0.71231    2.00000
 180.02057    0.03614   22.01466   21.77055    0.04159    0.02295   20.87306   -0.56597    0.91535    0.30172    2.00000
 180.00414   -0.02438   18.03428   17.77526    0.02473    0.01365  324.14307   -1.73932   -1.98607   -3.71948    2.00000
 179.95879    0.02269   21.52042   21.30002    0.04705    0.02597   30.98481   -0.39630    3.99459    3.38678    2.00000
 180.01305    0.06851   23.54503   23.13410    0.06974    0.03849    6.24035    2.96339    1.12033    4.69949    2.00000
 179.89267    0.04533   23.54233   23.13182    0.11651    0.06430    6.25187   -5.86196   -0.32644   -5.09748    2.00000
 179.95113   -0.12878   22.15314   21.89960    0.13774    0.07602   18.55891    0.52189    0.78244    2.44678    2.00000
 179.92979   -0.00557   23.12822   22.77783    0.07042    0.03886    8.64354   -1.31893   -1.32631   -2.45802    2.00000
 180.09984    0.15639   21.59172   21.36967    0.18554    0.10240   29.15271    2.24195    4.16190    6.64161    2.00000
 180.00439   -0.01277   21.15146   20.90670    0.01351    0.00746   42.37315   -5.30247    1.33804   -4.38211    2.00000
 179.98140    0.06164   23.19128   22.83271    0.06438    0.03553    8.21673   -0.81199    3.19630    2.90832    2.00000
 180.11069    0.23035   23.02277   22.68567    0.25556    0.14105    9.36039   -4.34030    0.37979   -2.45647    2.00000
 179.93504   -0.04407   22.54034   22.25482    0.07850    0.04332   13.72413    0.68304    2.51121    1.11560    2.00000
 180.12885    0.28434   23.64470   23.21757    0.31217    0.17229    5.82011   -1.44699   -0.65045   -4.28851    2.00000
 179.92999   -0.04756   22.52862   22.24414    0.08463    0.04671   13.85129   -1.58909   -3.68508   -5.19282    2.00000
 180.02420    0.01432   21.78816   21.55877    0.02812    0.01552   24.67064    2.45929   -1.36351    1.85939    2.00000
 179.99883    0.01302   22.23329   21.97317    0.01308    0.00722   17.23957   -2.44337   -0.76597   -3.14269    2.00000
 180.01099   -0.03622   23.69809   23.26183    0.03785    0.02089    5.59729    1.57342    0.84648   11.47573    2.00000
 180.09248    0.17012   23.30095   22.92744    0.19363    0.10687    7.47988   -3.17705   -0.49247   -3.81249    2.00000
 180.00644   -0.06980   21.67685   21.45161    0.07010    0.03869   26.99746    0.03751   -1.28987   -2.18770    2.00000
 179.98517   -0.08466   21.66098   21.43630    0.08595    0.04744   27.40015    1.02676   -0.60465    1.15300    2.00000
 179.98199   -0.05767   22.82468   22.50993    0.06041    0.03334   10.72736    0.00907   -3.84087   -2.54601    2.00000
 180.02083    0.00507   23.43692   23.04263    0.02143    0.01183    6.70090    2.36966    0.79574    7.63289    2.00000
 179.94272   -0.04772   22.73487   22.42964    0.07455    0.04115   11.64239   -2.14562   -0.49620    1.05123    2.00000
 180.05074   -0.03852   22.85327   22.53541    0.06369    0.03515   10.52914   -1.75891   -0.08981   -3.76938    2.00000
 180.00067    0.03670   23.35266   22.97125    0.03670    0.02026    7.13912    3.33226   -2.03100    1.55350    2.00000
 180.23590    0.08684   21.71654   21.48988    0.25138    0.13874   25.99072   -0.93177   -0.55012   -0.63384    2.00000
 180.00391    0.11709   22.40852   22.13445    0.11715    0.06466   15.15746    6.43128   -1.78453    5.00504    2.00000
 180.02097    0.00036   23.72241   23.28198    0.02097    0.01157    5.49585    1.92332   -0.51644    1.31144    2.00000
 180.05150    0.08082   23.31183   22.93666    0.09583    0.05289    7.40814   -1.66625   -2.88057   -4.48639    2.00000
 180.00005   -0.01105   21.72977   21.50264    0.01105    0.00610   25.67723   -3.70440   -0.44933   -4.35297    2.00000
 179.99596   -0.05197   23.14262   22.79042    0.05213    0.02877    8.54564    2.77924    0.07607    1.22025    2.00000
 179.99263   -0.15057   22.55440   22.26763    0.15075    0.08320   13.57155    0.52005   -3.75029   -5.24698    2.00000
 179.99086    0.05382   23.08981   22.74427    0.05459    0.03013    8.90463   -1.75686    1.60459    0.16381    2.00000
 179.95555   -0.00342   21.51242   21.29186    0.04458    0.02461   31.19958   -1.79700    3.17271    1.18588    2.00000
 180.00726   -0.03397   22.80473   22.49209    0.03474    0.01917   10.89881   -0.35282   -1.00663   -0.14777    2.00000
 179.93925    0.04080   22.41572   22.14108    0.07317    0.04038   15.07847    1.22218   -0.99896   -1.00981    2.00000
 180.03317   -0.09305   21.32751   21.10178    0.09879    0.05452   36.19949    1.62977    0.08181    1.58890    2.00000
 179.99220    0.00299   22.55682   22.26984    0.00836    0.00461   13.54530    1.77279   -0.55593    3.68912    2.00000
 180.09204   -0.06120   22.22815   21.96844    0.11053    0.06101   17.32430    3.57554   -1.43571    3.17545    2.00000
 180.05576   -0.00755   23.15471   22.80096    0.05626    0.03105    8.46370   -1.19278   -0.98895   -2.67174    2.00000
 180.02020   -0.02450   23.26930   22.90045    0.03176    0.01753    7.68986    4.31033    0.61771    3.44565    2.00000
 180.10271   -0.03268   23.32544   22.94819    0.10777    0.05948    7.31847    1.00354    1.38050    3.87364    2.00000
 180.01881    0.01216   21.40069   21.17771    0.02240    0.01236   34.20225    3.91531    0.97342    4.70586    2.00000
 179.98563    0.04054   22.15533   21.90160    0.04301    0.02374   18.52298   -3.83866   -1.05930   -7.85287    2.00000
 179.98201   -0.00909   21.89702   21.66083    0.02015    0.01112   22.84048    0.20588   -0.49118   -1.05030    2.00000
 179.90997   -0.27482   22.88196   22.56098    0.28919    0.15961   10.33024   -0.97527    4.81516    3.27408    2.00000
 180.11337    0.01145   23.49368   23.09065    0.11396    0.06290    6.45911    6.61928   -2.52329    8.88651    2.00000
 179.98643   -0.00960   22.40612   22.13224    0.01661    0.00917   15.18380    1.60333    1.49069    2.88781    2.00000
 180.11841    0.01777   22.86631   22.54704    0.11974    0.06609   10.43873    1.78222    2.29732    4.21060    2.00000
 179.92760   -0.00036   23.02980   22.69182    0.07241    0.03996    9.31257   -2.97517    4.03359    3.48199    2.00000
 180.01201   -0.00236   22.34131   22.07253    0.01224    0.00676   15.89474    2.14867   -0.59671    0.64041    2.00000
 179.94548    0.01141   21.51065   21.29004    0.05570    0.03074   31.24731   -2.42831   -3.38000   -5.28608    2.00000
 180.03285    0.08984   21.94341   21.70421    0.09566    0.05279   22.06266   -4.03596    1.10265   -2.61349    2.00000
 180.00488    0.03812   23.14742   22.79462    0.03843    0.02121    8.51300    1.92513   -1.79135   -2.95907    2.00000
 180.00266   -0.03127   23.25467   22.88774    0.03138    0.01732    7.78864   -3.83198    2.79452    1.87787    2.00000
 179.99445    0.05374   22.69496   22.39396    0.05403    0.02982   12.06724    3.19063   -0.18637    1.67731    2.00000
 179.87613   -0.03335   23.44233   23.04720    0.12828    0.07080    6.67787   -4.40970   -3.72272   -7.69388    2.00000
 180.00549    0.02387   23.73738   23.29438    0.02449    0.01352    5.43343   -3.05608    3.61367   -1.22138    2.00000
 178.97549   -0.21240   21.72977   21.50264    1.04628    0.57753   25.67723   -3.59854    0.33827   -4.19991    2.00000
 179.92252    0.01902   22.70743   22.40511    0.07979    0.04404   11.93451   -5.71755    1.39787   -4.67141    2.00000
 180.29128   -0.60920   23.25955   22.89198    0.67525    0.37270    7.75571    1.65007   -2.77518   -0.02668    2.00000
 179.92067    0.18188   23.61096   23.18939    0.19843    0.10952    5.96198    0.70139   -2.23328   -0.73287    2.00000
 179.94576    0.05920   19.38818   18.86941    0.08030    0.04432  176.08646    7.62359   -0.63665    7.02987    2.00000
 179.84081   -0.00812   22.26927   22.00624    0.15940    0.08798   16.68408   -1.05806    0.94978    1.39181    2.00000
 180.00197   -0.00318   20.91768   20.58612    0.00374    0.00207   54.38766   -0.20175   -0.17701   -0.42300    2.00000
 179.98476    0.02579   21.36939   21.14573    0.02996    0.01653   35.04343   -3.72919    1.28126   -1.79521    2.00000
 179.91522    0.00649   23.49638   23.09294    0.08503    0.04693    6.44760    3.67123   -0.20737   -1.11735    2.00000
 179.97389    0.10473   21.49157   21.27056    0.10793    0.05957   31.75970   -3.99752    1.50698   -3.24561    2.00000
 180.05322    0.01400   23.19616   22.83694    0.05503    0.03037    8.18380   -0.58291    1.21565   -2.51306    2.00000
 180.07645    0.11515   23.66067   23.23084    0.13822    0.07629    5.75334   -6.79980    0.43504   -8.43166    2.00000
 179.93901    0.00065   21.31740   21.09101    0.06099    0.03366   36.48287    3.88945   -0.08063    3.01371    2.00000
 179.99101   -0.01033   21.89158   21.65573    0.01370    0.00756   22.93199    3.24078   -1.27483    1.47256    2.00000
 180.13152    0.06855   23.67002   23.23858    0.14832    0.08186    5.71433    5.04353    0.45080    3.18994    2.00000
 180.00188   -0.05756   23.11141   22.76315    0.05759    0.03179    8.75777   -4.06452    4.78376   -0.15459    2.00000
 180.04179   -0.01640   16.39918   15.54934    0.04490    0.02478  957.66345   -2.70058    1.09841   -1.60601    2.00000
 179.95699    0.04736   22.58280   22.29318    0.06397    0.03531   13.26732   -2.52825   -0.71141   -2.39236    2.00000
 180.01073    0.01060   21.55473   21.33412    0.01508    0.00832   30.08785    2.09796    0.49784    3.56068    2.00000
 180.08728    0.05479   21.98177   21.73993    0.10305    0.05688   21.42210   -0.72316    1.93694    1.22281    2.00000
 179.95026    0.01333   22.22815   21.96844    0.05151    0.02843   17.32430   -2.21131    0.01065   -1.43372    2.00000
 179.84978   -0.13600   23.37987   22.99431    0.20264    0.11184    6.95977   -0.59585   -3.03918   -3.35568    2.00000
 179.98613    0.11109   22.88978   22.56796    0.11195    0.06179   10.27600    8.19980    0.61589    9.10226    2.00000
 179.76257   -0.26693   22.31491   22.04821    0.35725    0.19717   16.18439    3.10731    1.55643    4.13138    2.00000
 179.57812    0.23327   22.58802   22.29787    0.48207    0.26607   13.21150   -4.65437    0.93563   -4.80904    2.00000
 179.89507   -0.00796   23.48017   23.07922    0.10523    0.05808    6.51668   -2.66523    4.40407   -1.51151    2.00000
 179.97714    0.03629   21.22786   20.99527    0.04289    0.02367   39.05404   -1.41507   -0.41636   -2.19442    2.00000
 179.97066   -0.03771   22.77728   22.46756    0.04778    0.02637   11.19093    0.82536   -1.10497    0.39182    2.00000
 179.99994   -0.01190   21.59561   21.37342    0.01190    0.00657   29.05427   -0.08044   -2.18998   -2.86078    2.00000
 180.01105    0.00075   21.27291   21.04361    0.01107    0.00611   37.72973    2.39501   -0.74665    1.42368    2.00000
 180.02513   -0.02614   23.83900   23.37828    0.03626    0.02001    5.01101    1.92616   -1.25696   -6.37260    2.00000
 180.01540   -0.01618   23.72428   23.28353    0.02233    0.01233    5.48805    2.27215   -2.10686   -4.37453    2.00000
 180.06976   -0.04098   23.14984   22.79673    0.08091    0.04465    8.49659    0.63605    0.54082    4.03824    2.00000
 180.03383    0.03434   22.94977   22.62143    0.04821    0.02661    9.86011    4.23382    0.21990    4.03596    2.00000
 179.98122    0.01790   23.73551   23.29283    0.02595    0.01432    5.44123    1.02784    2.77346   10.15078    2.00000
 180.01801    0.00684   21.70331   21.47712    0.01927    0.01063   26.32630    6.71044   -1.35884    4.44818    2.00000
 180.44193   -0.15567   17.98905   17.70437    0.46854    0.25860  336.23270   -2.26759    0.83144   -1.45296    2.00000
 180.01747    0.01621   22.86370   22.54471    0.02383    0.01315   10.45681    2.06685   -1.77700    1.15783    2.00000
 179.97346    0.10509   22.05029   21.80372    0.10839    0.05982   20.27825   -1.72506    0.36068   -1.70213    2.00000
 180.47038    0.54746   22.88978   22.56796    0.72178    0.39838   10.27600   -1.81941    1.57017    1.21028    2.00000
 179.96251    0.01728   23.40981   23.01967    0.04128    0.02279    6.81646   -0.02439    0.91287    2.37166    2.00000
 179.95911   -0.02108   17.96490   17.99640    0.04601    0.02540  286.42700   -2.18343    3.67260    1.52763    2.00000
 179.89706   -0.03282   23.27418   22.90468    0.10805    0.05963    7.65693    2.51403    0.29121    6.20587    2.00000
 180.09000    0.10523   23.33905   22.95972    0.13846    0.07642    7.22879   -6.86933   -0.95469   -5.38534    2.00000
 179.99844   -0.01051   23.62542   23.20147    0.01063    0.00587    5.90118   -0.27220    1.19050  -11.30204    2.00000
 180.03523   -0.02088   23.22541   22.86234    0.04095    0.02260    7.98622    1.68700   -0.52362    1.77385    2.00000
 180.16515    0.12894   23.47746   23.07693    0.20952    0.11564    6.52819   -2.21583   -2.62201    1.20167    2.00000
 179.94379    0.05314   22.76730   22.45863    0.07735    0.04269   11.29716   -3.62310   -0.86694   -4.13757    2.00000
 180.14136    0.05038   20.99904   20.71185    0.15007    0.08282   49.67553   -4.09662    1.80721   -2.71261    2.00000
 180.02744    0.09206   21.21493   20.98063    0.09606    0.05302   39.60278    0.88449    2.59209    3.83192    2.00000
 180.55748    0.03692   21.55084   21.33038    0.55870    0.30837   30.18629    0.50093   -3.16070   -1.01054    2.00000
 180.14319    0.01953   21.98177   21.73993    0.14451    0.07976   21.42210    1.23015   -3.09555   -2.96269    2.00000
 180.03152    0.02435   21.36418   21.14040    0.03984    0.02199   35.18363    3.14349   -0.94673    1.86590    2.00000
 180.04877   -0.02784   23.07541   22.73168    0.05616    0.03100    9.00254    3.88449   -0.28694    2.37388    2.00000
 180.05605   -0.00804   22.39172   22.11897    0.05662    0.03125   15.34178    0.91900    0.97843    3.77908    2.00000
 179.99559    0.02515   21.86164   21.62766    0.02553    0.01409   23.43528   -2.13849   -0.64623   -3.19503    2.00000
 179.91434    0.09122   21.76682   21.53836    0.12514    0.06907   25.03668    0.73049    0.48199    1.13753    2.00000
 179.88817   -0.15328   22.98672   22.65405    0.18974    0.10472    9.60634   -0.81647   -2.45342   -5.21361    2.00000
 180.00606    0.01570   23.79137   23.33897    0.01683    0.00929    5.20893    0.98071   -1.19999    2.36016    2.00000
 180.05939   -0.05318   22.90543   22.58191    0.07971    0.04400   10.16750   -4.07802   -3.19378   -7.98036    2.00000
 180.02631    0.02185   21.82082   21.58939    0.03419    0.01887   24.12160   -2.09152   -0.70917   -2.58097    2.00000
 179.99048    0.07979   22.36292   22.09243    0.08036    0.04435   15.65776   -1.71135    2.13432    1.79243    2.00000
 180.02538   -0.04523   23.21078   22.84964    0.05186    0.02862    8.08501   -2.66621   -0.06156   -3.46856    2.00000
 179.94807    0.01959   21.59172   21.36967    0.05550    0.03063   29.15271    2.63024    1.04985    3.98476    2.00000
 180.00899    0.00571   22.65844   22.36115    0.01065    0.00588   12.45802   -3.57998    0.42868   -4.00545    2.00000
 180.00183    0.00322   22.79724   22.48540    0.00370    0.00204   10.97848   -3.59522    1.61449   -1.24521    2.00000
 179.99748   -0.06757   23.09461   22.74846    0.06761    0.03732    8.87199    0.90912    0.41941   -0.52530    2.00000
 179.99944   -0.10130   23.75803   23.31145    0.10130    0.05591    5.34747   -4.10826   -2.38657   -8.48050    2.00000
 180.04657    0.03115   21.20208   20.96570    0.05603    0.03093   40.16234    3.44990    0.38872    2.79514    2.00000
 179.98340    0.10861   19.42073   18.90355    0.10987    0.06064  172.31158    6.32156   -3.13617    3.17933    2.00000
 180.09004    0.02020   23.66067   23.23084    0.09228    0.05093    5.75334   -2.36594   -0.21033   -7.03108    2.00000
 179.96301    0.05584   22.27441   22.01097    0.06698    0.03697   16.62782    5.38750    0.87925    7.44218    2.00000
 180.03778   -0.00583   22.73487   22.42964    0.03823    0.02110   11.64239    1.87761    0.78819    2.86747    2.00000
 180.02097    0.13676   21.52486   21.30456    0.13836    0.07636   30.86549   -3.36900   -0.71255   -4.43846    2.00000
 179.84506   -0.00609   22.37972   22.10791    0.15506    0.08558   15.47344    3.08618   -3.23432    1.49172    2.00000
 179.98576    0.02677   21.75888   21.53070    0.03033    0.01674   25.17394   -6.43148    5.67931   -0.58799    2.00000
 180.03899    0.00615   22.08917   21.84028    0.03947    0.02178   19.62258   -3.55449   -0.15812   -4.42062    2.00000
 180.01897    0.13251   20.34864   19.87760    0.13386    0.07388   91.75287   -1.22475    0.23702   -0.92451    2.00000
 180.01888    0.03856   23.13302   22.78203    0.04293    0.02370    8.61091   -1.28500   -1.13951   -2.32543    2.00000
 179.97366   -0.05678   20.69492   20.26254    0.06259    0.03455   69.85257    1.24968   -0.21073    0.97099    2.00000
 179.99365    0.05017   23.72616   23.28508    0.05057    0.02791    5.48025   -6.31641    4.29840    4.86276    2.00000
