#RA        DEC       MAG_G     MAG_I     ANGSEP    RPROJ     SNR       VTRUE       VSYS       VMEAS      VSYSERR    
 180.09685   -0.05871   23.70557   23.26803    0.11325    0.06250    5.56608    1.24335    0.97923   -4.71000    2.00000
 180.00305   -0.04791   22.87413   22.55401    0.04801    0.02650   10.38449   -9.80065   -0.45309   -9.47728    2.00000
 180.01134   -0.00128   23.66628   23.23548    0.01141    0.00630    5.72993   -2.33238    1.04724   -1.61239    2.00000
 179.98654    0.05352   23.30095   22.92744    0.05518    0.03046    7.47988    1.42702    2.46593   -1.07221    2.00000
 179.99168    0.05960   23.42341   23.03119    0.06018    0.03322    6.75847    0.05291    2.88391    0.42225    2.00000
 179.98341   -0.00939   22.54737   22.26123    0.01906    0.01052   13.64784   -4.79759   -3.70519   -8.10208    2.00000
 179.97778   -0.01748   17.94350   17.97725    0.02827    0.01560  289.69244    2.04545   -0.99799    1.07386    2.00000
 180.05151   -0.01027   20.90368   20.56327    0.05253    0.02899   55.24401    1.13197   -0.20461    0.77581    2.00000
 180.05064    0.52825   23.46395   23.06550    0.53067    0.29290    6.58576    0.13174    1.04181   -0.86206    2.00000
 179.99571   -0.02857   22.68713   22.38693    0.02889    0.01595   12.15104    2.05837    1.07492    4.28413    2.00000
 180.04890    0.01046   23.81518   23.35863    0.05001    0.02760    5.10997   -1.47547    0.46514    5.25883    2.00000
 179.98969    0.01222   21.85347   21.62001    0.01599    0.00883   23.57255    1.52000    2.53217    4.23944    2.00000
 179.96194   -0.02549   23.31455   22.93897    0.04581    0.02528    7.39021   -1.64409   -1.77205   -3.78000    2.00000
 180.07748    0.03375   22.71242   22.40957    0.08452    0.04665   11.88140   -1.66851   -0.17253   -5.69128    2.00000
 179.92352   -0.03418   23.32816   22.95050    0.08377    0.04624    7.30053    2.19417    2.06210    6.02127    2.00000
 180.11336   -0.08361   22.27441   22.01097    0.14086    0.07774   16.62782   -5.32044   -2.66025   -7.52101    2.00000
 180.06892    0.07309   21.52575   21.30547    0.10046    0.05545   30.84163    0.20508   -0.69298   -0.21966    2.00000
 180.00192   -0.06128   20.89583   20.55029    0.06131    0.03384   55.73042   -7.12526   -1.75932   -8.69342    2.00000
 180.20209   -0.00260   22.52159   22.23773    0.20209    0.11154   13.92758   -0.61567   -1.98338   -1.03592    2.00000
 179.97404   -0.04713   23.13542   22.78413    0.05380    0.02969    8.59459    3.88502   -1.00746    5.06228    2.00000
 180.02794   -0.01544   18.18792   17.91080    0.03192    0.01762  301.02591   -0.54344   -3.18153   -3.69035    2.00000
 180.02541    0.09360   23.56598   23.15182    0.09699    0.05353    6.15115   -0.83560    0.53738   -5.64436    2.00000
 179.97467   -0.04444   23.26686   22.89833    0.05115    0.02823    7.70632   -0.73402   -0.08433   -1.78639    2.00000
 180.04762    0.01386   22.78227   22.47202    0.04960    0.02738   11.13782   -0.73899   -1.51924   -2.28029    2.00000
 179.76628   -0.04531   21.90518   21.66849    0.23807    0.13140   22.70322    0.11506   -1.61676    0.16736    2.00000
 179.94377    0.08542   22.82979   22.51449    0.10226    0.05644   10.69188    4.81015    0.71704    2.46544    2.00000
 180.00620    0.00384   23.29006   22.91822    0.00729    0.00403    7.55162    5.66982    2.20629    7.23460    2.00000
 179.94846    0.00561   19.29430   18.77005    0.05185    0.02862  187.07558   -1.80777    1.72799    0.01826    2.00000
 180.11630   -0.02915   22.46066   22.18220    0.11989    0.06617   14.58880    1.69844   -3.66698   -1.96961    2.00000
 179.95889    0.00248   23.60775   23.18671    0.04118    0.02273    5.97550    1.68289    0.80263    1.26603    2.00000
 179.99074    0.01464   22.66365   22.36583    0.01733    0.00956   12.40220   -3.79407   -2.19762   -4.50210    2.00000
 179.98434    0.04604   23.23760   22.87293    0.04863    0.02684    7.90390    4.46923   -2.43549    2.15189    2.00000
 179.89890   -0.02479   23.56125   23.14782    0.10409    0.05745    6.17127   -0.72294   -1.22592   -6.57554    2.00000
 179.99625    0.07435   23.73177   23.28973    0.07445    0.04109    5.45684   -2.12871    0.18797    0.92212    2.00000
 179.81487   -0.09724   23.58205   23.16524    0.20912    0.11542    6.08359   -5.40296   -2.64551   -8.44554    2.00000
 179.92596    0.10562   23.21810   22.85599    0.12899    0.07119    8.03562   -0.40479   -2.54572   -1.56445    2.00000
 180.13863   -0.26142   22.33891   22.07032    0.29590    0.16331   15.92108   -2.68369    0.33450   -2.15838    2.00000
 180.00833   -0.05642   23.56389   23.15006    0.05704    0.03148    6.16001    0.92970   -1.75678   -2.04067    2.00000
 179.97185    0.01571   23.33088   22.95280    0.03224    0.01779    7.28260    0.75701    0.77676   -1.17986    2.00000
 179.90778   -0.09708   23.10421   22.75686    0.13390    0.07390    8.80672    2.70209   -0.17936    2.53030    2.00000
 179.90463    0.09668   23.27174   22.90256    0.13580    0.07495    7.67339    0.70794   -1.74301    3.34988    2.00000
 180.03700   -0.13345   22.94195   22.61445    0.13849    0.07643    9.91436    4.53275    1.79819    5.36943    2.00000
 179.90860    0.02988   21.83714   21.60470    0.09616    0.05307   23.84707    0.05673    0.73917    1.89445    2.00000
 179.97150    0.03992   22.54268   22.25695    0.04905    0.02707   13.69870    2.30222   -0.35323    0.63085    2.00000
 180.06122   -0.03182   21.24056   21.00903    0.06900    0.03808   38.63925    0.82928    0.63051    1.55975    2.00000
 179.97729   -0.01865   22.29241   22.02751    0.02937    0.01621   16.43089    0.97007    0.92086    1.87670    2.00000
 180.00656   -0.00349   23.30639   22.93205    0.00743    0.00410    7.44401    2.92732   -1.18637    0.47771    2.00000
 180.03796   -0.05378   22.97918   22.64744    0.06583    0.03633    9.65780   -0.75903    2.38133   -0.09374    2.00000
 179.96620   -0.05791   22.64540   22.34943    0.06706    0.03701   12.59755    1.60919    0.90041    3.89585    2.00000
 179.99251   -0.03110   21.11414   20.86134    0.03199    0.01765   44.07309   -1.45065   -2.70247   -3.97671    2.00000
 179.99031   -0.07552   22.93934   22.61213    0.07614    0.04202    9.93244    1.55225   -1.82939    2.25363    2.00000
 179.87952   -0.08987   22.92369   22.59818    0.15031    0.08296   10.04093   -4.44903    1.35060   -5.30790    2.00000
 179.95271   -0.09939   22.93151   22.60515    0.11006    0.06075    9.98668   -2.37435    4.37602    4.23643    2.00000
 180.06374    0.00462   20.98240   20.68736    0.06390    0.03527   50.59350   -2.27158   -0.34329   -3.10097    2.00000
 180.05063    0.00744   21.61119   21.38838    0.05118    0.02825   28.66053    2.01446   -2.19726   -0.23107    2.00000
 180.01250    0.00516   22.56715   22.27912    0.01352    0.00746   13.43476    0.49519   -1.07400    0.56515    2.00000
 180.03751   -0.07534   23.49638   23.09294    0.08416    0.04645    6.44760   -1.01121    3.55530    3.54579    2.00000
 179.95538    0.16277   23.55044   23.13868    0.16877    0.09315    6.21732    0.18286   -1.00810   -0.46415    2.00000
 179.98035    0.01821   21.97081   21.72972    0.02679    0.01478   21.60512    1.92482    2.93405    4.20776    2.00000
 180.08269    0.15661   23.45314   23.05635    0.17709    0.09774    6.63182   -1.97794    1.57849    1.22474    2.00000
 180.02094   -0.19482   22.17931   21.92356    0.19594    0.10814   18.12924    1.65282    1.55971    3.63421    2.00000
 180.00073    0.02447   20.63995   20.19680    0.02448    0.01351   73.24036    6.73330   -1.57402    5.10280    2.00000
 179.95805    0.12289   23.28734   22.91591    0.12985    0.07167    7.56956   -3.92283   -0.74689   -4.69034    2.00000
 180.00922    0.06122   23.56759   23.15316    0.06191    0.03417    6.14439    1.12861   -1.94488    5.11124    2.00000
 180.02904   -0.02190   22.70743   22.40511    0.03638    0.02008   11.93451    4.53156   -3.81906   -1.89879    2.00000
 179.99059   -0.01039   21.99000   21.74758    0.01401    0.00774   21.28484    2.14642   -1.10076    1.30365    2.00000
 180.04398    0.02260   23.69248   23.25718    0.04944    0.02729    5.62070   -4.19677    1.61480   -0.56040    2.00000
 179.91879   -0.12358   23.19859   22.83906    0.14787    0.08161    8.16734    4.69954   -4.22022    2.05851    2.00000
 179.97250    0.00276   23.14262   22.79042    0.02762    0.01525    8.54564   -0.12045    0.76153   -1.78984    2.00000
 180.01550    0.00030   21.70067   21.47457    0.01551    0.00856   26.39342    2.34385    1.91544    4.43002    2.00000
 180.13928    0.04803   23.11862   22.76944    0.14733    0.08131    8.70881   -1.58053    1.63791    2.99141    2.00000
 180.02676    0.02883   23.36082   22.97817    0.03934    0.02171    7.08531   -2.33676    0.85281   -2.03789    2.00000
 180.09663   -0.03379   20.75830   20.34156    0.10238    0.05650   65.78031    0.04856    1.47110    1.40886    2.00000
 180.02101    0.04082   22.76231   22.45417    0.04591    0.02534   11.35027    0.14266    1.63357    5.16356    2.00000
 180.00896   -0.00357   23.78660   23.33504    0.00964    0.00532    5.22872   -3.25256   -0.25790  -12.12130    2.00000
 180.00114    0.01030   23.75803   23.31145    0.01036    0.00572    5.34747   -4.08549   -1.80445   -7.02469    2.00000
 179.97142   -0.34379   23.17178   22.81577    0.34498    0.19040    8.34845   -0.11734    3.32506    5.10198    2.00000
 180.11931    0.34845   23.40165   23.01276    0.36830    0.20328    6.85129   -1.97097   -1.50906   -0.85183    2.00000
 179.95654   -0.02073   22.01466   21.77055    0.04814    0.02657   20.87306   -1.34569   -1.72636   -4.66997    2.00000
 180.02721    0.11251   23.69060   23.25563    0.11576    0.06389    5.62850    1.68902   -0.39421    6.38183    2.00000
 180.00818    0.04233   23.80327   23.34880    0.04311    0.02379    5.15945   -0.00511   -2.32782   -5.20893    2.00000
 179.94336    0.05130   23.53422   23.12495    0.07642    0.04218    6.28641    1.16296    1.13993   -0.85816    2.00000
 179.89188    0.02970   22.51690   22.23346    0.11213    0.06189   13.97845    7.30629   -2.55239    5.82297    2.00000
 179.99892   -0.11650   22.52159   22.23773    0.11651    0.06430   13.92758   -2.84511    1.39889   -0.70455    2.00000
 180.02141   -0.03770   21.39287   21.16971    0.04335    0.02393   34.41255   -4.79632    2.74987   -2.11165    2.00000
 179.90982   -0.01389   22.92108   22.59586    0.09124    0.05036   10.05901   -0.23059   -4.28158   -4.31719    2.00000
 180.03752   -0.03856   21.58004   21.35845    0.05380    0.02969   29.44802    5.34939   -1.65294    3.75523    2.00000
 179.99149   -0.05602   23.76279   23.31538    0.05667    0.03128    5.32768   -1.76984   -0.03996    1.59571    2.00000
 179.91023   -0.06455   23.49908   23.09523    0.11057    0.06103    6.43608   -1.30464    0.98883   -1.24881    2.00000
 180.11447   -0.05935   23.29278   22.92052    0.12894    0.07116    7.53369   -6.94228   -0.34514   -3.99250    2.00000
 180.00713    0.01546   21.74830   21.52050    0.01702    0.00939   25.35696   -0.35043    2.55692    1.40909    2.00000
 180.02264    0.02311   23.79613   23.34290    0.03235    0.01786    5.18913   -2.84890   -0.88442   -2.43299    2.00000
 180.00270    0.00703   23.72990   23.28818    0.00753    0.00416    5.46464   -5.17720   -0.14757   -2.71194    2.00000
 179.88547   -0.05726   22.77479   22.46533    0.12805    0.07067   11.21749   -1.63428   -0.06789   -1.46697    2.00000
 180.02707    0.01847   23.63024   23.20550    0.03277    0.01809    5.88091    3.14609    1.01273    7.13253    2.00000
 179.94125   -0.12535   22.85588   22.53774    0.13844    0.07641   10.51106    1.98668   -1.38282    0.18255    2.00000
 180.03590   -0.00313   20.97513   20.67664    0.03605    0.01989   50.99511    2.02689    2.25424    4.19976    2.00000
 179.95370   -0.00868   22.81720   22.50324    0.04709    0.02599   10.77940   -1.17239   -0.54609   -5.62055    2.00000
 179.97530    0.01106   23.16690   22.81154    0.02707    0.01494    8.38138   -1.90676    0.63359   -0.50609    2.00000
 179.99455   -0.05912   21.45286   21.23101    0.05937    0.03277   32.80028   -2.02376   -0.38685   -3.44358    2.00000
 179.90138   -0.03433   22.41812   22.14329    0.10442    0.05763   15.05214    2.52193    1.78959    5.25198    2.00000
 180.01813   -0.00041   22.10466   21.85502    0.01814    0.01001   19.35823   -0.35397    2.95171    4.01274    2.00000
 180.00844    0.06403   22.65844   22.36115    0.06458    0.03564   12.45802    7.87491   -1.17285    5.51617    2.00000
 180.10898    0.00219   22.81221   22.49878    0.10900    0.06016   10.81914   -0.06932   -0.20864    1.56013    2.00000
 179.96416   -0.02597   23.55584   23.14325    0.04426    0.02443    6.19430   -3.31118   -4.04320   -1.02042    2.00000
 180.05592    0.01011   23.09461   22.74846    0.05683    0.03137    8.87199   -3.96884   -0.82631   -6.85373    2.00000
 179.98711    0.08521   21.29920   21.07161    0.08618    0.04757   36.99295   -1.63519   -2.94468   -4.98649    2.00000
 180.07056   -0.00374   22.81720   22.50324    0.07066    0.03900   10.77940   -3.81935    4.59819   -0.20262    2.00000
 180.01636    0.00996   23.77470   23.32521    0.01915    0.01057    5.27820   -6.50592    0.97680   -2.92978    2.00000
 179.95534   -0.02647   23.21566   22.85388    0.05191    0.02865    8.05208   -4.19570    1.55749   -1.15397    2.00000
 179.95146    0.08922   23.27174   22.90256    0.10157    0.05606    7.67339   -0.32336   -1.42186   -5.31247    2.00000
 179.98090   -0.00120   23.26442   22.89621    0.01915    0.01057    7.72278  -11.53750   -1.18015  -10.65233    2.00000
 179.97539   -0.02012   22.28727   22.02278    0.03178    0.01754   16.48716    2.28072   -2.29101   -0.16735    2.00000
 179.96123    0.06460   22.43012   22.15435    0.07534    0.04158   14.92048  -12.41349   -0.92997  -15.29306    2.00000
 180.01065   -0.12960   22.47941   22.19929    0.13004    0.07177   14.38535   -0.49944    0.24089    0.59387    2.00000
 180.02858   -0.01133   23.23273   22.86869    0.03074    0.01697    7.93683    1.54315   -1.35795   -3.16503    2.00000
 180.06587    0.10311   20.72316   20.29656    0.12235    0.06753   68.09938    1.57989    1.69962    3.78661    2.00000
 179.93793    0.03804   21.67421   21.44906    0.07280    0.04018   27.06457    2.47214    3.97531    5.83481    2.00000
 179.93575    0.03805   21.13653   20.88856    0.07468    0.04122   43.05313    1.85464   -0.27754    1.31620    2.00000
 180.08022   -0.12296   23.81756   23.36059    0.14681    0.08103    5.10007    3.90359   -0.56393    3.54677    2.00000
 179.98656    0.07257   21.30729   21.08023    0.07380    0.04073   36.76624   -3.11174   -0.72135   -4.48503    2.00000
 180.05174   -0.05864   21.35398   21.12998    0.07820    0.04316   35.45781   -1.55365    2.34184    0.22677    2.00000
 179.94502    0.03466   23.39348   23.00584    0.06499    0.03587    6.88611    0.53734   -1.00976   -1.22539    2.00000
 179.93706    0.07308   23.25223   22.88563    0.09645    0.05324    7.80511    0.07137    1.76051   -0.81097    2.00000
 180.14697   -0.20728   21.71390   21.48733    0.25411    0.14025   26.05784    2.07919    1.67631    4.01863    2.00000
 179.97676   -0.10308   22.30012   22.03459    0.10566    0.05832   16.34650    9.03103   -2.10354    4.56838    2.00000
 180.03781   -0.00580   23.66628   23.23548    0.03825    0.02111    5.72993   -1.96388    0.21276   -0.10319    2.00000
 179.93082   -0.02133   23.63185   23.20684    0.07241    0.03996    5.87416    4.09874    2.07572    7.78653    2.00000
 180.01057    0.03387   21.54695   21.32664    0.03549    0.01959   30.28473    4.92954    0.72024    6.29237    2.00000
 180.04852    0.06032   20.95953   20.65368    0.07742    0.04273   51.85571   -3.08668   -1.72491   -5.08302    2.00000
 180.14859    0.06526   22.92891   22.60283    0.16229    0.08957   10.00477   -0.60504    2.26070    4.39600    2.00000
 180.06522   -0.06459   23.65693   23.22774    0.09179    0.05066    5.76894    0.38701   -0.86149   -0.79650    2.00000
 180.05937   -0.00037   23.38804   23.00123    0.05937    0.03277    6.90933    3.06219   -0.66268    4.22639    2.00000
 180.02045   -0.02238   22.11916   21.86854    0.03031    0.01673   19.11575    1.96373    1.83222    2.48859    2.00000
 179.93823    0.14486   23.32272   22.94589    0.15747    0.08691    7.33640   -2.23289   -0.76161   -1.09300    2.00000
 180.00742   -0.01394   22.49113   22.20997    0.01579    0.00872   14.25819   -2.67968   -0.03332    0.01354    2.00000
 179.98363   -0.02384   23.64149   23.21489    0.02892    0.01596    5.83362   -4.65227    0.82709   -3.52744    2.00000
 179.88820   -0.01129   23.31728   22.94128    0.11237    0.06202    7.37227   -3.48688   -1.12936    0.17745    2.00000
 179.90906    0.06062   22.86109   22.54239    0.10930    0.06033   10.47490   -6.50092    1.89402   -8.57926    2.00000
 180.00089    0.11861   21.01057   20.72875    0.11861    0.06546   49.04222   -0.58570   -0.48742   -1.32914    2.00000
 179.97739    0.00113   23.78899   23.33700    0.02264    0.01250    5.21882    4.49415    3.72369    8.12178    2.00000
 180.11871    0.03454   22.70493   22.40288    0.12365    0.06824   11.96107    4.91780    0.31811    6.16328    2.00000
 180.03217    0.04647   23.67377   23.24168    0.05652    0.03119    5.69872    0.51579   -1.58357   -0.63442    2.00000
 179.98618    0.01805   21.92424   21.68635    0.02274    0.01255   22.38294    2.50125   -0.25253    0.90839    2.00000
 179.98801    0.00662   23.63185   23.20684    0.01370    0.00756    5.87416   -0.66930   -2.82288    0.83082    2.00000
 179.91324   -0.10634   22.54268   22.25695    0.13724    0.07575   13.69870   -0.83467   -1.60220   -1.10995    2.00000
 180.06448    0.02276   23.55044   23.13868    0.06839    0.03774    6.21732   -1.78952    1.46240    0.75666    2.00000
 180.07175    0.04161   22.21272   21.95427    0.08295    0.04578   17.57849    1.56379   -0.11637    2.02982    2.00000
 179.96217   -0.02835   21.67685   21.45161    0.04727    0.02609   26.99746   -2.10610   -0.15366   -2.14686    2.00000
 179.95602    0.02393   21.87253   21.63787    0.05007    0.02764   23.25227   -0.01164    0.32709    0.33269    2.00000
 180.00237    0.02524   23.22054   22.85811    0.02535    0.01399    8.01915   -2.15593   -1.23761   -4.44110    2.00000
 179.95592    0.03344   23.61096   23.18939    0.05532    0.03053    5.96198   -3.68531    0.14593   -2.27714    2.00000
 180.04922   -0.04310   23.58205   23.16524    0.06543    0.03611    6.08359    4.32078   -2.67352   -2.32978    2.00000
 180.09631   -0.06363   20.93061   20.60721    0.11543    0.06371   53.59719   -1.86412   -0.38972   -2.36648    2.00000
 179.91165    0.00058   23.72054   23.28043    0.08835    0.04876    5.50366   -0.61934    1.08667    0.74270    2.00000
 180.00790    0.05293   23.82471   23.36649    0.05352    0.02954    5.07038   -5.11204   -0.39001    4.83621    2.00000
 179.98956    0.04055   23.42611   23.03348    0.04187    0.02311    6.74695   -5.54736   -1.09045   -8.06927    2.00000
 179.99425   -0.05867   21.35896   21.13507    0.05895    0.03254   35.32383   -2.77797    0.32364   -3.22084    2.00000
 180.00224   -0.02186   23.28462   22.91361    0.02198    0.01213    7.58749   -3.72116    3.89309   -2.93289    2.00000
 179.98482    0.01170   22.61410   22.32131    0.01916    0.01058   12.93243    2.76059    3.46955    5.34291    2.00000
 180.07260   -0.04453   20.95850   20.65215    0.08517    0.04701   51.91308   -0.39925   -0.94190   -1.37932    2.00000
 179.97775    0.02085   22.98887   22.65594    0.03049    0.01683    9.59164   -8.71439    0.75810  -11.78733    2.00000
 179.85178   -0.01857   22.14328   21.89058    0.14938    0.08245   18.72057   -6.51183   -3.52739  -10.15327    2.00000
 180.04941    0.08546   21.16481   20.92240    0.09871    0.05448   41.78508   -1.65626    2.94924    0.77628    2.00000
 180.20393   -0.01984   23.55314   23.14096    0.20490    0.11309    6.20581   -1.63010   -4.06195   -3.53524    2.00000
 179.97792    0.15866   22.06399   21.81647    0.16019    0.08841   20.04948    0.21520   -0.85751    0.05803    2.00000
 180.11340    0.01575   23.81280   23.35666    0.11450    0.06320    5.11986   11.84275    1.80435   13.12659    2.00000
 180.11009    0.11074   22.79974   22.48763    0.15615    0.08619   10.95192   -4.47566   -1.80580   -7.71179    2.00000
 179.91985   -0.01568   22.86892   22.54936    0.08167    0.04507   10.42065   -8.90499   -4.97656  -10.44234    2.00000
 180.17931   -0.27997   21.04175   20.76985    0.33246    0.18350   47.50193    1.03104   -2.31622   -1.91017    2.00000
 179.96532    0.03064   22.60888   22.31662    0.04628    0.02554   12.98825   -2.78479    2.96817    0.50681    2.00000
 180.02129    0.07916   22.57758   22.28849    0.08197    0.04524   13.32313    5.12749    0.52606    7.87976    2.00000
 180.14934   -0.05104   23.56125   23.14782    0.15782    0.08710    6.17127   -2.73335    1.04524   -6.94643    2.00000
 179.95554   -0.01256   21.66892   21.44395    0.04620    0.02550   27.19880   -0.01351   -1.37111   -1.77829    2.00000
 180.02313   -0.03954   22.81720   22.50324    0.04581    0.02528   10.77940   -0.77211    2.89059    2.08295    2.00000
 179.89629   -0.25913   23.69435   23.25873    0.27912    0.15405    5.61289   -6.59069    0.00764  -10.52086    2.00000
 179.97208   -0.01540   22.74236   22.43633    0.03189    0.01760   11.56272    3.19339    2.88718    2.80562    2.00000
 179.97852    0.08367   21.77476   21.54601    0.08638    0.04768   24.89941   -0.42734    0.88664    0.16453    2.00000
 179.98457    0.03409   23.27418   22.90468    0.03742    0.02065    7.65693    0.19252    0.00884   -1.89478    2.00000
 180.02757    0.02838   23.65318   23.22464    0.03957    0.02184    5.78455    3.79185    1.77976    3.03676    2.00000
 180.04160   -0.12959   21.75888   21.53070    0.13610    0.07512   25.17394    6.43321   -0.99929    5.42392    2.00000
 180.01942   -0.00161   23.72803   23.28663    0.01949    0.01076    5.47245   -3.25695   -2.49859   -6.58274    2.00000
 179.92358   -0.11971   22.80223   22.48986    0.14203    0.07839   10.92537   -1.13024    2.47226    2.23235    2.00000
 180.08160    0.00915   20.89187   20.54348    0.08211    0.04532   55.98541   -1.61204    2.91296    1.46486    2.00000
 179.96005   -0.00129   23.63667   23.21086    0.03996    0.02206    5.85389   -1.84548   -2.32653   -4.88842    2.00000
 180.10603    0.00035   17.92311   17.94793    0.10604    0.05853  294.69354    0.38701    2.47229    2.85825    2.00000
 180.12846   -0.01829   23.62864   23.20415    0.12976    0.07162    5.88767    2.53111    3.77392    6.46058    2.00000
 179.95016    0.04250   22.43254   22.15657    0.06550    0.03615   14.89402    0.34674   -0.66553    0.10747    2.00000
 179.97031    0.03665   22.00918   21.76544    0.04717    0.02603   20.96456    4.01527    0.90123    5.46495    2.00000
 180.15381   -0.20592   23.83423   23.37435    0.25702    0.14186    5.03080    3.35471   -1.26573    6.60667    2.00000
 180.02615   -0.02824   22.63496   22.34005    0.03849    0.02125   12.70918   -1.50779   -0.15914    0.34152    2.00000
 179.93192    0.02653   23.68873   23.25408    0.07307    0.04033    5.63630   -5.79889    1.55151   -1.44355    2.00000
 180.06010    0.07060   22.22815   21.96844    0.09271    0.05117   17.32430   -1.64025    0.22357   -0.14794    2.00000
 179.98914    0.05717   22.05577   21.80882    0.05819    0.03212   20.18674    2.19713    1.00885    4.20895    2.00000
 179.91313    0.02987   23.62864   23.20415    0.09186    0.05070    5.88767   -1.94321   -1.52413   -6.16879    2.00000
 180.03049   -0.00354   23.26686   22.89833    0.03068    0.01693    7.70632    3.58064   -0.32582    2.91421    2.00000
 179.98141   -0.00948   23.37987   22.99431    0.02086    0.01152    6.95977    0.34693    1.23817    5.62889    2.00000
 179.96980   -0.01892   23.10901   22.76105    0.03564    0.01967    8.77409    0.33422    1.40888    1.77108    2.00000
 179.97716   -0.01275   23.71867   23.27888    0.02617    0.01444    5.51146    3.02117   -2.01835    3.28727    2.00000
 180.20467   -0.09339   23.60132   23.18134    0.22496    0.12416    6.00252   -1.76024    2.17426  -11.88097    2.00000
 180.00423    0.03493   23.34177   22.96203    0.03518    0.01942    7.21086    5.71238    0.05938    1.48224    2.00000
 179.99019    0.03733   21.38243   21.15905    0.03859    0.02130   34.69294    2.29053   -1.94254    1.20957    2.00000
 180.01881    0.01169   23.81042   23.35469    0.02216    0.01223    5.12976   -1.62932   -0.00093   -1.37912    2.00000
 180.21725   -0.12064   22.43012   22.15435    0.24850    0.13715   14.92048    0.12948    0.59411    1.41416    2.00000
 179.98836    0.00910   22.62192   22.32834    0.01478    0.00816   12.84871   -0.57144    0.52908    0.06234    2.00000
 180.04176   -0.05471   23.72616   23.28508    0.06883    0.03799    5.48025   -2.29661    1.95897   -4.95662    2.00000
 180.04851   -0.06239   22.06399   21.81647    0.07903    0.04362   20.04948    4.45789   -4.36838   -1.13075    2.00000
 180.09528    0.24888   22.41572   22.14108    0.26650    0.14709   15.07847    4.37290    2.06827    5.74994    2.00000
 180.08295   -0.05013   22.37492   22.10349    0.09692    0.05349   15.52610   -1.47884    1.35626   -1.45719    2.00000
 180.00296   -0.02224   21.15146   20.90670    0.02244    0.01238   42.37315    4.09910   -0.68720    3.46122    2.00000
 180.16855   -0.10098   21.99548   21.75269    0.19649    0.10845   21.19333   -4.13196    2.96811   -0.46923    2.00000
 179.92123   -0.08355   21.86708   21.63276    0.11482    0.06337   23.34378   -3.08534   -0.25862   -3.07283    2.00000
 179.86520   -0.00681   22.30526   22.03932    0.13497    0.07449   16.29024   -4.59027   -2.12656   -6.70845    2.00000
 180.10608   -0.00198   23.38804   23.00123    0.10609    0.05856    6.90933    1.21144   -0.96637    4.50884    2.00000
 180.05843   -0.09753   22.63235   22.33771    0.11369    0.06275   12.73709    2.44122   -1.00482    2.10107    2.00000
 179.98207   -0.11617   23.02980   22.69182    0.11755    0.06488    9.31257   -0.84848    0.13492    3.46900    2.00000
 180.10379    0.09804   23.02980   22.69182    0.14277    0.07880    9.31257   -0.73837    1.11658    2.78006    2.00000
 179.96278   -0.00189   20.91122   20.57557    0.03726    0.02057   54.78290   -1.30378   -0.47228   -1.62177    2.00000
 180.03404   -0.00525   22.37732   22.10570    0.03445    0.01901   15.49977    0.13935   -0.44696   -0.32211    2.00000
 180.02977    0.02420   22.69234   22.39161    0.03837    0.02118   12.09523    1.69788   -3.93107   -2.77294    2.00000
 180.01579   -0.00289   23.01688   22.68051    0.01606    0.00886    9.40053    1.52227   -1.05098   -0.64359    2.00000
 180.01405   -0.01668   22.18702   21.93064    0.02181    0.01204   18.00214    3.34418   -1.81865    2.00926    2.00000
 179.93848    0.00137   22.63496   22.34005    0.06154    0.03396   12.70918    4.67322    0.28471    3.03377    2.00000
 180.01926   -0.08011   22.37252   22.10128    0.08239    0.04547   15.55244   -0.41655    0.95826    2.95043    2.00000
 179.91537    0.00606   22.51222   22.22919    0.08484    0.04682   14.02931    1.39048   -0.10677    1.65797    2.00000
 180.03973   -0.16024   23.22298   22.86023    0.16510    0.09112    8.00269    1.15023   -2.08432   -3.68788    2.00000
 180.03642    0.01728   23.74300   23.29903    0.04032    0.02225    5.41002   -4.53378   -1.42708    2.22582    2.00000
 180.08360    0.45689   20.90691   20.56854    0.46448    0.25636   55.04639   -4.73916   -2.26969   -7.30341    2.00000
 180.06966    0.07275   23.67564   23.24323    0.10072    0.05559    5.69092   -3.35232   -2.56600   -3.21671    2.00000
 180.05121    0.18649   20.49407   20.03435    0.19339    0.10674   81.61186    0.92020    1.14836    2.17150    2.00000
 179.92892   -0.01090   22.51456   22.23133    0.07190    0.03968   14.00388   -2.07385   -1.76714   -2.37059    2.00000
 180.00153   -0.00409   23.73364   23.29128    0.00436    0.00241    5.44904   -3.76745   -1.42030   -7.55197    2.00000
 179.93774    0.01210   20.16121   19.67922    0.06342    0.03500  105.32059   -2.76535    0.62400   -1.95035    2.00000
 179.95743    0.04174   23.11381   22.76525    0.05962    0.03291    8.74145    0.12696   -0.59247    0.20304    2.00000
 179.83620    0.03498   23.22541   22.86234    0.16749    0.09244    7.98622   -5.83470    2.81692    3.00941    2.00000
 180.05750   -0.04997   19.91801   19.42366    0.07617    0.04204  124.30543    3.01188   -3.69254   -0.80815    2.00000
 179.97751   -0.09786   23.80327   23.34880    0.10041    0.05542    5.15945   -0.99441    1.66324   -5.99324    2.00000
 180.07632   -0.01677   23.15715   22.80307    0.07815    0.04313    8.44724    2.15278    0.07127    5.77412    2.00000
 180.01740    0.07794   23.29822   22.92513    0.07985    0.04407    7.49782    4.53275    0.86581    2.65897    2.00000
 179.99789    0.04283   22.67148   22.37286    0.04288    0.02367   12.31848   -2.38990    4.34654    3.88767    2.00000
 180.04337    0.12783   22.84544   22.52844    0.13499    0.07450   10.58339   -4.52880   -1.16190   -7.30850    2.00000
 180.08560    0.11715   22.12135   21.87055    0.14509    0.08008   19.07982    0.35402    1.21337    2.44630    2.00000
 180.00024   -0.26605   17.97461   17.74871    0.26605    0.14684  328.67044   -3.38368   -1.22946   -4.64875    2.00000
 180.02708    0.00558   16.32256   15.45309    0.02766    0.01527 1002.09015    4.44914   -1.89483    2.56088    2.00000
 179.99318   -0.01138   23.67564   23.24323    0.01327    0.00732    5.69092   -0.63525    0.97438    1.10663    2.00000
 180.00275   -0.61107   22.37972   22.10791    0.61107    0.33728   15.47344    4.33954   -0.26947    4.20591    2.00000
 180.08331   -0.05382   21.11414   20.86134    0.09919    0.05475   44.07309    0.88449    2.58609    3.65360    2.00000
 179.97688   -0.12080   22.11164   21.86166    0.12299    0.06788   19.23918   -1.68986   -0.00313   -0.48432    2.00000
 180.03967    0.00141   23.22054   22.85811    0.03970    0.02191    8.01915    1.21179   -0.32789    5.03324    2.00000
 180.01694    0.00367   23.62542   23.20147    0.01734    0.00957    5.90118   -2.21640    2.92660    7.16704    2.00000
 180.01353   -0.16697   22.92108   22.59586    0.16752    0.09246   10.05901   -3.11960   -2.16145   -4.72314    2.00000
 179.98669    0.01720   23.27418   22.90468    0.02175    0.01201    7.65693   -1.54321   -1.71928   -5.97925    2.00000
 179.84921   -0.07418   23.64791   23.22026    0.16805    0.09275    5.80660   -0.10067   -4.47223   -5.22203    2.00000
 179.98947    0.07578   23.79613   23.34290    0.07650    0.04222    5.18913    3.24275    6.72450    8.18909    2.00000
 180.05449    0.00863   23.57241   23.15719    0.05517    0.03045    6.12413    3.24019    0.22549   -2.18879    2.00000
 179.94081    0.00617   23.40709   23.01737    0.05951    0.03284    6.82807    6.35307   -0.68104    3.16947    2.00000
 180.02106   -0.12187   23.45044   23.05406    0.12367    0.06826    6.64333    1.16935    4.22939    6.13503    2.00000
 180.07724   -0.25221   23.47206   23.07236    0.26377    0.14558    6.55122    5.73629   -1.99338    8.93725    2.00000
 180.03111   -0.02977   23.00072   22.66634    0.04306    0.02377    9.51079   -6.32993   -2.16684   -9.98295    2.00000
 180.04382   -0.01206   19.30925   18.78592    0.04546    0.02509  185.31982   -5.08497    2.43429   -2.59800    2.00000
 180.00879    0.03264   23.22298   22.86023    0.03380    0.01866    8.00269    0.37733    2.32881    2.41529    2.00000
 180.03725    0.05428   23.35810   22.97586    0.06583    0.03633    7.10325   -1.30326   -1.78722   -2.55291    2.00000
 180.03023    0.02262   23.56389   23.15006    0.03776    0.02084    6.16001   -3.63148    0.52840    0.68562    2.00000
 180.07822   -0.04472   21.88341   21.64807    0.09010    0.04973   23.06925    1.55723    0.56351    2.18762    2.00000
 180.02562   -0.06756   23.79851   23.34487    0.07226    0.03988    5.17924   -0.09673   -2.48965  -11.65714    2.00000
 179.97717   -0.01848   23.42070   23.02890    0.02936    0.01621    6.77002   -2.98101   -4.85186   -6.77834    2.00000
 179.97849   -0.04074   22.12354   21.87255    0.04608    0.02543   19.04390   -1.40738    1.72214   -0.17076    2.00000
 179.82034    0.03282   22.86631   22.54704    0.18262    0.10079   10.43873    0.38205    1.00516    4.90398    2.00000
 180.02966   -0.00741   23.74300   23.29903    0.03058    0.01688    5.41002    5.21392   -3.81047    6.11856    2.00000
 180.02335   -0.15472   22.65844   22.36115    0.15647    0.08636   12.45802    0.63626   -3.55171   -2.66019    2.00000
 180.09489   -0.18061   22.21787   21.95899    0.20402    0.11260   17.49376   -5.01668    2.01450   -1.89745    2.00000
 180.02245    0.01186   23.38259   22.99661    0.02538    0.01401    6.94184   -2.84992    1.21298   -3.52211    2.00000
 179.96806   -0.16113   23.11862   22.76944    0.16426    0.09066    8.70881   -1.56792   -1.91750   -0.88567    2.00000
 180.01952   -0.09278   23.63988   23.21355    0.09481    0.05233    5.84038    0.76439    2.81949    4.78792    2.00000
 179.99603   -0.01213   20.46090   19.99835    0.01276    0.00704   83.49521    1.55785   -2.39335   -0.79791    2.00000
 179.94308   -0.21669   22.61671   22.32365    0.22403    0.12365   12.90453    5.57351   -0.91794    5.21793    2.00000
 180.00053    0.03673   23.83423   23.37435    0.03673    0.02027    5.03080   -1.45689   -2.71413   -5.03513    2.00000
 179.88142    0.04336   23.51260   23.10666    0.12625    0.06968    6.37852    1.79144   -6.52057   -6.56047    2.00000
 179.99570   -0.03171   22.57237   22.28381    0.03200    0.01766   13.37894   -2.91999   -2.51779   -7.01743    2.00000
 180.53993   -0.41501   23.21566   22.85388    0.68100    0.37588    8.05208   -2.40591    1.07948    2.76560    2.00000
 179.97652    0.01619   22.54972   22.26336    0.02852    0.01574   13.62241    0.91862    1.70761    2.77785    2.00000
 179.99855   -0.00267   23.28190   22.91130    0.00304    0.00168    7.60543   -0.17140   -0.10681    4.61369    2.00000
 180.18677    0.14353   22.92891   22.60283    0.23555    0.13001   10.00477    6.95622   -0.88849    6.73390    2.00000
 180.00143    0.05249   22.39172   22.11897    0.05251    0.02898   15.34178   -6.71517    0.06461   -7.13490    2.00000
 180.10368    0.01716   20.68237   20.24742    0.10509    0.05800   70.63176   -2.74810    0.65193   -2.06109    2.00000
 179.97359    0.04082   23.24492   22.87928    0.04863    0.02684    7.85450   -1.38956    0.20417    1.55779    2.00000
 180.01254   -0.00312   22.76980   22.46086    0.01294    0.00714   11.27060   -3.37267   -0.68590   -2.94198    2.00000
 180.11859   -0.02622   23.66254   23.23239    0.12145    0.06703    5.74554   -6.06036   -2.60650   -7.27471    2.00000
 180.01222    0.00304   23.03701   22.69811    0.01259    0.00695    9.26362    3.32369   -0.47250    6.03762    2.00000
 179.99568    0.06847   20.91338   20.57909    0.06860    0.03786   54.65115    1.72087    2.41712    4.20166    2.00000
 180.00008   -0.04165   23.40437   23.01506    0.04165    0.02299    6.83968   -0.12946    0.50213   -0.59683    2.00000
 180.04988    0.00410   23.11862   22.76944    0.05005    0.02762    8.70881   -1.95133    2.90435    7.32738    2.00000
 180.03831    0.00250   22.53097   22.24628    0.03840    0.02120   13.82586   -2.00999   -1.61314   -5.78957    2.00000
 179.84373   -0.09001   23.39348   23.00584    0.18033    0.09953    6.88611    4.22372   -1.32661    0.98952    2.00000
 180.00304    0.03177   23.47206   23.07236    0.03191    0.01761    6.55122    1.60325   -3.29071   -1.67309    2.00000
 179.91159   -0.36028   23.31728   22.94128    0.37097    0.20475    7.37227   -1.77397    0.39604   -4.54608    2.00000
 180.09473    0.10283   22.79974   22.48763    0.13981    0.07716   10.95192    1.87307   -2.12152    1.14760    2.00000
 179.90771    0.06044   21.45025   21.22834    0.11032    0.06089   32.87038   -3.36477   -3.20800   -6.78454    2.00000
 179.94559    0.00202   23.21322   22.85176    0.05446    0.03006    8.06855    1.73534    0.03285    0.37441    2.00000
 180.06902   -0.07859   20.42473   19.95931    0.10460    0.05773   86.16498    2.90427   -2.09470    0.69085    2.00000
 180.15215   -0.28069   23.48017   23.07922    0.31927    0.17621    6.51668    1.76996    0.41964    5.79901    2.00000
 179.99403   -0.00200   23.73925   23.29593    0.00629    0.00347    5.42563   -4.15593   -0.51227   -6.36296    2.00000
 180.02405    0.05173   21.88886   21.65318    0.05705    0.03149   22.97774    1.80183   -1.57341   -0.01500    2.00000
 179.99065   -0.01020   23.01150   22.67579    0.01384    0.00764    9.43729    0.63327   -3.18207   -5.07125    2.00000
 180.14078    0.10628   22.40372   22.13003    0.17638    0.09735   15.21013   -1.09812   -1.19043   -3.72184    2.00000
 180.16974    0.15746   22.59845   22.30724    0.23153    0.12779   13.09987    3.12367    0.02654    0.34203    2.00000
 179.87216    0.00988   20.67453   20.23797    0.12823    0.07077   71.11876    3.18408   -0.36492    2.72975    2.00000
 180.00510   -0.01096   22.22301   21.96372    0.01209    0.00667   17.40903   -4.21163    1.40771   -3.28168    2.00000
 179.97897    0.09920   22.25128   21.98971    0.10140    0.05597   16.94302   -6.85151    0.06359   -4.97977    2.00000
 179.98769    0.01039   23.71680   23.27733    0.01612    0.00890    5.51926   -1.25747   -2.90397  -14.23237    2.00000
 179.98647   -0.01445   23.64470   23.21757    0.01980    0.01093    5.82011    6.63628    0.43929    4.28193    2.00000
 180.00954    0.01184   21.10369   20.84864    0.01521    0.00839   44.54908    2.62963    1.74676    4.47105    2.00000
 180.00185   -0.06547   20.84135   20.45898    0.06550    0.03615   59.72894    1.35532   -0.03322    1.35349    2.00000
 179.92889    0.12128   22.49581   22.21424    0.14058    0.07759   14.20733    1.40310   -1.39450    0.36687    2.00000
 180.04655    0.02399   23.74112   23.29748    0.05238    0.02891    5.41783   -1.22930    0.04298   -4.59518    2.00000
 179.98712    0.03637   20.26236   19.78600    0.03858    0.02129   98.01809   -2.24824    1.02216   -1.12309    2.00000
 179.90044   -0.05400   23.84138   23.38025    0.11327    0.06252    5.00111   -4.73274    0.21673    1.53140    2.00000
 179.93301   -0.04772   22.57497   22.28615    0.08225    0.04540   13.35104   -0.37982    0.64044    0.25789    2.00000
 180.01071   -0.02147   21.62092   21.39774    0.02400    0.01324   28.41444    0.54470    1.93518    2.87020    2.00000
 180.05048    0.02440   21.04799   20.77807    0.05607    0.03095   47.19382    1.27797    1.96481    3.34979    2.00000
 179.92023    0.08698   20.83024   20.44152    0.11802    0.06514   60.62891   -3.32846    3.27667   -0.09963    2.00000
 180.02058   -0.07446   20.86964   20.50538    0.07725    0.04264   57.41336    0.24679   -1.16480   -0.79929    2.00000
 180.00571   -0.01434   22.23329   21.97317    0.01544    0.00852   17.23957   -3.49611    1.76245   -2.75403    2.00000
 179.99704    0.04719   22.26413   22.00152    0.04728    0.02610   16.74035   -3.18856   -1.78770   -4.10847    2.00000
 179.96300    0.03575   22.87935   22.55866    0.05146    0.02840   10.34832    0.77042    0.45588    1.65379    2.00000
 180.03806   -0.01399   23.53152   23.12267    0.04054    0.02237    6.29792   -0.53104    0.16193   -0.38889    2.00000
 180.12909   -0.16577   23.61418   23.19208    0.21011    0.11596    5.94847   -1.49795    1.10103   -1.23191    2.00000
 179.95476   -0.04398   23.57723   23.16121    0.06310    0.03483    6.10386   -2.45093   -4.04212   -9.67818    2.00000
 180.13429   -0.08671   23.68125   23.24788    0.15986    0.08823    5.66751    2.16177   -0.06090    1.56848    2.00000
 179.96906    0.05755   22.68191   22.38224    0.06534    0.03606   12.20686    0.91972    2.83999    3.42351    2.00000
 180.05952   -0.16945   22.73986   22.43410    0.17961    0.09913   11.58928   -0.52554   -0.12212   -0.68090    2.00000
 180.00189    0.03917   21.30122   21.07377    0.03922    0.02164   36.93627   -2.32097    3.07787    1.23494    2.00000
 180.07291    0.11289   20.26939   19.79342    0.13439    0.07417   97.51010   -4.10822    2.35775   -1.95747    2.00000
 179.95007   -0.08783   22.18188   21.92592    0.10102    0.05576   18.08687   -0.32703    0.59731   -0.06049    2.00000
 180.11372    0.10659   23.17421   22.81789    0.15586    0.08602    8.33198    4.13577   -0.44632    0.49925    2.00000
 180.07323    0.12600   21.67950   21.45416    0.14573    0.08043   26.93034    2.05470    1.69778    3.58320    2.00000
 180.16003    0.27895   22.42532   22.14993    0.32159    0.17750   14.97314    2.51614   -0.54154    1.93036    2.00000
 179.95985    0.00993   23.22054   22.85811    0.04135    0.02282    8.01915    1.65526    0.90200    2.29821    2.00000
 179.96080    0.02238   22.35331   22.08359    0.04514    0.02491   15.76309    1.46442    1.57714    2.72508    2.00000
 179.96855    0.05899   22.11258   21.86253    0.06685    0.03690   19.22353   -4.96538   -0.07935   -4.16219    2.00000
 180.01431   -0.06185   22.54503   22.25909    0.06348    0.03504   13.67327    2.68625   -0.10825    1.93280    2.00000
 179.96063   -0.03564   23.30367   22.92975    0.05310    0.02931    7.46195   -0.12657    4.17287    4.66934    2.00000
 179.94373    0.05083   21.65304   21.42864    0.07583    0.04185   27.60150   -2.89395    0.11758   -2.63147    2.00000
 180.00211    0.00293   22.33411   22.06590    0.00361    0.00200   15.97374    0.18689   -0.70257   -0.79619    2.00000
 180.15964   -0.15738   21.91335   21.67614    0.22417    0.12373   22.56596   -1.99098   -3.38995   -6.32558    2.00000
 179.97821    0.04153   21.53374   21.31363    0.04690    0.02589   30.62686    2.26757    0.81576    3.31422    2.00000
 180.08733   -0.00258   21.16224   20.91941    0.08736    0.04822   41.89699    0.88036   -0.13675    0.66221    2.00000
 180.12794    0.00861   23.13542   22.78413    0.12823    0.07077    8.59459    0.24014    1.46372    1.79528    2.00000
 179.94521    0.01864   22.98026   22.64838    0.05787    0.03194    9.65045   -3.22771    3.23043    2.75421    2.00000
 179.95590    0.05595   23.63988   23.21355    0.07124    0.03932    5.84038   -0.74493    3.36223   -4.92458    2.00000
 180.09460   -0.15435   23.12102   22.77154    0.18104    0.09992    8.69250   -5.61004    0.68572   -8.47180    2.00000
 179.99121    0.01697   22.47003   22.19075    0.01911    0.01055   14.48707   -0.58775   -0.13949   -0.75491    2.00000
 180.16496    0.11486   22.16520   21.91061    0.20101    0.11094   18.36132    1.27659   -1.36597   -2.24737    2.00000
 180.00626   -0.06667   23.63024   23.20550    0.06697    0.03696    5.88091    1.14880   -1.47023   -5.67312    2.00000
 180.00160    0.02031   23.30367   22.92975    0.02037    0.01124    7.46195   -8.22680    1.18472   -7.41894    2.00000
 179.98035    0.04206   21.46329   21.24166    0.04643    0.02563   32.51989    0.56113   -0.77483   -0.28428    2.00000
 180.01453    0.01113   22.79225   22.48094    0.01830    0.01010   11.03159    0.15071    1.73998    0.08343    2.00000
 180.10048   -0.09704   23.46395   23.06550    0.13969    0.07710    6.58576    2.32343   -0.04156    0.46940    2.00000
 180.08315    0.10342   23.59169   23.17329    0.13270    0.07324    6.04306   -0.92589   -1.54849   -5.41051    2.00000
 180.03375    0.03458   23.60454   23.18403    0.04832    0.02667    5.98901   -1.58651   -0.41676   -1.32553    2.00000
 179.96594    0.02112   22.88717   22.56563    0.04008    0.02212   10.29408   -5.15543    3.88818    0.32608    2.00000
 180.00969    0.02360   23.36899   22.98509    0.02551    0.01408    7.03151    1.27326   -0.60600   -1.93434    2.00000
 179.98952    0.04152   22.64800   22.35177    0.04282    0.02363   12.56964    1.69253    2.29145    5.34559    2.00000
 179.99998   -0.00474   22.32931   22.06148    0.00474    0.00262   16.02640    6.09519   -3.04558    3.79512    2.00000
 180.06577    0.03306   23.08261   22.73797    0.07361    0.04063    8.95358    3.53607   -0.17821    3.97034    2.00000
 179.91331    0.02363   23.07781   22.73378    0.08985    0.04959    8.98622   -3.11187    4.02661    1.45935    2.00000
 179.97906   -0.04349   23.22541   22.86234    0.04827    0.02664    7.98622   -0.52617   -1.96052    0.51394    2.00000
 180.00035   -0.07617   23.23029   22.86658    0.07617    0.04204    7.95329   -2.30759   -0.39941   -4.42206    2.00000
 180.04910   -0.03505   23.50719   23.10209    0.06032    0.03329    6.40154   -2.13295   -1.37558    1.61307    2.00000
 180.16156    0.07825   23.37715   22.99200    0.17952    0.09908    6.97770   -4.18136   -0.00883   -0.28535    2.00000
 179.99706   -0.01421   21.64510   21.42099    0.01451    0.00801   27.80285   -4.95293   -2.62690   -8.24678    2.00000
 179.93199   -0.01459   23.63988   23.21355    0.06955    0.03839    5.84038   -1.64642   -0.48724   -3.60591    2.00000
 180.01540   -0.06684   22.00918   21.76544    0.06859    0.03786   20.96456    7.86091   -2.24481    5.79424    2.00000
 180.02306    0.02117   23.61900   23.19610    0.03130    0.01728    5.92821   -0.33786    0.36287   -3.61041    2.00000
 180.01033   -0.01700   21.13952   20.89219    0.01989    0.01098   42.91713    3.42918    0.59203    3.74363    2.00000
 179.97726   -0.01819   21.45807   21.23634    0.02912    0.01607   32.66008    0.43598    1.36906    1.82478    2.00000
 180.01707   -0.06361   23.10661   22.75895    0.06586    0.03635    8.79040   -3.32007   -3.03160   -7.64828    2.00000
 180.05843   -0.00729   23.52341   23.11581    0.05887    0.03249    6.33246   -3.10724    3.01352    3.74207    2.00000
 179.99200   -0.03547   23.51530   23.10895    0.03636    0.02007    6.36700    5.02314   -1.25005    0.63451    2.00000
 180.04091   -0.07100   23.26442   22.89621    0.08195    0.04523    7.72278   -3.48918   -1.99620   -3.42318    2.00000
 180.05183   -0.04061   20.65414   20.21340    0.06585    0.03634   72.38495    3.50480    1.47933    4.86501    2.00000
 179.88167   -0.18325   22.35091   22.08138    0.21814    0.12039   15.78942   -1.97441   -0.71060   -3.30445    2.00000
 180.22932    0.07747   22.86370   22.54471    0.24206    0.13360   10.45681    0.75263   -1.88842   -1.21379    2.00000
 180.02579    0.07857   20.97617   20.67817    0.08269    0.04564   50.93774    0.88976   -0.30908    0.20665    2.00000
 180.00693   -0.02586   23.76993   23.32128    0.02677    0.01478    5.29799    1.71919   -1.05156    0.54252    2.00000
 180.01312    0.00782   23.26442   22.89621    0.01527    0.00843    7.72278    1.24727    0.98124    1.46122    2.00000
 180.12447    0.01982   23.62221   23.19879    0.12603    0.06956    5.91469   -1.15287   -0.19664   -1.11620    2.00000
 180.06947   -0.05590   23.43422   23.04034    0.08917    0.04922    6.71241    5.64316    0.02532    5.89785    2.00000
 180.02740    0.08271   21.33762   21.11255    0.08713    0.04809   35.91611   -0.66638   -3.37406   -2.94954    2.00000
 179.92534    0.04412   23.05621   22.71490    0.08673    0.04787    9.13308   -0.88451    0.17218   -1.58208    2.00000
 179.97008    0.02965   23.52071   23.11352    0.04213    0.02325    6.34397    1.12672   -1.12440   -0.90407    2.00000
 179.84914    0.05253   21.67685   21.45161    0.15974    0.08817   26.99746    3.66514    3.72410    7.37877    2.00000
 180.28659    0.32690   23.39076   23.00353    0.43474    0.23995    6.89772   -0.33135    1.97820   -0.08957    2.00000
 179.98669    0.03550   23.68686   23.25253    0.03791    0.02092    5.64410   -1.02218    0.40071    2.99711    2.00000
 179.96280   -0.10663   22.80473   22.49209    0.11293    0.06233   10.89881    3.72468    0.43186    5.75584    2.00000
 179.98531    0.03504   22.47472   22.19502    0.03800    0.02097   14.43621   -4.99733    1.00547   -4.35840    2.00000
 180.09200    0.03990   22.92108   22.59586    0.10027    0.05534   10.05901    0.28924   -1.49028    0.59771    2.00000
 179.94550    0.02349   23.02119   22.68429    0.05936    0.03276    9.37113    5.81921   -2.19637    1.13820    2.00000
 180.00221   -0.05473   21.83987   21.60725    0.05478    0.03023   23.80132    2.29155   -2.02825   -0.31605    2.00000
 179.99622   -0.09675   23.53692   23.12724    0.09682    0.05344    6.27489   -0.91451    2.15912    1.16475    2.00000
 179.96741    0.00460   21.32953   21.10393    0.03291    0.01817   36.14281    0.86735    0.78275    1.18072    2.00000
 180.30730    0.32580   22.52628   22.24200    0.44785    0.24719   13.87672   -1.53791   -1.63209   -5.59177    2.00000
 180.00067    0.02843   20.76979   20.35652    0.02844    0.01569   65.00891    3.31883    0.63432    4.15819    2.00000
 180.02222    0.04397   22.06673   21.81902    0.04926    0.02719   20.00373   -1.68887    0.43881   -0.23487    2.00000
 179.98691    0.00007   22.91065   22.58656    0.01309    0.00722   10.13134    1.75242   -3.95263   -5.35537    2.00000
 180.23138    0.12628   20.61746   20.17109    0.26361    0.14549   74.56499   -3.79062    1.77585   -2.19347    2.00000
 180.07310   -0.04882   22.73238   22.42741    0.08791    0.04852   11.66895    3.42816   -1.74621    4.04164    2.00000
 179.98051    0.02492   23.57883   23.16256    0.03163    0.01746    6.09710    2.55937    0.33952    4.28243    2.00000
 180.00626    0.12279   22.12026   21.86954    0.12295    0.06786   19.09779   -1.34969    0.18031   -0.35095    2.00000
 179.97432    0.04220   23.43152   23.03805    0.04940    0.02727    6.72392    0.93497    5.35837    2.25236    2.00000
 179.93236    0.07542   22.98672   22.65405    0.10131    0.05592    9.60634   -5.53309   -0.08888   -9.29150    2.00000
 180.06557   -0.02483   21.23467   21.00264    0.07010    0.03869   38.80729   -3.18180   -2.16070   -4.87908    2.00000
 180.00558    0.00427   18.09728   18.12372    0.00703    0.00388  268.77048   -5.87038    1.05048   -4.80887    2.00000
 180.25410   -0.11222   22.14328   21.89058    0.27779    0.15332   18.72057    2.74735    0.44875    3.72474    2.00000
 179.96384   -0.05142   22.79475   22.48317    0.06287    0.03470   11.00504   -4.98424   -3.46963  -12.54700    2.00000
 180.00732   -0.03228   23.55854   23.14554    0.03310    0.01827    6.18278   -0.29231    4.91771    4.19947    2.00000
 180.01031   -0.01705   23.26686   22.89833    0.01993    0.01100    7.70632    1.33101   -2.06662   -2.30897    2.00000
 179.97191   -0.08164   23.46125   23.06321    0.08633    0.04765    6.59727   -0.65314    0.63688   -2.87757    2.00000
 180.26041   -0.00981   22.68452   22.38458    0.26059    0.14382   12.17895   -1.98673   -0.92512   -5.13875    2.00000
 180.26817   -0.04132   23.58847   23.17061    0.27133    0.14975    6.05657   -3.58306   -3.81501   -8.54938    2.00000
 179.87160    0.04166   22.18445   21.92828    0.13500    0.07451   18.04451   -3.04361   -2.49343   -5.30316    2.00000
 179.86525   -0.10213   23.43962   23.04491    0.16908    0.09332    6.68938    0.21598   -1.41274   -1.18572    2.00000
 180.21840   -0.13882   23.31455   22.93897    0.25879    0.14283    7.39021   -9.00744   -2.67373   -7.39498    2.00000
 180.02673   -0.05996   23.80327   23.34880    0.06565    0.03623    5.15945   -1.30235    4.06194    7.67398    2.00000
 179.60132   -0.75245   22.69994   22.39842    0.85154    0.47002   12.01418   -6.18517   -2.46599   -8.46784    2.00000
 179.97002    0.00172   23.26930   22.90045    0.03003    0.01658    7.68986    1.25107    0.55595    1.35058    2.00000
 179.86990    0.02969   22.01466   21.77055    0.13344    0.07365   20.87306    0.74902   -1.69909   -1.11492    2.00000
 179.93932   -0.10179   23.84138   23.38025    0.11851    0.06541    5.00111    0.05225   -2.30638   -4.10185    2.00000
 179.99617    0.04779   21.09473   20.83776    0.04794    0.02646   44.95706   -7.12476    1.88251   -5.20930    2.00000
 179.97508    0.01724   23.42070   23.02890    0.03030    0.01672    6.77002    0.44995    3.67702    1.57609    2.00000
 180.03223    0.04835   23.64149   23.21489    0.05810    0.03207    5.83362   -5.75550   -2.74419   -5.77072    2.00000
 179.92393    0.10306   23.23029   22.86658    0.12809    0.07069    7.95329   -0.48694    2.76856    3.37567    2.00000
 180.00487    0.02867   23.08261   22.73797    0.02908    0.01605    8.95358    3.11923    1.40055    6.25216    2.00000
 180.10814    0.08017   23.74300   23.29903    0.13462    0.07430    5.41002   -2.91811   -0.46050   -4.25405    2.00000
 180.14932   -0.09320   22.30771   22.04157    0.17602    0.09715   16.26338   -0.75646    1.71738    1.31408    2.00000
 180.02138    0.01428   22.99211   22.65878    0.02571    0.01419    9.56959    0.85418   -1.21702    1.44653    2.00000
 180.00420    0.01382   22.94195   22.61445    0.01445    0.00797    9.91436   -1.39123    0.32652   -0.20894    2.00000
 180.06873    0.05907   22.94977   22.62143    0.09062    0.05002    9.86011   -8.54259   -1.92797   -9.52136    2.00000
 179.97208   -0.01069   22.77229   22.46309    0.02989    0.01650   11.24404    0.37747   -0.97362   -1.83642    2.00000
 180.08873   -0.02808   18.07671   18.05486    0.09307    0.05137  278.25543    6.14964   -2.50054    3.61856    2.00000
 179.97989   -0.00218   21.81537   21.58429    0.02023    0.01117   24.21310   -1.67762    6.71332    4.68449    2.00000
 180.03902   -0.01146   22.88457   22.56331    0.04066    0.02244   10.31216   -0.10737   -2.10243   -8.63604    2.00000
 180.03281    0.12086   22.28213   22.01806    0.12523    0.06912   16.54342    1.82667    0.11751    2.27074    2.00000
 179.93591   -0.01354   23.08261   22.73797    0.06551    0.03616    8.95358    0.74272    1.44617   -1.87404    2.00000
 179.78392   -0.32242   21.40852   21.18570    0.38813    0.21422   33.99195    1.91197    0.22235    2.51650    2.00000
 180.09064    0.42200   22.90282   22.57958    0.43162    0.23822   10.18559   -3.06110   -0.16550   -0.96292    2.00000
 180.08493    0.10724   23.20347   22.84329    0.13680    0.07550    8.13441    2.02557    2.89438    2.08445    2.00000
 180.14255    0.02186   21.62287   21.39961    0.14421    0.07959   28.36522    1.31423   -2.06228    0.33929    2.00000
 180.01398    0.04590   23.69060   23.25563    0.04798    0.02648    5.62850   -0.53814   -0.56391    1.24790    2.00000
 180.06670   -0.10371   23.66067   23.23084    0.12330    0.06805    5.75334   -0.61404    3.74985   -1.07574    2.00000
 180.03458    0.05921   23.60614   23.18537    0.06856    0.03784    5.98225   -0.65018    2.72375   -3.09298    2.00000
 180.01012    0.02909   22.94977   22.62143    0.03079    0.01700    9.86011    2.28614   -2.85868   -1.32705    2.00000
 179.94289   -0.13611   23.27918   22.90900    0.14761    0.08147    7.62329    4.28325    0.55406    5.23057    2.00000
 180.08089   -0.07350   22.82468   22.50993    0.10929    0.06032   10.72736   -0.92535   -0.17132   -2.85731    2.00000
 179.96968   -0.01241   22.48644   22.20570    0.03276    0.01808   14.30905   -3.60353   -0.60629   -5.30623    2.00000
 180.01511   -0.00504   22.90543   22.58191    0.01593    0.00879   10.16750    0.86343    2.01511    4.57150    2.00000
 180.00632   -0.02849   22.97271   22.64177    0.02918    0.01611    9.70190   -3.30642   -0.24130   -2.19726    2.00000
 179.99121   -0.10942   22.90282   22.57958    0.10977    0.06059   10.18559    1.45710   -1.70192   -1.64943    2.00000
 179.99063    0.00750   22.39652   22.12339    0.01200    0.00662   15.28912   -8.82137   -2.57543  -10.81291    2.00000
 180.00151    0.07981   22.05029   21.80372    0.07983    0.04406   20.27825   -1.23385    2.17544    1.20865    2.00000
 179.92400   -0.05470   21.76153   21.53326    0.09364    0.05168   25.12819    2.27575    2.80960    4.83133    2.00000
 179.98132    0.04273   21.95163   21.71186    0.04664    0.02574   21.92540    1.30310   -0.06616    1.97552    2.00000
 180.01083   -0.01552   23.19616   22.83694    0.01892    0.01044    8.18380    2.65376    3.05949    2.39479    2.00000
 180.01891    0.16854   21.89430   21.65828    0.16960    0.09361   22.88624   -0.56457    0.60611    0.82242    2.00000
 180.06947    0.01520   23.03701   22.69811    0.07113    0.03926    9.26362   -0.43165    0.47500   -0.55938    2.00000
 180.04256   -0.01852   21.71390   21.48733    0.04641    0.02561   26.05784    2.61437   -0.10389    2.30604    2.00000
 179.98145    0.02273   21.85075   21.61746    0.02934    0.01619   23.61830   -1.61404   -0.97792   -2.87810    2.00000
 179.99791    0.00250   22.21529   21.95663    0.00326    0.00180   17.53613    0.51318   -2.62021   -2.04278    2.00000
 179.96860    0.05128   23.13302   22.78203    0.06013    0.03319    8.61091   -0.21699   -0.89495   -0.81558    2.00000
 180.00322    0.01195   23.47746   23.07693    0.01238    0.00683    6.52819    2.06027   -3.05698   -4.48637    2.00000
 179.98685   -0.06428   21.05173   20.78301    0.06561    0.03621   47.00895    0.51836    1.67789    2.51059    2.00000
 179.83322   -0.05733   22.05303   21.80627    0.17636    0.09734   20.23250   -2.74912   -1.41028   -3.56684    2.00000
 179.96812   -0.03642   23.35266   22.97125    0.04840    0.02671    7.13912   -3.42671    0.35585   -6.57350    2.00000
 179.90526    0.02317   23.56389   23.15006    0.09753    0.05383    6.16001    3.40318   -0.54720    3.18609    2.00000
 179.94638    0.04790   22.19216   21.93537    0.07190    0.03968   17.91741   -1.97611    0.01861   -1.96777    2.00000
 180.02002   -0.00882   20.95324   20.64412    0.02188    0.01208   52.21386   -0.67474    0.25137   -0.58504    2.00000
 179.95529    0.04620   22.99857   22.66445    0.06429    0.03548    9.52549    0.15469    2.37827    2.44432    2.00000
 179.98373   -0.06179   23.52611   23.11809    0.06390    0.03527    6.32095   -1.10353   -0.00891   -1.96766    2.00000
 179.99155   -0.00490   23.33905   22.95972    0.00978    0.00540    7.22879   -2.24934    1.42567   -2.41564    2.00000
 180.03358    0.05112   21.96259   21.72207    0.06117    0.03376   21.74238    0.20265   -3.88958   -4.40177    2.00000
 179.96529   -0.12603   23.39348   23.00584    0.13072    0.07215    6.88611   -3.98733   -2.90920  -10.29933    2.00000
 179.99139   -0.00513   22.98349   22.65122    0.01002    0.00553    9.62840   -3.88904   -0.40974   -5.26020    2.00000
 180.07338   -0.02287   21.73242   21.50519    0.07686    0.04242   25.63148    6.60042   -0.43527    6.18637    2.00000
 180.02583   -0.01580   22.91587   22.59121    0.03027    0.01671   10.09518   -5.29072    3.52837   -0.33757    2.00000
 180.12717    0.18445   23.83661   23.37632    0.22403    0.12365    5.02090    4.34072    1.40506    6.05534    2.00000
 180.02675    0.03538   21.91607   21.67869    0.04435    0.02448   22.52020    7.34412   -2.47130    5.25843    2.00000
 179.99536   -0.00801   23.45044   23.05406    0.00926    0.00511    6.64333   -1.57657    1.01334    0.99250    2.00000
 180.08931    0.05342   22.60106   22.30959    0.10406    0.05744   13.07197    0.41500    0.71980    5.10537    2.00000
 179.82840   -0.10802   23.11862   22.76944    0.20276    0.11191    8.70881   -9.25268    2.98267   -4.65916    2.00000
 180.15123   -0.10533   22.35091   22.08138    0.18430    0.10172   15.78942   -0.71586   -3.68094   -3.16802    2.00000
 179.96579    0.03832   22.71242   22.40957    0.05137    0.02835   11.88140    0.16956   -4.61363   -5.67323    2.00000
 179.88493   -0.25199   22.66365   22.36583    0.27701    0.15289   12.40220   -0.37527    0.36606    1.29980    2.00000
 180.27580   -0.17290   23.80804   23.35273    0.32551    0.17966    5.13965    0.11323    4.23915    3.30001    2.00000
 179.98630   -0.16906   22.76231   22.45417    0.16961    0.09361   11.35027   -5.26221   -0.43351   -2.88904    2.00000
 180.02763   -0.01349   22.85066   22.53309    0.03074    0.01697   10.54722   -2.84241    3.69967    3.20308    2.00000
 180.00114    0.02887   21.55668   21.33599    0.02889    0.01595   30.03864    3.12485    2.05046    4.35769    2.00000
 180.03831    0.03389   23.77232   23.32325    0.05115    0.02823    5.28809   -1.05581   -1.89302   -4.33094    2.00000
 179.97845    0.01427   22.10234   21.85281    0.02584    0.01426   19.39788    6.20628   -4.71539   -0.03388    2.00000
 179.92862   -0.04140   23.82709   23.36845    0.08252    0.04554    5.06049    1.53372   -0.72589    3.51951    2.00000
 179.95094    0.02545   23.79137   23.33897    0.05526    0.03050    5.20893    0.58340   -1.92057   -3.27147    2.00000
 179.99507   -0.01872   22.54503   22.25909    0.01935    0.01068   13.67327    4.07321    1.72488    5.30982    2.00000
 180.06024    0.01008   22.08064   21.83217    0.06108    0.03371   19.76798   -2.09382    1.11032   -0.90647    2.00000
 179.86842   -0.27738   23.45314   23.05635    0.30701    0.16945    6.63182   -2.78149   -3.15799   -4.00164    2.00000
 179.97180    0.01319   21.53730   21.31726    0.03114    0.01719   30.53141   -6.96467    0.08737   -6.44452    2.00000
 179.99899   -0.02955   22.24100   21.98026    0.02956    0.01632   17.11248    0.68589   -0.20030    2.19556    2.00000
 180.06339   -0.05550   21.26887   21.03930    0.08424    0.04649   37.84308    0.66021   -1.70271   -0.72920    2.00000
 179.99918   -0.02006   22.42052   22.14550    0.02008    0.01108   15.02581    1.03283    5.08502    5.89065    2.00000
 179.96312   -0.01968   21.18023   20.94031    0.04180    0.02307   41.11360    2.56084   -1.52946    1.14196    2.00000
 179.99359    0.03752   22.59323   22.30256    0.03806    0.02101   13.15569    7.30935    1.01873    7.46205    2.00000
 180.03938    0.03200   21.69538   21.46947    0.05075    0.02801   26.52765    2.65785   -0.39158    1.97810    2.00000
 179.99210   -0.01174   22.12464   21.87355    0.01415    0.00781   19.02594   -1.60882   -1.14497   -4.36591    2.00000
 180.06123   -0.18237   23.48287   23.08150    0.19238    0.10618    6.50517   -3.38954    0.59318    0.91428    2.00000
 180.03435    0.00864   23.08021   22.73588    0.03542    0.01955    8.96990    3.50260    1.60494    9.15614    2.00000
 179.97871    0.05386   19.51956   19.00697    0.05791    0.03196  161.02995   -5.89834   -0.31868   -6.29024    2.00000
 179.99805    0.09366   22.86892   22.54936    0.09368    0.05170   10.42065    0.21439    0.47439    1.74866    2.00000
 179.95139    0.04872   23.45314   23.05635    0.06883    0.03799    6.63182   -1.46647   -4.23927    3.69543    2.00000
 179.97186   -0.00964   23.80566   23.35076    0.02974    0.01642    5.14955    7.33501    1.62446    0.18587    2.00000
 180.01779   -0.02956   21.77211   21.54346    0.03450    0.01904   24.94517   -4.03660   -2.81421   -6.65141    2.00000
 180.01550    0.04541   21.68479   21.45926    0.04798    0.02648   26.79611   -4.53363   -2.24094   -6.28073    2.00000
 180.07962   -0.10935   20.73531   20.31162    0.13527    0.07466   67.32311    3.44654    1.01879    4.65390    2.00000
 179.92731    0.01709   22.55206   22.26550    0.07468    0.04122   13.59698   -4.39790    1.87280   -2.06267    2.00000
 180.02313   -0.04987   22.98780   22.65500    0.05497    0.03034    9.59899    7.23642   -2.17420    5.07688    2.00000
 179.98785    0.01801   19.42538   18.90842    0.02173    0.01199  171.77232    0.98999   -2.09863   -0.99074    2.00000
 180.01100   -0.07876   23.64309   23.21623    0.07952    0.04389    5.82687   -4.23313    2.75593   -2.91661    2.00000
 180.29880   -0.21361   22.74236   22.43633    0.36729    0.20272   11.56272   -0.69072   -0.49122   -1.53611    2.00000
 180.06602    0.03760   23.02277   22.68567    0.07598    0.04194    9.36039   -2.94678   -2.93552   -3.75111    2.00000
 179.99010   -0.19824   22.61410   22.32131    0.19849    0.10955   12.93243   -2.66029    0.71985   -3.71463    2.00000
 179.99699   -0.01270   23.12102   22.77154    0.01305    0.00720    8.69250   -4.13220   -1.91342   -8.38595    2.00000
 179.95030   -0.11740   22.53097   22.24628    0.12749    0.07036   13.82586    2.54506    0.46897    2.97208    2.00000
 180.03008   -0.01515   23.50990   23.10437    0.03367    0.01859    6.39003   -1.22839   -1.74140   -1.20386    2.00000
 179.97418   -0.03277   21.61703   21.39400    0.04171    0.02302   28.51287    1.26880   -0.26276    1.93313    2.00000
 179.97984   -0.02117   23.45584   23.05863    0.02923    0.01614    6.62030   -5.11466   -0.57658   -6.14729    2.00000
 180.16399    0.13251   22.37492   22.10349    0.21083    0.11636   15.52610   -6.48431    0.92341   -6.48518    2.00000
 180.07646    0.00479   23.20591   22.84541    0.07661    0.04228    8.11794    2.13750   -2.61629   -4.14276    2.00000
 179.88094    0.25087   20.28580   19.81075    0.27768    0.15326   96.32479    4.86736    2.46328    7.27515    2.00000
 179.99406    0.04766   21.95163   21.71186    0.04803    0.02651   21.92540   -1.80550    1.30887   -0.26480    2.00000
 179.83151    0.05511   21.27291   21.04361    0.17727    0.09784   37.72973   -3.78788   -2.08331   -5.52365    2.00000
 180.05267    0.12791   22.62714   22.33302    0.13833    0.07635   12.79290   -1.96410   -0.22505   -2.97588    2.00000
 180.05850    0.02703   23.48287   23.08150    0.06444    0.03557    6.50517    2.74566    0.40509    0.41659    2.00000
 180.02986   -0.04925   23.76279   23.31538    0.05759    0.03179    5.32768   -3.97498   -0.95610   -6.39522    2.00000
 180.03130    0.03141   22.33171   22.06369    0.04434    0.02447   16.00007    2.37041    0.21833    2.16386    2.00000
 179.98610   -0.03467   22.74734   22.44079    0.03735    0.02062   11.50961    0.07397    2.26045    1.89160    2.00000
 179.96251   -0.01172   22.49347   22.21210    0.03928    0.02168   14.23276   -0.88152    1.32913    0.28108    2.00000
 179.97058    0.07238   21.98726   21.74503    0.07813    0.04312   21.33060    4.68211    1.51158    7.43522    2.00000
 180.00223   -0.03779   19.48117   18.96694    0.03786    0.02090  165.30112    6.00767    0.19076    6.14956    2.00000
 179.95099    0.01575   23.76755   23.31931    0.05148    0.02841    5.30789    4.11615    2.77577   13.51639    2.00000
 180.03154    0.02473   23.77946   23.32914    0.04008    0.02212    5.25841   -2.41675    2.25846    3.17042    2.00000
 180.01074    0.01935   21.42938   21.20702    0.02213    0.01222   33.43117    3.29927   -0.36500    3.60589    2.00000
 180.01881   -0.03659   22.57237   22.28381    0.04114    0.02271   13.37894   -1.24872   -0.23265   -4.21005    2.00000
 179.96565   -0.09664   22.86631   22.54704    0.10257    0.05661   10.43873    0.32755   -5.60954   -5.95281    2.00000
 180.02461   -0.02999   22.70493   22.40288    0.03880    0.02141   11.96107    1.80526   -2.10778   -0.54304    2.00000
 180.01208    0.02543   23.19372   22.83482    0.02816    0.01554    8.20027   -4.87892    3.35141   -2.49929    2.00000
 179.96938   -0.03021   23.30639   22.93205    0.04302    0.02374    7.44401   -3.91619    0.41804   -0.83546    2.00000
 180.01341    0.02906   23.02740   22.68972    0.03201    0.01767    9.32889    4.57840   -0.27496    2.77275    2.00000
 179.88644   -0.03793   22.96281   22.63305    0.11972    0.06607    9.76970    6.61737    0.09786    6.83499    2.00000
 179.97797   -0.00983   18.74559   18.18626    0.02412    0.01331  260.15610    0.77796   -2.80924   -2.10332    2.00000
 180.01843    0.13035   23.25223   22.88563    0.13165    0.07266    7.80511   -3.91666   -1.06500   -7.31852    2.00000
 180.03004    0.01300   21.62871   21.40522    0.03274    0.01807   28.21757   -2.49956    0.30208   -2.58080    2.00000
 179.90807    0.10410   23.48017   23.07922    0.13888    0.07665    6.51668    0.91319    1.55691   -2.13806    2.00000
 180.17162    0.08754   20.89937   20.55624    0.19266    0.10633   55.50750   -2.17009   -1.15160   -3.25589    2.00000
 180.25345   -0.11778   23.67564   23.24323    0.27948    0.15425    5.69092    0.35250    0.96100    2.19864    2.00000
 179.91879   -0.02087   23.04901   22.70860    0.08385    0.04628    9.18203    4.48193   -0.81019    7.07428    2.00000
 179.95093    0.02837   23.70932   23.27113    0.05668    0.03128    5.55047   -1.86299    3.84011   -0.46593    2.00000
 179.97726   -0.17665   21.69802   21.47202    0.17811    0.09830   26.46053   -9.35137    2.71762   -7.12824    2.00000
 180.06296    0.00310   23.50179   23.09751    0.06303    0.03479    6.42457    5.45813    0.90221    5.13422    2.00000
 180.03464   -0.04084   18.06585   18.09262    0.05355    0.02955  273.05502    2.67693    0.87555    3.56171    2.00000
 180.02570    0.02828   23.23760   22.87293    0.03821    0.02109    7.90390   -1.83168    1.09890   -3.08592    2.00000
 179.84877   -0.04162   23.74674   23.30213    0.15685    0.08657    5.39442    6.17869   -0.26910    4.06324    2.00000
 180.06129    0.03291   23.09221   22.74637    0.06958    0.03840    8.88831    3.42747   -0.76212    4.15278    2.00000
 180.21959   -0.09665   21.30324   21.07592    0.23991    0.13241   36.87959    6.20247   -0.51453    5.79948    2.00000
 180.05035    0.07299   23.46395   23.06550    0.08868    0.04894    6.58576   -2.48030    0.06183   -3.94776    2.00000
 180.01015   -0.00263   23.08981   22.74427    0.01048    0.00578    8.90463    4.80201   -2.10145    4.03602    2.00000
 179.99319    0.04224   23.52341   23.11581    0.04278    0.02361    6.33246    2.57995    1.18755    8.01040    2.00000
 180.03415   -0.01669   23.17665   22.82001    0.03801    0.02098    8.31552   -2.12570    0.49953    0.50013    2.00000
 180.01759   -0.00936   23.81280   23.35666    0.01994    0.01100    5.11986   -1.39839   -3.26772   -9.60360    2.00000
 180.01685    0.01529   23.63185   23.20684    0.02275    0.01256    5.87416   -1.98070   -2.98001   -1.95763    2.00000
 179.97012   -0.02702   23.08021   22.73588    0.04028    0.02223    8.96990    1.25857   -0.20419    1.48592    2.00000
 180.09288    0.04137   19.95884   19.46653    0.10168    0.05612  120.52756    1.61076    3.58075    5.06641    2.00000
 179.84018    0.00824   23.78660   23.33504    0.16004    0.08833    5.22872   -4.60427   -1.50058   -6.27804    2.00000
 179.86874    0.01780   22.80722   22.49432    0.13245    0.07310   10.87225    2.93753   -0.21303    2.18974    2.00000
 179.99284   -0.08667   19.15799   18.62597    0.08697    0.04800  203.00896   -3.83502   -0.39250   -4.23316    2.00000
 179.95526    0.00291   23.74868   23.30374    0.04483    0.02475    5.38631    4.81801   -1.87341    2.62324    2.00000
 179.96411   -0.00372   23.56389   23.15006    0.03608    0.01992    6.16001   -0.96021   -0.87927   -1.54315    2.00000
 180.32831    0.40332   23.12582   22.77574    0.52005    0.28703    8.65986   -0.49689    0.45604   -1.41968    2.00000
 180.02032   -0.02468   22.54737   22.26123    0.03197    0.01765   13.64784    2.23905   -1.47040   -0.49545    2.00000
 180.05075   -0.01867   23.41253   23.02198    0.05408    0.02985    6.80485   -3.17006   -1.05330   -6.03691    2.00000
 180.03362   -0.05946   21.07293   20.81096    0.06831    0.03770   45.96136   -4.34495    2.37462   -2.16523    2.00000
 179.96095    0.00091   22.77728   22.46756    0.03905    0.02155   11.19093    1.77491    3.89702    6.88976    2.00000
 179.96953    0.03602   22.13012   21.87856    0.04718    0.02604   18.93612    3.83194    0.44665    6.22074    2.00000
 180.08897    0.05856   22.52394   22.23987    0.10651    0.05879   13.90215   -4.98359    1.52182   -4.37270    2.00000
 179.98566    0.00019   22.95238   22.62375    0.01434    0.00792    9.84203   -0.71428    2.06330   -1.17627    2.00000
 179.97446    0.00574   23.52341   23.11581    0.02619    0.01446    6.33246    3.49392   -0.46792    8.94778    2.00000
 180.03546   -0.12060   21.85892   21.62511    0.12570    0.06938   23.48104   -4.84770    4.30771    0.04230    2.00000
 180.00786   -0.04225   22.29498   22.02987    0.04297    0.02372   16.40276   -1.85235   -1.49336   -4.31414    2.00000
 180.02910    0.00574   22.26413   22.00152    0.02967    0.01637   16.74035    0.44966   -0.62089   -0.03508    2.00000
 179.97713   -0.09689   23.67189   23.24013    0.09955    0.05494    5.70652    2.57406    2.70484    5.30659    2.00000
 180.01884    0.00607   23.00934   22.67390    0.01980    0.01093    9.45199    2.84115    4.04393    5.33252    2.00000
 179.82576   -0.13214   23.67564   23.24323    0.21868    0.12070    5.69092    7.88124    0.33108    9.45296    2.00000
 179.93655    0.01839   23.68499   23.25098    0.06607    0.03646    5.65191    4.10167   -1.46644   -0.18249    2.00000
 179.99661   -0.03247   21.95985   21.71952    0.03265    0.01802   21.78814   -1.10692    2.31110    1.86804    2.00000
 180.00845   -0.02221   23.24004   22.87504    0.02377    0.01312    7.88743   -0.44310   -0.47688    1.31237    2.00000
 180.09007   -0.01280   16.28523   15.40726    0.09098    0.05021 1025.69653   -6.15174    2.47311   -3.67532    2.00000
 180.00681   -0.03125   21.31133   21.08454    0.03199    0.01765   36.65289   -2.47949    0.11872   -2.17140    2.00000
 179.96735   -0.01719   22.23329   21.97317    0.03690    0.02036   17.23957    1.66770   -0.68423    1.16599    2.00000
 180.14310    0.03229   20.81727   20.42114    0.14669    0.08096   61.67887    7.63287    3.67295   10.85615    2.00000
 179.75443   -0.38597   20.65884   20.21907    0.45747    0.25249   72.09275   -0.85685    1.13782    0.21110    2.00000
 179.96811   -0.02596   22.90282   22.57958    0.04112    0.02269   10.18559    4.55854    1.98529    7.51489    2.00000
 180.00172    0.14524   23.57562   23.15987    0.14525    0.08016    6.11062    0.22893    0.89931   -4.89017    2.00000
 179.92844    0.01410   23.65693   23.22774    0.07294    0.04026    5.76894   -0.86338   -1.32372    0.22841    2.00000
 179.99861   -0.01175   23.24736   22.88139    0.01183    0.00653    7.83804   -6.14539   -1.80726   -4.50366    2.00000
 179.61440   -0.23283   22.88457   22.56331    0.45044    0.24861   10.31216    4.86928   -1.95280    2.59426    2.00000
 179.98447    0.03425   21.94067   21.70166    0.03761    0.02076   22.10842   -0.97184    3.03833    2.35152    2.00000
 180.02618    0.03936   23.24736   22.88139    0.04727    0.02609    7.83804    2.28006   -3.46970    0.13572    2.00000
 180.01215    0.00572   21.36418   21.14040    0.01342    0.00741   35.18363   -1.16668   -0.76534   -2.38519    2.00000
 180.08298   -0.13920   20.33480   19.86275    0.16205    0.08944   92.76885   -0.81137    4.14377    3.15721    2.00000
 180.00633   -0.03901   22.49816   22.21638    0.03952    0.02181   14.18190   -1.69937    1.17345    0.33501    2.00000
 180.08897   -0.16744   22.08994   21.84102    0.18961    0.10465   19.60937   -0.29791   -0.60535   -0.93384    2.00000
 179.98825   -0.03285   22.07212   21.82406    0.03489    0.01926   19.91338   -3.30751   -1.38439   -5.42583    2.00000
 180.00574    0.06974   22.98241   22.65027    0.06997    0.03862    9.63575    0.49024   -0.97303   -0.05134    2.00000
 179.96358   -0.07431   23.13782   22.78623    0.08276    0.04568    8.57827   -3.59055    4.68503    2.53550    2.00000
 180.07274   -0.02260   21.01306   20.73203    0.07617    0.04204   48.91926    0.55164    0.78195    1.15994    2.00000
 179.98123   -0.05738   22.44894   22.17153    0.06037    0.03332   14.71595   -0.00440    2.16142    2.81281    2.00000
 179.90781   -0.00263   22.61931   22.32599    0.09223    0.05090   12.87662    3.10866    1.37165    4.22638    2.00000
 180.00868    0.00808   23.58044   23.16390    0.01186    0.00655    6.09035    1.39792    0.93590   -2.36224    2.00000
 180.11983    0.08304   22.46066   22.18220    0.14579    0.08047   14.58880   -2.94753    0.14660   -4.38292    2.00000
 180.05898   -0.00687   21.55473   21.33412    0.05938    0.03277   30.08785    2.19011   -0.33318    2.13587    2.00000
 179.95708    0.02378   20.62142   20.17563    0.04907    0.02708   74.33123   -1.22334   -0.68154   -1.88489    2.00000
 179.92953   -0.03222   20.96473   20.66133    0.07748    0.04276   51.56884    0.76459   -5.01489   -4.07662    2.00000
 180.00356   -0.01769   23.49368   23.09065    0.01805    0.00996    6.45911    5.48848   -3.84532   -2.62153    2.00000
 180.02904    0.06811   22.80971   22.49655    0.07404    0.04087   10.84570    0.44964   -1.24485   -0.91905    2.00000
 179.98804   -0.01274   22.96493   22.63494    0.01748    0.00965    9.75504   -0.84872    3.09400    1.25500    2.00000
 180.04555    0.04339   21.58393   21.36219    0.06291    0.03472   29.34958    2.33255    1.76825    3.99374    2.00000
 180.05057    0.07563   23.78422   23.33307    0.09098    0.05021    5.23861   -0.24211    1.45873   -1.27302    2.00000
 180.00677    0.09782   23.55584   23.14325    0.09805    0.05412    6.19430    3.42468    0.12235    0.13238    2.00000
 180.00841   -0.02287   20.91445   20.58084    0.02436    0.01345   54.58528    3.48981    1.80571    5.39446    2.00000
 180.00969   -0.00001   21.54500   21.32477    0.00969    0.00535   30.33394    3.35007   -1.52861    1.35818    2.00000
 180.21120    0.07780   23.46125   23.06321    0.22506    0.12422    6.59727   -0.06306    1.51984    2.14679    2.00000
 179.99313    0.05300   23.78899   23.33700    0.05345    0.02950    5.21882   -2.10342    0.69470    1.00031    2.00000
 180.05321    0.01515   23.29550   22.92283    0.05532    0.03053    7.51575    5.09257    1.20098    6.73939    2.00000
 180.04054    0.05485   22.37012   22.09907    0.06821    0.03765   15.57877    7.61732   -0.53414    6.90286    2.00000
 179.89098   -0.05200   22.90022   22.57726    0.12079    0.06667   10.20367   -1.33186    1.90720   -0.34093    2.00000
 180.03436    0.09576   23.75088   23.30555    0.10174    0.05615    5.37716   -3.14013   -1.07056  -12.40811    2.00000
 179.95769    0.02509   23.06821   22.72539    0.04918    0.02715    9.05149   -1.40204    0.46940   -0.67942    2.00000
 180.07568    0.20199   22.45831   22.18007    0.21570    0.11905   14.61423    5.18015   -3.22557    2.19870    2.00000
 179.94173    0.00484   23.30095   22.92744    0.05848    0.03228    7.47988   -2.99005   -3.88575   -8.74409    2.00000
 180.02908   -0.38374   22.94456   22.61678    0.38484    0.21241    9.89627    6.34032    0.16164    6.63871    2.00000
 180.01553   -0.00797   22.45831   22.18007    0.01746    0.00964   14.61423   -2.11921   -0.94602   -2.80277    2.00000
 179.96162    0.02887   22.22301   21.96372    0.04802    0.02650   17.40903    0.25334   -0.50294    0.35163    2.00000
 179.98479   -0.09526   23.35538   22.97356    0.09647    0.05324    7.12118   -2.61582    1.29845   -6.48412    2.00000
 180.00520   -0.06964   21.43721   21.21502    0.06983    0.03854   33.22087   -2.53313    1.41786   -1.82324    2.00000
 180.05090    0.01786   23.03701   22.69811    0.05394    0.02977    9.26362    1.75785   -3.25272    0.64493    2.00000
 179.98502    0.03349   23.23517   22.87081    0.03669    0.02025    7.92036   -1.80606   -2.43253   -2.63601    2.00000
 180.14430   -0.00133   22.60888   22.31662    0.14431    0.07965   12.98825   -2.09773   -3.85266   -3.55048    2.00000
 179.89957   -0.10723   23.53962   23.12953    0.14692    0.08109    6.26338    2.83474   -1.34672   -0.33479    2.00000
 179.93616   -0.25355   23.74487   23.30058    0.26146    0.14431    5.40222   -1.12374    0.94692    0.65163    2.00000
 180.06851    0.01840   21.97903   21.73738    0.07094    0.03915   21.46786    3.11674   -2.94318   -0.71537    2.00000
 179.95502    0.07722   22.51456   22.23133    0.08937    0.04932   14.00388   -1.87822    0.65680   -3.66401    2.00000
 179.95439    0.25669   23.72616   23.28508    0.26071    0.14389    5.48025    0.10181   -1.85919   -1.40645    2.00000
 180.04526   -0.03577   22.47238   22.19288    0.05768    0.03184   14.46164   -0.96649   -0.63382   -1.50682    2.00000
 180.01718    0.03034   23.79613   23.34290    0.03487    0.01924    5.18913    3.05360    2.48972    6.50551    2.00000
 180.04913    0.04271   22.46300   22.18434    0.06510    0.03593   14.56336   -3.55776    3.05422    0.13640    2.00000
 180.04575    0.01238   23.26930   22.90045    0.04740    0.02616    7.68986    3.92437   -3.26267    4.55972    2.00000
 180.05215   -0.01206   22.95499   22.62608    0.05354    0.02955    9.82395    1.78508   -4.40616   -6.56951    2.00000
 179.99641   -0.02760   23.23273   22.86869    0.02783    0.01536    7.93683    1.82932    0.22307    5.64319    2.00000
 179.95187   -0.03086   18.47729   17.89870    0.05718    0.03156  303.08966    1.97783   -1.02689    0.89370    2.00000
 179.99498   -0.02697   22.45363   22.17580    0.02743    0.01514   14.66509    0.23490    1.34920    2.54939    2.00000
 179.98639   -0.04087   23.63988   23.21355    0.04307    0.02377    5.84038   -3.58232   -1.41513   -9.24138    2.00000
 179.97194   -0.00291   21.07681   20.81598    0.02821    0.01557   45.77304    0.51780    1.00933    1.81023    2.00000
 180.01920   -0.00476   22.32211   22.05484    0.01979    0.01092   16.10540   -0.86489    0.15882   -1.02607    2.00000
 180.01913   -0.03058   20.94246   20.62654    0.03607    0.01991   52.87259   -5.13480   -1.99277   -7.20065    2.00000
 179.99074    0.02392   22.72489   22.42072    0.02565    0.01415   11.74862   -3.06228    1.28531   -5.11427    2.00000
 180.00346    0.05066   21.87253   21.63787    0.05078    0.02803   23.25227    2.45048    2.54722    4.48264    2.00000
 179.97623   -0.02599   23.53962   23.12953    0.03523    0.01945    6.26338    1.66509   -0.71247    2.06320    2.00000
 179.36092   -0.78932   22.94195   22.61445    1.01559    0.56059    9.91436    2.97706    0.44215    5.39017    2.00000
 180.06256   -0.10348   22.86892   22.54936    0.12092    0.06674   10.42065   -0.88601    3.95022    0.88339    2.00000
 179.98727   -0.00707   21.75359   21.52560    0.01456    0.00804   25.26545   -5.08717    1.79342   -3.63246    2.00000
 180.08842    0.06592   21.26684   21.03714    0.11029    0.06087   37.89975   -3.44419   -2.07293   -5.32641    2.00000
 179.99605    0.08841   21.16738   20.92538    0.08850    0.04885   41.67317    1.79814    2.25927    3.99610    2.00000
 179.92508   -0.40517   23.06821   22.72539    0.41204    0.22742    9.05149   -4.39373   -0.42384   -7.83477    2.00000
 180.09042   -0.08661   20.78415   20.37524    0.12521    0.06910   64.04466   -3.90180    1.50375   -2.43056    2.00000
 179.99361    0.03784   22.75982   22.45194    0.03838    0.02118   11.37683   -3.87557   -1.87399   -5.45531    2.00000
 179.99512    0.06859   22.77728   22.46756    0.06877    0.03795   11.19093   -1.84796    0.82085   -2.08447    2.00000
 180.00641    0.00508   22.45128   22.17366    0.00818    0.00452   14.69052   -4.79158    0.01456   -6.03359    2.00000
 180.32648   -0.08967   22.09304   21.84396    0.33856    0.18686   19.55650    0.53856    3.02494    2.42666    2.00000
 179.96069   -0.01411   23.04421   22.70441    0.04177    0.02305    9.21467   -1.79435    1.31851   -0.86174    2.00000
 179.95229   -0.00686   23.29006   22.91822    0.04821    0.02661    7.55162   -2.10642   -0.28077   -4.29014    2.00000
 179.95123   -0.02705   22.16968   21.91471    0.05577    0.03078   18.28787    0.97639    0.22031    1.09609    2.00000
 180.10887   -0.00349   22.25899   21.99679    0.10892    0.06012   16.81592   -1.67642    2.14017    0.68817    2.00000
 180.03033    0.04519   22.69745   22.39619    0.05444    0.03004   12.04074    1.72978    0.48431   -3.01577    2.00000
 179.95349    0.01019   21.25875   21.02852    0.04761    0.02628   38.12645    2.34013   -2.63745    0.00987    2.00000
 179.74928   -0.16175   22.35811   22.08801    0.29836    0.16467   15.71042    4.05603    0.89232    7.26732    2.00000
 179.94772    0.01777   21.26684   21.03714    0.05521    0.03047   37.89975   -0.10598    1.29841    1.61015    2.00000
 179.87511   -0.00031   21.40069   21.17771    0.12490    0.06894   34.20225    0.95054   -0.50914    1.06360    2.00000
 180.08395    0.00563   20.95108   20.64061    0.08415    0.04645   52.34561    5.45728   -3.09857    2.10578    2.00000
 180.02600    0.00037   23.76279   23.31538    0.02600    0.01435    5.32768   -2.80677   -0.89705   -2.64704    2.00000
 179.97261   -0.01497   23.25467   22.88774    0.03121    0.01723    7.78864   -2.56322   -0.19802   -1.52325    2.00000
 179.98219   -0.01997   22.89500   22.57261    0.02675    0.01476   10.23983   -4.68011    3.09655    0.91258    2.00000
 180.01881    0.00827   22.82723   22.51221    0.02055    0.01134   10.70962    2.39476   -3.70843   -1.33124    2.00000
 179.87813   -0.13609   22.62714   22.33302    0.18269    0.10083   12.79290    6.22924   -2.11853    6.08555    2.00000
 180.18195    0.01213   23.62060   23.19744    0.18234    0.10064    5.92145   -4.64795    0.72239   -7.10919    2.00000
 180.06583    0.08311   22.53331   22.24841    0.10602    0.05851   13.80043    1.22288    1.63455    6.78905    2.00000
