#RA        DEC       MAG_G     MAG_I     ANGSEP    RPROJ     SNR       VTRUE       VSYS       VMEAS      VSYSERR    
 180.00040    0.00571   22.58802   22.29787    0.00572    0.00316   13.21150   -1.29729    2.49277   -0.49862    2.00000
 180.01358    0.03503   21.42156   21.19903    0.03757    0.02073   33.64146   -0.91079   -0.08673   -0.93855    2.00000
 179.96429    0.08571   21.60340   21.38090    0.09285    0.05125   28.85740    2.19927    1.84111    3.79079    2.00000
 180.02689   -0.03947   21.54695   21.32664    0.04775    0.02636   30.28473    2.25332   -2.49971   -0.60363    2.00000
 179.96245   -0.03243   20.60819   20.16051    0.04962    0.02738   75.11042    1.54071    0.40675    2.28676    2.00000
 179.87944   -0.08070   21.91063   21.67359    0.14508    0.08007   22.61171    6.45518    1.92938    9.64519    2.00000
 179.95699   -0.01082   23.69809   23.26183    0.04435    0.02448    5.59729    0.48699    0.73444    5.92121    2.00000
 179.84467   -0.53220   21.87525   21.64042    0.55441    0.30600   23.20651    0.98441   -2.64048   -0.84328    2.00000
 179.87700   -0.09141   22.58541   22.29553    0.15325    0.08458   13.23941    5.44434    1.25607    7.38937    2.00000
 179.96979   -0.01790   23.29822   22.92513    0.03512    0.01938    7.49782    0.03776    1.43062    0.62992    2.00000
 179.96877    0.00832   20.82653   20.43570    0.03233    0.01784   60.92890   -1.82933   -0.33736   -1.89124    2.00000
 180.02681    0.01636   23.23029   22.86658    0.03140    0.01733    7.95329   -1.25131   -1.02428   -3.54105    2.00000
 180.13622   -0.05671   23.26442   22.89621    0.14754    0.08143    7.72278    4.81746    0.15461    1.93449    2.00000
 179.93578    0.02333   23.63827   23.21221    0.06832    0.03771    5.84713    3.15747   -0.09601   -3.67553    2.00000
 179.98253   -0.03128   23.15958   22.80519    0.03583    0.01978    8.43077   -4.10951    1.40104   -3.21688    2.00000
 179.97292   -0.00645   23.13302   22.78203    0.02784    0.01537    8.61091   -2.43996    2.10804   -0.00322    2.00000
 180.03453    0.06109   21.61313   21.39026    0.07018    0.03873   28.61131   -2.24648    1.64605   -0.22791    2.00000
 180.00070   -0.00819   16.90231   16.21373    0.00822    0.00454  702.39880   -4.48932   -1.51498   -6.02061    2.00000
 180.15446   -0.02678   22.11478   21.86454    0.15676    0.08652   19.18760    0.05389   -0.69966   -0.45615    2.00000
 180.01047    0.01305   23.81042   23.35469    0.01673    0.00923    5.12976   -0.95235   -1.46300   -5.74656    2.00000
 179.98872    0.06758   17.95548   17.96851    0.06851    0.03781  291.18375   -2.58050    0.77275   -1.75811    2.00000
 179.97076   -0.12171   23.54503   23.13410    0.12517    0.06908    6.24035    0.82232   -1.21351    0.24947    2.00000
 179.92769   -0.04750   21.60924   21.38651    0.08651    0.04775   28.70975   -0.50493    0.44142   -0.04976    2.00000
 179.97482   -0.08104   21.62676   21.40335    0.08486    0.04684   28.26678    3.10926    1.85626    4.62511    2.00000
 180.03793   -0.02297   23.59008   23.17195    0.04434    0.02447    6.04981   -0.31776    3.57639    0.64405    2.00000
 179.98569    0.00232   23.10181   22.75476    0.01450    0.00800    8.82304   -5.84208   -1.96553   -7.99534    2.00000
 180.00543    0.00377   22.61149   22.31896    0.00661    0.00365   12.96034   -5.63625    0.64750   -2.87820    2.00000
 179.99358    0.00129   22.11368   21.86353    0.00656    0.00362   19.20556    3.43005   -1.09849    1.68677    2.00000
 179.97427    0.02482   22.22301   21.96372    0.03574    0.01973   17.40903   -1.31295   -0.76893   -3.01439    2.00000
 179.98747    0.00888   21.19694   20.95972    0.01535    0.00847   40.38617    4.14026   -3.66461    0.17264    2.00000
 180.05585   -0.00874   23.14502   22.79252    0.05652    0.03119    8.52932    6.42584   -1.38834    9.98812    2.00000
 179.47453    0.02283   23.73177   23.28973    0.52597    0.29030    5.45684   -3.23230   -3.45659   -5.60399    2.00000
 179.99791    0.00297   23.24004   22.87504    0.00363    0.00200    7.88743    2.04750   -0.30353    4.61400    2.00000
 180.05354   -0.01219   23.46935   23.07007    0.05492    0.03031    6.56273    2.21235   -2.07716   -1.24345    2.00000
 180.03026   -0.02207   23.45854   23.06092    0.03745    0.02067    6.60879   -0.84540   -1.63909   -1.38627    2.00000
 180.16888    0.04931   23.54233   23.13182    0.17593    0.09710    6.25187    5.86369    0.94333    7.27381    2.00000
 179.70210   -0.18092   23.49368   23.09065    0.34853    0.19236    6.45911    4.55437   -2.05961    2.23551    2.00000
 180.05397    0.10532   23.41525   23.02428    0.11835    0.06532    6.79324   -3.53929    1.17889   -0.37224    2.00000
 180.03474    0.09682   22.89500   22.57261    0.10287    0.05678   10.23983   -0.26120   -2.61725    0.05406    2.00000
 179.96207   -0.00983   18.04085   18.06762    0.03919    0.02163  276.49863    1.78948    0.27384    2.03785    2.00000
 180.00310   -0.03472   21.35398   21.12998    0.03485    0.01924   35.45781    3.79389    0.96306    4.07046    2.00000
 179.99390    0.08111   22.35811   22.08801    0.08134    0.04489   15.71042    6.15397   -1.27303    6.55924    2.00000
 180.09837    0.07561   23.24736   22.88139    0.12408    0.06848    7.83804   -2.94628    5.48931    4.21861    2.00000
 180.01482   -0.05682   21.03052   20.75505    0.05872    0.03241   48.05654    0.13907    2.17914    2.15538    2.00000
 179.99850   -0.02915   23.00503   22.67012    0.02918    0.01611    9.48139    2.04520   -2.78004    0.03932    2.00000
 179.93634    0.00456   23.33633   22.95742    0.06382    0.03522    7.24673    3.75449   -3.32910    2.67360    2.00000
 180.04077   -0.00078   21.76417   21.53581    0.04078    0.02251   25.08243    0.19498    0.19048   -0.29455    2.00000
 179.93919    0.03955   21.70861   21.48223    0.07253    0.04003   26.19207   -1.69623   -1.04659   -3.62786    2.00000
 179.88828    0.09051   23.25467   22.88774    0.14379    0.07936    7.78864    0.14578   -0.79287   -4.58082    2.00000
 179.96844   -0.01075   21.44503   21.22301    0.03333    0.01840   33.01057    0.39317   -2.10552   -2.28823    2.00000
 179.96973   -0.02560   18.68424   18.12049    0.03965    0.02188  269.21582   -0.11649    1.47504    1.30341    2.00000
 179.99220    0.00332   21.28504   21.05653    0.00847    0.00468   37.38967   -5.70606   -1.51361   -7.04671    2.00000
 180.00777   -0.00786   23.51800   23.11123    0.01105    0.00610    6.35549   -3.46563    0.81131   -2.05242    2.00000
 180.00262   -0.02715   21.58588   21.36406    0.02728    0.01506   29.30036   -0.74016    1.96729    1.05476    2.00000
 180.72881   -0.25696   22.23329   21.97317    0.77277    0.42653   17.23957   -2.96779   -0.22273   -3.51987    2.00000
 180.01527   -0.00689   20.76691   20.35278    0.01675    0.00925   65.20176    5.08033   -2.32192    2.93217    2.00000
 180.00237   -0.09645   22.98780   22.65500    0.09648    0.05325    9.59899    6.22907    0.95659    0.91699    2.00000
 180.03218   -0.02179   21.50709   21.28642    0.03886    0.02145   31.34276   -1.72471    1.65415   -0.15600    2.00000
 179.99361    0.00378   22.26927   22.00624    0.00742    0.00410   16.68408    3.96410    1.23179    4.30665    2.00000
 180.10017    0.12131   22.00096   21.75779    0.15732    0.08683   21.10183   -2.24706    2.24248    0.41930    2.00000
 180.08997   -0.25053   22.76231   22.45417    0.26619    0.14692   11.35027    1.91041    1.37379    4.51418    2.00000
 179.98828   -0.07577   23.68686   23.25253    0.07667    0.04232    5.64410   -3.11484   -0.85495   -0.17141    2.00000
 180.00435   -0.13801   21.89430   21.65828    0.13808    0.07621   22.88624   -0.60665   -0.12425   -0.76060    2.00000
 180.04446   -0.10981   23.11141   22.76315    0.11847    0.06539    8.75777    4.51730   -0.84266    4.79538    2.00000
 180.03741    0.02261   22.48175   22.20143    0.04372    0.02413   14.35991   -1.19838    2.13616    2.69416    2.00000
 179.99922   -0.00781   23.27661   22.90680    0.00785    0.00433    7.64046   -1.20477   -4.37251   -1.51974    2.00000
 179.99318    0.02165   22.79475   22.48317    0.02270    0.01253   11.00504    0.22816   -1.56709   -0.34318    2.00000
 180.09222   -0.08322   21.84259   21.60980    0.12422    0.06856   23.75556   -4.99770   -0.92287   -6.21474    2.00000
 179.99815   -0.05696   21.86708   21.63276    0.05699    0.03145   23.34378   -0.65193    2.14845   -0.05543    2.00000
 179.94791    0.34033   22.16191   21.90761    0.34430    0.19003   18.41520   -0.89297   -0.76748   -1.13678    2.00000
 179.99332    0.01928   23.01042   22.67484    0.02041    0.01126    9.44464   -1.31671   -2.91221   -2.57965    2.00000
 180.01913   -0.06117   23.38259   22.99661    0.06409    0.03537    6.94184   -1.84065    0.34367   -5.03195    2.00000
 180.04546    0.02596   23.49638   23.09294    0.05234    0.02889    6.44760   -1.89913    0.50919   -0.14259    2.00000
 179.97342   -0.05746   22.56193   22.27443    0.06331    0.03494   13.49057   -6.99045   -1.12732   -7.97188    2.00000
 179.95052   -0.02489   20.90153   20.55975    0.05539    0.03057   55.37575   -0.17749    2.72538    2.83981    2.00000
 179.95496    0.04862   21.99274   21.75013    0.06628    0.03658   21.23909    1.25485    2.71979    2.80074    2.00000
 179.98138   -0.01902   22.37492   22.10349    0.02661    0.01469   15.52610   -3.14181    0.36226   -4.09002    2.00000
 179.96667    0.08323   22.21787   21.95899    0.08966    0.04948   17.49376    0.12706   -0.61595   -0.09654    2.00000
 180.00810    0.08725   21.99274   21.75013    0.08763    0.04836   21.23909    0.42366    1.76554    1.85572    2.00000
 179.92892   -0.07406   22.86109   22.54239    0.10264    0.05665   10.47490   -0.75403   -2.18830   -8.48396    2.00000
 180.01817    0.21034   22.88196   22.56098    0.21112    0.11652   10.33024    0.41215   -0.16113    0.16083    2.00000
 180.00490   -0.08378   21.07980   20.81961    0.08392    0.04632   45.63704    2.20176    0.09289    2.66407    2.00000
 180.05104   -0.16867   20.82931   20.44006    0.17622    0.09726   60.70390    2.56810   -0.89851    1.38388    2.00000
 179.90276    0.02620   23.73925   23.29593    0.10070    0.05558    5.42563    1.75219    0.45169    9.17472    2.00000
 179.97330   -0.01160   21.76682   21.53836    0.02911    0.01607   25.03668   -1.58951   -1.95340   -2.62042    2.00000
 179.95808    0.00135   22.86892   22.54936    0.04194    0.02315   10.42065   -7.68292    1.78702   -7.50202    2.00000
 179.96034   -0.05245   23.61257   23.19074    0.06575    0.03629    5.95523    2.10886   -1.95153   -0.97477    2.00000
 180.04311   -0.01463   22.74485   22.43856    0.04552    0.02512   11.53617   -1.34961    2.82366    3.03773    2.00000
 179.98441   -0.06998   21.43460   21.21235    0.07170    0.03957   33.29097    3.20381    2.39811    5.36719    2.00000
 180.12376    0.02802   19.58029   19.07025    0.12689    0.07004  155.45309    9.48250   -0.47419    9.20249    2.00000
 179.99205   -0.06611   19.47885   18.96450    0.06659    0.03675  165.57076    1.29908    0.47525    1.75998    2.00000
 179.99907    0.06068   21.57225   21.35096    0.06069    0.03350   29.64489   -4.79994   -1.09044   -6.05555    2.00000
 179.86823    0.52452   23.33361   22.95511    0.54082    0.29850    7.26466    0.72282   -1.99869   -1.30795    2.00000
 180.05370   -0.00846   23.17909   22.82212    0.05436    0.03000    8.29905    0.28903   -1.06919    0.56229    2.00000
 180.00618    0.02859   22.66365   22.36583    0.02925    0.01614   12.40220    0.71170    2.34911    4.54081    2.00000
 180.06302    0.06833   23.25955   22.89198    0.09295    0.05130    7.75571    1.19449   -2.15799    0.30183    2.00000
 180.00842   -0.02946   22.95499   22.62608    0.03064    0.01691    9.82395    2.05790    0.11547    3.50387    2.00000
 179.95741   -0.00109   22.87153   22.55169    0.04260    0.02351   10.40257   -3.54942    3.92430   -2.67646    2.00000
 180.13396   -0.03017   23.68686   23.25253    0.13731    0.07578    5.64410    1.39502   -0.11755   -4.03374    2.00000
 179.72316   -0.21651   22.35331   22.08359    0.35145    0.19397   15.76309    1.64106    2.34257    3.87119    2.00000
 179.96288   -0.01954   23.78660   23.33504    0.04196    0.02316    5.22872    1.94385    1.82656    8.16627    2.00000
 180.01962    0.22252   23.46935   23.07007    0.22339    0.12329    6.56273    2.14133   -0.30223   -2.37244    2.00000
 180.02219   -0.02174   20.65257   20.21151    0.03106    0.01714   72.48235   -1.07077   -0.43362   -1.77926    2.00000
 179.96832   -0.04271   21.78005   21.55112    0.05318    0.02935   24.80791    0.16829   -0.99450   -0.35187    2.00000
 179.70364   -0.12816   23.47746   23.07693    0.32289    0.17821    6.52819    2.23504    0.50187    2.80574    2.00000
 179.89983    0.01523   23.72803   23.28663    0.10133    0.05592    5.47245    0.34213   -1.27020   -0.24312    2.00000
 179.99008   -0.29027   23.12582   22.77574    0.29044    0.16030    8.65986   -3.32920    0.10900   -2.82747    2.00000
 179.98824   -0.05787   23.28462   22.91361    0.05905    0.03259    7.58749   -1.44242    3.85895    3.65069    2.00000
 180.04514   -0.03228   22.67409   22.37521    0.05549    0.03063   12.29058   -0.08745    0.50105    0.16640    2.00000
 179.97508    0.00462   23.43962   23.04491    0.02534    0.01399    6.68938   -2.78956    2.84357   -2.81934    2.00000
 180.13084   -0.13369   23.26686   22.89833    0.18706    0.10324    7.70632    5.53938    2.32223   11.40921    2.00000
 179.96506   -0.07523   23.38804   23.00123    0.08295    0.04578    6.90933    0.93802    3.65743    4.59688    2.00000
 180.02570   -0.00289   22.89239   22.57028    0.02586    0.01427   10.25791   -3.11893   -3.38796   -6.02881    2.00000
 180.14571   -0.18034   22.17674   21.92119    0.23185    0.12796   18.17160   -0.69739    0.25173    2.24151    2.00000
 179.98380    0.06926   21.80993   21.57918    0.07113    0.03926   24.30461   -3.56358    1.77382   -2.38079    2.00000
 180.06378    0.01181   22.87674   22.55634    0.06486    0.03580   10.36640   -3.95971    4.08430    0.38179    2.00000
 180.04588   -0.09506   22.62975   22.33537    0.10555    0.05825   12.76499   -8.78904   -0.59318   -7.83595    2.00000
 179.94119   -0.09147   23.04421   22.70441    0.10874    0.06002    9.21467    1.92927   -1.31103    1.60963    2.00000
 180.02678   -0.01204   23.65693   23.22774    0.02936    0.01621    5.76894    0.32607   -0.16209   11.08242    2.00000
 180.03241   -0.00210   23.27418   22.90468    0.03248    0.01793    7.65693   -1.02025   -1.11922    0.67621    2.00000
 180.01801    0.01785   23.16690   22.81154    0.02535    0.01399    8.38138    5.60850    2.19551    9.31075    2.00000
 180.07275    0.15690   23.27418   22.90468    0.17295    0.09545    7.65693   -4.74695    0.12544   -8.38904    2.00000
 179.99355   -0.00828   22.78976   22.47871    0.01050    0.00580   11.05815    9.20439    0.67223    9.60797    2.00000
 180.06401    0.00114   23.65131   23.22309    0.06402    0.03534    5.79235   -0.78182   -1.41751    5.16184    2.00000
 180.04521    0.06622   23.61418   23.19208    0.08018    0.04425    5.94847    4.46887   -0.47119    9.07591    2.00000
 179.90683    0.02446   22.66887   22.37052    0.09633    0.05317   12.34639   -1.96681   -1.38836   -3.70589    2.00000
 179.99220    0.14925   21.79088   21.56132    0.14946    0.08249   24.62489    2.91325    3.40947    5.70651    2.00000
 180.01991    0.00314   21.22832   20.99576    0.02017    0.01113   39.03562   -3.60633   -1.15622   -4.77976    2.00000
 179.97522   -0.02256   21.41895   21.19636    0.03351    0.01849   33.71156    6.61195   -1.90967    4.37354    2.00000
 179.89526   -0.12618   22.42772   22.15214    0.16398    0.09050   14.94681    4.28855   -0.99769    5.02367    2.00000
 180.10979    0.02040   22.82468   22.50993    0.11166    0.06163   10.72736   -0.80505    4.66730   -1.57025    2.00000
 179.99239   -0.03943   23.47206   23.07236    0.04015    0.02216    6.55122    1.43501   -2.10947    2.16122    2.00000
 179.98068    0.02799   22.97918   22.64744    0.03400    0.01877    9.65780   -1.88877    0.50010    1.85816    2.00000
 180.02165    0.00959   23.78422   23.33307    0.02368    0.01307    5.23861   -0.59788   -2.84555   -5.15915    2.00000
 179.95953    0.05345   23.57241   23.15719    0.06704    0.03700    6.12413   -4.49296    0.96950   -2.51045    2.00000
 180.05214    0.53357   22.48175   22.20143    0.53612    0.29590   14.35991    7.80997    0.84809   10.56507    2.00000
 180.00325   -0.00293   22.57497   22.28615    0.00438    0.00242   13.35104    7.13081   -2.60864    4.95858    2.00000
 180.00928   -0.04879   22.85066   22.53309    0.04967    0.02741   10.54722   -1.13541    0.83653    0.08624    2.00000
 180.10757   -0.01143   21.82082   21.58939    0.10817    0.05970   24.12160   -9.09047   -2.32924  -10.53307    2.00000
 179.95415   -0.16058   23.12102   22.77154    0.16700    0.09217    8.69250   -0.19538   -1.91121    4.38485    2.00000
 179.96729    0.04887   22.57497   22.28615    0.05881    0.03246   13.35104   -1.09190   -2.16314   -5.23105    2.00000
 180.02148    0.00560   23.32272   22.94589    0.02221    0.01226    7.33640   -2.12528    0.94682   -4.35361    2.00000
 179.93268   -0.02882   21.43460   21.21235    0.07323    0.04042   33.29097   -3.26946   -3.42227   -6.25247    2.00000
 179.91353    0.05646   21.91335   21.67614    0.10327    0.05699   22.56596   -4.56846    3.03752   -2.23309    2.00000
 179.96404    0.07037   22.20501   21.94718    0.07903    0.04362   17.70559    2.92049    0.39500    4.53232    2.00000
 180.00630    0.03100   23.83900   23.37828    0.03163    0.01746    5.01101    3.53705   -2.29408   -3.53862    2.00000
 179.96880   -0.00822   22.48878   22.20783    0.03228    0.01782   14.28362   -2.74246   -2.70591   -6.61006    2.00000
 180.00850    0.00922   22.36532   22.09464    0.01254    0.00692   15.63143    2.10034   -1.81925   -0.08482    2.00000
 179.95331   -0.10084   18.10729   17.85701    0.11113    0.06133  310.20071    1.93615   -5.38343   -3.48217    2.00000
 180.10286   -0.15743   23.40165   23.01276    0.18805    0.10379    6.85129   -2.46151   -0.00371   -0.62142    2.00000
 180.01260    0.00868   22.43488   22.15871    0.01530    0.00844   14.86854   -4.65792    1.93158   -1.64439    2.00000
 179.87868    0.00411   20.51618   20.05835    0.12140    0.06700   80.37489   -1.72457    2.34296    0.53747    2.00000
 180.03148    0.01927   22.55206   22.26550    0.03691    0.02037   13.59698    3.50911   -1.72396    3.60920    2.00000
 179.98160    0.00378   22.81720   22.50324    0.01878    0.01037   10.77940    1.19528    0.40767   -0.18146    2.00000
 179.94792    0.00526   23.23029   22.86658    0.05234    0.02889    7.95329    2.84959    4.14751    8.41140    2.00000
 179.94879    0.00536   21.81265   21.58173    0.05149    0.02842   24.25886   -4.46780    1.71268   -1.90553    2.00000
 180.00607   -0.06379   23.82709   23.36845    0.06407    0.03536    5.06049    1.76268   -0.19950   -2.41848    2.00000
 180.00977    0.00060   23.18153   22.82424    0.00979    0.00540    8.28259   -0.35405    0.17546   -3.89083    2.00000
 180.00455    0.04741   23.70932   23.27113    0.04762    0.02629    5.55047    0.92364   -2.02792    3.13193    2.00000
 179.98647    0.02761   23.20835   22.84753    0.03074    0.01697    8.10148    1.99109    1.52531    3.08953    2.00000
 180.02094    0.01513   22.83240   22.51682    0.02582    0.01425   10.67380   -0.37551   -0.25559   -1.91499    2.00000
 179.99834    0.01201   23.50449   23.09980    0.01213    0.00669    6.41306    1.28242    0.56914    9.02205    2.00000
 180.22269    0.11195   23.26930   22.90045    0.24925    0.13757    7.68986    7.44415   -1.53642    7.76338    2.00000
 180.04967    0.13279   22.44660   22.16939    0.14177    0.07825   14.74138    1.31812    2.24889    1.28557    2.00000
 180.00618   -0.02044   19.56230   19.05150    0.02136    0.01179  157.10548   -8.10813    0.83398   -7.26333    2.00000
 179.94325    0.00886   23.72990   23.28818    0.05743    0.03170    5.46464   -0.61247    0.62380   -1.18863    2.00000
 179.99097    0.01366   22.51456   22.23133    0.01637    0.00904   14.00388   -0.78190   -1.39970   -1.58931    2.00000
 179.94539    0.01889   23.62864   23.20415    0.05778    0.03189    5.88767   -0.26178    1.78418    1.04670    2.00000
 180.04475   -0.07522   21.58588   21.36406    0.08753    0.04831   29.30036    4.37697   -0.16634    3.21361    2.00000
 180.03239   -0.01924   22.79974   22.48763    0.03767    0.02079   10.95192    3.06853    0.41434    3.36860    2.00000
 180.05338   -0.06818   23.70932   23.27113    0.08659    0.04779    5.55047   -2.14840   -2.03069   -3.98295    2.00000
 180.00172   -0.02195   22.59584   22.30490    0.02202    0.01215   13.12778    5.06818    3.04628    7.62743    2.00000
 180.01964    0.02691   23.42070   23.02890    0.03332    0.01839    6.77002   -4.25275   -0.84372   -3.77967    2.00000
 179.98886    0.00154   23.04181   22.70231    0.01125    0.00621    9.23099    1.01403   -0.53419   -0.23534    2.00000
 180.04834   -0.07314   22.77479   22.46533    0.08767    0.04838   11.21749    1.02040    0.62750    3.25268    2.00000
 180.03278   -0.02050   22.13341   21.88156    0.03866    0.02134   18.88223   -4.54661   -0.71398   -5.75707    2.00000
 179.98839    0.04945   23.30367   22.92975    0.05080    0.02804    7.46195    5.39080   -5.54264    1.17773    2.00000
 179.97606    0.06220   23.05861   22.71700    0.06665    0.03679    9.11676    5.50954    3.10941    7.69704    2.00000
 179.98256   -0.06898   23.00934   22.67390    0.07115    0.03927    9.45199    1.29519    0.17731    0.84354    2.00000
 180.08766    0.07139   21.68479   21.45926    0.11306    0.06240   26.79611   -2.81967   -0.25097   -3.61127    2.00000
 179.97514    0.04072   22.96493   22.63494    0.04770    0.02633    9.75504   -3.35720   -1.58791   -9.23116    2.00000
 179.98752   -0.07042   21.73242   21.50519    0.07152    0.03947   25.63148    0.55949   -3.72809   -3.45592    2.00000
 179.97893    0.03445   21.92424   21.68635    0.04038    0.02229   22.38294   -7.06628    3.52174   -3.42820    2.00000
 180.03809    0.03369   20.85853   20.48633    0.05085    0.02806   58.31949    0.33939   -1.40119   -0.84522    2.00000
 180.04025    0.02053   22.58280   22.29318    0.04519    0.02494   13.26732    4.23499    2.67316    7.13593    2.00000
 179.88745   -0.08115   21.95985   21.71952    0.13875    0.07658   21.78814   -3.66246    2.56038   -0.95297    2.00000
 179.97789    0.06396   23.75327   23.30752    0.06768    0.03735    5.36726   -3.19324    0.71679    5.03759    2.00000
 180.05479   -0.00542   23.21810   22.85599    0.05507    0.03039    8.03562   -3.27735   -0.35021   -5.92243    2.00000
 179.90646    0.05981   22.95760   22.62840    0.11103    0.06128    9.80587   -0.19444   -0.58132    1.87288    2.00000
 179.91183    0.10972   20.39937   19.93207    0.14076    0.07769   88.02761    6.05043    1.47988    7.19678    2.00000
 180.00009   -0.21201   23.66628   23.23548    0.21201    0.11701    5.72993   -0.46211    4.11428    7.04952    2.00000
 179.99757   -0.03970   22.82219   22.50770    0.03977    0.02195   10.74471    0.78270    1.96206    0.92771    2.00000
 180.04105   -0.02155   22.81470   22.50101    0.04636    0.02559   10.79675   -1.46178   -2.86729   -2.96803    2.00000
 179.91478    0.01513   22.18445   21.92828    0.08655    0.04777   18.04451   -1.62182    3.82157    2.63535    2.00000
 180.12636   -0.17493   20.33711   19.86522    0.21579    0.11910   92.59952   -3.81564    2.27388   -1.54275    2.00000
 179.99091    0.09768   23.14022   22.78832    0.09810    0.05415    8.56195    0.05224    2.76589    3.22858    2.00000
 180.24435   -0.03586   22.59062   22.30021    0.24697    0.13631   13.18359   -1.42213    2.05354    1.10011    2.00000
 179.92625   -0.06699   23.83900   23.37828    0.09963    0.05499    5.01101    8.68597   -0.95109   10.96270    2.00000
 179.73817    0.14368   23.75565   23.30949    0.29865    0.16483    5.35737   -1.59189    4.06798   -5.24762    2.00000
 180.62796    0.19427   23.41525   23.02428    0.65733    0.36281    6.79324    1.98666   -0.59114    1.45899    2.00000
 179.94543   -0.02510   22.38692   22.11455    0.06007    0.03315   15.39445   -3.57009    0.83687   -2.62142    2.00000
 180.30788    0.25687   22.00370   21.76034    0.40096    0.22130   21.05607   -0.12299    1.68410    2.22193    2.00000
 180.04068    0.01084   23.69996   23.26338    0.04210    0.02323    5.58948    4.68886   -0.96693    8.50986    2.00000
 180.04283    0.02841   22.35811   22.08801    0.05139    0.02836   15.71042    3.57267    1.14751    3.73934    2.00000
 179.97391   -0.00089   22.00096   21.75779    0.02610    0.01441   21.10183    4.52383    1.54359    5.83663    2.00000
 180.04567    0.03610   23.72803   23.28663    0.05822    0.03213    5.47245   -1.52470    1.57962   -4.30226    2.00000
 180.04893    0.13673   23.51800   23.11123    0.14522    0.08015    6.35549    1.71284   -1.11807   -0.75852    2.00000
 180.07793    0.02571   21.00735   20.72410    0.08205    0.04528   49.21655    5.04418    4.36505    9.68855    2.00000
 179.97214   -0.03527   20.91876   20.58788    0.04495    0.02481   54.32179    2.99795   -2.97415   -0.47348    2.00000
 180.04971   -0.01445   23.36626   22.98278    0.05177    0.02857    7.04944    0.83201    2.46889    1.48410    2.00000
 179.99544   -0.01719   21.39026   21.16705    0.01778    0.00981   34.48264    5.07396   -1.50213    3.79734    2.00000
 180.04817    0.05002   22.94195   22.61445    0.06944    0.03833    9.91436   -0.25909   -1.59115   -0.29435    2.00000
 179.96492   -0.02133   22.15095   21.89759    0.04106    0.02266   18.59483    0.05678    1.56620    0.91665    2.00000
 180.01878    0.01414   23.55854   23.14554    0.02351    0.01298    6.18278   -1.44204   -0.98826    1.58552    2.00000
 179.96867   -0.01266   22.97379   22.64271    0.03379    0.01865    9.69455    1.67175    1.50188    5.77936    2.00000
 179.91063   -0.01072   22.26156   21.99916    0.09001    0.04968   16.77356   -5.64880    0.18924   -5.01411    2.00000
 180.02666    0.02590   20.89425   20.54757    0.03716    0.02051   55.83242   -2.17898   -3.30744   -5.46479    2.00000
 179.97464    0.16246   22.99965   22.66539    0.16442    0.09075    9.51814   -0.30292    2.55574    1.27590    2.00000
 179.94283   -0.02267   23.52071   23.11352    0.06151    0.03395    6.34397    2.64437   -0.98722    3.59255    2.00000
 179.98306   -0.00443   23.42070   23.02890    0.01750    0.00966    6.77002    0.46349    1.71773   -3.74512    2.00000
 179.89404   -0.10261   21.97355   21.73227    0.14749    0.08140   21.55937   -1.69928   -3.33297   -5.90225    2.00000
 180.05408    0.02222   22.69994   22.39842    0.05846    0.03226   12.01418   -0.09126    1.74612    3.25870    2.00000
 179.84366    0.01073   22.59584   22.30490    0.15671    0.08649   13.12778   -2.20012    1.82713   -0.20943    2.00000
 179.95366    0.01077   22.37732   22.10570    0.04757    0.02626   15.49977    2.38992   -1.52909    1.87487    2.00000
 180.12090   -0.10856   22.94456   22.61678    0.16248    0.08968    9.89627    4.29021    0.78851    5.15522    2.00000
 180.02419    0.01147   22.23586   21.97553    0.02676    0.01477   17.19721    2.30552    1.91851    4.02026    2.00000
 179.88979   -0.04155   22.41572   22.14108    0.11779    0.06501   15.07847    6.80093   -1.02494    6.94676    2.00000
 179.73866    0.11930   21.61119   21.38838    0.28728    0.15856   28.66053    0.50745   -2.77687   -2.55651    2.00000
 179.89622   -0.02239   22.23586   21.97553    0.10617    0.05860   17.19721   -1.82652    0.18272   -3.22457    2.00000
 179.92999   -0.08725   22.11478   21.86454    0.11186    0.06174   19.18760   -2.62498   -1.54780   -3.72962    2.00000
 180.02943   -0.09165   23.76993   23.32128    0.09626    0.05313    5.29799    5.48336   -5.51874    2.15834    2.00000
 179.88605   -0.16010   21.92424   21.68635    0.19651    0.10846   22.38294    7.39523    2.54007    9.44151    2.00000
 180.04823   -0.01778   23.54503   23.13410    0.05140    0.02837    6.24035   -5.16285   -1.10363   -5.05103    2.00000
 180.01857   -0.02534   23.00288   22.66823    0.03142    0.01734    9.49609   -4.69530    0.44700   -1.55163    2.00000
 180.01530    0.05164   23.47476   23.07464    0.05387    0.02973    6.53971    4.78276    1.80012    2.76303    2.00000
 179.97780    0.04255   23.16690   22.81154    0.04799    0.02649    8.38138    3.39137    1.29844    3.24110    2.00000
 179.97643    0.02774   23.68686   23.25253    0.03640    0.02009    5.64410    5.57959   -0.47447    0.15221    2.00000
 179.99948   -0.09691   23.62703   23.20281    0.09691    0.05349    5.89443    4.74049   -1.53612    4.54243    2.00000
 179.99548    0.06192   22.75732   22.44971    0.06208    0.03427   11.40338   -2.63908    0.85280   -3.63546    2.00000
 179.97363   -0.13395   23.67377   23.24168    0.13652    0.07535    5.69872    3.28671   -0.31629    0.86194    2.00000
 180.02496    0.00484   23.19128   22.83271    0.02543    0.01404    8.21673   -1.96198    2.96144    1.65109    2.00000
 180.00777   -0.03857   20.59364   20.14388    0.03934    0.02171   75.96753   -2.42103    3.71451    1.62514    2.00000
 180.11453    0.20708   21.47894   21.25765    0.23664    0.13061   32.09929    0.46929    4.20085    4.84008    2.00000
 180.12065    0.18835   22.18702   21.93064    0.22368    0.12345   18.00214   -0.99380   -1.40564   -1.66824    2.00000
 180.00204    0.01307   22.60627   22.31427    0.01323    0.00730   13.01615    0.12343   -0.91925   -1.52485    2.00000
 179.99734   -0.02585   23.18640   22.82847    0.02599    0.01434    8.24966   -1.14875    0.91647    0.67521    2.00000
 179.99670    0.02323   23.02980   22.69182    0.02346    0.01295    9.31257   -5.48940    0.08237   -7.81710    2.00000
 179.89508    0.06208   22.87413   22.55401    0.12191    0.06728   10.38449    1.81135    1.30702    1.27035    2.00000
 179.92728   -0.05451   21.62481   21.40148    0.09089    0.05016   28.31600   -0.51146    2.85259    1.38807    2.00000
 179.99535    0.01632   20.88472   20.53124    0.01697    0.00937   56.44439    1.39638   -0.17058    1.13507    2.00000
 180.00153   -0.01424   23.48827   23.08608    0.01432    0.00790    6.48214   -0.55389   -4.58950  -10.04099    2.00000
 179.99931   -0.02203   23.83185   23.37239    0.02204    0.01217    5.04069    3.78078   -0.09134   12.08940    2.00000
 179.95483   -0.00295   23.78660   23.33504    0.04525    0.02498    5.22872   -3.00131   -0.30291   -1.63534    2.00000
 179.91257   -0.12249   21.63260   21.40897    0.15050    0.08306   28.11913    8.45708   -0.71208    8.21632    2.00000
 179.92291    0.07003   23.27418   22.90468    0.10415    0.05748    7.65693    0.76882   -2.24738   -1.35834    2.00000
 180.10765   -0.14791   21.23966   21.00805    0.18294    0.10097   38.66510   -0.45841   -1.77618   -1.26991    2.00000
 179.99686   -0.02847   21.32751   21.10178    0.02864    0.01581   36.19949    2.90271    1.57879    4.37845    2.00000
 179.84409    0.05677   23.76517   23.31735    0.16593    0.09158    5.31778    6.39094    1.20255    0.74022    2.00000
 180.00549    0.04331   23.15227   22.79884    0.04366    0.02409    8.48017    1.86624    2.56591    7.85883    2.00000
 179.99809   -0.00412   21.06171   20.79616    0.00454    0.00251   46.51597    7.22404    1.21356    8.45220    2.00000
 180.03107    0.10179   23.24979   22.88351    0.10642    0.05874    7.82157   -1.49857    1.38245    0.05928    2.00000
 180.01920   -0.04267   21.23512   21.00313    0.04679    0.02582   38.79436    0.41455   -1.13174   -0.29595    2.00000
 179.95428   -0.04722   21.57225   21.35096    0.06572    0.03627   29.64489   -3.09262   -1.50757   -4.27402    2.00000
 179.85295   -0.37887   23.46395   23.06550    0.40641    0.22431    6.58576   -7.07694   -1.35711  -17.15887    2.00000
 180.01949   -0.00389   21.46068   21.23900    0.01987    0.01097   32.58998    6.55194   -2.53493    4.22472    2.00000
 180.01645    0.03335   21.39287   21.16971    0.03719    0.02052   34.41255    0.79187   -1.20439   -1.17786    2.00000
 179.97446    0.04401   23.43152   23.03805    0.05088    0.02808    6.72392   -4.80268    0.45873   -4.00599    2.00000
 180.06824    0.07554   21.62092   21.39774    0.10179    0.05618   28.41444   -3.16622   -3.00311   -5.89508    2.00000
 180.06514    0.09554   22.60888   22.31662    0.11563    0.06382   12.98825   -1.90880   -0.04369   -1.06653    2.00000
 179.94453   -0.01007   21.39808   21.17504    0.05636    0.03111   34.27235   -0.65530    1.34663    0.84591    2.00000
 179.97083   -0.04582   23.43692   23.04263    0.05432    0.02998    6.70090   -0.04834    3.81026    3.70774    2.00000
 180.01305    0.00279   22.97487   22.64366    0.01334    0.00736    9.68720   -5.60856    1.09572   -4.28081    2.00000
 180.03751   -0.01480   23.56389   23.15006    0.04032    0.02225    6.16001    1.74166   -0.40288   -1.03147    2.00000
 179.86493    0.02826   23.82709   23.36845    0.13799    0.07616    5.06049    3.35294   -2.34079   -1.85750    2.00000
 180.04520    0.02359   22.36292   22.09243    0.05099    0.02814   15.65776   -3.12803   -2.55312   -4.31996    2.00000
 179.94254    0.04506   23.17909   22.82212    0.07303    0.04031    8.29905   -1.87542    0.02198   -1.45829    2.00000
 179.99336    0.00401   22.71741   22.41403    0.00775    0.00428   11.82829   -1.67513    1.01640    0.96839    2.00000
 180.00903    0.01259   22.99318   22.65972    0.01550    0.00855    9.56224   -0.09794   -0.94079    3.02008    2.00000
 179.77650    0.38825   23.58365   23.16658    0.44798    0.24726    6.07684   -0.58905   -0.39459   -2.54652    2.00000
 179.92476   -0.00516   21.15296   20.90852    0.07541    0.04162   42.30516   -4.58135   -1.62758   -5.99523    2.00000
 179.96686   -0.01425   22.73238   22.42741    0.03607    0.01991   11.66895    5.01173   -2.07124    1.95846    2.00000
 179.99374   -0.04036   23.35266   22.97125    0.04084    0.02254    7.13912   -2.15022   -1.30453   -8.90558    2.00000
 180.07547   -0.06984   22.45831   22.18007    0.10282    0.05675   14.61423   -1.55194   -1.02624   -3.80046    2.00000
 179.92450   -0.04001   23.70183   23.26493    0.08545    0.04716    5.58168    3.57935   -3.48229   -3.19675    2.00000
 179.89876   -0.10951   23.21078   22.84964    0.14914    0.08231    8.08501    1.41173   -2.19656   -1.25754    2.00000
 179.90440   -0.02926   23.20347   22.84329    0.09997    0.05517    8.13441   -1.68298    3.19914    3.00424    2.00000
 179.95728   -0.08763   22.55206   22.26550    0.09749    0.05381   13.59698   -7.75288   -1.23570   -8.56101    2.00000
 180.02293    0.05264   21.24864   21.01775    0.05742    0.03169   38.40983   -1.22001   -1.45592   -2.70127    2.00000
 180.12476    0.03767   23.82709   23.36845    0.13032    0.07193    5.06049    2.52064    0.14464   -0.79185    2.00000
 180.04430    0.06386   22.88978   22.56796    0.07772    0.04290   10.27600    4.10026   -1.31808    3.64670    2.00000
 180.08157   -0.11016   23.56759   23.15316    0.13708    0.07566    6.14439   -1.15451    0.10678    4.77265    2.00000
 179.91023   -0.04858   23.70744   23.26958    0.10207    0.05634    5.55827    1.16600    0.94565    1.68171    2.00000
 180.05653    0.02950   23.41798   23.02659    0.06377    0.03520    6.78163   -1.06511    1.22828   -8.80836    2.00000
 179.89803    0.11820   23.27174   22.90256    0.15612    0.08616    7.67339    1.53243   -1.68400    1.01172    2.00000
 179.89537    0.03455   23.73177   23.28973    0.11019    0.06082    5.45684    3.74298    0.33062    6.10543    2.00000
 180.09972    0.00769   22.67148   22.37286    0.10001    0.05520   12.31848   -1.32315    1.90626   -0.53696    2.00000
 179.97398   -0.00843   22.29241   22.02751    0.02734    0.01509   16.43089   -1.44697    1.36264    1.26948    2.00000
 180.02908   -0.04523   23.64309   23.21623    0.05378    0.02968    5.82687   -0.68464    3.41644    4.01442    2.00000
 179.97386   -0.05474   23.50990   23.10437    0.06066    0.03348    6.39003   -0.97562   -0.00263   -8.77729    2.00000
 180.07265   -0.02768   22.96281   22.63305    0.07773    0.04290    9.76970   -0.18483    1.19630    0.50536    2.00000
 179.96596    0.09086   22.63496   22.34005    0.09703    0.05355   12.70918    0.03882   -0.96369   -0.66413    2.00000
 180.08521    0.06762   23.32000   22.94358    0.10877    0.06003    7.35434   -1.61136    4.35042    4.94628    2.00000
 179.96642   -0.05506   23.26686   22.89833    0.06449    0.03560    7.70632   -1.06846    1.23929   -1.61168    2.00000
 180.00516    0.02388   22.79724   22.48540    0.02443    0.01348   10.97848    0.09397   -4.04642   -3.11158    2.00000
 180.02904   -0.00424   23.59811   23.17866    0.02935    0.01620    6.01603   -0.87244   -2.65882   -7.71645    2.00000
 179.99432   -0.05949   23.78422   23.33307    0.05976    0.03298    5.23861    2.27925   -1.64314    8.78447    2.00000
 180.25835    0.31001   23.83900   23.37828    0.40354    0.22273    5.01101    1.03957    0.23185    2.11639    2.00000
 180.02327   -0.06281   22.61671   22.32365    0.06698    0.03697   12.90453    1.33296    0.65056    4.04594    2.00000
 179.95726   -0.02109   22.75483   22.44748    0.04766    0.02631   11.42994    1.32077   -0.35723    1.08295    2.00000
 179.97708    0.02420   23.13302   22.78203    0.03333    0.01840    8.61091    1.38852   -1.19301   -1.80902    2.00000
 180.02960   -0.00096   22.56715   22.27912    0.02961    0.01635   13.43476    1.66420    2.86623    3.77631    2.00000
 179.98824   -0.01666   21.97903   21.73738    0.02039    0.01126   21.46786    3.33188   -2.21335    1.51841    2.00000
 180.04160    0.00011   23.82233   23.36452    0.04160    0.02296    5.08028   -0.87591    3.89639    2.61761    2.00000
 179.97473   -0.00474   23.75565   23.30949    0.02571    0.01419    5.35737   -7.39657   -2.97684   -9.06259    2.00000
 179.81381    0.07949   23.36899   22.98509    0.20245    0.11174    7.03151   -3.03422    1.64044   -3.52032    2.00000
 179.99730   -0.11776   23.50990   23.10437    0.11779    0.06501    6.39003   -3.41759   -5.91868   -6.84929    2.00000
 179.95837   -0.16192   22.62714   22.33302    0.16719    0.09228   12.79290   -1.20351   -2.24929   -3.62355    2.00000
 180.01776    0.00800   22.31731   22.05042    0.01948    0.01075   16.15806   -2.96885   -0.93936   -4.59563    2.00000
 180.01540   -0.00401   23.66628   23.23548    0.01592    0.00879    5.72993   -2.75281    2.17243   -4.02516    2.00000
 180.09990    0.20800   20.15911   19.67701    0.23074    0.12735  105.47182   -5.12388    4.43327   -0.74069    2.00000
 179.95619   -0.04155   22.90804   22.58423    0.06038    0.03333   10.14942    3.09473    1.20041    1.92862    2.00000
 180.06853   -0.00495   22.04207   21.79606    0.06870    0.03792   20.41551    2.66427   -1.60804   -0.75772    2.00000
 179.84682   -0.09961   22.48644   22.20570    0.18273    0.10085   14.30905    1.17123   -0.93518   -1.09646    2.00000
 179.94992   -0.02608   21.80449   21.57408    0.05647    0.03116   24.39612   -1.54654   -1.76959   -4.65896    2.00000
 179.96434    0.00557   23.02012   22.68335    0.03610    0.01992    9.37848    4.54642   -0.35501    3.20191    2.00000
 179.95924   -0.00089   23.82947   23.37042    0.04076    0.02250    5.05059   -4.09058    0.37290   -3.53408    2.00000
 179.94255   -0.02510   22.90804   22.58423    0.06269    0.03460   10.14942   -3.98729   -0.45221   -5.52147    2.00000
 180.16168    0.07146   22.67930   22.37990    0.17676    0.09756   12.23476   -2.45227   -1.37577   -4.31248    2.00000
 180.01288   -0.02772   22.99103   22.65783    0.03057    0.01687    9.57694    3.77698   -0.15050    2.52184    2.00000
 179.95290   -0.02553   21.75359   21.52560    0.05359    0.02958   25.26545   -1.65574   -3.15879   -4.36836    2.00000
 179.99751   -0.03415   23.31455   22.93897    0.03424    0.01890    7.39021    1.45442    0.06681    3.41438    2.00000
 179.96944    0.04448   18.12141   18.04059    0.05397    0.02979  280.22165    0.79767   -0.76206    0.03189    2.00000
 179.99837   -0.03149   23.36082   22.97817    0.03153    0.01740    7.08531   -2.14023   -0.18467   -3.08456    2.00000
 179.96956   -0.00944   23.35810   22.97586    0.03187    0.01759    7.10325    1.14625   -0.75117    2.92908    2.00000
 180.10254    0.00318   23.40437   23.01506    0.10259    0.05662    6.83968    0.07549    0.23711    0.32453    2.00000
 179.97530   -0.02415   23.08021   22.73588    0.03455    0.01907    8.96990   -3.19655    1.83766   -3.95969    2.00000
 179.96909   -0.00588   23.45044   23.05406    0.03147    0.01737    6.64333   -2.38507    0.65171    1.87700    2.00000
 179.96475    0.06927   22.64540   22.34943    0.07772    0.04290   12.59755   -0.65541   -6.90489   -9.79257    2.00000
 179.98183   -0.00104   22.86631   22.54704    0.01821    0.01005   10.43873    0.05117    0.14297    1.62669    2.00000
 180.01767    0.00558   23.45584   23.05863    0.01853    0.01023    6.62030   -1.59713    0.57279   -3.29854    2.00000
 179.96983    0.01595   23.09221   22.74637    0.03412    0.01883    8.88831   -2.33270    3.61998   -0.10069    2.00000
 179.94237   -0.05798   23.40165   23.01276    0.08176    0.04512    6.85129   -0.21956    1.44191   -1.70603    2.00000
 179.98254   -0.02027   23.03220   22.69392    0.02675    0.01476    9.29626   -3.06492   -0.00187   -5.19861    2.00000
 180.12085   -0.04560   23.16934   22.81366    0.12916    0.07129    8.36491   -1.38423    0.01630   -2.18050    2.00000
 180.02541   -0.00033   23.25955   22.89198    0.02542    0.01403    7.75571    0.29187   -0.83490    1.46389    2.00000
 179.99236    0.00524   23.12822   22.77783    0.00927    0.00512    8.64354   -2.75302    0.46860   -3.28583    2.00000
 179.94919   -0.11657   23.05141   22.71070    0.12716    0.07018    9.16571   -5.98208    2.53388   -5.78887    2.00000
 180.04388    0.01821   23.49368   23.09065    0.04752    0.02623    6.45911   -1.78276   -1.57816   -0.73326    2.00000
 179.93573    0.01515   23.71867   23.27888    0.06603    0.03644    5.51146    5.52774    3.06320   13.80828    2.00000
 180.04483    0.01482   22.41812   22.14329    0.04722    0.02606   15.05214   -1.16371   -0.98700   -2.29271    2.00000
 179.86690   -0.04454   22.11478   21.86454    0.14035    0.07746   19.18760    2.99054    1.50922    5.25174    2.00000
 180.15385    0.24183   22.42532   22.14993    0.28663    0.15820   14.97314    5.42481    0.79768    4.28087    2.00000
 179.91953    0.05625   22.65583   22.35880    0.09819    0.05419   12.48592   -0.68836    1.01135    0.11326    2.00000
 180.04144   -0.04539   23.17909   22.82212    0.06146    0.03392    8.29905   -3.12837   -2.26284   -3.19183    2.00000
 180.00844   -0.01487   23.74112   23.29748    0.01710    0.00944    5.41783   -0.66152    1.75486    1.12468    2.00000
 180.05289    0.04103   21.46329   21.24166    0.06694    0.03695   32.51989    0.27076   -1.31545   -0.35248    2.00000
 179.88870   -0.02357   22.45128   22.17366    0.11377    0.06279   14.69052   -1.43200   -2.09675   -0.86511    2.00000
 179.84183    0.03259   21.07544   20.81426    0.16149    0.08913   45.83775    5.85254   -1.53584    4.48448    2.00000
 180.02428    0.06530   23.31728   22.94128    0.06967    0.03845    7.37227    0.26641    3.77012    2.18161    2.00000
 180.00980    0.06667   23.23273   22.86869    0.06739    0.03719    7.93683   -7.70621    0.72036   -5.67663    2.00000
 179.97130    0.00062   23.60132   23.18134    0.02870    0.01584    6.00252   -3.01650    3.49982    7.32678    2.00000
 179.99615    0.03622   23.59169   23.17329    0.03643    0.02010    6.04306   -0.54588   -1.44014    0.15129    2.00000
 179.93980   -0.04970   23.10421   22.75686    0.07806    0.04309    8.80672    0.91654   -0.23397   -0.73155    2.00000
 180.00613   -0.00462   23.27418   22.90468    0.00769    0.00424    7.65693   -3.34226    0.40511   -0.88738    2.00000
 179.97153    0.03523   23.34449   22.96433    0.04529    0.02500    7.19292   -0.78494   -0.00112   -1.37161    2.00000
 179.91374   -0.03965   22.21015   21.95191    0.09493    0.05240   17.62086   -0.69226   -3.35899   -3.32524    2.00000
 180.00835    0.04582   23.07541   22.73168    0.04657    0.02570    9.00254   -0.35248    1.64536    3.35308    2.00000
 180.01202    0.00899   23.16202   22.80731    0.01502    0.00829    8.41431   -6.15256    2.70022   -2.87365    2.00000
 179.88396    0.02024   23.70744   23.26958    0.11779    0.06501    5.55827   -2.76951   -1.79964   -3.03288    2.00000
 179.99619   -0.01650   22.18959   21.93301    0.01693    0.00935   17.95978    5.53982   -0.17792    5.13400    2.00000
 180.07802    0.04183   21.67950   21.45416    0.08853    0.04886   26.93034    0.10439    4.23606    3.25789    2.00000
 179.97456    0.10084   23.63506   23.20952    0.10400    0.05740    5.86065    0.06656    0.64353    1.90898    2.00000
 179.92487   -0.04246   23.43692   23.04263    0.08631    0.04764    6.70090    1.13917   -2.10796   -1.18888    2.00000
 180.21806    0.09058   22.71491   22.41180    0.23612    0.13032   11.85484   -0.49081   -0.45113   -3.41821    2.00000
 180.07516   -0.03864   23.63506   23.20952    0.08451    0.04664    5.86065    2.63152    2.59041   10.91323    2.00000
 180.03310   -0.03503   21.86164   21.62766    0.04820    0.02660   23.43528    1.53863    1.12136    3.84405    2.00000
 179.96605   -0.00372   22.81221   22.49878    0.03416    0.01885   10.81914   -1.53032    0.52755   -0.41341    2.00000
 180.03175   -0.08179   23.26442   22.89621    0.08774    0.04843    7.72278   -3.62476   -3.17531   -3.38684    2.00000
 179.96576   -0.05421   23.12342   22.77364    0.06411    0.03539    8.67618   -1.53468   -2.15271   -7.89784    2.00000
 179.99281    0.03146   23.20347   22.84329    0.03227    0.01781    8.13441   -4.48894    2.35926    1.44956    2.00000
 180.01434   -0.04628   23.17178   22.81577    0.04845    0.02674    8.34845   -3.46080   -0.82462  -10.99294    2.00000
 180.01704   -0.04945   23.61900   23.19610    0.05231    0.02887    5.92821    1.27692   -2.38391   -5.01739    2.00000
 179.92731   -0.04998   22.69745   22.39619    0.08821    0.04869   12.04074   -0.65948   -1.85525   -3.59090    2.00000
 180.01889    0.08447   22.69496   22.39396    0.08656    0.04778   12.06724    2.81403    0.38734    4.04097    2.00000
 179.96310   -0.00619   23.39892   23.01045    0.03742    0.02065    6.86289   -5.21438    0.29062   -0.33947    2.00000
 180.01672   -0.03290   18.64716   18.08103    0.03691    0.02037  274.65167    2.41956    1.75025    4.17490    2.00000
 179.90948    0.01721   20.81727   20.42114    0.09214    0.05086   61.67887   -5.24207    5.28837   -0.08446    2.00000
 180.06351   -0.05985   23.46125   23.06321    0.08726    0.04816    6.59727   -0.45874   -4.17027   -2.76322    2.00000
 179.99182   -0.13934   21.91063   21.67359    0.13958    0.07704   22.61171    0.85728    1.66753    3.19385    2.00000
 179.98254    0.08548   23.43962   23.04491    0.08725    0.04815    6.68938   -1.41633    0.65762   -8.03392    2.00000
 179.83885    0.08728   21.52397   21.30365    0.18327    0.10115   30.88936   -0.19393    2.41331    2.28623    2.00000
 180.02654   -0.09063   22.43957   22.16298    0.09444    0.05212   14.81768    2.35463   -0.67045    3.66780    2.00000
 179.95328   -0.06728   23.60454   23.18403    0.08192    0.04521    5.98901   -4.27909    2.36759   -0.63012    2.00000
 179.99159    0.07096   22.47941   22.19929    0.07146    0.03944   14.38535   -5.13616    1.00811   -5.50220    2.00000
 179.93053   -0.03491   23.83185   23.37239    0.07775    0.04291    5.04069    1.25331    0.53603    0.24687    2.00000
 180.19427    0.36460   22.67930   22.37990    0.41313    0.22802   12.23476    8.29076   -1.30896    5.56655    2.00000
 180.01208   -0.01181   23.24736   22.88139    0.01689    0.00932    7.83804    1.68819    1.67019    5.89261    2.00000
 180.05122    0.04122   23.40437   23.01506    0.06575    0.03629    6.83968   -0.58400    0.51995   -0.92386    2.00000
 180.02272   -0.02615   20.75399   20.33594    0.03464    0.01912   66.06959   -2.55817    4.24641    1.74449    2.00000
 180.10541    0.27069   22.12464   21.87355    0.29049    0.16033   19.02594   -4.86797    0.17897   -5.40636    2.00000
 179.95074    0.00584   22.76730   22.45863    0.04960    0.02738   11.29716    1.16360   -2.18481   -2.64381    2.00000
 180.01529   -0.06836   23.04181   22.70231    0.07005    0.03866    9.23099    1.06960   -0.70644   -1.75005    2.00000
 179.91283    0.01262   23.34177   22.96203    0.08808    0.04862    7.21086   -2.58877    0.41101   -3.00080    2.00000
 180.01048   -0.01862   23.34177   22.96203    0.02137    0.01180    7.21086    0.84470   -3.99067   -5.32913    2.00000
 180.01205    0.02187   22.10311   21.85355    0.02497    0.01378   19.38466    0.48411   -0.19780    0.62450    2.00000
 179.64053    0.61359   21.93245   21.69400    0.71112    0.39250   22.24568   -3.04800   -0.04633   -4.10745    2.00000
 180.02000   -0.02998   23.24736   22.88139    0.03605    0.01989    7.83804   -3.74912   -0.87537   -4.28177    2.00000
 180.01488   -0.06304   22.90804   22.58423    0.06477    0.03575   10.14942    0.61430   -2.92242   -2.55820    2.00000
 179.99586   -0.01708   21.38243   21.15905    0.01758    0.00970   34.69294    0.85039    1.29610    2.20626    2.00000
 180.05199    0.01780   22.35091   22.08138    0.05496    0.03033   15.78942   -4.10838    1.91130   -1.48880    2.00000
 180.04385    0.09371   23.54233   23.13182    0.10346    0.05710    6.25187    7.16046   -2.51233   -2.97903    2.00000
 179.98338   -0.01108   23.80327   23.34880    0.01996    0.01102    5.15945    0.78888    2.28263    2.86262    2.00000
 180.32527    0.21183   23.12102   22.77154    0.38817    0.21424    8.69250   -9.77977   -1.52682   -8.96040    2.00000
 179.97438    0.04063   23.80566   23.35076    0.04803    0.02651    5.14955    3.85173    3.61037   12.20598    2.00000
 180.05630   -0.04381   23.73364   23.29128    0.07134    0.03938    5.44904   -1.66627   -0.76391   -5.26218    2.00000
 180.01936   -0.05124   23.09221   22.74637    0.05478    0.03023    8.88831    1.48470   -1.60313   -2.54168    2.00000
 179.98370   -0.11134   23.46395   23.06550    0.11252    0.06210    6.58576   -3.30866   -3.97118   -4.80666    2.00000
 180.04008   -0.04397   21.35398   21.12998    0.05950    0.03284   35.45781    0.99272   -2.02210   -0.96716    2.00000
 180.11453   -0.04475   21.64775   21.42354    0.12296    0.06787   27.73573   -3.96687    1.54719   -1.27506    2.00000
 179.85880   -0.43492   21.85892   21.62511    0.45726    0.25238   23.48104   -0.97940   -1.57985   -2.34853    2.00000
 179.98438    0.06120   23.54503   23.13410    0.06316    0.03486    6.24035    1.09860    1.67432    1.22431    2.00000
 180.00810    0.01753   22.47941   22.19929    0.01932    0.01066   14.38535   -5.62341    0.21036   -4.77341    2.00000
 180.01654    0.00558   21.24510   21.01394    0.01745    0.00963   38.50999    0.75071   -0.79474    0.10560    2.00000
 179.97958   -0.04193   22.06673   21.81902    0.04664    0.02574   20.00373   -5.92635    2.37555   -3.48963    2.00000
 179.93468   -0.05880   21.91879   21.68124    0.08789    0.04851   22.47445   -1.86933    0.87451   -1.66240    2.00000
 180.00777   -0.01521   22.53565   22.25055    0.01708    0.00943   13.77500   -0.43443   -1.83436   -2.50791    2.00000
 179.98914    0.01485   19.01486   18.47340    0.01840    0.01016  220.60423    3.38019   -0.78624    2.58708    2.00000
 179.95541   -0.03778   23.39892   23.01045    0.05844    0.03226    6.86289   -1.86877   -0.64411   -5.26173    2.00000
 179.99065   -0.00822   23.19859   22.83906    0.01245    0.00687    8.16734   -5.46276    3.30661   -6.28694    2.00000
 180.04498    0.00720   22.35331   22.08359    0.04556    0.02514   15.76309    0.87355    2.05183    2.58518    2.00000
 180.02077    0.08718   23.80327   23.34880    0.08962    0.04946    5.15945    0.65842   -1.89011    2.95653    2.00000
 180.15837   -0.09018   20.94569   20.63182    0.18224    0.10058   52.67497   -2.04791    0.36396   -1.53113    2.00000
 179.95966    0.08369   23.12582   22.77574    0.09290    0.05128    8.65986   -0.86744   -2.70492   -6.96313    2.00000
 180.03058   -0.04420   23.43152   23.03805    0.05375    0.02967    6.72392    6.73204    0.77206    7.72016    2.00000
 180.11896   -0.13995   23.12342   22.77364    0.18368    0.10138    8.67618   -0.39590    5.89287    1.79307    2.00000
 180.02896    0.00733   21.18794   20.94927    0.02987    0.01649   40.77786    5.17374   -2.71623    2.23873    2.00000
 179.99466    0.10452   22.31971   22.05263    0.10466    0.05776   16.13173   -2.56783   -0.58812   -2.01132    2.00000
 180.21318    0.03639   23.28190   22.91130    0.21626    0.11936    7.60543   -1.48227   -0.26081   -2.38948    2.00000
 180.00456    0.04870   23.23760   22.87293    0.04892    0.02700    7.90390   -3.22909   -1.76243   -7.63938    2.00000
 180.00507   -0.09797   23.66441   23.23394    0.09810    0.05415    5.73773   -8.62035    1.95814   -7.24795    2.00000
 180.10570   -0.11132   21.89430   21.65828    0.15350    0.08472   22.88624   -0.04167   -0.19045   -1.07892    2.00000
 179.99281   -0.01065   22.22815   21.96844    0.01285    0.00709   17.32430   -0.20651    5.35143    4.99455    2.00000
 179.93394    0.02244   23.19128   22.83271    0.06977    0.03851    8.21673    0.96941    1.19235    4.54080    2.00000
 180.02824    0.00835   21.66362   21.43885    0.02945    0.01625   27.33304   -2.03622   -1.62374   -3.01167    2.00000
 180.39854   -0.12134   23.14022   22.78832    0.41661    0.22994    8.56195    1.27788    0.55935   -0.64558    2.00000
 180.01242   -0.00353   23.66254   23.23239    0.01291    0.00713    5.74554    5.95939    2.24666    0.58947    2.00000
 179.97705   -0.06381   21.56836   21.34722    0.06782    0.03743   29.74333    3.64639   -0.57374    4.04672    2.00000
 179.99429   -0.04277   22.16082   21.90661    0.04315    0.02381   18.43317    3.69237    0.91685    4.47660    2.00000
 179.98570    0.05673   20.99072   20.69961    0.05851    0.03229   50.13451    4.58729    1.25014    5.82320    2.00000
 180.07806   -0.02768   18.92754   18.38053    0.08282    0.04571  233.39720    1.67566    0.38787    2.07873    2.00000
 179.95438    0.00650   21.89430   21.65828    0.04609    0.02544   22.88624    4.07855   -0.54151    4.15851    2.00000
 179.99487    0.05038   21.52930   21.30910    0.05064    0.02795   30.74618    2.17943   -1.03411    1.14420    2.00000
 180.03731   -0.02230   21.78816   21.55877    0.04346    0.02399   24.67064   -1.69431    2.31345    0.38969    2.00000
 179.95107   -0.06077   23.27661   22.90680    0.07803    0.04306    7.64046   -2.75194   -0.01372   -0.14603    2.00000
 179.97903    0.04929   22.88457   22.56331    0.05356    0.02956   10.31216    1.40539    2.83162    3.70446    2.00000
 180.01450    0.02770   22.24100   21.98026    0.03126    0.01726   17.11248    2.30722    2.70287    4.32420    2.00000
 180.01965    0.02769   22.19473   21.93773    0.03395    0.01874   17.87505    1.69777    0.46738    3.80790    2.00000
 180.00665    0.04686   22.25385   21.99207    0.04733    0.02612   16.90065   -0.21103    4.84375    3.73507    2.00000
 179.92587   -0.03727   22.26927   22.00624    0.08297    0.04579   16.68408   -1.40883    0.70693   -0.09721    2.00000
 179.88994    0.13340   22.68713   22.38693    0.17295    0.09545   12.15104   -2.89252   -1.04147   -2.60652    2.00000
 179.93713    0.09496   22.35091   22.08138    0.11388    0.06285   15.78942    5.12700   -0.94359    3.60947    2.00000
 179.99969    0.02186   19.27722   18.75190    0.02187    0.01207  189.08214    4.05196    4.36181    8.40169    2.00000
 179.99698    0.02771   23.47746   23.07693    0.02788    0.01539    6.52819    1.18385    2.92747    5.52713    2.00000
 179.92084   -0.07610   22.56454   22.27678    0.10981    0.06061   13.46266    1.72404    1.37599    1.03112    2.00000
 180.01076   -0.03412   17.22828   16.52383    0.03578    0.01975  602.12598    2.73314   -1.41281    1.28818    2.00000
 179.99063   -0.01537   21.41373   21.19103    0.01800    0.00993   33.85176   -1.64741   -0.31860   -1.20214    2.00000
 179.97948    0.06124   23.48557   23.08379    0.06459    0.03565    6.49365    6.45782   -4.18046    6.19784    2.00000
 180.01752    0.00375   22.72489   22.42072    0.01792    0.00989   11.74862    5.26272    1.06367    6.93222    2.00000
 179.97784    0.02129   21.90518   21.66849    0.03072    0.01695   22.70322   -2.67661   -0.01688   -1.52827    2.00000
 180.24454    0.29559   22.22044   21.96136    0.38363    0.21173   17.45140  -14.07145   -0.95653  -16.18537    2.00000
 180.00024   -0.02334   22.31011   22.04378    0.02334    0.01288   16.23705    0.64064    2.86723    4.95085    2.00000
 180.00812   -0.04028   22.45128   22.17366    0.04109    0.02268   14.69052   -2.40426   -4.60968   -7.47679    2.00000
 180.06642    0.01630   21.55473   21.33412    0.06839    0.03774   30.08785    1.27890   -0.10954    1.57536    2.00000
 179.98741    0.01637   23.72428   23.28353    0.02065    0.01140    5.48805   -1.63585   -0.51322   -5.63510    2.00000
 179.98927    0.04800   23.21322   22.85176    0.04918    0.02715    8.06855    1.14387   -0.94128   -1.54283    2.00000
 179.97923    0.01234   21.64775   21.42354    0.02415    0.01333   27.73573   -3.44840    0.65217   -3.32481    2.00000
 180.02240    0.01748   23.77946   23.32914    0.02841    0.01568    5.25841   -0.81413    0.19082    5.58747    2.00000
 180.15839    0.17397   23.44503   23.04949    0.23526    0.12985    6.66636   -3.90849    1.94781   -2.16534    2.00000
 180.00172   -0.00881   23.04181   22.70231    0.00898    0.00496    9.23099   -1.79344   -3.19080   -3.51434    2.00000
 180.02254   -0.03839   21.38765   21.16438    0.04452    0.02457   34.55274    4.38553   -4.13203   -0.70020    2.00000
 180.02907    0.03031   21.39026   21.16705    0.04199    0.02318   34.48264    0.03503   -0.33134    1.34491    2.00000
 180.06030   -0.08544   23.20347   22.84329    0.10458    0.05772    8.13441   -2.09460    0.99184   -4.94353    2.00000
 179.96753   -0.07451   21.04050   20.76821    0.08127    0.04486   47.56356    1.59318   -3.39138   -2.23221    2.00000
 180.07639   -0.04911   23.28190   22.91130    0.09081    0.05012    7.60543   -3.71844   -1.63050   -7.63328    2.00000
 180.01120    0.07035   21.50798   21.28732    0.07124    0.03932   31.31890   -5.92774    2.97415   -3.40312    2.00000
 179.98323   -0.04949   21.99548   21.75269    0.05225    0.02884   21.19333    1.77567   -0.06222    0.00769    2.00000
 179.98209   -0.01731   22.62453   22.33068    0.02491    0.01375   12.82081   -1.95546    2.26989    0.72956    2.00000
 179.98602    0.08383   22.96020   22.63073    0.08499    0.04691    9.78778    0.91568   -0.69451    3.16631    2.00000
 180.01932   -0.04776   22.79475   22.48317    0.05152    0.02843   11.00504   -6.96963    0.01482   -6.66707    2.00000
 180.04910   -0.00765   22.76231   22.45417    0.04971    0.02743   11.35027   -1.69826   -0.28570   -1.74316    2.00000
 179.97153    0.02574   23.08741   22.74217    0.03838    0.02118    8.92095    2.55119   -2.11396   -3.12666    2.00000
 179.96062    0.00448   22.83240   22.51682    0.03963    0.02188   10.67380    6.05779   -1.29990    3.55352    2.00000
 179.94312    0.01840   22.27184   22.00861    0.05979    0.03300   16.65595   -2.93672    1.44753   -2.95576    2.00000
 180.01094    0.10568   22.45128   22.17366    0.10625    0.05864   14.69052   -0.96898   -2.07408   -2.50533    2.00000
 180.00319    0.03804   23.81042   23.35469    0.03818    0.02107    5.12976   -1.30239   -0.52698   -3.08644    2.00000
 180.07088   -0.02489   23.66628   23.23548    0.07511    0.04145    5.72993   -1.46968    2.62919    5.99347    2.00000
 179.94456   -0.00324   23.10421   22.75686    0.05554    0.03065    8.80672    1.27138    0.36861   -4.26836    2.00000
 180.02843   -0.02313   23.23273   22.86869    0.03664    0.02022    7.93683   -1.71001   -1.59919   -2.95486    2.00000
 180.04633   -0.00868   22.82219   22.50770    0.04713    0.02601   10.74471   -7.16149   -4.11319   -8.06588    2.00000
 180.05968   -0.03946   21.14848   20.90308    0.07153    0.03948   42.50915   -0.82623    2.37821    1.56975    2.00000
 180.03976    0.07947   22.52862   22.24414    0.08887    0.04905   13.85129   -0.80458   -3.07405   -2.55648    2.00000
 179.92448    0.09056   21.91335   21.67614    0.11791    0.06508   22.56596   -3.98195    1.88950   -0.82875    2.00000
 180.00002   -0.03650   21.39548   21.17238    0.03650    0.02015   34.34245    3.77492   -3.67867    0.20053    2.00000
 180.02464   -0.01508   22.38452   22.11234    0.02889    0.01595   15.42078   -6.14115   -1.07230   -6.36955    2.00000
 179.96500    0.00181   23.08501   22.74007    0.03506    0.01935    8.93726   -4.08204   -0.90663   -5.83944    2.00000
 179.98727   -0.02220   23.54233   23.13182    0.02559    0.01413    6.25187   -2.52267   -0.06969   -1.62973    2.00000
 180.08202   -0.04873   21.80993   21.57918    0.09539    0.05265   24.30461  -12.55512   -1.95781  -14.06701    2.00000
 180.03889   -0.01222   23.42070   23.02890    0.04078    0.02251    6.77002    2.26408   -1.71651    6.31207    2.00000
 179.95799   -0.07082   23.11622   22.76735    0.08234    0.04544    8.72513    2.12314   -1.15105    0.49909    2.00000
 179.88272    0.03225   23.81042   23.35469    0.12163    0.06713    5.12976    0.30766    0.38925    6.39494    2.00000
 179.97794    0.01135   23.58044   23.16390    0.02481    0.01369    6.09035    0.37480   -2.31656   -7.97428    2.00000
 179.93861   -0.02836   22.06673   21.81902    0.06761    0.03732   20.00373   -2.65711   -2.28208   -5.22566    2.00000
 179.31419   -0.14753   23.83423   23.37435    0.70150    0.38719    5.03080   -0.09026   -3.92163   10.84780    2.00000
 180.01338   -0.02041   23.37987   22.99431    0.02440    0.01347    6.95977   -0.91163   -0.56300   -1.72841    2.00000
 179.98413    0.04783   23.35810   22.97586    0.05039    0.02781    7.10325   -5.32640    2.05954   -6.40344    2.00000
 180.02200    0.00583   23.41798   23.02659    0.02277    0.01257    6.78163   -5.13209    4.46391   -3.40847    2.00000
 179.99268    0.00413   22.51690   22.23346    0.00841    0.00464   13.97845    4.73589   -1.71869    2.82673    2.00000
 180.01627   -0.01061   23.83423   23.37435    0.01942    0.01072    5.03080    2.73273    3.64525   10.02367    2.00000
 180.05664    0.09655   23.63024   23.20550    0.11194    0.06178    5.88091   -4.46746    0.01250    3.04747    2.00000
 180.00015   -0.02832   21.88886   21.65318    0.02832    0.01563   22.97774   -3.20470   -0.25385   -4.24024    2.00000
 179.94807    0.00152   23.31455   22.93897    0.05195    0.02867    7.39021    4.47158   -0.65909    5.06025    2.00000
 179.76646   -0.07894   22.81470   22.50101    0.24651    0.13605   10.79675   -5.52273    1.13750   -3.55749    2.00000
 179.94014   -0.04786   23.24248   22.87716    0.07664    0.04230    7.87097    1.69709   -1.42758    2.42440    2.00000
 180.00620    0.03687   22.21015   21.95191    0.03739    0.02064   17.62086   -5.03827    2.21389   -4.73402    2.00000
 179.74551   -0.26901   22.31731   22.05042    0.37031    0.20438   16.15806   -5.56299   -0.86101   -5.05935    2.00000
 180.01363   -0.02359   19.68278   19.17764    0.02724    0.01504  145.98836    4.74968    0.30654    5.03406    2.00000
 180.19937   -0.02718   23.65880   23.22929    0.20122    0.11106    5.76114   -1.98646    1.34259   -3.90508    2.00000
 180.00180   -0.07444   21.61897   21.39587    0.07446    0.04110   28.46366    2.21772   -2.10416    1.13712    2.00000
 180.02908    0.10734   22.13889   21.88657    0.11121    0.06138   18.79242   -2.56891    0.08210   -0.86884    2.00000
 179.96362    0.01875   20.88472   20.53124    0.04092    0.02258   56.44439   -2.43596   -1.30142   -4.00873    2.00000
 180.00150    0.03024   23.33905   22.95972    0.03027    0.01671    7.22879   -0.84217    0.88966   -3.14342    2.00000
 180.00790    0.04866   22.89761   22.57493    0.04930    0.02721   10.22175   -3.06916    1.24506   -0.83700    2.00000
 180.15485   -0.24995   22.72489   22.42072    0.29402    0.16228   11.74862    3.41135   -0.69899    2.03417    2.00000
 180.03925   -0.00419   22.89500   22.57261    0.03947    0.02178   10.23983    0.67484   -1.50678   -1.41139    2.00000
 179.86526   -0.11033   20.90583   20.56678    0.17414    0.09611   55.11226    0.81080    0.03255    0.86314    2.00000
 180.02574   -0.02010   22.53097   22.24628    0.03266    0.01803   13.82586   -3.82610   -0.12522   -5.34062    2.00000
 179.99269    0.00559   23.34721   22.96664    0.00921    0.00508    7.17499    1.43397   -1.01519   -4.41017    2.00000
 179.95049   -0.05321   21.12011   20.86860    0.07269    0.04012   43.80110    2.84019    0.83923    3.61224    2.00000
 179.95576   -0.02443   23.67751   23.24478    0.05053    0.02789    5.68312    2.20792   -3.06738    3.04202    2.00000
 180.00627    0.01363   23.64631   23.21892    0.01500    0.00828    5.81335    2.93197   -6.38976    1.32365    2.00000
 179.96738    0.00667   22.30269   22.03696    0.03331    0.01838   16.31837    1.12077   -0.15089    1.87599    2.00000
 179.95808    0.00221   23.74487   23.30058    0.04198    0.02317    5.40222   -0.82341    2.88965    2.15274    2.00000
 179.99568   -0.02976   21.91879   21.68124    0.03007    0.01660   22.47445    5.86691    0.62351    5.82624    2.00000
 179.98598   -0.02591   22.02562   21.78075    0.02946    0.01626   20.69004    2.87779   -4.38389   -1.57731    2.00000
 180.23193    0.03383   21.47633   21.25499    0.23440    0.12937   32.16939   -0.80680   -1.67167   -2.31061    2.00000
 180.22043   -0.13154   23.12582   22.77574    0.25669    0.14168    8.65986    5.27938   -2.00076   -0.34603    2.00000
 180.08040    0.01759   22.20501   21.94718    0.08230    0.04542   17.70559    5.19725   -0.57893    5.72250    2.00000
 180.05148   -0.06104   23.14022   22.78832    0.07985    0.04407    8.56195    6.95110    3.91924    6.51464    2.00000
 180.16418    0.05799   23.37715   22.99200    0.17413    0.09610    6.97770    2.96987    1.62936    9.08357    2.00000
 180.05566    0.10714   22.55440   22.26763    0.12074    0.06664   13.57155   -3.26952   -2.75234   -4.73983    2.00000
 180.03949   -0.02787   23.71493   23.27578    0.04834    0.02668    5.52706   -2.99913   -0.67525   -7.26547    2.00000
 180.03740    0.18821   21.87797   21.64297    0.19190    0.10591   23.16076   -1.32970   -2.50308   -5.56058    2.00000
 180.04318    0.05537   23.44773   23.05177    0.07023    0.03876    6.65484    6.21597   -2.55540    1.73889    2.00000
 180.03935   -0.03262   23.46125   23.06321    0.05111    0.02821    6.59727   -3.47224   -1.52326   -6.11042    2.00000
 179.94215   -0.04081   23.69996   23.26338    0.07080    0.03907    5.58948   -1.30467    1.27443    2.83383    2.00000
 180.00951   -0.01165   21.63455   21.41084    0.01504    0.00830   28.06991    1.84902   -1.84298    0.21554    2.00000
 179.94424   -0.25763   21.24465   21.01345    0.26359    0.14548   38.52292   -3.19855    0.59257   -2.20073    2.00000
 180.01344   -0.03718   22.76980   22.46086    0.03953    0.02182   11.27060    1.58354    0.04009    3.27003    2.00000
 179.98540   -0.06391   21.69538   21.46947    0.06556    0.03618   26.52765   -2.43396    1.60825   -0.71494    2.00000
 180.03328   -0.01235   23.62060   23.19744    0.03550    0.01959    5.92145    0.79242    0.62140    1.09043    2.00000
 179.98000    0.03238   23.03220   22.69392    0.03806    0.02101    9.29626    2.75028   -2.05153    5.31420    2.00000
 180.03522    0.05156   23.23760   22.87293    0.06244    0.03446    7.90390   -0.27874    0.33821    2.45424    2.00000
 179.97720   -0.01457   23.68125   23.24788    0.02705    0.01493    5.66751    0.12736   -4.36396   -6.50049    2.00000
 179.96690   -0.00702   23.26442   22.89621    0.03383    0.01867    7.72278   -2.33760    1.18945    0.01886    2.00000
 180.08406   -0.03210   22.89761   22.57493    0.08999    0.04967   10.22175   -1.63506   -1.57469   -2.25175    2.00000
 180.02861    0.01671   23.81042   23.35469    0.03313    0.01828    5.12976   -1.96482   -1.47576    0.80883    2.00000
 180.03105   -0.02094   22.50987   22.22705    0.03745    0.02067   14.05474   -2.13975    3.96333    5.26692    2.00000
 180.00681   -0.03286   21.67950   21.45416    0.03356    0.01852   26.93034    0.92615   -1.69991   -1.22805    2.00000
 180.01572   -0.04409   23.74487   23.30058    0.04681    0.02584    5.40222   -4.14899   -1.64206   -6.74065    2.00000
 179.98543   -0.00564   22.24357   21.98262    0.01563    0.00862   17.07011    0.84882   -2.33174   -1.12947    2.00000
 179.99341    0.05833   22.78477   22.47425    0.05870    0.03240   11.11126    2.88217   -0.82366    3.87656    2.00000
 179.99356   -0.01511   21.53939   21.31938    0.01642    0.00907   30.47575   10.43800   -1.07551    9.47867    2.00000
 180.08966    0.06206   21.22256   20.98948    0.10905    0.06019   39.27087   -1.23713    0.45087   -0.89580    2.00000
 180.01849   -0.07003   23.68125   23.24788    0.07243    0.03998    5.66751    2.09869   -0.42107   -1.34250    2.00000
 180.00996    0.00872   22.31731   22.05042    0.01324    0.00731   16.15806    7.55358    1.59550    8.16882    2.00000
 180.16621   -0.01774   22.78227   22.47202    0.16716    0.09226   11.13782   -1.68446    2.64784    0.89783    2.00000
 180.03247   -0.06939   23.56598   23.15182    0.07661    0.04228    6.15115   -0.12590   -1.85690   -1.65064    2.00000
 179.98886    0.02042   23.18153   22.82424    0.02326    0.01284    8.28259    1.95059   -2.87112    1.04459    2.00000
 180.03471   -0.10756   21.80993   21.57918    0.11302    0.06238   24.30461    5.36015    0.87899    6.20590    2.00000
 179.97273   -0.03348   23.69622   23.26028    0.04317    0.02383    5.60509   -0.66567   -0.21559    1.76695    2.00000
 179.92288   -0.07132   23.68499   23.25098    0.10504    0.05797    5.65191    6.93880   -1.12000   10.87898    2.00000
 179.95695    0.02440   23.16446   22.80942    0.04948    0.02731    8.39784   -7.94632    1.55334   -7.39006    2.00000
 180.03084    0.08282   23.08501   22.74007    0.08838    0.04878    8.93726    3.80249    2.71975    8.38814    2.00000
 180.04015   -0.05847   23.40709   23.01737    0.07092    0.03914    6.82807    0.71450    1.83994    7.86878    2.00000
 180.06625    0.06506   22.16191   21.90761    0.09285    0.05125   18.41520   -3.37713   -0.65094   -3.99070    2.00000
 180.00153    0.05436   22.88717   22.56563    0.05439    0.03002   10.29408   -4.57458   -2.66015   -5.81031    2.00000
 179.92792    0.00357   22.29755   22.03223    0.07218    0.03984   16.37463    1.66940   -1.38789   -0.92766    2.00000
 180.18736    0.21624   23.79851   23.34487    0.28612    0.15792    5.17924   -6.29565   -0.06662   -7.70128    2.00000
 179.95073   -0.09165   23.70932   23.27113    0.10405    0.05743    5.55047   -3.49590   -1.42768   -7.15452    2.00000
 180.09895    0.09923   23.27918   22.90900    0.14015    0.07735    7.62329   -4.01756   -0.12086   -3.29365    2.00000
 179.72122   -0.35808   21.02803   20.75176    0.45380    0.25047   48.17978    5.76896    0.95122    6.92761    2.00000
 180.11798   -0.05438   23.30639   22.93205    0.12991    0.07170    7.44401    5.69432   -4.57835    0.66190    2.00000
 180.00908    0.07545   22.30269   22.03696    0.07600    0.04194   16.31837    5.87947    3.04430    9.56457    2.00000
 179.99754   -0.04078   22.85066   22.53309    0.04085    0.02255   10.54722   -2.82098    0.52596   -3.30393    2.00000
 180.03889   -0.00591   23.36082   22.97817    0.03934    0.02171    7.08531   -3.06790    2.28112   -0.00685    2.00000
 179.84763   -0.13376   23.31728   22.94128    0.20276    0.11191    7.37227   -5.31878   -0.36750   -6.54439    2.00000
 180.02477   -0.00674   23.77470   23.32521    0.02566    0.01416    5.27820   -3.47377   -1.84942   -5.44665    2.00000
 180.01018   -0.02775   22.96625   22.63610    0.02956    0.01632    9.74600    3.47478   -1.62628    2.94327    2.00000
 180.11388    0.03292   21.71125   21.48478    0.11854    0.06542   26.12496   -3.45241   -3.64246   -7.18379    2.00000
 179.96947    0.01750   23.53422   23.12495    0.03520    0.01943    6.28641    0.24358   -2.73886   -0.79000    2.00000
 180.00339   -0.00760   23.08261   22.73797    0.00832    0.00459    8.95358   -0.70970   -1.46300   -2.55903    2.00000
 180.00246    0.08775   21.47111   21.24966    0.08778    0.04845   32.30959   -0.63491    3.43496    2.80432    2.00000
 180.05106   -0.12707   23.39892   23.01045    0.13694    0.07558    6.86289   -3.87769    1.86539   -1.84747    2.00000
 179.96114   -0.00072   22.70743   22.40511    0.03887    0.02146   11.93451    1.43371   -0.78062    0.55575    2.00000
 180.03540   -0.01460   22.87935   22.55866    0.03829    0.02113   10.34832    1.98901    0.68687    1.21333    2.00000
 180.00613    0.03120   22.70244   22.40065    0.03180    0.01755   11.98763    0.99103    0.62438    4.38229    2.00000
 179.95729   -0.01282   22.50284   22.22065    0.04459    0.02461   14.13103   -0.31843   -3.04150   -4.68247    2.00000
 180.13634   -0.03476   23.77946   23.32914    0.14069    0.07765    5.25841    4.51498   -0.26596   -2.91908    2.00000
 180.05502    0.08608   21.87253   21.63787    0.10216    0.05639   23.25227    2.90831    0.01007    3.09524    2.00000
 179.98592   -0.00351   17.90486   17.87186    0.01452    0.00802  307.66776   -4.47592    1.02089   -3.47980    2.00000
 180.08604   -0.12170   23.63185   23.20684    0.14905    0.08227    5.87416   -3.71326    1.10933   -2.65743    2.00000
 180.04071   -0.05235   22.63235   22.33771    0.06632    0.03660   12.73709    1.10096    1.62001    0.52126    2.00000
 179.93710   -0.01278   23.63827   23.21221    0.06419    0.03543    5.84713   -0.34500   -1.17622   -0.00308    2.00000
 179.95810    0.04447   20.97409   20.67511    0.06109    0.03372   51.05248    1.14302   -0.57755    0.84746    2.00000
 180.09422   -0.04847   22.58280   22.29318    0.10597    0.05849   13.26732    5.09556    0.01363    5.50244    2.00000
 180.04572    0.03475   22.86631   22.54704    0.05742    0.03169   10.43873    5.02699   -0.68758    4.71769    2.00000
 180.03117    0.00830   22.82979   22.51449    0.03225    0.01780   10.69188    0.18322   -1.36061   -2.50607    2.00000
 180.00105   -0.00153   23.25467   22.88774    0.00185    0.00102    7.78864   -1.07314   -0.47399    2.85287    2.00000
 180.17500    0.06183   23.22298   22.86023    0.18560    0.10244    8.00269   -2.20130    4.00703    0.51119    2.00000
 179.95351   -0.03311   22.41332   22.13887    0.05709    0.03151   15.10480   -2.71319   -1.46969   -4.47522    2.00000
 180.06117    0.04926   21.49157   21.27056    0.07855    0.04335   31.75970    0.27254    2.30004    2.59880    2.00000
 180.03831   -0.02826   22.76481   22.45640    0.04761    0.02628   11.32371    1.85050    3.62808    6.31145    2.00000
 180.02521    0.02365   23.66628   23.23548    0.03456    0.01908    5.72993    2.08949   -0.55338    0.62142    2.00000
 179.96715   -0.00430   22.94195   22.61445    0.03313    0.01828    9.91436    2.17265   -1.05788    0.89462    2.00000
 179.99367    0.04068   21.56252   21.34161    0.04117    0.02272   29.89098    0.33850   -2.49784   -1.72392    2.00000
 179.95561    0.00049   22.16082   21.90661    0.04439    0.02450   18.43317   -3.87101   -2.35145   -5.61440    2.00000
 179.95148   -0.02086   20.89937   20.55624    0.05283    0.02916   55.50750   -9.73758   -2.48068  -11.75954    2.00000
 180.00871   -0.05992   21.59367   21.37154    0.06055    0.03342   29.10349    3.24100   -1.90898    2.08828    2.00000
 179.86125   -0.07934   22.98995   22.65689    0.15983    0.08822    9.58429    2.56927   -1.36041    4.12462    2.00000
 180.01401   -0.00235   22.81969   22.50547    0.01419    0.00783   10.76205    1.57536   -2.39033   -4.38606    2.00000
 180.07829   -0.05783   22.46769   22.18861    0.09733    0.05372   14.51250   -3.88207    6.08290    0.65104    2.00000
 179.93649   -0.04856   23.48557   23.08379    0.07994    0.04412    6.49365    2.37314   -1.53079    2.14690    2.00000
 179.99040    0.01076   23.67002   23.23858    0.01442    0.00796    5.71433    2.09429   -2.36395    1.72422    2.00000
 179.97163    0.01526   22.60888   22.31662    0.03222    0.01778   12.98825   -4.87212    1.31924   -3.82433    2.00000
 180.13356   -0.10218   21.54305   21.32290    0.16817    0.09281   30.38316   -2.02502    1.48198   -0.16198    2.00000
 179.98952   -0.06591   21.36157   21.13773    0.06674    0.03683   35.25373    3.80955   -3.28906    0.86153    2.00000
 179.98512   -0.03644   23.75803   23.31145    0.03936    0.02172    5.34747    8.53338    0.02803    9.06616    2.00000
 180.00334    0.21301   22.85848   22.54006    0.21304    0.11758   10.49298    1.73680    2.65594    6.05132    2.00000
 180.01308   -0.00309   22.92891   22.60283    0.01344    0.00742   10.00477    3.30654    1.23946    7.69714    2.00000
 179.98222    0.00298   21.59172   21.36967    0.01802    0.00995   29.15271   -4.43726    2.38590   -0.97816    2.00000
 180.04922    0.21130   16.86830   16.10953    0.21696    0.11974  736.61682   -1.32233   -0.98753   -2.31809    2.00000
 180.02969   -0.08544   19.07232   18.53473    0.09046    0.04992  213.09921    1.65580   -4.34138   -2.69225    2.00000
 180.17357    0.03786   23.68125   23.24788    0.17765    0.09805    5.66751    7.11496    2.40644    3.17626    2.00000
 179.96712    0.01735   21.83987   21.60725    0.03717    0.02052   23.80132    3.80948   -2.30574    1.50550    2.00000
 179.96771    0.01880   22.49347   22.21210    0.03735    0.02062   14.23276   -3.41819    1.65804   -0.37311    2.00000
 180.00574    0.04539   23.40437   23.01506    0.04575    0.02525    6.83968   -2.59214    1.03926   -3.48700    2.00000
 180.04961    0.11823   21.12907   20.87949    0.12821    0.07076   43.39312    2.21266    1.42991    3.72268    2.00000
 179.98447   -0.01272   21.32347   21.09747    0.02008    0.01108   36.31284   -4.46097    1.41386   -3.03528    2.00000
 179.97221    0.03893   22.46535   22.18648    0.04783    0.02640   14.53793   -2.89627   -2.21666   -4.27602    2.00000
 180.24950   -0.17955   17.71698   17.07150    0.30739    0.16966  461.74683    4.64092   -2.67533    1.96641    2.00000
 180.01134   -0.08038   22.53565   22.25055    0.08117    0.04480   13.77500    2.88738    0.82363    3.73009    2.00000
 179.97003    0.01661   22.87674   22.55634    0.03427    0.01891   10.36640    3.40079    3.39653    4.64358    2.00000
 179.97575    0.02359   21.97903   21.73738    0.03383    0.01867   21.46786   -2.16552    0.44389   -1.70880    2.00000
 180.00427    0.04110   22.76980   22.46086    0.04132    0.02281   11.27060   -4.33438    0.22858   -3.50871    2.00000
 180.03270    0.10225   22.67148   22.37286    0.10735    0.05925   12.31848    3.07697    4.07810    8.00721    2.00000
 180.01999   -0.01923   22.77479   22.46533    0.02774    0.01531   11.21749   -0.39976    3.22026    4.52099    2.00000
 179.97130   -0.00938   21.45286   21.23101    0.03020    0.01667   32.80028    0.69672   -3.92416   -3.08080    2.00000
 180.02299    0.02309   22.82723   22.51221    0.03258    0.01798   10.70962   -3.00252   -0.00795   -1.06058    2.00000
 180.09631    0.08582   23.49638   23.09294    0.12900    0.07120    6.44760   -4.74738   -1.65115   -7.38049    2.00000
 179.91570    0.17008   21.71125   21.48478    0.18983    0.10477   26.12496   -1.81721   -0.57012   -0.94479    2.00000
 179.80862    0.04642   22.15753   21.90360    0.19692    0.10868   18.48706    8.24482   -0.14797    7.98481    2.00000
 180.01361    0.01314   22.06399   21.81647    0.01892    0.01044   20.04948    5.14586    0.78729    7.21938    2.00000
 180.04890   -0.00308   20.43165   19.96674    0.04901    0.02705   85.65698    2.17480    0.84834    3.21569    2.00000
 179.99683   -0.01646   23.61418   23.19208    0.01677    0.00925    5.94847   -2.34568    2.17978   -0.39835    2.00000
 179.96861    0.03621   23.61578   23.19342    0.04792    0.02645    5.94172   -1.54441   -4.04063   -6.05832    2.00000
 179.91855    0.03698   23.81280   23.35666    0.08945    0.04937    5.11986   -3.20777   -2.72903  -14.30802    2.00000
 179.91316    0.03417   23.48827   23.08608    0.09332    0.05151    6.48214    1.30727    3.47461    1.82008    2.00000
 180.03957    0.00471   23.72990   23.28818    0.03985    0.02199    5.46464    6.19416   -0.18790    3.99791    2.00000
 179.98315   -0.01134   23.29278   22.92052    0.02031    0.01121    7.53369   -3.56004   -1.62955    3.34732    2.00000
 180.00108    0.12809   23.66067   23.23084    0.12810    0.07070    5.75334   -2.24857    1.83972   -8.52940    2.00000
 179.96356    0.00546   23.77470   23.32521    0.03684    0.02034    5.27820   -5.34348    2.26941   -8.38142    2.00000
 180.13533   -0.04007   23.08261   22.73797    0.14114    0.07790    8.95358    4.11959    2.32397    7.07786    2.00000
 180.09833   -0.00362   22.85327   22.53541    0.09840    0.05431   10.52914   -0.81103   -1.55010    0.66513    2.00000
 180.02451   -0.08342   22.81221   22.49878    0.08694    0.04799   10.81914   -1.98996    0.23470   -1.03672    2.00000
 179.93178    0.03060   20.36478   19.89494    0.07477    0.04127   90.56756    7.09689   -1.14411    5.89225    2.00000
 180.11227   -0.03077   22.17417   21.91883    0.11642    0.06425   18.21397    3.20184    0.31045    4.53702    2.00000
 180.10892    0.12704   22.23072   21.97081    0.16733    0.09235   17.28194   -4.21203   -0.51551   -4.73923    2.00000
 180.00970   -0.07216   23.18153   22.82424    0.07281    0.04019    8.28259    1.86158   -2.09588   -2.45402    2.00000
 179.96527    0.06936   22.74236   22.43633    0.07757    0.04281   11.56272   -2.54450   -0.57305   -2.00705    2.00000
