#RA        DEC       MAG_G     MAG_I     ANGSEP    RPROJ     SNR       VTRUE       VSYS       VMEAS      VSYSERR    
 180.08488   -0.09179   23.82947   23.37042    0.12502    0.06900    5.05059   -0.92990   -0.00688   -2.05915    2.00000
 179.99358    0.04244   23.52341   23.11581    0.04292    0.02369    6.33246    1.10267    0.18436    6.12555    2.00000
 179.95697   -0.03136   23.38804   23.00123    0.05324    0.02939    6.90933    1.80528    1.05197    2.15877    2.00000
 179.91612   -0.27645   23.16446   22.80942    0.28890    0.15945    8.39784    5.57198    1.04013    8.04724    2.00000
 179.98396    0.02056   22.91847   22.59353    0.02608    0.01439   10.07709   -4.93170   -0.18196   -7.55759    2.00000
 179.96709    0.01068   22.91326   22.58888    0.03460    0.01910   10.11326    6.13249   -0.35861    6.15789    2.00000
 180.01584   -0.04223   21.45546   21.23367    0.04510    0.02489   32.73018    1.25785   -2.59226   -1.69016    2.00000
 180.04124   -0.05040   23.55584   23.14325    0.06513    0.03595    6.19430    4.20545   -0.29549    4.70346    2.00000
 179.78944   -0.06117   21.99274   21.75013    0.21927    0.12102   21.23909   -4.82939    0.35440   -3.89470    2.00000
 179.79744    0.09991   23.00288   22.66823    0.22586    0.12466    9.49609    2.17875   -1.30119   -0.44466    2.00000
 180.00288    0.14765   23.07061   22.72749    0.14768    0.08151    9.03517   -2.99386    0.43711   -1.97298    2.00000
 179.98994    0.01483   23.81042   23.35469    0.01792    0.00989    5.12976   -4.38934   -1.17577   -9.66691    2.00000
 180.06831    0.05518   21.19694   20.95972    0.08782    0.04847   40.38617    2.23655   -0.92117    1.51450    2.00000
 180.13361   -0.08825   21.88341   21.64807    0.16012    0.08838   23.06925    0.59296   -3.72385   -2.81963    2.00000
 179.94463   -0.04453   23.16934   22.81366    0.07105    0.03921    8.36491    0.06564   -6.48991   -7.88890    2.00000
 179.98436   -0.09328   23.59329   23.17463    0.09458    0.05220    6.03630   -1.62484   -1.60963    0.33059    2.00000
 180.04213   -0.03268   21.30324   21.07592    0.05332    0.02943   36.87959    3.02190    1.79272    5.00343    2.00000
 180.49039    0.16878   22.59584   22.30490    0.51861    0.28624   13.12778   -0.87626    2.39796    2.58231    2.00000
 179.95236   -0.03418   20.87361   20.51219    0.05863    0.03236   57.15837    4.19177   -0.88347    3.26156    2.00000
 180.23419   -0.17865   22.00096   21.75779    0.29455    0.16257   21.10183    0.23676   -0.45803    0.12414    2.00000
 179.97951    0.01205   23.08981   22.74427    0.02378    0.01313    8.90463    3.00358   -0.62030    2.09129    2.00000
 180.00755    0.04751   21.88069   21.64552    0.04811    0.02655   23.11501   -1.09317   -0.59158   -1.07012    2.00000
 179.97475    0.00916   22.31971   22.05263    0.02686    0.01483   16.13173   -5.29026   -1.47319   -6.30317    2.00000
 180.00900   -0.00312   23.71493   23.27578    0.00952    0.00526    5.52706   -4.16022   -1.80196   -8.11899    2.00000
 179.92969   -0.03049   22.96020   22.63073    0.07664    0.04230    9.78778   -1.17918    0.97628   -1.20868    2.00000
 180.06252    0.10991   21.80993   21.57918    0.12645    0.06979   24.30461   -1.19426   -2.62147   -3.47068    2.00000
 180.06532    0.07763   23.25955   22.89198    0.10146    0.05600    7.75571    1.62695    0.25369   -1.37844    2.00000
 180.01457    0.01302   21.63260   21.40897    0.01954    0.01079   28.11913   -2.39356    1.47614   -1.06501    2.00000
 180.00661   -0.09965   22.32211   22.05484    0.09987    0.05512   16.10540    2.60749   -0.19791    2.43987    2.00000
 179.93791    0.04191   22.33411   22.06590    0.07491    0.04134   15.97374    0.33188    1.56364    2.37062    2.00000
 180.02589   -0.07390   21.98451   21.74248    0.07831    0.04322   21.37635   -1.98188   -1.96937   -3.98970    2.00000
 179.96823    0.01113   23.18640   22.82847    0.03366    0.01858    8.24966   -6.18505    3.07741    1.21038    2.00000
 179.98067    0.03898   23.52341   23.11581    0.04352    0.02402    6.33246   -2.32786   -0.51875   -1.80656    2.00000
 180.06938    0.09352   22.93151   22.60515    0.11644    0.06427    9.98668   -2.19345    3.10863   -1.18234    2.00000
 180.12450    0.08478   23.83661   23.37632    0.15061    0.08313    5.02090   -1.08981   -3.62529   -8.09993    2.00000
 179.99084   -0.01047   23.42881   23.03577    0.01391    0.00768    6.73544    0.86125    4.30246    6.24420    2.00000
 180.02692   -0.01631   21.48415   21.26298    0.03148    0.01737   31.95910   -0.42192   -3.09419   -3.42159    2.00000
 180.06096    0.01310   22.26156   21.99916    0.06235    0.03441   16.77356   -2.87217    0.56419   -1.74436    2.00000
 180.09933   -0.01135   21.23784   21.00608    0.09998    0.05518   38.71681   -5.10016   -0.52888   -5.70369    2.00000
 179.87021    0.06156   23.21078   22.84964    0.14365    0.07928    8.08501    0.73342    3.45778    5.47725    2.00000
 179.99873    0.02321   21.15967   20.91642    0.02325    0.01283   42.00890   -4.54284    3.59691   -1.32170    2.00000
 179.89758    0.02561   23.39348   23.00584    0.10556    0.05826    6.88611    0.98526   -0.52968    3.88479    2.00000
 180.02174   -0.01579   23.53692   23.12724    0.02688    0.01483    6.27489   -1.22606    6.05582    5.28473    2.00000
 179.98930   -0.00936   20.41320   19.94693    0.01421    0.00784   87.01163   -2.28097   -0.25692   -2.63949    2.00000
 180.04984    0.04018   22.22301   21.96372    0.06401    0.03533   17.40903    0.15583    3.22619    5.01436    2.00000
 180.02367    0.02683   22.98026   22.64838    0.03578    0.01975    9.65045    2.48348   -5.34081   -3.39583    2.00000
 180.00481    0.04302   23.47206   23.07236    0.04329    0.02389    6.55122   -0.72317   -1.63593    1.47114    2.00000
 179.96609   -0.03028   21.96533   21.72462    0.04546    0.02509   21.69663   -0.70462    2.17008    1.76718    2.00000
 180.07120    0.05469   22.53331   22.24841    0.08978    0.04955   13.80043    1.93995   -2.53177   -1.39955    2.00000
 180.09096    0.03870   22.32931   22.06148    0.09885    0.05456   16.02640    3.09798    2.00462    2.57470    2.00000
 180.04526    0.06285   23.54773   23.13639    0.07744    0.04274    6.22884   -5.58387   -2.17243  -10.34748    2.00000
 179.93666   -0.04453   23.78660   23.33504    0.07743    0.04274    5.22872   -5.11511   -1.16609   -0.62631    2.00000
 179.98573    0.02927   20.92846   20.60369    0.03256    0.01797   53.72893    0.42951   -0.68795    0.17676    2.00000
 179.96756   -0.01919   23.50449   23.09980    0.03769    0.02080    6.41306    4.60470   -2.05157    5.40769    2.00000
 180.01015   -0.03338   22.47706   22.19715    0.03489    0.01926   14.41078    2.67664    0.02404    1.31714    2.00000
 179.98758   -0.04565   22.72739   22.42295    0.04731    0.02611   11.72206    1.02672    0.37794    1.45906    2.00000
 179.99904    0.00462   22.28213   22.01806    0.00472    0.00260   16.54342   -5.17289    4.41503   -1.39969    2.00000
 180.12070   -0.00783   19.54430   19.03275    0.12096    0.06676  158.75789   -1.62579   -0.08931   -1.68671    2.00000
 180.00836   -0.05093   23.58365   23.16658    0.05161    0.02848    6.07684    0.39683   -2.07525   -4.06029    2.00000
 180.09660    0.01607   22.45128   22.17366    0.09793    0.05405   14.69052   -0.45076   -0.79314   -2.64184    2.00000
 180.09207   -0.00927   22.48644   22.20570    0.09254    0.05107   14.30905   -1.50575    2.11724    0.41657    2.00000
 180.01848    0.00155   18.12257   17.97224    0.01854    0.01023  290.54672   -1.82323    1.16382   -0.67765    2.00000
 179.98463    0.05339   22.16630   21.91162    0.05555    0.03066   18.34335   -5.04237    1.67003   -2.90191    2.00000
 179.96371   -0.06428   22.06673   21.81902    0.07382    0.04074   20.00373   -6.05070   -2.23274   -7.93293    2.00000
 180.05112   -0.00479   21.75623   21.52815    0.05134    0.02834   25.21969    2.48106    2.24245    4.69858    2.00000
 180.01482   -0.00981   23.36354   22.98047    0.01777    0.00981    7.06738   -0.85323    2.10205    1.49042    2.00000
 180.00780    0.06152   23.60775   23.18671    0.06201    0.03422    5.97550    3.34332   -1.16692    1.37461    2.00000
 179.92284    0.15564   23.15471   22.80096    0.17372    0.09588    8.46370   -4.80731   -1.79090   -3.07431    2.00000
 179.90695    0.06520   22.58280   22.29318    0.11362    0.06271   13.26732   -3.34492    3.40602    0.33601    2.00000
 179.90311   -0.00638   23.57723   23.16121    0.09711    0.05360    6.10386    1.92887   -4.38267   -1.39698    2.00000
 179.87839   -0.08809   23.36899   22.98509    0.15017    0.08288    7.03151    0.17241    0.66271    5.01345    2.00000
 179.99681   -0.03303   22.53800   22.25268    0.03318    0.01831   13.74957    0.33916   -2.89361   -0.59850    2.00000
 179.88115    0.02754   22.03658   21.79096    0.12200    0.06733   20.50702    7.09339    0.65582    7.85833    2.00000
 180.05156   -0.03159   23.33361   22.95511    0.06047    0.03338    7.26466   -4.88247    0.19511   -4.39921    2.00000
 180.01555   -0.04087   23.72990   23.28818    0.04373    0.02414    5.46464   -4.02366   -4.20446   -3.36863    2.00000
 179.97968    0.11154   23.73925   23.29593    0.11337    0.06257    5.42563    5.39105    0.06609    3.91589    2.00000
 180.00037    0.04737   23.37987   22.99431    0.04737    0.02615    6.95977    2.88950   -0.63887    5.20288    2.00000
 180.02432   -0.01139   19.78471   19.28418    0.02686    0.01483  136.59917   -2.93843   -0.86759   -3.70272    2.00000
 180.04283   -0.00603   22.59845   22.30724    0.04325    0.02387   13.09987   -1.63787   -0.79050   -3.33144    2.00000
 180.01118    0.02490   22.62714   22.33302    0.02729    0.01506   12.79290   -3.80725    0.00977   -1.72970    2.00000
 179.95567   -0.04866   23.54233   23.13182    0.06583    0.03633    6.25187   -1.98662    3.17688    2.19870    2.00000
 180.02914    0.00840   22.32691   22.05926    0.03033    0.01674   16.05273    1.32441    4.34603    6.77092    2.00000
 179.94659   -0.04352   23.76993   23.32128    0.06889    0.03802    5.29799    3.53381    0.55848    0.02705    2.00000
 180.02403   -0.00418   23.75565   23.30949    0.02439    0.01346    5.35737    3.12281    0.30495    3.31580    2.00000
 180.07233    0.06657   17.46849   16.79538    0.09829    0.05425  530.69666    6.65397   -2.41719    4.24305    2.00000
 180.32265   -0.07690   21.50887   21.28823    0.33169    0.18307   31.29503    4.17148    1.52794    5.75713    2.00000
 180.08978    0.13577   22.06125   21.81392    0.16277    0.08984   20.09524    3.19604    1.16311    3.71423    2.00000
 179.96262    0.04067   22.43488   22.15871    0.05523    0.03049   14.86854    2.51029   -4.30671   -1.43296    2.00000
 180.01900   -0.04079   21.38243   21.15905    0.04500    0.02484   34.69294    0.71371    2.44043    2.94883    2.00000
 180.01263   -0.01384   22.91587   22.59121    0.01875    0.01035   10.09518   -3.81331    0.08906   -6.91025    2.00000
 179.97552    0.01674   21.66098   21.43630    0.02965    0.01637   27.40015   -2.84711   -0.34674   -2.67742    2.00000
 180.00922    0.05463   22.85066   22.53309    0.05540    0.03058   10.54722    0.32244   -0.91596   -2.89213    2.00000
 179.95506    0.04301   21.89974   21.66338    0.06220    0.03433   22.79473   -0.15683    2.58290    2.34045    2.00000
 180.10475   -0.11452   22.54268   22.25695    0.15520    0.08566   13.69870   -0.54455    0.38871   -1.85079    2.00000
 180.00340   -0.01219   21.06545   20.80109    0.01266    0.00699   46.33110    1.16298   -0.22033    0.76859    2.00000
 179.82159    0.02596   22.47238   22.19288    0.18029    0.09951   14.46164   -1.45878    1.10848   -1.75004    2.00000
 180.02913    0.10442   21.66627   21.44140    0.10840    0.05983   27.26592    0.62792    0.76891    2.13266    2.00000
 180.01666    0.02005   23.39076   23.00353    0.02608    0.01439    6.89772   -1.44586    0.55966   -2.00521    2.00000
 180.01834    0.03203   23.58205   23.16524    0.03691    0.02037    6.08359   -2.66662   -1.64498   -7.59477    2.00000
 180.05919   -0.00349   23.52881   23.12038    0.05929    0.03273    6.30943   -3.21068    6.04564    1.66726    2.00000
 180.00339    0.03438   23.02119   22.68429    0.03455    0.01907    9.37113    2.32107    2.38422    1.63054    2.00000
 180.01749    0.01924   23.40437   23.01506    0.02600    0.01435    6.83968   -0.02101    2.53766    7.18458    2.00000
 180.09671    0.19393   23.52881   23.12038    0.21670    0.11960    6.30943   -0.05676    3.06488    4.53299    2.00000
 179.93352   -0.03213   21.33762   21.11255    0.07384    0.04075   35.91611   -0.83686    1.21502   -0.42604    2.00000
 180.09212    0.14061   22.45363   22.17580    0.16809    0.09277   14.66509   -3.75609    1.58898   -3.40524    2.00000
 180.05186    0.02004   23.47746   23.07693    0.05560    0.03069    6.52819    3.78321   -2.09425    1.22767    2.00000
 179.91599    0.04356   23.03220   22.69392    0.09464    0.05223    9.29626    2.01000   -0.99575    0.34771    2.00000
 179.99390    0.01679   23.28190   22.91130    0.01787    0.00986    7.60543    4.81828   -1.88308   -0.34822    2.00000
 180.06883   -0.10133   22.21787   21.95899    0.12251    0.06761   17.49376   -2.83610   -2.38155   -3.96829    2.00000
 180.02165   -0.01890   23.72054   23.28043    0.02874    0.01586    5.50366   -4.18985    1.54473   -4.97476    2.00000
 179.95352    0.00646   20.98448   20.69042    0.04693    0.02590   50.47875   -1.66530    0.02123   -1.93611    2.00000
 180.20116   -0.17529   23.21078   22.84964    0.26681    0.14726    8.08501   -7.84127   -0.61410   -7.26645    2.00000
 180.06947   -0.01590   23.14262   22.79042    0.07127    0.03933    8.54564    0.05386   -3.73834   -6.62683    2.00000
 179.99989    0.00799   23.50990   23.10437    0.00799    0.00441    6.39003   -6.33238    2.35180    1.15394    2.00000
 179.99712    0.00610   21.56447   21.34348    0.00675    0.00372   29.84176   -5.80042   -1.93840   -8.13534    2.00000
 180.02155   -0.02409   18.00418   17.97356    0.03232    0.01784  290.32224    1.75045    2.44285    4.20062    2.00000
 179.57623    0.18691   22.98457   22.65216    0.46315    0.25563    9.62105   -9.87050   -1.61553  -10.25178    2.00000
 179.94104   -0.02749   23.30639   22.93205    0.06505    0.03590    7.44401   -2.23049   -1.45241   -1.32632    2.00000
 179.89474   -0.01574   22.93673   22.60980    0.10642    0.05874    9.95052   -1.98265   -1.77277   -5.07373    2.00000
 179.93561   -0.07502   21.49288   21.27190    0.09886    0.05457   31.72457   -0.81032    0.37536   -1.03519    2.00000
 179.83215   -0.00412   23.80327   23.34880    0.16789    0.09266    5.15945   -6.12117    2.09320   -4.86039    2.00000
 179.99341   -0.08374   22.79475   22.48317    0.08400    0.04636   11.00504   -5.28497   -4.37510   -9.95882    2.00000
 180.04362    0.59746   22.62192   22.32834    0.59905    0.33064   12.84871   -3.61104    0.52749   -1.43945    2.00000
 179.85619    0.09291   22.85588   22.53774    0.17122    0.09450   10.51106    0.68499   -0.66968   -0.35610    2.00000
 179.97569    0.06625   22.11916   21.86854    0.07057    0.03895   19.11575    4.04821   -1.15667    3.91040    2.00000
 179.98997   -0.00300   23.57080   23.15585    0.01046    0.00578    6.13088   -5.04612    1.67312   -9.37131    2.00000
 179.99454   -0.08478   23.00934   22.67390    0.08495    0.04689    9.45199    5.49080    1.73372    7.07336    2.00000
 179.95035    0.03150   21.56252   21.34161    0.05880    0.03245   29.89098   -2.59653    2.31010   -0.83099    2.00000
 179.94691   -0.10152   23.68873   23.25408    0.11457    0.06323    5.63630    2.00385    5.47345   15.31778    2.00000
 179.95032   -0.03626   21.99822   21.75524    0.06151    0.03395   21.14758   -4.49665   -2.38051   -6.89015    2.00000
 179.97627   -0.09748   21.68215   21.45671    0.10032    0.05537   26.86323    0.99605   -0.00411    0.52950    2.00000
 180.03017    0.05327   23.50179   23.09751    0.06122    0.03379    6.42457   -3.70347    1.23343   -7.92930    2.00000
 180.01920   -0.06615   22.50284   22.22065    0.06888    0.03802   14.13103    2.07494    2.24548    4.92243    2.00000
 180.18616    0.02503   21.35635   21.13240    0.18784    0.10367   35.39392   -1.77534   -1.94470   -3.64894    2.00000
 180.05621   -0.04057   22.51690   22.23346    0.06933    0.03826   13.97845   -0.43547    2.37010    3.52129    2.00000
 180.00957   -0.04105   23.81994   23.36256    0.04215    0.02326    5.09017   -1.44365   -0.09324    5.32275    2.00000
 180.05762   -0.01708   21.22256   20.98948    0.06009    0.03317   39.27087    1.05431    0.92170    1.81932    2.00000
 179.88812    0.09253   21.48155   21.26032    0.14518    0.08013   32.02920    0.88745   -0.23592    0.37964    2.00000
 179.95584    0.02569   22.80473   22.49209    0.05109    0.02820   10.89881    0.51246   -1.01653   -2.22652    2.00000
 179.96436    0.10590   22.02562   21.78075    0.11174    0.06167   20.69004    1.85108    1.26441    3.27630    2.00000
 179.60016   -0.20793   23.53962   23.12953    0.45067    0.24874    6.26338   -2.92141    2.65903    2.55712    2.00000
 180.06155    0.03207   22.99426   22.66067    0.06941    0.03831    9.55489   -1.25626   -0.84570   -3.62376    2.00000
 180.04234    0.09948   22.62453   22.33068    0.10812    0.05968   12.82081   -1.17467   -3.00002   -2.66720    2.00000
 179.99815    0.02245   23.51800   23.11123    0.02253    0.01243    6.35549   -2.98048   -1.57893   -3.68315    2.00000
 180.00305   -0.01868   23.17421   22.81789    0.01892    0.01044    8.33198    1.66879   -0.92513    1.53824    2.00000
 179.95700   -0.04383   22.32211   22.05484    0.06140    0.03389   16.10540    2.76887    1.99071    5.67995    2.00000
 179.91656    0.00442   22.70743   22.40511    0.08356    0.04612   11.93451   -0.08852   -1.56681    0.97432    2.00000
 180.01297    0.10856   21.69008   21.46437    0.10933    0.06034   26.66188    1.06462   -0.93236    0.28038    2.00000
 179.98183   -0.01546   23.37171   22.98739    0.02386    0.01317    7.01357    0.66794    2.81800    1.27767    2.00000
 179.97517    0.05836   22.26413   22.00152    0.06342    0.03500   16.74035   -4.56557   -0.57453   -6.03998    2.00000
 180.01256   -0.02850   21.58977   21.36780    0.03115    0.01719   29.20193   -0.75911    2.39975    2.30049    2.00000
 180.02454    0.00919   23.82709   23.36845    0.02619    0.01446    5.06049    3.98766    1.24878    2.68432    2.00000
 180.05298    0.01309   22.58802   22.29787    0.05458    0.03012   13.21150    0.02288    0.81999    4.11012    2.00000
 180.09109   -0.01609   22.36532   22.09464    0.09251    0.05106   15.63143   -1.69570    0.15125   -2.14925    2.00000
 180.00893    0.06296   22.46769   22.18861    0.06359    0.03510   14.51250   -5.76825   -0.20254   -4.87542    2.00000
 180.03186   -0.04011   22.92108   22.59586    0.05123    0.02827   10.05901   -4.06161    2.80227    0.47051    2.00000
 179.96660    0.00372   21.65039   21.42609    0.03361    0.01855   27.66861   -4.68439    0.43522   -4.97321    2.00000
 180.02902    0.06725   23.14262   22.79042    0.07324    0.04043    8.54564   -1.32445    1.04269    0.97202    2.00000
 179.94827   -0.06676   21.81537   21.58429    0.08446    0.04661   24.21310    0.24589    1.57438    2.01350    2.00000
 180.05606    0.05770   23.02500   22.68763    0.08045    0.04440    9.34521   -3.49775    0.15484   -1.12095    2.00000
 180.06702    0.05290   21.82898   21.59704    0.08538    0.04712   23.98433   -1.64312    0.61851   -1.59255    2.00000
 179.95737   -0.00683   22.37732   22.10570    0.04317    0.02383   15.49977    2.33693   -1.05957   -0.31211    2.00000
 180.04678    0.06622   22.50519   22.22278    0.08108    0.04475   14.10560    5.96861   -1.42935    4.07747    2.00000
 180.04182    0.01255   22.54972   22.26336    0.04367    0.02410   13.62241   -0.06310   -2.33870   -5.23869    2.00000
 180.03947   -0.03083   22.49347   22.21210    0.05009    0.02764   14.23276   -8.95337    2.97671   -7.37240    2.00000
 179.97968    0.01174   23.25223   22.88563    0.02348    0.01296    7.80511    0.21578    1.19804    2.89825    2.00000
 180.02724   -0.04795   23.47476   23.07464    0.05515    0.03044    6.53971    1.36500    1.10894   -1.94639    2.00000
 180.22826    0.15366   22.87935   22.55866    0.27516    0.15187   10.34832    2.84464    1.07527    5.09727    2.00000
 179.71475   -0.09714   23.14502   22.79252    0.30134    0.16632    8.52932  -13.46283   -2.37949  -16.81951    2.00000
 179.97778   -0.03169   23.54773   23.13639    0.03870    0.02136    6.22884   -0.96964   -0.35160    2.09596    2.00000
 180.01637    0.03987   21.82082   21.58939    0.04310    0.02379   24.12160    4.27352    0.44001    3.81342    2.00000
 179.89989   -0.10615   22.87674   22.55634    0.14592    0.08054   10.36640   -1.88909   -2.18687   -3.80627    2.00000
 179.90964   -0.05877   23.70932   23.27113    0.10779    0.05949    5.55047    0.00361    0.19232    5.23144    2.00000
 179.97050   -0.12973   23.08021   22.73588    0.13305    0.07343    8.96990    6.75108   -3.55441    2.78665    2.00000
 180.02914   -0.00329   23.16446   22.80942    0.02934    0.01619    8.39784   -0.92980    3.73030    0.86706    2.00000
 179.95985    0.02462   23.17421   22.81789    0.04709    0.02599    8.33198    5.82472    0.63362    4.58492    2.00000
 180.04303    0.10400   23.30367   22.92975    0.11255    0.06212    7.46195   -6.13239   -1.42728   -9.30207    2.00000
 179.94141    0.02258   19.90441   19.40938    0.06279    0.03466  125.56473    0.26913    0.15401    0.20261    2.00000
 180.08434    0.11769   22.37252   22.10128    0.14479    0.07991   15.55244   -2.55464    5.21207    2.05260    2.00000
 179.99356    0.01492   23.59811   23.17866    0.01625    0.00897    6.01603   -1.43214   -4.27651   -0.68007    2.00000
 180.08424    0.00746   23.26198   22.89410    0.08457    0.04668    7.73925   -4.25196    2.56405   -2.99716    2.00000
 179.97188    0.03845   23.00611   22.67106    0.04764    0.02629    9.47404   -0.09385   -0.95922   -1.97035    2.00000
 180.08784    0.07062   22.81221   22.49878    0.11271    0.06221   10.81914    0.41287    1.23522    3.51763    2.00000
 179.97948    0.35826   22.54972   22.26336    0.35884    0.19806   13.62241   -1.60231   -0.87281   -1.06100    2.00000
 180.04329    0.02414   23.22054   22.85811    0.04957    0.02736    8.01915   -0.06359    0.18285   -1.36079    2.00000
 179.98912   -0.01697   22.88978   22.56796    0.02015    0.01112   10.27600    0.05217    1.66229    1.97322    2.00000
 179.99699    0.11696   23.67002   23.23858    0.11700    0.06458    5.71433   -6.32518    1.66313   -5.85011    2.00000
 180.11121   -0.03067   22.98887   22.65594    0.11537    0.06367    9.59164    7.27742    1.95130    9.24059    2.00000
 180.04126    0.06040   22.89761   22.57493    0.07314    0.04037   10.22175    0.18173   -3.81718   -3.72584    2.00000
 180.05983    0.08353   22.76481   22.45640    0.10275    0.05671   11.32371   -0.47452    0.33768   -2.36843    2.00000
 180.04947   -0.08154   23.33633   22.95742    0.09538    0.05264    7.24673   -4.72868    1.33549   -0.88142    2.00000
 179.96823   -0.03730   23.62864   23.20415    0.04899    0.02704    5.88767    0.15653   -1.49377    1.78770    2.00000
 180.02702   -0.06331   23.63667   23.21086    0.06883    0.03799    5.85389    4.14502   -3.36828    0.28673    2.00000
 179.89439   -0.07691   22.85848   22.54006    0.13065    0.07211   10.49298    1.23282   -3.49012   -2.98389    2.00000
 179.79393    0.03449   22.94195   22.61445    0.20894    0.11532    9.91436    1.54063   -2.25522   -1.79682    2.00000
 179.98322   -0.02676   21.09025   20.83231    0.03159    0.01744   45.16106    0.92484    0.44312    1.12414    2.00000
 179.95839    0.03883   23.36354   22.98047    0.05691    0.03141    7.06738    1.96115   -0.63581    4.69881    2.00000
 179.97766   -0.04363   23.77470   23.32521    0.04902    0.02706    5.27820   -3.28617   -0.64412   -5.85811    2.00000
 179.89932   -0.13742   23.56598   23.15182    0.17035    0.09402    6.15115   -4.86037   -1.77602   -8.57200    2.00000
 180.61488   -0.34789   23.18884   22.83059    0.70648    0.38994    8.23320    7.88090    2.97088   11.63983    2.00000
 180.00713   -0.01491   23.79375   23.34094    0.01653    0.00912    5.19903   -1.41622    4.36826    0.29859    2.00000
 180.00076    0.04707   21.67156   21.44651    0.04708    0.02598   27.13169    1.70828    1.53568    3.42851    2.00000
 180.09740   -0.04437   23.66067   23.23084    0.10703    0.05907    5.75334   -3.22626    0.52133   -1.84867    2.00000
 180.09676   -0.09042   22.84023   22.52379    0.13242    0.07309   10.61955   -3.44913   -2.22433   -7.23674    2.00000
 179.94563   -0.01711   20.79277   20.38646    0.05700    0.03146   63.46611    1.10180   -2.00657   -0.89192    2.00000
 179.96146    0.11044   23.64470   23.21757    0.11698    0.06456    5.82011    1.95284   -1.17248   -1.67585    2.00000
 180.13805    0.05829   23.05141   22.71070    0.14985    0.08271    9.16571   -1.78067    0.56990   -1.19213    2.00000
 179.95445    0.10617   23.11381   22.76525    0.11553    0.06376    8.74145   -1.57704   -2.95875   -2.18451    2.00000
 180.00870    0.01499   23.71119   23.27268    0.01734    0.00957    5.54267   -1.94916   -3.51092   -8.53928    2.00000
 180.05344    0.03959   20.97201   20.67205    0.06650    0.03670   51.16723   -3.88807    3.37856   -0.33337    2.00000
 179.82817    0.14496   21.93245   21.69400    0.22481    0.12408   22.24568   -1.67629    2.07721    0.80806    2.00000
 180.01894    0.01844   23.00611   22.67106    0.02643    0.01459    9.47404   -4.79730    2.14150   -5.41878    2.00000
 180.01508    0.07249   22.99103   22.65783    0.07404    0.04087    9.57694    0.83210    0.06486    2.42989    2.00000
 179.95036    0.04233   21.69802   21.47202    0.06523    0.03600   26.46053   -1.90759   -3.29546   -5.93780    2.00000
 180.00192    0.04696   22.80223   22.48986    0.04700    0.02594   10.92537    2.52609    3.93702    5.63115    2.00000
 179.99219    0.02891   22.21529   21.95663    0.02994    0.01653   17.53613   -2.75308    0.70480   -1.32106    2.00000
 180.08119    0.00562   23.18397   22.82636    0.08139    0.04492    8.26612   -1.96868   -2.68852   -4.52538    2.00000
 179.99220    0.00121   23.73177   23.28973    0.00789    0.00435    5.45684   -2.28185    0.01092    3.64433    2.00000
 179.97112    0.01632   23.70932   23.27113    0.03318    0.01831    5.55047   -0.53067   -1.79137    0.85227    2.00000
 180.06366    0.02311   23.24979   22.88351    0.06773    0.03738    7.82157  -13.73271   -2.17999  -15.78865    2.00000
 180.08575   -0.04864   23.64631   23.21892    0.09860    0.05442    5.81335    3.31091    1.89721    6.88944    2.00000
 179.98317    0.06674   23.54233   23.13182    0.06883    0.03799    6.25187    1.58082    1.81555    1.17249    2.00000
 179.98755    0.04305   22.97810   22.64649    0.04481    0.02473    9.66515    1.25790    3.03956    4.13422    2.00000
 179.96902   -0.03060   22.27184   22.00861    0.04354    0.02403   16.65595    9.82062    0.97986   11.56877    2.00000
 180.04166    0.01023   21.81537   21.58429    0.04289    0.02367   24.21310   -3.97972    2.74597   -1.69082    2.00000
 180.04303   -0.01669   23.47746   23.07693    0.04615    0.02547    6.52819    1.62276   -2.78357   -1.42474    2.00000
 180.01543    0.02405   22.25642   21.99443    0.02857    0.01577   16.85829   -2.32722    1.05844   -2.77812    2.00000
 179.66624   -0.15675   20.01407   19.52449    0.36872    0.20351  115.90295   -0.34159    2.32675    1.93542    2.00000
 180.00824   -0.13426   23.27918   22.90900    0.13452    0.07424    7.62329    0.81204    0.82738    0.51161    2.00000
 179.96622   -0.02733   22.12574   21.87455    0.04345    0.02398   19.00797    0.22989   -1.45100   -0.80285    2.00000
 180.02092   -0.16520   23.35538   22.97356    0.16652    0.09190    7.12118   -1.92754   -3.16025   -7.56856    2.00000
 179.92537   -0.04300   22.91587   22.59121    0.08613    0.04754   10.09518   -5.06326   -0.55885   -5.60251    2.00000
 180.04282   -0.03792   22.24357   21.98262    0.05719    0.03156   17.07011    0.81085   -2.29194   -1.53729    2.00000
 180.03432   -0.00751   22.64800   22.35177    0.03513    0.01939   12.56964   -1.00840   -1.53195   -1.58931    2.00000
 180.01488    0.01351   22.63757   22.34240    0.02009    0.01109   12.68127   -3.97503    3.70911    2.90235    2.00000
 179.93552   -0.02146   22.77479   22.46533    0.06796    0.03751   11.21749    4.74366   -0.87710    4.12298    2.00000
 180.01257    0.08844   20.98032   20.68430    0.08933    0.04930   50.70825    2.70882   -1.32769    1.69762    2.00000
 180.00099   -0.04286   21.66098   21.43630    0.04287    0.02366   27.40015   -4.23144    0.24318   -4.67149    2.00000
 180.00175    0.02679   23.08501   22.74007    0.02685    0.01482    8.93726   -0.07569    0.35616    1.53838    2.00000
 179.97105   -0.05420   23.81280   23.35666    0.06145    0.03392    5.11986    1.63085    4.30349    5.25076    2.00000
 180.09251    0.00648   22.14985   21.89659    0.09275    0.05119   18.61279   -2.54371   -0.27519   -3.05588    2.00000
 180.08038   -0.05642   23.22298   22.86023    0.09821    0.05420    8.00269    3.45036    1.80948    7.05910    2.00000
 179.95438    0.00240   23.50719   23.10209    0.04568    0.02521    6.40154    6.41340    1.53359    9.87386    2.00000
 180.06058   -0.21874   21.22256   20.98948    0.22698    0.12527   39.27087   -4.08218    0.20491   -3.83760    2.00000
 180.04202   -0.00378   22.29241   22.02751    0.04220    0.02329   16.43089    2.59889    1.59018    3.70330    2.00000
 179.74840   -0.13453   23.40709   23.01737    0.28531    0.15747    6.82807    2.73316   -2.49489    1.15543    2.00000
 179.61815    0.17354   21.82898   21.59704    0.41943    0.23150   23.98433   -1.41822   -1.08668   -2.55087    2.00000
 180.03329   -0.01683   23.81518   23.35863    0.03730    0.02059    5.10997    0.74866   -0.06610   -0.44382    2.00000
 179.99803   -0.03868   18.30369   17.71089    0.03873    0.02138  335.12155    5.44514   -0.67379    4.82960    2.00000
 179.92754    0.01623   22.84023   22.52379    0.07426    0.04099   10.61955   -2.56012   -2.64327   -4.76155    2.00000
 179.98830    0.07950   23.80089   23.34683    0.08036    0.04435    5.16934   -0.41479   -2.33689   -7.60753    2.00000
 180.01193   -0.03135   23.57562   23.15987    0.03355    0.01852    6.11062    0.38070   -0.46543   -4.51511    2.00000
 179.99037    0.01775   22.25899   21.99679    0.02019    0.01114   16.81592   -0.35399    1.18534    1.81884    2.00000
 180.01860   -0.08798   23.57080   23.15585    0.08992    0.04963    6.13088   -6.89982   -1.05268   -6.84257    2.00000
 180.04881   -0.01617   23.05141   22.71070    0.05143    0.02839    9.16571   -1.08465   -0.86014   -1.30655    2.00000
 179.93524   -0.00430   23.17909   22.82212    0.06490    0.03582    8.29905   -0.53685    0.41577    2.30656    2.00000
 180.07579   -0.05548   23.15715   22.80307    0.09393    0.05184    8.44724    2.86587   -2.77609   -2.95329    2.00000
 179.94823   -0.03860   21.64510   21.42099    0.06458    0.03564   27.80285   -1.17484   -2.05548   -3.54811    2.00000
 179.99088    0.06921   23.30911   22.93436    0.06981    0.03853    7.42608   -2.07182   -0.84792   -3.54068    2.00000
 180.24760   -0.51596   21.86980   21.63532    0.57230    0.31588   23.29802   -3.16361    3.94214    0.42392    2.00000
 180.06323    0.05957   23.67751   23.24478    0.08688    0.04795    5.68312   -1.84118   -0.67089   -4.43538    2.00000
 180.03299   -0.01216   23.81042   23.35469    0.03516    0.01940    5.12976   -2.63977    0.82231   -5.62494    2.00000
 179.80074   -0.38048   22.73238   22.42741    0.42950    0.23706   11.66895   -9.63759    4.59560   -5.22099    2.00000
 179.97462    0.00679   23.55044   23.13868    0.02627    0.01450    6.21732   -7.16691    1.16011  -10.41555    2.00000
 180.01993   -0.03183   23.39892   23.01045    0.03755    0.02073    6.86289    0.49367    2.80771    4.32631    2.00000
 179.99973    0.00640   22.70493   22.40288    0.00640    0.00354   11.96107    3.04815    2.13798    3.90413    2.00000
 180.10417   -0.07711   21.79904   21.56898    0.12961    0.07153   24.48763   -4.24689   -1.16957   -4.27501    2.00000
 180.19923   -0.05572   21.46329   21.24166    0.20689    0.11419   32.51989   -2.93207   -1.26335   -4.46544    2.00000
 179.77521   -0.22393   22.68452   22.38458    0.31729    0.17512   12.17895   -6.27470   -0.31035   -5.88228    2.00000
 179.96271   -0.00648   23.66254   23.23239    0.03785    0.02089    5.74554   -5.56893   -3.03967   -2.45757    2.00000
 179.98837   -0.04694   20.26471   19.78847    0.04836    0.02669   97.84876   -0.15006    0.84069    0.68376    2.00000
 180.09016   -0.01643   22.96020   22.63073    0.09165    0.05058    9.78778    2.94300   -0.13708    6.62049    2.00000
 179.96127   -0.00817   21.59756   21.37529    0.03958    0.02185   29.00506   -1.02742    2.45252    2.13877    2.00000
 180.05801   -0.02898   17.81450   17.17977    0.06485    0.03579  438.83978    1.40306    0.51846    1.90978    2.00000
 180.04008   -0.01793   23.68686   23.25253    0.04391    0.02423    5.64410   -0.89134   -0.12877   -4.96204    2.00000
 179.95073   -0.04653   22.60627   22.31427    0.06777    0.03740   13.01615    0.00841    1.64385    1.92038    2.00000
 179.75774    0.03379   21.45025   21.22834    0.24461    0.13500   32.87038    4.97225    4.42786    8.78176    2.00000
 179.98393   -0.03339   21.67685   21.45161    0.03706    0.02045   26.99746   -0.08410   -1.71773   -2.64961    2.00000
 179.95132   -0.06047   21.72977   21.50264    0.07762    0.04284   25.67723   -2.84092    3.31050    0.97958    2.00000
 180.01009   -0.07138   21.33156   21.10609    0.07209    0.03979   36.08614   -5.16014   -2.19072   -7.24478    2.00000
 180.03049   -0.03247   22.82219   22.50770    0.04454    0.02458   10.74471    0.79357    2.14038    1.61450    2.00000
 180.06996   -0.26599   23.08741   22.74217    0.27503    0.15180    8.92095    5.00223    1.46824    6.01129    2.00000
 179.96268    0.01337   21.59172   21.36967    0.03965    0.02188   29.15271   -2.66346    1.46638   -1.39047    2.00000
 180.13652    0.00262   23.10421   22.75686    0.13655    0.07536    8.80672    0.57381   -0.00395    0.13878    2.00000
 180.12669    0.08330   23.76755   23.31931    0.15163    0.08369    5.30789   -2.21504   -0.49856   -9.58502    2.00000
 179.84676   -0.18077   21.94341   21.70421    0.23698    0.13080   22.06266    0.69154    2.74692    4.02275    2.00000
 180.15991    0.06729   22.39892   22.12560    0.17349    0.09575   15.26279   -2.86246   -1.67724   -4.96419    2.00000
 179.99657    0.04127   23.77232   23.32325    0.04141    0.02286    5.28809    3.18536   -0.09068    3.58111    2.00000
 179.97179   -0.00117   22.38932   22.11676    0.02825    0.01559   15.36812   -2.52708    1.63877   -0.30141    2.00000
 179.97353    0.05774   23.07541   22.73168    0.06352    0.03506    9.00254   -2.14165    3.00344    2.24342    2.00000
 180.00142    0.04229   22.19730   21.94009    0.04231    0.02335   17.83268    4.58592   -0.00685    5.25126    2.00000
 180.04230    0.03183   23.70183   23.26493    0.05293    0.02921    5.58168   -2.38855    1.59187    1.50630    2.00000
 179.97768    0.29102   23.46665   23.06778    0.29188    0.16109    6.57425   -1.83745    0.49909   -1.16627    2.00000
 180.04341    0.07988   23.66628   23.23548    0.09091    0.05018    5.72993   -6.69594    3.82897    1.48115    2.00000
 179.95996    0.03582   23.12822   22.77783    0.05373    0.02965    8.64354   -3.36717    0.86663   -4.29016    2.00000
 180.00446   -0.01011   23.70932   23.27113    0.01105    0.00610    5.55047    1.51498   -1.42385    0.04187    2.00000
 180.05602    0.03396   23.31183   22.93666    0.06551    0.03616    7.40814    4.16483    1.06119    5.89355    2.00000
 179.99641   -0.06789   22.77728   22.46756    0.06798    0.03752   11.19093   -0.50600    1.72742    1.64053    2.00000
 179.98923    0.01850   21.32751   21.10178    0.02141    0.01182   36.19949    2.72030    1.13734    3.91715    2.00000
 179.97556    0.01608   21.31942   21.09316    0.02926    0.01615   36.42619   -0.21531    0.50115    0.90222    2.00000
 179.99867    0.00846   18.25597   17.65914    0.00856    0.00473  343.94724    3.63942    1.70797    5.38760    2.00000
 180.05748    0.12625   23.24004   22.87504    0.13871    0.07656    7.88743    0.30103   -1.97901    0.51321    2.00000
 179.99136   -0.05755   22.97056   22.63988    0.05819    0.03212    9.71660    0.15468   -1.06242   -1.51393    2.00000
 179.93428    0.02273   21.51864   21.29821    0.06954    0.03838   31.03254   -2.72090    0.35868   -2.43910    2.00000
 179.85274   -0.01196   21.17638   20.93583    0.14775    0.08154   41.28147   -0.10332   -2.36759   -3.17007    2.00000
 180.10214    0.08877   22.62714   22.33302    0.13533    0.07469   12.79290    1.32432   -4.98902   -4.61758    2.00000
 179.85291    0.08477   23.17665   22.82001    0.16976    0.09370    8.31552    1.90180   -3.24316   -4.11748    2.00000
 180.10612   -0.18558   23.54233   23.13182    0.21379    0.11799    6.25187   -7.33280    2.46863   -4.64041    2.00000
 180.10246    0.20281   22.79225   22.48094    0.22722    0.12541   11.03159    1.57828    0.27718    0.02790    2.00000
 179.98270    0.04269   22.96625   22.63610    0.04606    0.02542    9.74600    2.64326    1.18544    1.37648    2.00000
 179.96030    0.01802   23.17421   22.81789    0.04360    0.02407    8.33198   -4.78373    4.55331   -0.99127    2.00000
 179.97279   -0.00820   23.60614   23.18537    0.02842    0.01569    5.98225   -3.72973   -1.12192    0.55930    2.00000
 179.99403    0.01057   23.81994   23.36256    0.01214    0.00670    5.09017    6.90283    0.50922   12.29390    2.00000
 179.90988    0.03539   23.39620   23.00814    0.09682    0.05344    6.87450   -0.38337    0.53306    2.43654    2.00000
 180.00829    0.03214   23.11622   22.76735    0.03319    0.01832    8.72513    3.32942   -0.21493    4.19810    2.00000
 179.97849    0.00971   23.30095   22.92744    0.02360    0.01303    7.47988    0.56360   -3.20076   -4.37448    2.00000
 179.92761    0.02779   22.34851   22.07917    0.07754    0.04280   15.81575   -2.81168    2.66503    0.15408    2.00000
 179.94276   -0.04322   23.75088   23.30555    0.07172    0.03959    5.37716   -0.63332    2.44566   -2.40189    2.00000
 179.93398   -0.06162   23.10181   22.75476    0.09032    0.04985    8.82304    1.66681    0.59492    2.91965    2.00000
 179.96602    0.03798   23.75803   23.31145    0.05096    0.02813    5.34747    0.95452   -3.23998    5.34471    2.00000
 179.96574    0.06588   22.96948   22.63893    0.07425    0.04098    9.72395   -0.78481    1.46525    2.67118    2.00000
 179.92372   -0.00661   21.94067   21.70166    0.07657    0.04226   22.10842    2.06546   -0.49931    2.44355    2.00000
 179.91138   -0.01633   23.42070   23.02890    0.09011    0.04974    6.77002   -7.57019   -0.91777   -6.70069    2.00000
 179.99390    0.04419   22.54268   22.25695    0.04461    0.02462   13.69870   -0.12195   -0.13354   -1.36377    2.00000
 179.94090    0.03679   22.16968   21.91471    0.06962    0.03842   18.28787    1.05149    1.14203    1.69634    2.00000
 179.98662   -0.01417   23.48557   23.08379    0.01949    0.01076    6.49365    0.32654   -1.18862   -1.70866    2.00000
 180.06767    0.04139   22.19473   21.93773    0.07933    0.04379   17.87505    1.54307    1.41108    3.86510    2.00000
 180.01237    0.02294   22.93673   22.60980    0.02606    0.01439    9.95052    2.65856    0.98905    4.40356    2.00000
 179.99072    0.00848   21.96259   21.72207    0.01257    0.00694   21.74238    1.78181   -2.86987   -2.25943    2.00000
 180.03020   -0.06117   23.01042   22.67484    0.06821    0.03765    9.44464    5.45338    0.27852    4.75254    2.00000
 179.90862    0.09234   22.78726   22.47648    0.12991    0.07170   11.08471    2.28976    2.91289    3.78629    2.00000
 180.03561    0.06982   22.85588   22.53774    0.07838    0.04326   10.51106    2.16719    5.17377    8.57424    2.00000
 179.99799   -0.07230   21.12459   20.87404    0.07233    0.03992   43.59711   -2.35601    0.36998   -2.59238    2.00000
 180.08926   -0.03812   23.16690   22.81154    0.09706    0.05357    8.38138   -4.44677    1.01863   -5.76365    2.00000
 179.99825    0.02483   21.32953   21.10393    0.02490    0.01374   36.14281   -1.19952    3.71607    2.55192    2.00000
 179.99480    0.03335   23.48017   23.07922    0.03375    0.01863    6.51668    1.99861    1.43044    3.81228    2.00000
 180.10178   -0.07556   22.68974   22.38927    0.12675    0.06996   12.12314    1.34053    2.15715    4.36352    2.00000
 180.11000    0.07518   21.54695   21.32664    0.13324    0.07354   30.28473    4.47225   -1.03869    3.68785    2.00000
 180.04126    0.04554   22.46300   22.18434    0.06145    0.03392   14.56336   -2.13356    1.69278    1.07710    2.00000
 179.99809    0.00208   22.84805   22.53076    0.00282    0.00155   10.56531    3.75280   -0.63692    6.59866    2.00000
 179.99464   -0.03394   23.78422   23.33307    0.03436    0.01896    5.23861    3.08888    0.49081    5.23851    2.00000
 180.05586    0.01122   23.11141   22.76315    0.05699    0.03145    8.75777    1.32738   -3.31607   -1.38952    2.00000
 180.00278    0.09116   22.95238   22.62375    0.09120    0.05034    9.84203   -1.81461    0.63764    0.05997    2.00000
 180.08241    0.02503   21.62287   21.39961    0.08613    0.04754   28.36522    3.34526   -2.05869    2.01492    2.00000
 179.91376    0.02104   21.14400   20.89763    0.08877    0.04899   42.71314   -1.77413   -0.74019   -2.80100    2.00000
 179.85220    0.02718   23.34721   22.96664    0.15027    0.08294    7.17499    0.91681   -0.39980   -2.77962    2.00000
 179.95811    0.00054   23.45314   23.05635    0.04189    0.02312    6.63182    2.36782   -0.27515    2.63901    2.00000
 180.01671   -0.03282   22.38452   22.11234    0.03683    0.02033   15.42078    2.56591   -0.12770    0.45035    2.00000
 179.97525   -0.00236   21.67950   21.45416    0.02486    0.01372   26.93034    6.69070   -0.78675    5.49337    2.00000
 180.03828    0.06048   22.97810   22.64649    0.07158    0.03951    9.66515    1.07130    4.50311    5.82518    2.00000
 179.92139   -0.14473   23.12342   22.77364    0.16470    0.09090    8.67618    4.00682   -0.06826    3.73113    2.00000
 179.91052   -0.24082   23.38532   22.99892    0.25691    0.14179    6.92390   -3.28160    0.73595   -2.00571    2.00000
 180.07639    0.02889   23.10421   22.75686    0.08167    0.04507    8.80672   -0.02982    1.83246    3.89162    2.00000
 180.05775   -0.01022   21.54305   21.32290    0.05865    0.03237   30.38316   -2.24223   -0.62605   -3.18658    2.00000
 180.03172    0.02903   23.11381   22.76525    0.04301    0.02374    8.74145    1.19045   -0.74443    1.00017    2.00000
 179.99937    0.03486   17.88133   17.25174    0.03487    0.01924  423.61310   -1.07641   -3.75829   -4.84610    2.00000
 180.01868   -0.09630   21.16609   20.92389    0.09809    0.05414   41.72912    4.36460   -5.22026   -0.70223    2.00000
 180.02893   -0.00302   23.46125   23.06321    0.02908    0.01605    6.59727    0.42373    2.44615    8.36195    2.00000
 179.99437   -0.03111   20.62539   20.18016    0.03162    0.01745   74.09747    1.66435   -2.26228   -0.73003    2.00000
 179.95071   -0.03542   22.67669   22.37755    0.06069    0.03350   12.26267   -1.89047    2.03520    1.15764    2.00000
 179.98213   -0.09295   23.70370   23.26648    0.09465    0.05224    5.57388   -1.50742   -1.45814    5.00706    2.00000
 180.05469    0.02456   23.64309   23.21623    0.05995    0.03309    5.82687   -1.24784   -2.81010   -5.34863    2.00000
 180.08023   -0.11528   23.44773   23.05177    0.14045    0.07752    6.65484   -5.00902   -0.58826   -9.75549    2.00000
 180.05339    0.03247   23.83900   23.37828    0.06249    0.03449    5.01101    0.73305   -1.09898    3.87946    2.00000
 180.01799    0.03588   22.95760   22.62840    0.04014    0.02216    9.80587   -4.15240    1.55133   -2.33644    2.00000
 179.89726   -0.02740   22.55206   22.26550    0.10632    0.05868   13.59698   -8.76101    0.89448   -8.06441    2.00000
 180.03049    0.00301   23.24736   22.88139    0.03064    0.01691    7.83804   -4.45475   -2.85267  -12.93677    2.00000
 180.46591    0.50008   23.59972   23.18000    0.68348    0.37725    6.00928    3.35998    2.66299   10.50808    2.00000
 179.98022   -0.02588   23.24736   22.88139    0.03257    0.01798    7.83804   -4.81431   -0.67109  -11.33016    2.00000
 180.04451   -0.01677   23.05381   22.71280    0.04756    0.02625    9.14940   -1.87936   -0.72056   -3.53664    2.00000
 180.05409   -0.07110   21.64259   21.41857    0.08934    0.04931   27.86649   -2.50265    4.30103    1.68561    2.00000
 179.98503    0.03942   23.24736   22.88139    0.04217    0.02328    7.83804   -1.50870   -2.95148   -6.57057    2.00000
 180.12485    0.01564   23.56389   23.15006    0.12582    0.06944    6.16001    2.67935   -4.20507   -1.05865    2.00000
 180.28818    0.10831   23.65131   23.22309    0.30786    0.16991    5.79235    6.97454   -2.07473    3.99175    2.00000
 179.98659    0.00231   21.71125   21.48478    0.01362    0.00752   26.12496    3.45430   -3.13711    0.41747    2.00000
 179.89764    0.04017   23.69622   23.26028    0.10996    0.06069    5.60509    0.29525    0.31332   -0.45787    2.00000
 179.97878   -0.03578   22.25385   21.99207    0.04160    0.02296   16.90065   -3.50894   -4.09463   -6.68271    2.00000
 180.00296    0.04492   22.69745   22.39619    0.04501    0.02484   12.04074   -2.21181    1.62766   -1.26415    2.00000
 180.19316   -0.03661   22.92369   22.59818    0.19660    0.10851   10.04093   -2.67229   -0.38163   -3.39157    2.00000
 179.97603    0.03704   23.62060   23.19744    0.04412    0.02435    5.92145    0.19883   -0.57304   -5.09544    2.00000
 179.98431   -0.02724   23.84138   23.38025    0.03143    0.01735    5.00111   -0.98996    2.96985   -6.33120    2.00000
 179.90549    0.02747   21.86708   21.63276    0.09843    0.05433   23.34378    4.40098    0.81369    5.54493    2.00000
 180.03239    0.02971   22.50987   22.22705    0.04396    0.02426   14.05474    1.11944   -0.97382   -0.07076    2.00000
 179.99384    0.01252   22.84544   22.52844    0.01395    0.00770   10.58339   -1.61634   -3.16203   -3.40288    2.00000
 179.97482    0.04127   22.91587   22.59121    0.04834    0.02668   10.09518    4.14323   -1.38227    2.99376    2.00000
 179.99345    0.03027   22.95499   22.62608    0.03097    0.01709    9.82395    0.09129   -1.92063    0.41851    2.00000
 179.99298   -0.02550   23.12102   22.77154    0.02644    0.01460    8.69250    4.17828    1.79892    4.60045    2.00000
 180.06966   -0.03897   21.69538   21.46947    0.07981    0.04405   26.52765    3.49404    1.22830    5.13395    2.00000
 179.90181    0.09812   23.25955   22.89198    0.13882    0.07662    7.75571   -0.52547    0.40714   -3.02510    2.00000
 180.04546   -0.14610   21.98177   21.73993    0.15301    0.08445   21.42210   -6.36087    3.85452   -2.81798    2.00000
 180.01961    0.00759   21.38765   21.16438    0.02103    0.01161   34.55274   -0.28466   -2.76878   -2.33010    2.00000
 179.98828   -0.10458   23.75088   23.30555    0.10523    0.05808    5.37716   -4.04416   -0.04393    0.73492    2.00000
 179.97583    0.11638   23.36626   22.98278    0.11887    0.06560    7.04944    4.61240    0.25261    2.21736    2.00000
 180.06950   -0.06600   22.95238   22.62375    0.09585    0.05290    9.84203   -0.57086    0.29147   -1.54981    2.00000
 179.97604    0.01100   21.10667   20.85227    0.02636    0.01455   44.41308    4.27476   -0.70139    3.30975    2.00000
 180.13831    0.12171   23.38259   22.99661    0.18423    0.10168    6.94184   -3.61899    2.15880   -4.32731    2.00000
 179.94981   -0.02721   22.67669   22.37755    0.05709    0.03151   12.26267   -2.20748   -0.47961   -3.27555    2.00000
 179.96657   -0.05232   22.47003   22.19075    0.06208    0.03427   14.48707   -1.72328   -0.41765   -3.39476    2.00000
 180.00299   -0.00836   22.25642   21.99443    0.00888    0.00490   16.85829   -4.30999    1.25842   -2.92835    2.00000
 179.90723    0.05764   23.69622   23.26028    0.10923    0.06028    5.60509   -6.08241   -3.21438   -6.86076    2.00000
 179.48776    0.16034   23.48017   23.07922    0.53675    0.29625    6.51668    6.12314    3.90371    4.98805    2.00000
 180.01833   -0.06836   23.40981   23.01967    0.07077    0.03906    6.81646    2.45256    2.64160    2.96376    2.00000
 180.20670    0.03836   23.13782   22.78623    0.21023    0.11603    8.57827    0.11054    1.26389    0.41926    2.00000
 179.99792    0.07453   21.53374   21.31363    0.07456    0.04115   30.62686    4.13310   -0.78618    3.68255    2.00000
 180.06284   -0.06021   23.08981   22.74427    0.08703    0.04803    8.90463   -1.25314    0.33619    2.13708    2.00000
 179.99361    0.01467   22.24357   21.98262    0.01601    0.00883   17.07011    4.35650   -3.00284    1.35724    2.00000
 179.92874   -0.03815   21.62676   21.40335    0.08083    0.04461   28.26678    1.99357   -4.15077   -2.42921    2.00000
 179.98270    0.04159   23.46665   23.06778    0.04505    0.02486    6.57425   -1.55623   -1.55929    2.97549    2.00000
 180.07983   -0.00127   22.56976   22.28146    0.07985    0.04407   13.40685    0.25265    1.70049    1.72302    2.00000
 180.12579    0.05394   22.97595   22.64460    0.13688    0.07554    9.67985    0.19258    1.05186    2.96567    2.00000
 179.97701   -0.01327   21.95711   21.71696    0.02656    0.01466   21.83389   -1.72138    0.82370   -0.97751    2.00000
 179.98743    0.06359   23.59329   23.17463    0.06482    0.03578    6.03630   -2.45408   -2.22269    0.15427    2.00000
 179.98639    0.00955   21.66362   21.43885    0.01663    0.00918   27.33304    1.11124    0.01281    1.74165    2.00000
 179.98260   -0.00061   20.15701   19.67480    0.01740    0.00960  105.62306    3.00477    1.71819    4.73209    2.00000
 180.00851    0.01431   23.81994   23.36256    0.01665    0.00919    5.09017    0.63542    1.65679    6.36780    2.00000
 180.07729    0.07687   22.78477   22.47425    0.10900    0.06016   11.11126    6.67386    1.94199   10.82043    2.00000
 179.97099    0.04999   23.15715   22.80307    0.05780    0.03190    8.44724   -3.24827   -0.75418   -4.22477    2.00000
 179.93257   -0.03092   22.90282   22.57958    0.07418    0.04094   10.18559   -6.30214    1.44057   -5.70460    2.00000
 180.00778   -0.00116   21.91879   21.68124    0.00786    0.00434   22.47445   -4.96122    3.17025   -2.23665    2.00000
 180.05276    0.00717   23.62382   23.20013    0.05326    0.02939    5.90794   -2.96990   -0.94335   -1.16427    2.00000
 179.87695    0.14285   22.76481   22.45640    0.18853    0.10406   11.32371   -1.78557    0.55357   -1.67394    2.00000
 179.93990   -0.01948   23.73738   23.29438    0.06317    0.03487    5.43343    0.68165   -1.62071    4.78241    2.00000
 179.86621   -0.11306   22.74485   22.43856    0.17517    0.09668   11.53617   -1.59031   -0.90662   -2.88741    2.00000
 179.98550    0.01322   23.19128   22.83271    0.01962    0.01083    8.21673   -2.68778   -1.14676   -5.14173    2.00000
 179.97485    0.02583   21.33560   21.11040    0.03605    0.01989   35.97279  -10.19986   -1.57831  -11.21200    2.00000
 179.99733   -0.24864   22.63757   22.34240    0.24865    0.13724   12.68127   -6.09382    0.71396   -3.09167    2.00000
 180.06160   -0.08419   21.61703   21.39400    0.10432    0.05758   28.51287   -0.78625    2.04290    1.24814    2.00000
 180.00385    0.01136   22.57497   22.28615    0.01200    0.00662   13.35104   -1.53058    1.30251    0.07996    2.00000
 180.02440    0.00831   23.05621   22.71490    0.02577    0.01422    9.13308   -2.25794   -0.48217   -2.92777    2.00000
 179.98808   -0.03473   23.00719   22.67201    0.03672    0.02027    9.46669   -3.31899   -1.87092   -8.05192    2.00000
 179.99469   -0.02306   23.56759   23.15316    0.02367    0.01306    6.14439   -0.24173    1.55363    3.74452    2.00000
 180.01180   -0.00824   21.68744   21.46181    0.01438    0.00794   26.72900   -5.68720    3.11524   -3.03866    2.00000
 179.91780    0.00881   22.45363   22.17580    0.08267    0.04563   14.66509   -4.00279    0.48932   -4.49069    2.00000
 179.95946    0.00767   22.60366   22.31193    0.04127    0.02278   13.04406   -0.91298   -0.91921   -0.95735    2.00000
 180.05803   -0.00109   23.63667   23.21086    0.05804    0.03203    5.85389    1.81439   -0.46347    1.22583    2.00000
 180.15642   -0.10233   23.21322   22.85176    0.18692    0.10317    8.06855   -7.44035   -1.80107   -7.29390    2.00000
 179.98495    0.01487   23.82709   23.36845    0.02116    0.01168    5.06049   -6.88407   -0.49492   -6.44939    2.00000
 179.96954    0.03092   22.35571   22.08580    0.04340    0.02395   15.73676   -6.21568   -3.64492   -8.92098    2.00000
 179.97290   -0.08120   22.64800   22.35177    0.08560    0.04724   12.56964   -5.68206   -3.16232  -12.03104    2.00000
 179.91119    0.02798   23.20591   22.84541    0.09311    0.05139    8.11794   -0.46738    0.85916    4.76785    2.00000
 180.01035   -0.02715   21.39287   21.16971    0.02906    0.01604   34.41255    4.28038   -1.62084    2.96767    2.00000
 180.04982    0.21207   23.38532   22.99892    0.21784    0.12023    6.92390   -2.57858    0.70482   -2.93379    2.00000
 180.06165   -0.05519   22.33891   22.07032    0.08273    0.04566   15.92108   -1.94152   -1.20188   -3.05472    2.00000
 179.98692   -0.02841   19.05002   18.51092    0.03128    0.01726  215.73283    2.63721   -1.20353    1.47187    2.00000
 179.98656    0.02650   22.53097   22.24628    0.02972    0.01640   13.82586    0.24672    1.44688    1.73468    2.00000
 180.04182    0.00377   21.42417   21.20169    0.04199    0.02318   33.57136    3.07666   -0.36183    2.63439    2.00000
 180.02472    0.24813   22.01740   21.77310    0.24936    0.13763   20.82730    2.56881    1.88048    4.25940    2.00000
 180.01961    0.00199   22.99749   22.66350    0.01971    0.01088    9.53284    4.95531    5.40198   11.66236    2.00000
 180.03969    0.02920   22.61671   22.32365    0.04927    0.02720   12.90453    0.32545    3.42791    3.76281    2.00000
 179.98914    0.00459   22.20244   21.94482    0.01180    0.00651   17.74795   -0.96739    1.58938   -0.88404    2.00000
 180.03008    0.00793   23.66628   23.23548    0.03111    0.01717    5.72993    0.80042   -1.22083    0.95985    2.00000
 179.76945   -0.15094   18.50064   17.92387    0.27557    0.15209  298.79709    4.82665   -1.93060    2.88950    2.00000
 179.73299    0.43465   23.23273   22.86869    0.51012    0.28155    7.93683   -2.97837   -1.03645   -3.42941    2.00000
 180.02528   -0.00410   22.67669   22.37755    0.02562    0.01414   12.26267    1.35561    2.33201    3.23480    2.00000
 180.04964    0.00270   23.28462   22.91361    0.04971    0.02743    7.58749    4.17675   -0.13367   -0.88958    2.00000
 180.02570    0.15901   23.80566   23.35076    0.16108    0.08890    5.14955   -0.55055    2.99244    0.09744    2.00000
 180.02042   -0.09965   23.35538   22.97356    0.10172    0.05614    7.12118   -1.26109    0.40509   -1.26636    2.00000
 180.06030   -0.01939   21.99274   21.75013    0.06334    0.03496   21.23909    0.40672   -0.41026   -0.34462    2.00000
 179.96548    0.05535   23.65505   23.22619    0.06523    0.03600    5.77675    0.89518    1.33168   -1.48183    2.00000
 179.92593   -0.00685   21.99548   21.75269    0.07437    0.04105   21.19333   -2.92311   -4.94352   -8.80670    2.00000
 179.96996   -0.03822   22.01740   21.77310    0.04861    0.02683   20.82730   -1.77414    1.95198    0.24940    2.00000
 180.06357   -0.04549   22.74236   22.43633    0.07817    0.04314   11.56272    1.23592   -1.69945   -1.03227    2.00000
 179.96803    0.00460   23.31728   22.94128    0.03230    0.01783    7.37227    1.22003   -3.43979    1.81279    2.00000
 180.00342    0.01866   23.00934   22.67390    0.01897    0.01047    9.45199   -0.16302   -0.17773    2.60070    2.00000
 180.01460    0.01473   21.78005   21.55112    0.02074    0.01145   24.80791   -1.56860   -1.26322   -1.38877    2.00000
 179.96011   -0.04407   22.52159   22.23773    0.05945    0.03281   13.92758    5.37501    0.22369    5.30891    2.00000
 179.97919   -0.02907   23.30095   22.92744    0.03575    0.01973    7.47988   -0.06123    3.21599   -0.21577    2.00000
 179.94534   -0.04628   23.58526   23.16792    0.07162    0.03953    6.07008   -1.99164   -1.42906   -1.46646    2.00000
 179.93539   -0.03268   22.42052   22.14550    0.07240    0.03996   15.02581   -3.57760    1.32074   -1.48166    2.00000
 180.05261   -0.03802   22.37492   22.10349    0.06491    0.03583   15.52610   -0.56274    0.10832   -0.52455    2.00000
 180.07365   -0.03406   23.56125   23.14782    0.08115    0.04479    6.17127    6.44656    1.40396    8.97087    2.00000
 179.85413   -0.00815   23.81518   23.35863    0.14610    0.08063    5.10997    1.38822   -1.13075   11.31745    2.00000
 179.91284    0.11436   22.37972   22.10791    0.14379    0.07936   15.47344    0.58345   -1.02885   -1.93609    2.00000
 179.97910    0.02500   23.08981   22.74427    0.03258    0.01798    8.90463   -0.37328   -2.76620    1.39014    2.00000
 179.94771    0.02098   22.48644   22.20570    0.05634    0.03109   14.30905    0.19628   -0.20199   -0.51642    2.00000
 180.13460   -0.04777   22.79475   22.48317    0.14282    0.07883   11.00504    1.66191   -1.61101   -0.30756    2.00000
 180.15376    0.52781   22.41092   22.13666    0.54975    0.30343   15.13113    5.70212    0.70292    6.91887    2.00000
 180.01285   -0.06179   23.71867   23.27888    0.06311    0.03483    5.51146    2.59476    1.34729    1.99227    2.00000
 179.94617    0.03432   21.97081   21.72972    0.06383    0.03523   21.60512   -0.46087    0.29119   -0.16639    2.00000
 180.09802   -0.00253   22.58019   22.29084    0.09807    0.05412   13.29522   -3.39556    2.31215   -1.96584    2.00000
 180.04681    0.05124   23.50449   23.09980    0.06940    0.03830    6.41306   -0.83927   -3.34273   -6.25903    2.00000
 180.07849   -0.08619   22.72739   22.42295    0.11657    0.06434   11.72206    6.44352    0.57155    7.86993    2.00000
 180.11263    0.02641   22.75732   22.44971    0.11568    0.06385   11.40338   -1.56389    1.85353   -0.22074    2.00000
 180.02600   -0.02861   21.83442   21.60215    0.03866    0.02134   23.89283    0.23268   -2.99725   -3.27590    2.00000
 180.03648   -0.24529   23.62382   23.20013    0.24799    0.13687    5.90794   -2.46777    1.30122   -0.99784    2.00000
 180.18758   -0.44177   23.28734   22.91591    0.47994    0.26490    7.56956   -4.92893    2.58923   -0.03439    2.00000
 179.97868   -0.03642   23.60454   23.18403    0.04220    0.02329    5.98901   -6.19320   -0.87124   -4.02469    2.00000
 180.07315    0.00162   23.65880   23.22929    0.07317    0.04038    5.76114    5.69364   -0.96231   12.94874    2.00000
 179.83748    0.07217   22.58019   22.29084    0.17783    0.09815   13.29522   -2.87297   -0.75108   -4.45321    2.00000
 179.94160   -0.06996   21.86708   21.63276    0.09113    0.05030   23.34378   -0.12748    0.17872   -0.03160    2.00000
 179.99051   -0.04100   23.74112   23.29748    0.04208    0.02323    5.41783    1.97778    0.96685    9.51980    2.00000
 179.59601    0.16173   22.61149   22.31896    0.43516    0.24018   12.96034   -9.20851    1.68887   -4.85254    2.00000
 180.05975   -0.29349   23.70557   23.26803    0.29951    0.16531    5.56608    1.18769   -0.92410    0.00686    2.00000
 180.08252   -0.00851   18.73538   18.17530    0.08296    0.04579  261.66605    1.87530    1.12781    3.02871    2.00000
 180.00858    0.07177   22.66887   22.37052    0.07228    0.03989   12.34639   -0.55180   -0.09348   -1.13902    2.00000
 179.95872    0.00268   23.23029   22.86658    0.04136    0.02283    7.95329    0.43670   -0.39719   -2.47529    2.00000
 180.01018   -0.05089   21.99548   21.75269    0.05190    0.02864   21.19333    1.80084   -0.94703   -0.60458    2.00000
 179.99509   -0.05884   23.70370   23.26648    0.05904    0.03259    5.57388   -3.59766   -5.32954  -16.01650    2.00000
 179.97755    0.13611   23.04661   22.70651    0.13795    0.07614    9.19835    3.05143    1.42838    1.20345    2.00000
 180.05368   -0.01932   22.93934   22.61213    0.05705    0.03149    9.93244   -1.49151   -3.52317  -10.04084    2.00000
 179.97693   -0.01622   22.90282   22.57958    0.02819    0.01556   10.18559    4.44739    2.54002    6.94835    2.00000
 180.06000   -0.00584   22.18188   21.92592    0.06027    0.03326   18.08687    5.45690   -1.04240    3.40647    2.00000
 179.96861    0.02098   22.98241   22.65027    0.03774    0.02083    9.63575   -2.86395    0.26585   -5.08116    2.00000
 179.95589    0.01018   22.90543   22.58191    0.04527    0.02498   10.16750    0.05454    1.56863    2.32799    2.00000
 179.94849    0.01208   21.97903   21.73738    0.05291    0.02920   21.46786    3.06398    0.54598    4.97669    2.00000
 180.01447    0.02617   22.53097   22.24628    0.02991    0.01651   13.82586   -0.05511   -0.59426    1.44615    2.00000
 179.98776   -0.02315   23.50179   23.09751    0.02619    0.01446    6.42457    5.04569   -2.00335    6.10419    2.00000
 180.20045    0.28667   21.09771   20.84139    0.34980    0.19306   44.82107    1.51351    1.71699    3.11400    2.00000
 180.11209    0.03026   23.83185   23.37239    0.11610    0.06408    5.04069   -1.33926   -3.15533    8.12970    2.00000
 179.93694   -0.00401   23.48827   23.08608    0.06319    0.03487    6.48214    1.11086   -0.55128   -2.41614    2.00000
 180.06004   -0.00557   21.50709   21.28642    0.06031    0.03329   31.34276  -15.28052   -0.92403  -16.54988    2.00000
 179.89265   -0.00011   21.52131   21.30093    0.10734    0.05924   30.96095    5.71997    1.76204    8.22940    2.00000
 179.71913    0.09569   21.86164   21.62766    0.29672    0.16377   23.43528   -1.49121   -1.48518   -2.98928    2.00000
 179.98468   -0.15001   22.96493   22.63494    0.15079    0.08322    9.75504    9.90364   -0.70945    5.96823    2.00000
 179.97000    0.08391   22.52159   22.23773    0.08911    0.04918   13.92758    0.16754   -2.70926   -1.73363    2.00000
 180.04935    0.06213   21.72448   21.49754    0.07935    0.04379   25.78938   -2.61705   -2.59798   -5.44237    2.00000
 179.98764   -0.02100   22.74485   22.43856    0.02436    0.01345   11.53617   -1.10103   -1.23656   -2.53692    2.00000
 180.00171   -0.00775   23.78422   23.33307    0.00794    0.00438    5.23861    9.68644    2.43874    8.14541    2.00000
 179.98410    0.03362   22.97810   22.64649    0.03719    0.02052    9.66515    3.55065    2.30099    6.03730    2.00000
 180.01604   -0.02354   20.98448   20.69042    0.02849    0.01572   50.47875    5.13191   -3.28494    1.17757    2.00000
 180.02350    0.03448   21.94067   21.70166    0.04173    0.02303   22.10842   -0.68603    1.52367    1.35718    2.00000
 180.04639   -0.01582   22.33411   22.06590    0.04901    0.02705   15.97374    0.17520   -2.46096   -0.72780    2.00000
 180.08153    0.01466   20.88552   20.53260    0.08283    0.04572   56.39340    2.72217   -3.20350   -0.39275    2.00000
 179.98631    0.01060   21.39808   21.17504    0.01730    0.00955   34.27235   -3.97578    2.83332   -1.61340    2.00000
 180.05406    0.00543   23.02980   22.69182    0.05433    0.02999    9.31257    3.29387   -0.20795    0.43572    2.00000
 180.01151    0.03523   23.37715   22.99200    0.03706    0.02045    6.97770   -1.92677    0.62724   -4.62322    2.00000
 179.95901   -0.00883   22.67148   22.37286    0.04192    0.02314   12.31848    0.10842   -0.37108   -0.31142    2.00000
 179.99625   -0.01176   21.41113   21.18837    0.01234    0.00681   33.92186   -6.11001   -1.73409   -7.08727    2.00000
 180.01340   -0.11752   23.49368   23.09065    0.11828    0.06528    6.45911    2.70193    0.08010   -2.74665    2.00000
 179.98454    0.02495   23.75803   23.31145    0.02935    0.01620    5.34747   -0.28429   -0.00154   -1.44916    2.00000
 180.11902   -0.04971   23.19616   22.83694    0.12899    0.07119    8.18380   -0.20099    0.55263    0.57393    2.00000
 179.95593    0.01089   22.68452   22.38458    0.04539    0.02505   12.17895   -1.16305    1.66956   -0.46955    2.00000
 180.03705    0.04636   21.32347   21.09747    0.05934    0.03275   36.31284    1.63467   -0.23701    1.80627    2.00000
 179.96365    0.06885   22.77229   22.46309    0.07786    0.04297   11.24404    2.19596    2.91609    5.05190    2.00000
 180.02470   -0.01694   22.85588   22.53774    0.02996    0.01653   10.51106    0.06307   -0.56249   -0.94172    2.00000
 180.03169   -0.02349   23.81042   23.35469    0.03946    0.02178    5.12976   -7.76678    1.69961  -10.42285    2.00000
 179.97540    0.03108   23.24979   22.88351    0.03963    0.02188    7.82157   -2.49681   -4.74821   -2.91506    2.00000
 179.99562    0.02064   22.67409   22.37521    0.02110    0.01165   12.29058   -4.58631   -3.13405   -8.62169    2.00000
 179.93108    0.02873   22.77978   22.46979    0.07468    0.04122   11.16438   -0.35959   -4.02047   -6.57770    2.00000
 179.93365    0.00513   22.33411   22.06590    0.06654    0.03672   15.97374   -2.56660    0.16195   -3.01987    2.00000
 179.98257   -0.03982   21.84259   21.60980    0.04346    0.02399   23.75556    0.48839   -4.18901   -4.61059    2.00000
 179.94791    0.01343   23.75803   23.31145    0.05380    0.02969    5.34747   -3.81691    0.81193   -1.26960    2.00000
 180.02458    0.01520   23.65131   23.22309    0.02890    0.01595    5.79235   -6.19466    4.19581    2.65852    2.00000
 179.99763   -0.01277   23.14502   22.79252    0.01299    0.00717    8.52932    1.89919    1.22771    4.91988    2.00000
 180.00020    0.02601   23.49098   23.08836    0.02601    0.01436    6.47062    0.90859    1.07980   -1.86184    2.00000
 180.11755    0.31028   23.75327   23.30752    0.33180    0.18313    5.36726    1.52832   -1.14664   -1.16205    2.00000
 179.91737   -0.08231   20.82283   20.42987    0.11663    0.06437   61.22889    5.28199    1.13548    6.81441    2.00000
 180.01204   -0.08687   23.19128   22.83271    0.08770    0.04841    8.21673    2.48798    1.70453    8.41107    2.00000
 179.91446   -0.22201   23.49368   23.09065    0.23792    0.13132    6.45911    0.14750   -1.28705    0.73467    2.00000
 180.02956    0.01365   22.98241   22.65027    0.03256    0.01797    9.63575   -1.64361   -0.18411   -1.73760    2.00000
 179.96780   -0.33392   20.87678   20.51763    0.33547    0.18515   56.95438   -5.14614   -1.57315   -6.82729    2.00000
 180.06552   -0.41463   20.78128   20.37149    0.41977    0.23169   64.23751   -4.50482   -0.59603   -5.07960    2.00000
 179.75073   -0.01591   22.12354   21.87255    0.24978    0.13786   19.04390   -0.49490    1.10026    0.62545    2.00000
 179.95525   -0.01353   22.75483   22.44748    0.04676    0.02581   11.42994   -4.05910    2.61033   -4.51375    2.00000
 179.93599   -0.06166   22.79724   22.48540    0.08888    0.04906   10.97848   -2.63614    0.33128   -6.41906    2.00000
 179.98923   -0.02345   23.72241   23.28198    0.02581    0.01425    5.49585   -4.03070   -5.03568   -5.17548    2.00000
 180.17540   -0.06765   23.32272   22.94589    0.18799    0.10376    7.33640    0.20943   -0.06270    4.73873    2.00000
 179.93182   -0.11263   22.96281   22.63305    0.13166    0.07267    9.76970    4.44489    0.06104    3.07081    2.00000
 179.98743   -0.06319   23.81756   23.36059    0.06443    0.03556    5.10007   -1.42107    0.50802    4.27649    2.00000
 179.89729   -0.14926   23.06101   22.71909    0.18118    0.10000    9.10044    0.31897    0.95053   -2.46724    2.00000
 180.02051    0.01443   23.83900   23.37828    0.02507    0.01384    5.01101   -0.29649    1.14709   -2.42257    2.00000
 180.16371    0.14424   21.52841   21.30819    0.21819    0.12042   30.77004   -0.54648   -0.26152   -0.60335    2.00000
 180.03918   -0.08567   20.86408   20.49586    0.09421    0.05200   57.82860    6.58502   -3.06453    3.52252    2.00000
 179.99007    0.01559   22.79974   22.48763    0.01849    0.01021   10.95192   -0.14409   -1.03387   -3.05182    2.00000
 180.08060    0.06239   23.46125   23.06321    0.10192    0.05625    6.59727   -2.55342    2.41669    2.19536    2.00000
 180.09790   -0.18527   23.80566   23.35076    0.20955    0.11566    5.14955    5.47575   -1.14555   -2.62649    2.00000
 179.97913    0.02163   22.66365   22.36583    0.03006    0.01659   12.40220   -2.22382   -2.60166   -6.54069    2.00000
 180.04776   -0.06171   20.82746   20.43715    0.07803    0.04306   60.85390    2.67394   -3.70828   -1.00397    2.00000
 179.98387    0.08738   23.24979   22.88351    0.08886    0.04904    7.82157    0.79322   -0.43131   -4.04607    2.00000
 180.01173   -0.04646   21.11712   20.86497    0.04792    0.02645   43.93710   -3.32932   -2.47006   -5.41642    2.00000
 180.03625    0.00248   23.24248   22.87716    0.03634    0.02006    7.87097    0.80908   -0.13650    1.60602    2.00000
 179.96474   -0.02256   20.97721   20.67970    0.04187    0.02311   50.88036   -1.09360   -2.33142   -3.58301    2.00000
 179.98479   -0.03315   23.40709   23.01737    0.03648    0.02013    6.82807   -3.84798   -2.04331   -8.12275    2.00000
 179.96291    0.00818   23.12342   22.77364    0.03799    0.02097    8.67618    5.33733   -2.83276    2.12590    2.00000
 179.97839    0.01544   23.49638   23.09294    0.02656    0.01466    6.44760    4.28529   -2.44775   -5.39086    2.00000
 180.00951    0.02802   21.78816   21.55877    0.02959    0.01633   24.67064   -1.55733    1.43465   -0.21503    2.00000
 180.04849   -0.05195   22.98564   22.65311    0.07108    0.03923    9.61369   -1.97508    0.29348   -3.07817    2.00000
 179.98067   -0.09918   22.53800   22.25268    0.10105    0.05577   13.74957    6.56605    0.17039    6.59393    2.00000
 180.00415    0.02120   23.78422   23.33307    0.02160    0.01192    5.23861   -1.02731   -0.59368    4.16916    2.00000
 179.93475   -0.05350   23.21810   22.85599    0.08438    0.04657    8.03562    1.39722   -1.08013    0.68650    2.00000
 179.89825   -0.10720   21.69538   21.46947    0.14780    0.08157   26.52765   -1.49589    2.15494    0.69442    2.00000
 180.08377    0.07382   23.17665   22.82001    0.11165    0.06162    8.31552    2.18949    0.15136    1.85433    2.00000
 179.99007    0.03763   23.27918   22.90900    0.03892    0.02148    7.62329   -0.50517   -3.41464   -7.10414    2.00000
 180.05705   -0.01745   23.26686   22.89833    0.05966    0.03293    7.70632    4.54307   -1.40792    0.07474    2.00000
 179.99483   -0.01402   20.42473   19.95931    0.01494    0.00825   86.16498    2.12229   -3.30175   -1.37748    2.00000
 180.04787   -0.00113   23.39348   23.00584    0.04788    0.02643    6.88611   -0.27722    0.44583    4.70634    2.00000
 179.98189    0.00871   23.29550   22.92283    0.02009    0.01109    7.51575    0.52310    0.50039    3.58302    2.00000
 180.01315   -0.04523   23.72803   23.28663    0.04710    0.02600    5.47245    1.48358    1.02940    7.20383    2.00000
 179.99509   -0.02027   23.76041   23.31342    0.02085    0.01151    5.33757   -2.82858    1.55976   -8.73307    2.00000
 179.98849    0.05204   22.69745   22.39619    0.05329    0.02941   12.04074    4.73760   -2.50054    2.07104    2.00000
 180.00220    0.09051   17.47373   16.80216    0.09053    0.04997  528.91272    1.60515    0.26896    1.88409    2.00000
 179.99884   -0.01530   21.22605   20.99330    0.01535    0.00847   39.12770    4.45608    4.77203    9.22776    2.00000
 179.96239    0.06863   22.00644   21.76289    0.07827    0.04320   21.01032   -0.48124    1.53596    0.92217    2.00000
 180.02930   -0.02486   22.80971   22.49655    0.03842    0.02120   10.84570    2.04815    1.80680    3.87965    2.00000
 179.90247    0.00665   21.96533   21.72462    0.09776    0.05396   21.69663    4.18066    0.92246    4.54174    2.00000
 179.99835    0.01031   22.43722   22.16085    0.01044    0.00576   14.84311   -0.65785   -0.32032   -0.96150    2.00000
 180.03719    0.00911   21.83987   21.60725    0.03828    0.02113   23.80132   -1.53646   -0.82133   -3.62405    2.00000
 180.01367    0.11601   21.74036   21.51284    0.11681    0.06447   25.49422    0.04412    0.60683    0.87390    2.00000
 179.98328    0.01309   23.24492   22.87928    0.02124    0.01173    7.85450    6.34952    1.95650   13.52791    2.00000
 179.93515    0.00382   23.51530   23.10895    0.06496    0.03585    6.36700   -4.36993    0.97102    5.40726    2.00000
 180.10136    0.11232   21.67950   21.45416    0.15130    0.08350   26.93034   -1.70660   -2.28368   -3.85999    2.00000
 180.03320   -0.00417   22.85588   22.53774    0.03347    0.01847   10.51106   -3.35904   -0.91605   -5.08358    2.00000
 179.78955   -0.14362   23.78422   23.33307    0.25479    0.14063    5.23861    1.66270   -1.13133    3.84538    2.00000
 180.05692    0.14945   22.41332   22.13887    0.15992    0.08826   15.10480   -1.07244   -0.55156   -5.88955    2.00000
 180.04871    0.03042   22.07289   21.82480    0.05743    0.03170   19.90016    0.05881    0.48960    2.04587    2.00000
 180.01732    0.00752   18.06267   18.00533    0.01889    0.01042  285.07825    3.39714   -1.03166    2.40294    2.00000
 179.96729    0.24508   22.05029   21.80372    0.24726    0.13647   20.27825   -0.28214    1.79408    1.19189    2.00000
 180.04523   -0.04620   23.48017   23.07922    0.06465    0.03568    6.51668    3.41752   -0.11741    5.93743    2.00000
 180.02553   -0.13956   23.62060   23.19744    0.14187    0.07830    5.92145    0.17384    2.00795    4.80774    2.00000
 180.01244   -0.00621   22.78726   22.47648    0.01390    0.00767   11.08471   -6.48718    4.56271   -1.04927    2.00000
 179.98384   -0.08842   23.69996   23.26338    0.08989    0.04961    5.58948    2.65529    0.86134   11.53258    2.00000
 179.98744    0.03514   19.75997   19.25840    0.03731    0.02059  138.87122    9.32288    0.50709    9.69643    2.00000
 180.00168    0.03155   23.49638   23.09294    0.03159    0.01744    6.44760    5.31830   -3.51900   -0.83899    2.00000
 180.18239   -0.10431   22.49581   22.21424    0.21011    0.11596   14.20733    2.62034    0.05093    4.38299    2.00000
 179.99483    0.00717   22.84544   22.52844    0.00884    0.00488   10.58339   -0.83042    1.99474    3.87395    2.00000
 180.08324    0.03767   20.45427   19.99114    0.09136    0.05042   83.98769   -1.51930    0.74669   -1.03313    2.00000
 180.16356   -0.05374   23.61418   23.19208    0.17216    0.09502    5.94847   -5.54427    5.30116   -1.31687    2.00000
 180.03032   -0.14142   23.76755   23.31931    0.14464    0.07983    5.30789   -8.79754   -1.20401  -12.58685    2.00000
 179.82370   -0.12841   22.87674   22.55634    0.21811    0.12038   10.36640   -0.43251   -2.77124   -2.92839    2.00000
 180.01990   -0.00500   22.11086   21.86092    0.02051    0.01132   19.25249   -4.21181   -2.99544   -7.79719    2.00000
 179.99240    0.06120   22.43012   22.15435    0.06167    0.03403   14.92048    0.37318    3.75393    1.23894    2.00000
 179.99500   -0.00538   22.94195   22.61445    0.00736    0.00406    9.91436   -0.52760   -1.61741   -1.80130    2.00000
 180.08586   -0.01192   22.32931   22.06148    0.08669    0.04785   16.02640   -8.05722    3.01992   -6.61527    2.00000
 179.94353    0.10372   23.70744   23.26958    0.11810    0.06518    5.55827   -3.65146   -1.53082   -3.80494    2.00000
 179.63824    0.17465   23.01581   22.67957    0.40170    0.22171    9.40788    0.48996    0.85993   -1.13405    2.00000
 180.01805    0.04003   22.85588   22.53774    0.04391    0.02423   10.51106    5.99660   -0.99880    6.32338    2.00000
 179.97574    0.04571   23.42070   23.02890    0.05175    0.02856    6.77002   -0.94522    3.18706   -5.90693    2.00000
 179.76631   -0.23816   21.07830   20.81780    0.33367    0.18416   45.70504   -3.68070    2.37263   -1.00688    2.00000
 180.00325   -0.02692   21.31336   21.08670    0.02712    0.01497   36.59622   -5.02290   -0.53061   -5.55882    2.00000
 180.01093   -0.00480   22.11916   21.86854    0.01193    0.00659   19.11575   -0.28792    2.66423    2.62649    2.00000
 180.03914    0.02615   21.17509   20.93434    0.04707    0.02598   41.33743    1.74293    1.00408    2.07553    2.00000
 180.12459   -0.02751   23.37715   22.99200    0.12759    0.07042    6.97770    2.48843    0.99808    6.12201    2.00000
 179.98767   -0.10254   22.29241   22.02751    0.10328    0.05700   16.43089   -1.94251    3.63607    0.70831    2.00000
 179.97479   -0.05855   23.70932   23.27113    0.06375    0.03518    5.55047    1.62375   -4.15895  -14.17733    2.00000
 180.01855   -0.17978   22.01466   21.77055    0.18073    0.09975   20.87306   -1.57203   -2.48352   -3.99759    2.00000
 179.96289   -0.00414   22.06673   21.81902    0.03734    0.02061   20.00373    2.96307   -1.33450    1.25427    2.00000
 180.11929   -0.04368   21.55279   21.33225    0.12705    0.07012   30.13707    0.70257    0.47808    1.24283    2.00000
 179.96729    0.00754   22.99103   22.65783    0.03357    0.01853    9.57694   -0.23907    0.22401    1.59446    2.00000
 180.00699    0.10375   22.77728   22.46756    0.10399    0.05739   11.19093    1.36583   -2.12907   -0.03957    2.00000
 179.99893    0.02819   22.16520   21.91061    0.02821    0.01557   18.36132   -2.26278   -0.74609   -2.53870    2.00000
 180.02086   -0.02552   23.13782   22.78623    0.03296    0.01819    8.57827   -3.48166   -1.15396   -3.50733    2.00000
 179.97334   -0.00032   21.57420   21.35283    0.02665    0.01471   29.59567   -3.72536   -0.20793   -4.53374    2.00000
 179.96523    0.01861   22.73986   22.43410    0.03944    0.02177   11.58928    0.62111   -2.21236   -0.76957    2.00000
 179.95952   -0.09602   23.75088   23.30555    0.10420    0.05751    5.37716   -4.32049    1.11636   -4.62593    2.00000
 180.08244    0.06811   21.86708   21.63276    0.10694    0.05902   23.34378   -0.65777   -1.36281   -2.56445    2.00000
 180.03818    0.04329   22.43254   22.15657    0.05772    0.03186   14.89402   -0.02119   -0.49981   -1.82551    2.00000
 179.97974    0.00625   22.67930   22.37990    0.02121    0.01170   12.23476    4.55637   -3.61512    2.09044    2.00000
