#RA        DEC       MAG_G     MAG_I     ANGSEP    RPROJ     SNR       VTRUE       VSYS       VMEAS      VSYSERR    
 179.97484    0.00122   21.54500   21.32477    0.02519    0.01390   30.33394   -0.41397   -1.21904   -1.86138    2.00000
 180.14432    0.02066   22.18959   21.93301    0.14579    0.08047   17.95978   -2.65653   -1.56654   -4.81496    2.00000
 180.03415    0.03761   23.62221   23.19879    0.05080    0.02804    5.91469   -4.19653    3.16388    1.43557    2.00000
 180.00230   -0.13735   22.69745   22.39619    0.13737    0.07582   12.04074   -8.92948    1.59107   -9.07809    2.00000
 180.06401   -0.01914   23.04901   22.70860    0.06681    0.03688    9.18203   -1.57044    2.19580    4.70158    2.00000
 180.02451   -0.03801   21.58199   21.36032    0.04523    0.02496   29.39880   -3.25144    1.89755   -1.91316    2.00000
 179.96924    0.01205   22.96493   22.63494    0.03304    0.01824    9.75504    0.21404   -2.05116   -1.76920    2.00000
 180.20380   -0.13612   23.26930   22.90045    0.24508    0.13526    7.68986    0.29340   -2.47623   -4.67288    2.00000
 179.50072   -0.51979   23.60293   23.18268    0.72074    0.39781    5.99576   10.77839    0.05446   13.81131    2.00000
 180.02820    0.02453   22.29498   22.02987    0.03738    0.02063   16.40276   -0.27470    2.24806    2.20050    2.00000
 180.07220   -0.09703   23.69622   23.26028    0.12095    0.06675    5.60509    1.66254    8.77663   12.67301    2.00000
 179.97150    0.04710   23.29278   22.92052    0.05506    0.03039    7.53369    2.18371   -0.16995    5.55038    2.00000
 179.96671    0.04207   22.99426   22.66067    0.05365    0.02961    9.55489   -2.41676   -1.57658   -3.87543    2.00000
 180.00667    0.00853   23.66254   23.23239    0.01083    0.00598    5.74554    0.05708   -0.77286   -1.38403    2.00000
 180.07872   -0.47147   23.79137   23.33897    0.47800    0.26383    5.20893   -2.02445    1.72947   -2.38497    2.00000
 179.90253    0.14106   22.61931   22.32599    0.17146    0.09463   12.87662   -7.22477    1.07718   -6.20991    2.00000
 179.96220    0.03167   21.51331   21.29277    0.04931    0.02722   31.17572    1.34709   -2.44402   -0.49738    2.00000
 180.03925    0.00957   23.74674   23.30213    0.04040    0.02230    5.39442   -2.98879    0.23461    0.16951    2.00000
 179.97681    0.03060   22.33891   22.07032    0.03840    0.02120   15.92108   -3.78850   -1.18246   -4.89723    2.00000
 180.10127    0.06405   23.36082   22.97817    0.11983    0.06614    7.08531   -5.91601    4.05656   -1.66184    2.00000
 180.05199    0.02736   23.14742   22.79462    0.05874    0.03242    8.51300    2.34283   -1.13614    0.94639    2.00000
 180.02704   -0.07013   22.70244   22.40065    0.07516    0.04148   11.98763   -1.36717    0.43165    1.95570    2.00000
 180.02019   -0.01565   22.59845   22.30724    0.02554    0.01410   13.09987   -1.35574   -0.87717   -2.91489    2.00000
 180.00513   -0.01265   21.45286   21.23101    0.01365    0.00753   32.80028    1.41544   -2.89639   -0.83183    2.00000
 179.99213   -0.05975   22.64800   22.35177    0.06027    0.03326   12.56964    4.56452   -1.30252    2.45736    2.00000
 180.09988    0.01891   22.55933   22.27209    0.10167    0.05611   13.51848    2.50727    3.14610    3.71525    2.00000
 179.98347    0.00307   22.46535   22.18648    0.01682    0.00928   14.53793    0.99126   -0.46549    2.62021    2.00000
 179.96239    0.01513   22.57497   22.28615    0.04054    0.02237   13.35104    2.07583   -1.51818   -1.54782    2.00000
 179.79955    0.08272   23.24736   22.88139    0.21684    0.11968    7.83804    1.41725   -0.51753   -1.59553    2.00000
 179.98709   -0.03065   21.86708   21.63276    0.03326    0.01835   23.34378   -4.91570   -0.33191   -6.01465    2.00000
 179.98164   -0.29032   22.29241   22.02751    0.29090    0.16056   16.43089   -1.50631   -4.55790   -4.94997    2.00000
 180.07574   -0.03386   23.52071   23.11352    0.08297    0.04579    6.34397   -0.95301   -4.55376  -10.71748    2.00000
 179.98042    0.00810   22.28213   22.01806    0.02118    0.01169   16.54342   -2.27166    3.49832   -0.23026    2.00000
 180.00439    0.10468   22.92108   22.59586    0.10477    0.05783   10.05901   -0.28402   -3.59983   -4.95304    2.00000
 179.98659   -0.12375   23.78422   23.33307    0.12447    0.06870    5.23861    5.90744    0.07261   12.00711    2.00000
 179.99585   -0.00363   22.82979   22.51449    0.00552    0.00305   10.69188   -5.75627    3.69061   -1.06978    2.00000
 179.79912    0.35487   23.47476   23.07464    0.40777    0.22506    6.53971   -2.43424    0.16203   -0.96439    2.00000
 179.96912   -0.00655   22.61671   22.32365    0.03158    0.01743   12.90453   -3.32158    2.91017   -0.34328    2.00000
 179.96111    0.02586   23.36899   22.98509    0.04670    0.02577    7.03151   -2.58334    2.47238    1.14605    2.00000
 180.01442   -0.09037   21.26482   21.03499    0.09151    0.05051   37.95643    1.01458    1.76637    3.17177    2.00000
 179.98988    0.00298   21.79632   21.56643    0.01055    0.00582   24.53338   -1.24299    1.79175    1.15835    2.00000
 179.91908    0.07484   18.10282   18.07696    0.11023    0.06084  275.21164    5.04784    1.96523    6.97908    2.00000
 179.96172   -0.08501   21.65833   21.43375    0.09323    0.05146   27.46727    0.60888    3.50441    4.63553    2.00000
 179.86343   -0.04920   23.17421   22.81789    0.14516    0.08012    8.33198   -4.81565    4.05393    0.52630    2.00000
 180.01228   -0.06157   21.66098   21.43630    0.06278    0.03465   27.40015   -1.21431   -2.12204   -2.72400    2.00000
 179.99277    0.02844   22.63757   22.34240    0.02935    0.01620   12.68127    3.19788    5.35220    7.34591    2.00000
 180.21190    0.14754   22.21015   21.95191    0.25820    0.14251   17.62086   -3.24193    3.30407   -0.48128    2.00000
 179.99130    0.02954   21.32549   21.09962    0.03079    0.01700   36.25617   -2.23177    2.37527   -0.09134    2.00000
 179.95107   -0.02253   22.16082   21.90661    0.05387    0.02973   18.43317   -3.09366   -1.66694   -5.42541    2.00000
 180.00090    0.00884   21.43721   21.21502    0.00889    0.00491   33.22087    4.76404    0.48894    5.35369    2.00000
 179.93520   -0.03658   23.42341   23.03119    0.07441    0.04107    6.75847   -1.50607   -3.60001   -3.59458    2.00000
 179.92770   -0.01343   22.12903   21.87756    0.07354    0.04059   18.95409    3.01616   -2.72691    1.42044    2.00000
 180.04460    0.05216   23.13062   22.77993    0.06863    0.03788    8.62723    2.63904    2.75348    0.42449    2.00000
 179.98578   -0.01722   22.38692   22.11455    0.02233    0.01233   15.39445    0.69197   -1.36575   -0.05554    2.00000
 179.98148   -0.04346   22.65061   22.35412    0.04724    0.02608   12.54174   -1.10640   -0.66425   -2.38586    2.00000
 180.02039    0.00103   22.14108   21.88858    0.02042    0.01127   18.75650   -2.78477   -1.22645   -2.60750    2.00000
 179.95805    0.01083   22.33891   22.07032    0.04333    0.02391   15.92108   -1.43503   -0.51730   -1.01637    2.00000
 180.00418   -0.12698   21.64775   21.42354    0.12705    0.07012   27.73573    5.07836   -0.64632    4.45770    2.00000
 180.01917    0.00374   23.20347   22.84329    0.01953    0.01078    8.13441    1.38829   -0.53455    3.39049    2.00000
 179.94572    0.05153   21.36157   21.13773    0.07484    0.04131   35.25373   15.09631   -0.90543   13.18375    2.00000
 179.99574    0.01203   21.10219   20.84683    0.01276    0.00704   44.61708    1.88195    0.31325    2.16045    2.00000
 180.03584    0.02368   22.23586   21.97553    0.04297    0.02372   17.19721    1.88549   -1.08453    1.53259    2.00000
 180.33710   -0.38608   23.66067   23.23084    0.51253    0.28288    5.75334    4.56844   -0.22578    7.76763    2.00000
 180.01537    0.15731   20.49628   20.03675    0.15806    0.08724   81.48816   -0.91574    0.32224   -0.49378    2.00000
 179.86594    0.06259   22.86109   22.54239    0.14795    0.08166   10.47490   -1.34207   -4.75735   -5.62560    2.00000
 179.75468   -0.17025   23.29006   22.91822    0.29861    0.16481    7.55162   -5.51379   -0.76763  -10.56981    2.00000
 179.43161   -0.29238   18.51606   17.94050    0.63918    0.35279  295.96045   -1.74423   -0.36030   -2.10941    2.00000
 179.95644   -0.02798   20.38092   19.91227    0.05177    0.02857   89.38225    5.34842   -2.29701    2.92242    2.00000
 179.93184   -0.03981   22.01466   21.77055    0.07894    0.04357   20.87306   -7.03485    1.04111   -6.15108    2.00000
 180.00327    0.03395   22.48644   22.20570    0.03410    0.01882   14.30905    0.65471   -3.06810   -3.62989    2.00000
 179.97829   -0.01813   22.59584   22.30490    0.02828    0.01561   13.12778   -3.35527   -2.62640   -3.98680    2.00000
 180.03368   -0.02435   21.33965   21.11471    0.04155    0.02293   35.85944    1.05879   -1.43454   -0.08382    2.00000
 180.06590    0.02769   22.15753   21.90360    0.07149    0.03946   18.48706    0.92606    1.69382    1.52519    2.00000
 179.99754    0.09814   23.51530   23.10895    0.09817    0.05418    6.36700   -5.36861   -2.50295   -4.39309    2.00000
 180.02065   -0.04153   21.61119   21.38838    0.04638    0.02560   28.66053   -1.41113   -1.25043   -3.67582    2.00000
 179.96919   -0.00030   21.97629   21.73482    0.03081    0.01700   21.51361   -3.76271    2.87101   -0.13558    2.00000
 180.01324    0.04687   22.65583   22.35880    0.04870    0.02688   12.48592   -1.76981   -1.43896   -5.07946    2.00000
 179.93736    0.00889   23.65880   23.22929    0.06326    0.03492    5.76114   -2.43555    0.58981   -3.59475    2.00000
 179.84103    0.03209   23.31455   22.93897    0.16217    0.08950    7.39021    5.13189    2.73605    3.51082    2.00000
 180.00636   -0.03917   23.29278   22.92052    0.03969    0.02190    7.53369    3.78445    0.64345    6.27137    2.00000
 180.01302    0.02663   22.83240   22.51682    0.02964    0.01636   10.67380    4.64185   -0.43773    0.53585    2.00000
 179.97543   -0.02114   22.76231   22.45417    0.03241    0.01789   11.35027    3.50433   -0.62603    4.35840    2.00000
 179.99280    0.02215   20.86488   20.49722    0.02329    0.01285   57.75847   -0.36647   -0.17493   -0.74006    2.00000
 179.97308   -0.01166   22.22301   21.96372    0.02934    0.01619   17.40903    3.09957   -4.79054   -0.18806    2.00000
 180.04582   -0.00668   21.25673   21.02637    0.04631    0.02556   38.18313    2.08837   -0.21012    1.92310    2.00000
 179.98343    0.10860   22.57237   22.28381    0.10986    0.06063   13.37894   -6.22337    1.24491   -5.93792    2.00000
 180.11076   -0.00051   22.75233   22.44525    0.11077    0.06114   11.45650    0.42436    0.85799    1.67735    2.00000
 179.99464    0.13136   22.84284   22.52611    0.13147    0.07256   10.60147   -6.44291    0.64671   -7.55642    2.00000
 179.92229   -0.02825   21.94615   21.70676    0.08268    0.04563   22.01691   -4.76640   -2.93367   -8.46876    2.00000
 180.03833    0.06623   23.73738   23.29438    0.07652    0.04223    5.43343    0.48517   -0.99937    1.13091    2.00000
 179.92984    0.01742   21.14101   20.89400    0.07229    0.03990   42.84914   -7.97278   -1.84481  -10.03229    2.00000
 180.01817    0.04662   23.47206   23.07236    0.05003    0.02762    6.55122    2.59855   -2.40377   -7.40002    2.00000
 180.02310   -0.02873   23.51800   23.11123    0.03687    0.02035    6.35549    3.52968    1.28604   11.18210    2.00000
 179.92528   -0.00994   22.72988   22.42518    0.07538    0.04160   11.69551   -6.09712    3.07754   -2.46167    2.00000
 179.95256   -0.04559   23.34449   22.96433    0.06580    0.03632    7.19292   -4.49999    3.01474   -0.11665    2.00000
 179.99010    0.01267   22.50050   22.21851    0.01608    0.00888   14.15646   -6.17397   -0.21027   -4.72113    2.00000
 179.91312   -0.11266   22.50519   22.22278    0.14227    0.07852   14.10560    2.61147   -0.72653    0.22901    2.00000
 179.92305    0.02884   22.43254   22.15657    0.08217    0.04535   14.89402  -10.06613   -1.51876  -10.89100    2.00000
 180.13545   -0.21299   21.40852   21.18570    0.25241    0.13931   33.99195    4.35648    1.24989    5.89600    2.00000
 180.00609    0.00038   22.86892   22.54936    0.00610    0.00337   10.42065   -0.09859   -1.88987   -3.66666    2.00000
 179.95113   -0.07780   23.57562   23.15987    0.09188    0.05071    6.11062    0.92497   -2.65712    2.47812    2.00000
 180.14520    0.01123   21.23830   21.00657    0.14564    0.08038   38.70388   -3.01780   -4.80716   -7.77397    2.00000
 180.09276   -0.07501   23.34721   22.96664    0.11930    0.06584    7.17499    1.25042   -2.91468   -4.90271    2.00000
 179.93385   -0.01506   23.78660   23.33504    0.06784    0.03744    5.22872   -1.74006    1.42153  -11.30040    2.00000
 180.05878    0.06852   23.02980   22.69182    0.09028    0.04983    9.31257    3.05335   -2.89130   -0.10808    2.00000
 179.85213   -0.06474   22.33411   22.06590    0.16142    0.08909   15.97374    4.31685    3.66252    7.86931    2.00000
 180.00739    0.02637   23.70932   23.27113    0.02738    0.01511    5.55047    4.54636    0.15841   -0.11869    2.00000
 179.80882   -0.06531   23.32000   22.94358    0.20202    0.11150    7.35434   -3.01759   -0.04791   -5.66473    2.00000
 179.92554   -0.02723   21.72977   21.50264    0.07928    0.04376   25.67723    0.70954    1.06865    1.12841    2.00000
 179.96359   -0.00944   21.43982   21.21768    0.03762    0.02076   33.15077   -1.01024   -1.86740   -3.52897    2.00000
 180.01898    0.05072   23.30367   22.92975    0.05416    0.02989    7.46195    0.04930   -2.29447    2.40541    2.00000
 180.57170    0.02127   23.80804   23.35273    0.57210    0.31576    5.13965    4.54110   -0.25548    8.35762    2.00000
 179.98338    0.02725   22.28213   22.01806    0.03191    0.01761   16.54342    1.45133    0.43472    1.87795    2.00000
 179.92715    0.06267   22.19473   21.93773    0.09610    0.05304   17.87505    4.62346    0.46148    6.25076    2.00000
 180.01608    0.08811   22.31251   22.04600    0.08957    0.04943   16.21072   -2.41410   -1.43432   -3.14842    2.00000
 179.98808   -0.02390   23.39620   23.00814    0.02671    0.01474    6.87450    2.27510    0.16769    0.19025    2.00000
 180.05026   -0.02321   21.20208   20.96570    0.05537    0.03056   40.16234   -0.27190   -0.46829   -1.28130    2.00000
 180.00816    0.01992   23.14502   22.79252    0.02152    0.01188    8.52932    1.11758   -4.32563   -2.02316    2.00000
 179.94690   -0.03016   22.31731   22.05042    0.06107    0.03371   16.15806    4.82675    3.49562    7.01869    2.00000
 180.02449   -0.03335   23.48827   23.08608    0.04137    0.02283    6.48214    2.22605   -0.89508    7.24274    2.00000
 179.92715    0.00447   22.33891   22.07032    0.07298    0.04028   15.92108    4.84917   -2.62390    3.68635    2.00000
 180.02974   -0.00517   23.09701   22.75056    0.03019    0.01666    8.85567    2.31093   -1.04279    2.79089    2.00000
 179.90869    0.02832   17.99358   17.78817    0.09561    0.05277  321.94064    3.71197    0.31562    4.03982    2.00000
 179.57198   -0.24486   23.04661   22.70651    0.49312    0.27217    9.19835   -8.14212   -0.14819  -13.33157    2.00000
 179.99428   -0.03998   23.17421   22.81789    0.04038    0.02229    8.33198   -0.29500   -3.58195   -1.97216    2.00000
 179.76112    0.00829   23.55584   23.14325    0.23901    0.13192    6.19430   -4.72328   -1.61056   -6.80096    2.00000
 179.85049    0.14732   23.82709   23.36845    0.20989    0.11584    5.06049    1.41392    0.44985    5.67602    2.00000
 179.93126   -0.01034   23.75327   23.30752    0.06952    0.03837    5.36726    1.06227   -0.03462    2.92571    2.00000
 180.05327   -0.01058   22.38212   22.11012    0.05431    0.02997   15.44711   -2.28527    1.69162   -0.75006    2.00000
 180.00244    0.00717   22.66365   22.36583    0.00757    0.00418   12.40220   -0.67510    0.52494    1.68833    2.00000
 179.98608   -0.01318   23.34721   22.96664    0.01916    0.01058    7.17499   -3.64346    2.36392    0.62356    2.00000
 180.01373    0.06843   20.34403   19.87265    0.06980    0.03852   92.09153    2.91454    0.78050    3.63907    2.00000
 179.96249    0.13538   21.37983   21.15639    0.14048    0.07753   34.76304   -3.20802   -0.11631   -3.42109    2.00000
 180.04820    0.02330   18.06622   18.09043    0.05355    0.02955  273.35571   -3.11625   -3.10088   -6.18871    2.00000
 179.85709    0.06564   23.68312   23.24943    0.15727    0.08680    5.65971   -0.10339    1.27932    1.01873    2.00000
 180.04080    0.04964   21.04674   20.77643    0.06425    0.03546   47.25544   -2.41367   -3.45062   -5.53309    2.00000
 180.00783    0.02627   23.66628   23.23548    0.02741    0.01513    5.72993   -0.78122    1.62482   -1.60629    2.00000
 180.01581   -0.04114   21.87797   21.64297    0.04407    0.02433   23.16076    4.08394   -0.93534    2.59450    2.00000
 180.96997    0.57456   23.32816   22.95050    1.12735    0.62229    7.30053   -1.28380   -2.13132   -5.01107    2.00000
 179.97968   -0.02098   21.75888   21.53070    0.02921    0.01612   25.17394   -1.00749   -1.63022   -2.71634    2.00000
 180.04298    0.07061   22.17160   21.91647    0.08267    0.04563   18.25633    2.67699    0.62225    2.43819    2.00000
 180.00093    0.01988   23.59972   23.18000    0.01990    0.01098    6.00928   -9.71222    0.87330   -6.55366    2.00000
 180.07761   -0.07178   22.26927   22.00624    0.10571    0.05835   16.68408   -0.57907   -0.73380   -1.09759    2.00000
 179.99812   -0.05980   23.37987   22.99431    0.05983    0.03302    6.95977    1.66976    2.07529    4.80303    2.00000
 180.03552   -0.00498   22.08452   21.83586    0.03588    0.01980   19.70189   -2.00206   -1.50193   -4.71810    2.00000
 180.02795   -0.03886   22.10389   21.85428    0.04788    0.02643   19.37145    3.79325    0.68971    3.19158    2.00000
 179.98672   -0.02274   20.99800   20.71032    0.02633    0.01453   49.73290    0.56489    1.44187    1.71722    2.00000
 179.89651   -0.13456   22.64540   22.34943    0.16975    0.09369   12.59755    0.72756   -0.23023    3.70552    2.00000
 179.93756    0.05004   22.76481   22.45640    0.08002    0.04416   11.32371   -0.44477   -1.45833   -0.87708    2.00000
 179.97008    0.00984   23.05621   22.71490    0.03150    0.01739    9.13308    3.88530    0.08501    3.45525    2.00000
 180.06287    0.05105   23.80089   23.34683    0.08098    0.04470    5.16934    1.88470   -1.96593    4.91267    2.00000
 180.14702   -0.13597   21.50798   21.28732    0.20025    0.11052   31.31890   -2.50600    3.96906    1.58410    2.00000
 179.96878   -0.01254   21.88886   21.65318    0.03365    0.01857   22.97774   -4.70028   -0.60510   -4.02486    2.00000
 179.95259   -0.01734   22.74236   22.43633    0.05048    0.02786   11.56272   -2.39274   -1.05669    0.45924    2.00000
 179.90042    0.21307   22.47472   22.19502    0.23520    0.12981   14.43621    7.61766   -2.68635    4.06386    2.00000
 179.89256    0.01102   21.01431   20.73368    0.10800    0.05961   48.85764   -0.46565    0.02106   -0.48846    2.00000
 179.99207   -0.02804   23.54233   23.13182    0.02915    0.01609    6.25187    0.38338    0.67331    2.66120    2.00000
 179.97688    0.01440   22.81969   22.50547    0.02723    0.01503   10.76205    3.92828    0.11062    4.18747    2.00000
 180.01512   -0.08028   23.19616   22.83694    0.08169    0.04509    8.18380    2.06627    0.67402    3.89349    2.00000
 180.06732    0.03316   22.56193   22.27443    0.07505    0.04142   13.49057   -0.13107    0.74309    0.14352    2.00000
 179.97755    0.00805   16.62266   15.81961    0.02384    0.01316  846.67084   -1.30598   -0.92642   -2.21459    2.00000
 180.03456    0.09934   23.49098   23.08836    0.10518    0.05805    6.47062   -5.19531   -0.94731  -13.86677    2.00000
 179.99953    0.03882   23.81994   23.36256    0.03882    0.02143    5.09017    1.73779   -1.46659   -0.92139    2.00000
 180.03539    0.00309   22.55933   22.27209    0.03553    0.01961   13.51848   -5.91894    0.27947   -5.21958    2.00000
 180.07484   -0.01059   22.20501   21.94718    0.07559    0.04172   17.70559    3.18297   -1.04526    2.46102    2.00000
 179.94200    0.00387   23.14502   22.79252    0.05813    0.03208    8.52932   -1.88807   -2.11328    0.66376    2.00000
 179.85246    0.01152   21.88069   21.64552    0.14799    0.08168   23.11501    2.39517   -1.62180    0.66185    2.00000
 180.05910    0.05067   23.55584   23.14325    0.07785    0.04297    6.19430   -2.39930   -1.27459   -6.17312    2.00000
 179.93346    0.01955   23.24004   22.87504    0.06935    0.03828    7.88743   -1.49058   -1.70798   -6.74371    2.00000
 180.00661   -0.00260   18.66776   18.10295    0.00710    0.00392  271.63174    3.00461    1.39376    4.37334    2.00000
 180.02989    0.01315   20.88631   20.53396    0.03266    0.01803   56.34240   -2.17615    1.75192   -0.12573    2.00000
 179.94534    0.07969   21.02304   20.74519    0.09663    0.05333   48.42628   -0.49555   -0.04071   -0.12181    2.00000
 180.02190    0.03125   23.62864   23.20415    0.03816    0.02106    5.88767    1.50006   -0.57504   12.55192    2.00000
 180.02631   -0.01824   22.91587   22.59121    0.03201    0.01767   10.09518    6.89957    2.22488    7.63833    2.00000
 179.99455    0.01626   20.91014   20.57381    0.01715    0.00946   54.84877   -2.49267    1.86756   -0.13687    2.00000
 179.99454   -0.02736   21.35398   21.12998    0.02790    0.01540   35.45781    6.49834   -1.62012    5.20537    2.00000
 179.97462   -0.04622   22.88717   22.56563    0.05272    0.02910   10.29408    2.18646    2.45201    5.67580    2.00000
 180.02299    0.01120   21.62092   21.39774    0.02558    0.01412   28.41444   -3.75797   -3.91404   -7.37905    2.00000
 180.00365    0.03674   22.08142   21.83291    0.03692    0.02038   19.75476    3.38271    2.41957    4.75496    2.00000
 179.98724    0.02357   21.94615   21.70676    0.02680    0.01479   22.01691   -1.04639    1.92049    0.88724    2.00000
 180.08746    0.02212   21.89430   21.65828    0.09021    0.04979   22.88624   13.02993    1.88385   14.88835    2.00000
 180.01772    0.08259   23.00288   22.66823    0.08447    0.04662    9.49609   -5.01702    0.55616   -4.94774    2.00000
 180.00314   -0.01141   21.31538   21.08885    0.01183    0.00653   36.53954    2.04750    1.47049    3.37348    2.00000
 180.00616    0.00393   23.19128   22.83271    0.00732    0.00404    8.21673   -1.33564    4.07915    1.60890    2.00000
 180.00269   -0.03724   21.09622   20.83957    0.03734    0.02061   44.88907   -0.22013   -1.21968   -1.26942    2.00000
 180.13548    0.03090   23.77470   23.32521    0.13896    0.07669    5.27820   -5.15209    0.11025   -7.75877    2.00000
 179.95226   -0.08290   23.01042   22.67484    0.09567    0.05280    9.44464    1.12989   -1.19186   -0.74815    2.00000
 180.01324   -0.00693   21.58393   21.36219    0.01494    0.00825   29.34958   -1.44391    1.54254   -0.03737    2.00000
 180.10286    0.05753   21.60145   21.37903    0.11785    0.06504   28.90662    3.92313   -1.58382    2.37825    2.00000
 179.99596   -0.10987   21.56836   21.34722    0.10995    0.06068   29.74333   -0.25418   -0.32619   -0.52509    2.00000
 179.98489    0.03161   22.60106   22.30959    0.03503    0.01933   13.07197    2.80760    2.68539    7.07385    2.00000
 179.98013   -0.00522   22.79724   22.48540    0.02055    0.01134   10.97848    4.47926    0.83484    4.81882    2.00000
 179.99208   -0.01314   20.83209   20.44443    0.01535    0.00847   60.47891   -3.75108    1.63615   -2.07788    2.00000
 179.94615   -0.03960   23.33088   22.95280    0.06684    0.03689    7.28260   -5.25408    0.04018   -7.06872    2.00000
 179.97186    1.06488   23.65131   23.22309    1.06525    0.58800    5.79235    3.87816   -5.10307   -1.56912    2.00000
 180.08322    0.10718   22.19216   21.93537    0.13570    0.07489   17.91741   -0.88696   -2.87140   -4.21925    2.00000
 180.24310   -0.09947   22.63757   22.34240    0.26267    0.14497   12.68127    4.20655    3.51417    9.36348    2.00000
 179.84875    0.02169   23.78660   23.33504    0.15279    0.08433    5.22872   -1.50750   -0.49020  -10.05267    2.00000
 179.99342    0.03362   23.17665   22.82001    0.03426    0.01891    8.31552    0.18701    0.56084   -0.14204    2.00000
 179.91734   -0.04477   22.12464   21.87355    0.09399    0.05188   19.02594    1.61528   -0.37175    1.17569    2.00000
 179.62263   -0.36170   23.64955   23.22162    0.52272    0.28851    5.79973    4.08478   -1.90803    6.30802    2.00000
 179.98515   -0.00876   23.55854   23.14554    0.01724    0.00951    6.18278   -0.18603   -3.33071    0.61623    2.00000
 180.00974    0.00806   19.76672   19.26543    0.01265    0.00698  138.25156    0.21461    0.33826    0.44583    2.00000
 180.05080    0.04439   23.06581   22.72329    0.06746    0.03723    9.06781    0.26142   -2.15405   -0.80522    2.00000
 180.02293    0.00372   23.36899   22.98509    0.02324    0.01282    7.03151    3.76562   -0.00811    1.82293    2.00000
 180.07066    0.02079   22.64540   22.34943    0.07365    0.04065   12.59755   -1.52625    0.41326   -1.12154    2.00000
 180.02196   -0.04736   21.24864   21.01775    0.05220    0.02881   38.40983    5.89700   -3.51475    2.37833    2.00000
 179.96135    0.00472   22.84805   22.53076    0.03894    0.02149   10.56531    1.17549    3.90914    5.74857    2.00000
 180.04012    0.00603   22.32931   22.06148    0.04056    0.02239   16.02640    0.73632    1.67159    1.17942    2.00000
 180.07690    0.02382   23.23760   22.87293    0.08051    0.04444    7.90390   -3.46590    1.47146   -4.45828    2.00000
 180.00870   -0.03985   23.09461   22.74846    0.04079    0.02251    8.87199   -5.08402   -3.28101   -7.83118    2.00000
 179.93755   -0.04948   23.63506   23.20952    0.07968    0.04397    5.86065    1.59855    0.02831   -4.00272    2.00000
 179.97400    0.01447   23.05621   22.71490    0.02975    0.01642    9.13308    6.53647    0.55061    6.87280    2.00000
 180.04671   -0.00502   22.73238   22.42741    0.04698    0.02593   11.66895   -1.30024    0.54649    1.37575    2.00000
 180.01628    0.03335   21.75359   21.52560    0.03711    0.02048   25.26545   -5.94799    0.22569   -5.07484    2.00000
 179.98593   -0.02871   21.42677   21.20436    0.03197    0.01765   33.50126    2.89029   -1.57257    0.64546    2.00000
 179.91302   -0.23518   22.21787   21.95899    0.25074    0.13839   17.49376    1.41458   -1.43304   -0.05757    2.00000
 179.97008    0.00174   23.66254   23.23239    0.02998    0.01655    5.74554   -4.21027   -1.11462   -4.22292    2.00000
 180.00584    0.02399   22.27698   22.01333    0.02469    0.01363   16.59969   -0.91891   -0.12613   -1.57647    2.00000
 180.00136   -0.02368   22.82468   22.50993    0.02372    0.01309   10.72736    3.24754   -1.65501   -0.12382    2.00000
 180.05899    0.02157   23.51530   23.10895    0.06281    0.03466    6.36700   -0.64303   -2.34671   -0.27561    2.00000
 180.03831   -0.04674   23.13062   22.77993    0.06043    0.03336    8.62723    0.59060    1.94388    0.88345    2.00000
 180.06203   -0.03024   21.05048   20.78136    0.06900    0.03808   47.07057    0.11761   -3.81606   -3.60801    2.00000
 179.99171   -0.04366   23.46665   23.06778    0.04444    0.02453    6.57425    1.50497   -2.20731   -7.00596    2.00000
 180.04195   -0.09662   23.42881   23.03577    0.10533    0.05814    6.73544   -0.89001    2.04715    8.52600    2.00000
 180.03502    0.04068   21.57420   21.35283    0.05367    0.02962   29.59567   -3.51201    5.16269    2.08158    2.00000
 180.03252    0.00900   23.22541   22.86234    0.03374    0.01862    7.98622    1.98105    2.61860    2.71178    2.00000
 179.79990    0.09607   22.98780   22.65500    0.22198    0.12252    9.59899    2.35648    1.96431    4.76499    2.00000
 180.02089   -0.06809   23.57883   23.16256    0.07123    0.03931    6.09710    2.54327    2.26984    5.18999    2.00000
 179.92529    0.08831   23.34177   22.96203    0.11567    0.06384    7.21086   -2.59359    0.48533   -1.10903    2.00000
 180.03688    0.01529   23.57401   23.15853    0.03993    0.02204    6.11737   -1.88932    1.76395    4.62176    2.00000
 180.04601    0.03978   23.74112   23.29748    0.06082    0.03357    5.41783    4.51654   -1.32532    4.75962    2.00000
 180.04521   -0.01587   22.47472   22.19502    0.04792    0.02645   14.43621   -0.72361    0.09896   -0.47512    2.00000
 179.92998   -0.04068   22.77229   22.46309    0.08098    0.04470   11.24404    1.08809    1.27728    1.10293    2.00000
 180.10172    0.05392   23.47476   23.07464    0.11512    0.06354    6.53971   -5.48189   -0.64158   -3.24489    2.00000
 179.98640    0.01920   23.49908   23.09523    0.02353    0.01299    6.43608    2.35128    0.55130    1.64596    2.00000
 180.00081   -0.02695   23.11862   22.76944    0.02696    0.01488    8.70881    1.60132    2.97558   -0.13072    2.00000
 180.01189   -0.01318   21.66362   21.43885    0.01774    0.00979   27.33304   -1.63845    0.99850   -0.57077    2.00000
 179.83801    0.29679   21.29920   21.07161    0.33812    0.18662   36.99295   -4.11289    0.80813   -2.61217    2.00000
 179.96896   -0.01279   22.47238   22.19288    0.03356    0.01852   14.46164   -2.60865    1.21585   -0.56153    2.00000
 180.07060   -0.03036   23.17421   22.81789    0.07686    0.04242    8.33198    1.08137    1.09533    0.17232    2.00000
 179.96748    0.07539   22.67669   22.37755    0.08210    0.04531   12.26267   -1.62003    0.32164   -0.35980    2.00000
 180.05212   -0.07782   21.92151   21.68379    0.09366    0.05170   22.42869    2.12649   -1.60121    0.07505    2.00000
 180.02264   -0.00015   23.57401   23.15853    0.02264    0.01250    6.11737   -0.53546   -2.70311   -4.49605    2.00000
 180.01736   -0.01415   21.46068   21.23900    0.02240    0.01236   32.58998    0.36418    3.22009    3.98138    2.00000
 179.96832   -0.09880   23.26930   22.90045    0.10375    0.05726    7.68986    0.10940    2.74259    6.67855    2.00000
 180.05721    0.03668   22.19730   21.94009    0.06796    0.03751   17.83268   -2.06663   -1.07117   -3.70600    2.00000
 180.06879    0.04794   23.64631   23.21892    0.08384    0.04627    5.81335    1.41553   -1.88883    0.10330    2.00000
 179.99623    0.00499   23.52611   23.11809    0.00625    0.00345    6.32095    1.80171   -6.03604   -8.21554    2.00000
 179.99098   -0.06554   20.89583   20.55029    0.06615    0.03651   55.73042   -2.96250    3.07777    0.26462    2.00000
 180.03838   -0.01201   23.02500   22.68763    0.04022    0.02220    9.34521    0.82328    1.44055    1.18372    2.00000
 180.03589   -0.12038   23.20835   22.84753    0.12561    0.06933    8.10148   -6.23855   -2.92971   -5.64273    2.00000
 179.90718   -0.01388   23.11141   22.76315    0.09385    0.05180    8.75777    1.97642    2.21665    2.03264    2.00000
 180.00987    0.09569   23.01258   22.67673    0.09620    0.05310    9.42994   -4.77571   -1.18522   -6.19888    2.00000
 180.08160    0.25051   23.68312   23.24943    0.26347    0.14541    5.65971   -3.92517   -2.46870   -8.88416    2.00000
 180.06271   -0.00958   23.16934   22.81366    0.06344    0.03501    8.36491    0.30357   -1.69583    0.42214    2.00000
 179.98225    0.05864   23.17665   22.82001    0.06126    0.03381    8.31552    1.21344    1.77063    4.37701    2.00000
 179.95171    0.01862   23.19128   22.83271    0.05176    0.02857    8.21673    2.10076   -1.32790    0.30009    2.00000
 179.97256   -0.00973   21.86164   21.62766    0.02911    0.01607   23.43528   -0.48434   -0.27335   -2.24415    2.00000
 180.16338   -0.08419   21.29111   21.06300    0.18379    0.10144   37.21965   -2.23485    2.74491    0.29356    2.00000
 179.87987   -0.11203   22.09924   21.84986    0.16427    0.09067   19.45075    2.47605   -3.67234   -0.22262    2.00000
 179.99992    0.00659   22.93934   22.61213    0.00660    0.00364    9.93244    3.22657   -2.34513    3.24741    2.00000
 179.77563   -0.04048   23.45044   23.05406    0.22798    0.12583    6.64333   -2.15365   -1.68908   -7.33640    2.00000
 179.97408    0.05437   23.57401   23.15853    0.06023    0.03324    6.11737   -6.11613    0.70410   -3.41328    2.00000
 180.17210    0.05075   23.75327   23.30752    0.17944    0.09904    5.36726   -5.37354    2.71553   -3.87598    2.00000
 180.00908    0.03270   23.62703   23.20281    0.03394    0.01873    5.89443    2.16075    0.96972    0.95034    2.00000
 180.04327    0.01287   22.95760   22.62840    0.04515    0.02492    9.80587   -6.74278   -1.35947   -4.02830    2.00000
 179.88251    0.05650   22.33891   22.07032    0.13038    0.07196   15.92108    0.21059    1.26236    3.19593    2.00000
 180.00787   -0.03987   23.10421   22.75686    0.04064    0.02243    8.80672    4.03448   -1.25420    1.53224    2.00000
 180.02405   -0.02575   23.41253   23.02198    0.03523    0.01945    6.80485   -2.01437   -4.56729   -4.56517    2.00000
 180.06995   -0.02541   23.70557   23.26803    0.07442    0.04108    5.56608    0.83591   -0.13578    2.45518    2.00000
 179.99419    0.01270   20.73388   20.30975    0.01396    0.00771   67.41954   -3.92997    0.94477   -2.76653    2.00000
 180.03227    0.03695   23.16446   22.80942    0.04906    0.02708    8.39784   -5.00607   -1.80662   -5.67271    2.00000
 180.01825    0.06469   23.07301   22.72958    0.06722    0.03710    9.01885    0.44472    1.83401    2.21911    2.00000
 179.97063    0.03786   21.78274   21.55369    0.04792    0.02645   24.76178    2.98123    0.45416    3.01680    2.00000
 180.00774    0.02644   22.69994   22.39842    0.02755    0.01520   12.01418   -0.54018    1.09789    0.48434    2.00000
 180.03696   -0.12916   22.58802   22.29787    0.13434    0.07414   13.21150   -2.78882   -0.31974   -4.44403    2.00000
 180.03891   -0.01461   22.90282   22.57958    0.04156    0.02294   10.18559   -6.70925    1.31214   -7.17163    2.00000
 180.21745    0.19631   22.17931   21.92356    0.29295    0.16169   18.12924    3.11364   -4.50865   -2.41609    2.00000
 179.89558    0.26881   23.54233   23.13182    0.28838    0.15916    6.25187   -5.53855   -2.52273   -8.63144    2.00000
 179.96414   -0.09678   23.76755   23.31931    0.10321    0.05697    5.30789   -4.38071   -1.31177   -6.27902    2.00000
 180.00320   -0.07792   22.97271   22.64177    0.07799    0.04304    9.70190    1.56005   -0.96371    1.75944    2.00000
 179.60806   -0.12882   23.22785   22.86446    0.41257    0.22771    7.96976    3.60923    0.20341    3.99513    2.00000
 179.94402    0.00678   22.87153   22.55169    0.05639    0.03112   10.40257    3.71272    0.11960    0.77422    2.00000
 180.10194   -0.05674   23.73925   23.29593    0.11667    0.06439    5.42563    4.56506   -2.10728    8.37545    2.00000
 180.00876   -0.09239   23.72803   23.28663    0.09280    0.05122    5.47245    5.28464    0.31698    5.74770    2.00000
 179.98906    0.00621   23.17909   22.82212    0.01258    0.00694    8.29905   -0.11293    1.30000    2.63797    2.00000
 180.01399    0.02619   23.64149   23.21489    0.02969    0.01639    5.83362    6.42844   -0.15555    5.40708    2.00000
 180.02631    0.00021   23.31728   22.94128    0.02630    0.01452    7.37227    2.31187   -3.78089   -3.59972    2.00000
 179.90344   -0.00990   23.42611   23.03348    0.09706    0.05357    6.74695   -3.52434    1.91648   -3.12842    2.00000
 179.99129   -0.02842   23.58526   23.16792    0.02973    0.01641    6.07008    3.46240   -2.83638   -1.43038    2.00000
 179.77069    0.49408   23.11862   22.76944    0.54470    0.30064    8.70881    1.45364   -0.44973    2.28407    2.00000
 180.03075    0.00642   21.30527   21.07808    0.03140    0.01733   36.82292   -0.59053    2.38703    1.51246    2.00000
 179.98033    0.09571   20.67767   20.24175    0.09771    0.05393   70.92396    1.53664    0.39593    2.12499    2.00000
 180.02724   -0.00038   22.80971   22.49655    0.02723    0.01503   10.84570   -0.40155    2.29497    1.05210    2.00000
 179.97569    0.00167   23.37443   22.98970    0.02436    0.01345    6.99564    0.19292    0.56444   -5.73369    2.00000
 180.03456    0.04467   22.30526   22.03932    0.05648    0.03117   16.29024    0.15492    0.66471   -1.73222    2.00000
 180.00555   -0.02558   21.93245   21.69400    0.02618    0.01445   22.24568   -1.39150   -0.10931   -1.04229    2.00000
 180.09657    0.02106   22.18445   21.92828    0.09884    0.05455   18.04451    0.04343    0.57526    0.43326    2.00000
 179.93388    0.04370   23.67002   23.23858    0.07924    0.04374    5.71433    3.70394   -0.08661    5.63664    2.00000
 180.00925    0.10895   23.82709   23.36845    0.10934    0.06035    5.06049   -2.15486    1.46422   -5.13731    2.00000
 180.17288    0.30717   23.49638   23.09294    0.35248    0.19454    6.44760   -2.78018    2.36805    2.95053    2.00000
 179.97906   -0.00312   23.56389   23.15006    0.02117    0.01168    6.16001   -0.86206    3.05690    2.64238    2.00000
 180.03368   -0.01456   21.64039   21.41645    0.03668    0.02024   27.92226    0.01473   -1.62919   -1.74361    2.00000
 179.95824   -0.02805   21.42417   21.20169    0.05030    0.02776   33.57136   -3.57638   -2.16145   -6.21569    2.00000
 180.05247   -0.00465   22.90543   22.58191    0.05269    0.02908   10.16750    0.62820    2.90257    2.88383    2.00000
 180.02190   -0.00031   21.61508   21.39213    0.02190    0.01209   28.56209   -0.33716   -0.55118   -1.13115    2.00000
 180.00760    0.04234   22.96841   22.63799    0.04302    0.02374    9.73130   -5.08402   -1.72265   -5.81807    2.00000
 179.96890   -0.03354   23.66441   23.23394    0.04574    0.02524    5.73773    1.77788   -1.37608   -2.62541    2.00000
 180.00439   -0.16991   22.40132   22.12781    0.16997    0.09381   15.23646   -1.89041   -3.48380   -5.10976    2.00000
 180.04517   -0.03795   23.66441   23.23394    0.05900    0.03256    5.73773    0.35857   -0.42333    1.36428    2.00000
 179.96931    0.00955   23.05621   22.71490    0.03213    0.01773    9.13308    0.02644    0.20210   -1.68387    2.00000
 180.11153    0.03298   21.25875   21.02852    0.11630    0.06419   38.12645   -6.74330    0.44017   -6.90034    2.00000
 179.96960    0.08470   22.36292   22.09243    0.08999    0.04967   15.65776    0.97900   -3.18229   -2.61273    2.00000
 180.03000   -0.03124   22.91065   22.58656    0.04331    0.02391   10.13134    0.47783   -0.50242    3.01755    2.00000
 180.04832    0.00005   21.20722   20.97167    0.04832    0.02667   39.93852    2.12665   -0.99004    1.05345    2.00000
 180.02628    0.05424   21.39287   21.16971    0.06027    0.03326   34.41255    2.40887    0.13563    2.39934    2.00000
 179.98950   -0.00759   21.62481   21.40148    0.01295    0.00715   28.31600   -4.58652   -3.47826   -8.69591    2.00000
 179.97008   -0.02786   17.98241   17.87101    0.04089    0.02257  307.81296   -0.20658    3.96669    3.74959    2.00000
 179.93256    0.02394   22.71741   22.41403    0.07156    0.03949   11.82829    0.61034   -1.15412   -0.31245    2.00000
 180.09354   -0.05998   22.00644   21.76289    0.11110    0.06132   21.01032   -5.97397   -0.57760   -6.20632    2.00000
 179.98380    0.03001   23.71867   23.27888    0.03410    0.01882    5.51146   -1.65567   -1.39697   -0.70678    2.00000
 180.02393   -0.01801   23.30095   22.92744    0.02994    0.01653    7.47988    0.94813   -0.51616    0.18690    2.00000
 179.92911   -0.01499   21.58783   21.36593    0.07246    0.03999   29.25115    5.10353   -1.53847    3.00354    2.00000
 180.02615    0.00487   20.19478   19.71460    0.02660    0.01468  102.90085    2.28246   -3.28771   -0.93224    2.00000
 179.96339    0.00530   23.79613   23.34290    0.03700    0.02042    5.18913   -0.30421   -0.69176    0.04450    2.00000
 180.00787    0.08044   21.72713   21.50009    0.08083    0.04461   25.72299   -0.99856    2.33716    0.77674    2.00000
 180.01157    0.03521   23.53422   23.12495    0.03706    0.02045    6.28641    6.89991   -2.33263    1.91798    2.00000
 179.97279   -0.06624   23.51260   23.10666    0.07161    0.03952    6.37852    2.10975   -1.03112    2.58801    2.00000
 179.91322   -0.10327   22.23329   21.97317    0.13488    0.07445   17.23957    1.37142   -0.04708    1.04080    2.00000
 180.05672    0.13269   21.27089   21.04145    0.14431    0.07965   37.78640   -4.16587   -1.46501   -5.90810    2.00000
 179.80608    0.05762   22.13341   21.88156    0.20230    0.11165   18.88223   -4.10847   -1.23810   -3.62902    2.00000
 179.93872   -0.01215   21.78816   21.55877    0.06248    0.03448   24.67064    0.73377    1.91385    2.45507    2.00000
 179.98624    0.03389   22.70992   22.40734    0.03658    0.02019   11.90796   -1.37551    2.20355    3.45455    2.00000
 179.93517   -0.04846   22.13670   21.88457    0.08094    0.04467   18.82835    4.18622    2.43256    7.15951    2.00000
 180.05508    0.06237   23.24248   22.87716    0.08321    0.04593    7.87097    5.28789    0.49654   -0.20217    2.00000
 180.03683    0.14643   22.20244   21.94482    0.15099    0.08334   17.74795    0.21814   -0.34976   -0.31027    2.00000
 179.98134    0.05697   22.59584   22.30490    0.05995    0.03309   13.12778    1.16383   -1.11936   -0.81442    2.00000
 180.01064    0.00729   22.98241   22.65027    0.01290    0.00712    9.63575    0.23896    1.93652    2.94814    2.00000
 179.91953    0.26615   23.11862   22.76944    0.27805    0.15346    8.70881    1.08344    2.13395    2.35688    2.00000
 179.93530   -0.06678   18.96080   18.41591    0.09298    0.05132  228.52370    4.44392    0.15821    4.69044    2.00000
 180.01245   -0.02284   23.45044   23.05406    0.02601    0.01436    6.64333   -1.96639    0.76811   -1.63484    2.00000
 179.94725   -0.06431   22.65844   22.36115    0.08318    0.04591   12.45802    0.58002   -3.60222   -4.42193    2.00000
 180.03999   -0.01890   23.69248   23.25718    0.04424    0.02442    5.62070   -6.37149   -0.01660   -1.97954    2.00000
 179.99648   -0.02506   23.33905   22.95972    0.02530    0.01397    7.22879   -6.59615    3.13008   -0.94192    2.00000
 179.99599   -0.06255   20.54714   20.09196    0.06268    0.03459   78.64313   -5.04669    4.00389   -1.11928    2.00000
 180.23827    0.20217   21.94889   21.70931    0.31247    0.17246   21.97115    6.69460   -1.01161    4.71717    2.00000
 179.96774   -0.03667   22.48175   22.20143    0.04884    0.02696   14.35991   -1.52092    1.27475   -3.02974    2.00000
 180.00723   -0.02604   22.04755   21.80116    0.02703    0.01492   20.32401    1.27140   -1.55165   -1.15640    2.00000
 179.97952    0.05650   23.58526   23.16792    0.06009    0.03317    6.07008   -0.36447    2.07400    4.30348    2.00000
 179.97475   -0.02068   22.89761   22.57493    0.03263    0.01801   10.22175   -0.45572   -0.78844   -0.16054    2.00000
 180.00780   -0.00753   23.15227   22.79884    0.01083    0.00598    8.48017   -1.86386    2.64917   -0.20536    2.00000
 180.07643    0.11363   21.55863   21.33786    0.13694    0.07558   29.98942   -0.45091   -0.63853   -1.23643    2.00000
 180.20360   -0.52014   22.83240   22.51682    0.55857    0.30829   10.67380    0.47541    2.34143    2.78362    2.00000
 180.01900   -0.02191   23.46395   23.06550    0.02899    0.01600    6.58576   -0.16255    2.29829    3.53388    2.00000
 179.99355   -0.02175   22.54503   22.25909    0.02269    0.01252   13.67327    0.30352    2.38904    0.14873    2.00000
 180.06741    0.09437   23.42070   23.02890    0.11597    0.06401    6.77002    0.80511   -1.39807   -3.48525    2.00000
 179.97461    0.07792   21.03302   20.75834    0.08196    0.04523   47.93329   -4.89367    1.10455   -3.66117    2.00000
 179.81470   -0.10686   23.02740   22.68972    0.21391    0.11806    9.32889    4.22250    3.16429    6.86405    2.00000
 179.99565    0.00595   23.31455   22.93897    0.00737    0.00407    7.39021   -2.18572    1.60174    2.33801    2.00000
 180.63623   -0.21474   22.80722   22.49432    0.67150    0.37063   10.87225    3.02063   -1.26759    1.34553    2.00000
 179.92628   -0.09584   22.78477   22.47425    0.12091    0.06673   11.11126   -0.81350    0.77322   -0.67992    2.00000
 179.97530   -0.02662   23.70744   23.26958    0.03631    0.02004    5.55827   -0.80410    1.77621   -3.69970    2.00000
 179.98459    0.00050   23.33361   22.95511    0.01542    0.00851    7.26466   -1.22719   -2.23793   -4.19299    2.00000
 179.89650    0.05437   21.59367   21.37154    0.11691    0.06453   29.10349   -2.23982    2.19553   -0.25796    2.00000
 179.98563   -0.02209   23.49368   23.09065    0.02636    0.01455    6.45911   -4.87568   -1.68589   -7.31284    2.00000
 179.95544   -0.00009   23.49098   23.08836    0.04456    0.02459    6.47062    4.34092    2.76239   10.90485    2.00000
 180.06792    0.19648   23.29822   22.92513    0.20789    0.11474    7.49782    4.15211    0.31734    3.46467    2.00000
 180.05457    0.02454   23.54773   23.13639    0.05983    0.03302    6.22884   -0.36119    0.60691    8.44944    2.00000
 179.86752    0.00087   20.85154   20.47499    0.13247    0.07312   58.90397   -8.12772   -1.26804   -9.57480    2.00000
 179.97679    0.18057   21.60924   21.38651    0.18205    0.10048   28.70975   -4.01597   -3.22464   -7.73984    2.00000
 180.02243   -0.00484   22.48409   22.20356    0.02294    0.01266   14.33448   -0.43730    1.46569    0.18921    2.00000
 179.97685   -0.03700   23.54773   23.13639    0.04364    0.02409    6.22884    1.69766    0.81332   -3.81522    2.00000
 179.97331    0.01846   23.34994   22.96895    0.03244    0.01791    7.15705    1.07922    3.70887    7.44598    2.00000
 180.05190    0.01584   23.71867   23.27888    0.05426    0.02995    5.51146   -1.33985    1.30688    5.03777    2.00000
 179.93756    0.01483   22.90804   22.58423    0.06418    0.03542   10.14942   -5.30289   -2.39623   -7.55049    2.00000
 179.97554    0.09723   23.20103   22.84118    0.10026    0.05534    8.15087   -4.13093    2.43611   -1.47519    2.00000
 180.00676    0.00092   22.58280   22.29318    0.00682    0.00377   13.26732   -1.58445    0.91082   -0.74672    2.00000
 180.01308   -0.01863   21.54500   21.32477    0.02277    0.01257   30.33394   -1.41733    1.59610    0.52762    2.00000
 180.02094    0.00271   23.48827   23.08608    0.02110    0.01165    6.48214   -0.04957   -4.30057   -9.09896    2.00000
 179.99039    0.01103   21.57615   21.35470    0.01462    0.00807   29.54645   -0.34587    0.23658   -0.07002    2.00000
 180.03944    0.02503   23.24492   22.87928    0.04672    0.02579    7.85450   -3.86482    1.45029   -4.64437    2.00000
 180.06546   -0.05292   22.37012   22.09907    0.08418    0.04646   15.57877    0.15556    3.80368    3.28166    2.00000
 179.99071   -0.06209   23.44233   23.04720    0.06278    0.03465    6.67787    0.03841    2.91573    3.87034    2.00000
 180.02412   -0.01206   23.47206   23.07236    0.02696    0.01488    6.55122    0.79020   -2.64904    0.15679    2.00000
 179.94531    0.09413   22.33171   22.06369    0.10886    0.06008   16.00007    1.41711   -0.63985   -0.85000    2.00000
 179.98993    0.00957   22.30771   22.04157    0.01389    0.00767   16.26338    8.84746    0.09050    8.35677    2.00000
 179.99635    0.00727   23.57562   23.15987    0.00813    0.00449    6.11062   -2.22309   -0.02624    0.42731    2.00000
 179.97162    0.00043   21.91063   21.67359    0.02838    0.01567   22.61171   -2.24602   -2.28429   -5.71946    2.00000
 180.00839    0.00096   22.33891   22.07032    0.00845    0.00466   15.92108    2.29290    0.98965    3.25524    2.00000
 180.02538    0.06163   17.88991   17.92683    0.06665    0.03679  298.29242   -2.95113   -1.24081   -4.17804    2.00000
 179.99873   -0.01524   23.69060   23.25563    0.01530    0.00844    5.62850   -1.58353   -0.89242    1.95311    2.00000
 180.00308   -0.06451   22.68974   22.38927    0.06458    0.03564   12.12314    2.67829    0.63941    5.70808    2.00000
 180.04234   -0.00777   22.56454   22.27678    0.04305    0.02376   13.46266   -0.25417   -0.58436   -0.00145    2.00000
 179.98819    0.00155   20.51839   20.06075    0.01191    0.00657   80.25119    2.56221   -0.87295    1.72378    2.00000
 179.92242   -0.07493   18.61214   18.04376    0.10784    0.05952  279.78549    0.65243   -0.04156    0.62807    2.00000
 180.00534   -0.00795   21.72977   21.50264    0.00958    0.00529   25.67723    2.92001    3.87700    6.65928    2.00000
 180.04387    0.20777   23.00611   22.67106    0.21235    0.11720    9.47404    6.88433    0.01055    8.94298    2.00000
 180.06477   -0.00088   23.82471   23.36649    0.06479    0.03576    5.07038   -2.59752    1.55284   -0.01353    2.00000
 180.09534   -0.04727   23.29822   22.92513    0.10641    0.05873    7.49782   -0.48336    0.97315    2.43144    2.00000
 179.99197   -0.02187   21.62871   21.40522    0.02330    0.01286   28.21757   -1.78769    2.13748   -0.16075    2.00000
 180.14227    0.03598   22.95760   22.62840    0.14676    0.08100    9.80587   -3.78842    2.23048   -0.32994    2.00000
 180.02325   -0.09918   22.37252   22.10128    0.10187    0.05622   15.55244   -2.38671   -0.33464   -2.70307    2.00000
 180.01732    0.11053   22.44425   22.16725    0.11188    0.06175   14.76681    2.48253    0.94234    3.67754    2.00000
 179.99802    0.03250   23.28190   22.91130    0.03256    0.01797    7.60543    3.40366    0.69682    3.63700    2.00000
 179.93823    0.06226   23.59811   23.17866    0.08770    0.04841    6.01603   -1.06674   -0.21759    5.89579    2.00000
 179.85561   -0.03254   23.74112   23.29748    0.14802    0.08170    5.41783    3.29536    3.06661    5.58468    2.00000
 179.99942   -0.03203   23.51800   23.11123    0.03204    0.01768    6.35549   -0.54546   -0.14800   -1.45042    2.00000
 179.95154   -0.04775   22.54503   22.25909    0.06803    0.03755   13.67327   -4.78559   -0.29042   -3.95912    2.00000
 179.90559   -0.07652   23.62703   23.20281    0.12153    0.06707    5.89443   -1.45057   -1.69822   -2.60329    2.00000
 180.01797   -0.01678   22.89239   22.57028    0.02459    0.01357   10.25791    2.97038   -0.28093    0.98771    2.00000
 179.99161   -0.01014   23.69060   23.25563    0.01317    0.00727    5.62850   -5.13810   -0.46855   -5.82063    2.00000
 180.01830   -0.00686   23.37715   22.99200    0.01953    0.01078    6.97770   -1.75106   -1.56021   -4.79565    2.00000
 180.00363    0.02974   23.75565   23.30949    0.02996    0.01653    5.35737    3.36609   -0.14334   -2.84247    2.00000
 180.02850   -0.00464   23.72990   23.28818    0.02888    0.01594    5.46464   -1.38345   -0.46733   -6.17355    2.00000
 180.11342   -0.05668   23.62382   23.20013    0.12679    0.06998    5.90794    1.59166    0.51745    6.92472    2.00000
 179.94798    0.02296   22.78976   22.47871    0.05686    0.03138   11.05815    3.58819    1.47099    3.91629    2.00000
 180.04747   -0.07984   21.79904   21.56898    0.09289    0.05127   24.48763   -1.94989   -0.79447   -2.70748    2.00000
 179.94917   -0.02128   23.81994   23.36256    0.05511    0.03042    5.09017   -1.37988    2.25988    2.46457    2.00000
 179.94737   -0.02160   22.44660   22.16939    0.05688    0.03140   14.74138   -6.24887    0.94675   -7.27138    2.00000
 180.00005   -0.00629   23.53962   23.12953    0.00629    0.00347    6.26338   -1.38520    1.63355    0.67733    2.00000
 179.97598    0.13613   21.94341   21.70421    0.13823    0.07629   22.06266   -0.07588   -0.97799   -1.38152    2.00000
 180.06834   -0.02467   22.98241   22.65027    0.07266    0.04010    9.63575   -2.55392    0.41976   -1.04420    2.00000
 179.91476   -0.01331   22.05303   21.80627    0.08627    0.04761   20.23250    1.32316   -2.39596   -1.34297    2.00000
 180.19080    0.08121   20.88869   20.53804    0.20736    0.11444   56.18940    9.63661    3.01121   12.51728    2.00000
 179.98938    0.19202   23.51530   23.10895    0.19231    0.10614    6.36700   -0.61092    0.34788   -5.24576    2.00000
 179.94083    0.08890   23.59972   23.18000    0.10679    0.05894    6.00928   -0.50611   -0.24000   -4.96113    2.00000
 179.96056   -0.05864   23.45854   23.06092    0.07067    0.03900    6.60879   -3.96081   -0.85626   -8.37412    2.00000
 179.94147    0.02570   23.80327   23.34880    0.06394    0.03529    5.15945    1.59612    0.70031    4.70491    2.00000
 179.97760   -0.00180   23.43152   23.03805    0.02247    0.01240    6.72392   -6.12013   -3.50098  -12.71439    2.00000
 180.01833   -0.05141   22.72489   22.42072    0.05458    0.03012   11.74862   -3.12929    0.73379   -5.51495    2.00000
 180.09151   -0.02159   18.07056   17.85835    0.09402    0.05189  309.97104    2.10753    3.19029    5.25557    2.00000
 179.99940   -0.00647   23.51530   23.10895    0.00649    0.00358    6.36700   -0.97122    2.52694    4.41034    2.00000
 180.08627    0.01167   22.05851   21.81137    0.08707    0.04806   20.14099   -1.65610   -0.05614    0.09602    2.00000
 179.91812    0.00747   23.61900   23.19610    0.08222    0.04538    5.92821    7.86826   -3.43978    6.12079    2.00000
 179.96500    0.04532   23.61096   23.18939    0.05726    0.03161    5.96198   -1.50205    2.90462    5.17891    2.00000
 179.94565   -0.04354   22.56976   22.28146    0.06964    0.03844   13.40685   -0.60770   -0.12911   -1.95440    2.00000
 179.93378    0.04077   22.04755   21.80116    0.07776    0.04292   20.32401    5.14693    3.57549    9.10717    2.00000
 180.07755    0.03267   21.75888   21.53070    0.08414    0.04644   25.17394    2.00670   -0.70439    0.30602    2.00000
 179.90398   -0.21031   21.46590   21.24433    0.23120    0.12761   32.44979    1.59415    3.28374    4.76369    2.00000
 180.05228   -0.07993   23.08261   22.73797    0.09550    0.05271    8.95358   -0.92449    1.63103    0.45725    2.00000
 179.96696   -0.04486   23.37715   22.99200    0.05572    0.03075    6.97770   -6.27900    0.82404   -4.84001    2.00000
 180.07628   -0.03398   23.35266   22.97125    0.08351    0.04609    7.13912    0.06900   -1.34138   -0.84999    2.00000
 180.03433   -0.02668   18.02241   17.80385    0.04348    0.02400  319.26596   -2.20464    1.21400   -1.03118    2.00000
 180.17198   -0.16581   23.65318   23.22464    0.23890    0.13185    5.78455    2.27372    0.73588    5.53277    2.00000
 179.97511    0.09968   22.58019   22.29084    0.10273    0.05670   13.29522   -0.25239    1.00563   -0.39880    2.00000
 179.91988   -0.11929   21.79632   21.56643    0.14370    0.07931   24.53338   -4.23501   -0.91741   -5.59836    2.00000
 180.02715   -0.03152   23.14022   22.78832    0.04160    0.02296    8.56195   -5.65138   -0.74023   -4.14257    2.00000
 179.96475    0.06403   19.43235   18.91574    0.07309    0.04034  170.96342   -3.78230    1.92884   -1.83954    2.00000
 179.92065   -0.12833   23.36354   22.98047    0.15088    0.08327    7.06738   -4.01607    2.48726    0.00396    2.00000
 179.94356   -0.01177   23.09461   22.74846    0.05766    0.03182    8.87199    1.26678    0.26262    0.44528    2.00000
 180.04803    0.15239   22.03110   21.78585    0.15978    0.08819   20.59853   -1.53284    1.62619   -0.27830    2.00000
 179.97704   -0.04525   22.54503   22.25909    0.05075    0.02801   13.67327   -3.00938   -4.69392   -8.51242    2.00000
 179.86996    0.08648   23.48287   23.08150    0.15617    0.08619    6.50517    0.93201    1.06417    2.15380    2.00000
 179.96527    0.01012   23.00503   22.67012    0.03617    0.01996    9.48139    6.17647   -1.11990    2.57964    2.00000
 180.00758   -0.09221   18.49293   17.91555    0.09252    0.05107  300.21542    2.98926   -1.33264    1.70352    2.00000
 180.04597    0.09961   23.63185   23.20684    0.10971    0.06055    5.87416   -1.60840   -2.26647   -0.92338    2.00000
 180.16199    0.15685   21.76682   21.53836    0.22548    0.12445   25.03668    8.20062   -0.34359    7.07583    2.00000
 179.97247   -0.05755   21.14997   20.90489    0.06380    0.03521   42.44115    3.42651    1.28438    4.16646    2.00000
 180.05872   -0.02309   21.76946   21.54091    0.06309    0.03482   24.99092    4.19808   -0.01295    4.00017    2.00000
 179.95901    0.08027   23.76041   23.31342    0.09013    0.04974    5.33757    0.42124   -1.74855    6.03748    2.00000
 179.97023    0.05172   22.35811   22.08801    0.05967    0.03294   15.71042    0.91580   -1.38046   -0.78654    2.00000
 179.98286    0.00948   21.45807   21.23634    0.01958    0.01081   32.66008   -0.30164    0.89064    0.67017    2.00000
 180.09373    0.04385   22.12683   21.87555    0.10348    0.05711   18.99001    1.97313   -3.57284   -1.87262    2.00000
 179.96011    0.04899   23.37443   22.98970    0.06317    0.03487    6.99564   -1.39529    0.81718    2.19869    2.00000
 180.10893    0.01808   23.15715   22.80307    0.11042    0.06094    8.44724    0.16893    0.05855    1.45432    2.00000
 179.96217    0.08901   22.21015   21.95191    0.09671    0.05338   17.62086   -0.20142    1.59030    2.65326    2.00000
 180.05859    0.07814   23.38532   22.99892    0.09767    0.05391    6.92390    2.01677   -4.27000   -2.48687    2.00000
 180.07516   -0.01449   21.95437   21.71441    0.07656    0.04225   21.87965   -1.32684    3.89848    2.76031    2.00000
 180.10580    0.09916   23.78899   23.33700    0.14502    0.08004    5.21882   -7.35142   -0.24103   -6.26989    2.00000
 180.01746   -0.03864   21.46590   21.24433    0.04240    0.02340   32.44979    0.26083   -1.32221   -1.15604    2.00000
 180.00967    0.06765   17.95637   17.33376    0.06834    0.03772  406.26108   -4.27968    4.00350   -0.27457    2.00000
 179.99934   -0.01802   21.35178   21.12763    0.01804    0.00995   35.51938   -2.00530   -0.18069   -2.38909    2.00000
 179.99615    0.00906   23.01581   22.67957    0.00984    0.00543    9.40788   -2.18754    3.85288   -0.70048    2.00000
 179.92970    0.07585   22.14547   21.89258    0.10342    0.05708   18.68465   -2.02313    1.40076    0.38268    2.00000
 179.97353   -0.02968   20.87440   20.51355    0.03977    0.02195   57.10737    1.34996   -1.94809   -0.59750    2.00000
 179.94133    0.11367   22.31011   22.04378    0.12792    0.07060   16.23705    3.37375    1.70754    2.59368    2.00000
 179.93974   -0.06615   20.67610   20.23986    0.08948    0.04939   71.02136    2.07004   -1.78486    0.13045    2.00000
 179.94641    0.06659   20.59761   20.14841    0.08547    0.04717   75.73378   -0.08931    0.27645    0.03039    2.00000
 179.99867   -0.07344   23.63988   23.21355    0.07345    0.04054    5.84038   -5.19616   -2.85733   -1.01554    2.00000
 180.02119   -0.03031   23.24492   22.87928    0.03698    0.02041    7.85450    0.10821    1.28038   -0.34978    2.00000
 179.99969    0.05087   22.74236   22.43633    0.05087    0.02808   11.56272    1.98136   -3.07028   -0.40616    2.00000
 180.03374   -0.01977   22.25385   21.99207    0.03910    0.02158   16.90065   -3.31416    1.92107   -2.68545    2.00000
 179.96262   -0.08809   21.15445   20.91033    0.09569    0.05282   42.23740    3.61207    0.78505    4.35206    2.00000
 179.95374    0.00343   23.06101   22.71909    0.04639    0.02561    9.10044   -4.64469   -3.33742  -12.21941    2.00000
 179.99396    0.00765   23.10421   22.75686    0.00975    0.00538    8.80672   -7.45636   -7.01920  -14.88031    2.00000
 179.97411   -0.11030   23.81518   23.35863    0.11330    0.06253    5.10997   -2.07399   -0.39730    4.69616    2.00000
 179.98914    0.00036   18.02374   17.80064    0.01087    0.00600  319.81393    1.69762    3.64563    5.31779    2.00000
 179.92705   -0.00001   22.92369   22.59818    0.07295    0.04026   10.04093   -1.58013   -0.77352   -1.15349    2.00000
 179.94266   -0.06716   21.35398   21.12998    0.08831    0.04874   35.45781    1.94649    2.47995    4.32064    2.00000
 179.94145   -0.01710   23.60132   23.18134    0.06099    0.03366    6.00252   -3.93897    0.54604   -4.61881    2.00000
 180.19284    0.06860   23.64309   23.21623    0.20468    0.11297    5.82687   -0.49234   -2.34153    8.52052    2.00000
 179.96350    0.06005   22.13780   21.88557    0.07028    0.03879   18.81038   -2.66739   -0.78762   -3.49100    2.00000
 179.98698    0.11513   22.98349   22.65122    0.11586    0.06395    9.62840    5.69226    1.65866    9.24987    2.00000
 180.04376   -0.09627   21.92698   21.68891    0.10575    0.05837   22.33690   -2.28797   -3.08011   -5.25086    2.00000
 179.99847   -0.01546   23.43422   23.04034    0.01554    0.00858    6.71241   -4.50910    0.23143   -1.68486    2.00000
 180.00406   -0.00030   23.43152   23.03805    0.00407    0.00225    6.72392    0.45695    0.62095   -3.03538    2.00000
 180.07265   -0.03805   21.51242   21.29186    0.08201    0.04526   31.19958    2.71581   -0.88078    2.06207    2.00000
 179.96918    0.03702   21.13056   20.88130    0.04817    0.02659   43.32512   -4.31554    4.06882   -0.74158    2.00000
 180.07811    0.00616   21.92151   21.68379    0.07836    0.04325   22.42869   -2.70984    1.60272   -2.14328    2.00000
 179.98608   -0.02631   22.68713   22.38693    0.02977    0.01643   12.15104   -5.02780    0.00029   -4.49417    2.00000
 179.98363    0.02163   22.24614   21.98498    0.02713    0.01497   17.02775    1.81572    1.76864    2.60300    2.00000
 179.97394   -0.00062   22.91847   22.59353    0.02606    0.01439   10.07709   -1.19546    2.91729   -1.38906    2.00000
 180.08394   -0.06507   22.07129   21.82328    0.10621    0.05862   19.92747    5.65493   -1.12240    5.51555    2.00000
 180.00258   -0.07050   23.55044   23.13868    0.07054    0.03893    6.21732    4.02955    3.45048   -1.54748    2.00000
 179.98592    0.00409   22.82219   22.50770    0.01466    0.00809   10.74471   -2.35124    3.79773   -1.28156    2.00000
 179.88831   -0.07930   21.44764   21.22568    0.13698    0.07560   32.94048   -5.64504    2.05827   -3.31835    2.00000
 180.08003    0.17184   22.61931   22.32599    0.18956    0.10462   12.87662    0.59616   -0.15660    0.65734    2.00000
 179.93340   -0.02096   23.76517   23.31735    0.06983    0.03854    5.31778   -0.49497    4.42034    5.91664    2.00000
 179.97389   -0.05012   23.27418   22.90468    0.05652    0.03119    7.65693    0.05633   -0.58829   -3.96219    2.00000
 179.84012    0.03930   21.29718   21.06946    0.16464    0.09087   37.04962   -3.52660    3.03078   -0.98842    2.00000
 180.00221    0.00949   23.73925   23.29593    0.00974    0.00538    5.42563   -7.40659    1.19704   -5.89099    2.00000
 179.97383   -0.11003   23.78899   23.33700    0.11310    0.06242    5.21882   -0.44262   -0.55622    3.09520    2.00000
 180.14426   -0.07214   23.22785   22.86446    0.16128    0.08901    7.96976   -4.17821    1.75642   -1.46563    2.00000
 179.98711   -0.02851   21.89974   21.66338    0.03129    0.01727   22.79473   -0.07691   -2.03646   -0.77656    2.00000
 180.05746    0.03926   23.22541   22.86234    0.06960    0.03842    7.98622    6.80076   -1.79557    2.33051    2.00000
 179.97408    0.00675   23.45314   23.05635    0.02679    0.01478    6.63182   -3.16837    4.55415    1.48902    2.00000
 179.90562   -0.02139   22.76231   22.45417    0.09677    0.05341   11.35027   -2.67129   -1.93516   -2.59959    2.00000
 179.99763   -0.03592   22.60888   22.31662    0.03599    0.01987   12.98825   -1.01325    2.82808    2.37122    2.00000
 179.95139    0.02217   23.13542   22.78413    0.05342    0.02948    8.59459    0.44884    1.47782   -0.78013    2.00000
 179.98286   -0.02227   20.88075   20.52443    0.02811    0.01551   56.69939   -2.68523   -0.03849   -2.76954    2.00000
 179.98740   -0.02710   23.25223   22.88563    0.02989    0.01650    7.80511    0.38328    5.97512    4.63526    2.00000
 180.04565    0.05714   22.25385   21.99207    0.07313    0.04036   16.90065    3.26342    2.54048    6.59915    2.00000
 179.95660    0.02641   20.97617   20.67817    0.05081    0.02804   50.93774   -0.26896   -0.50317   -0.42607    2.00000
 180.06000   -0.01389   23.53692   23.12724    0.06158    0.03399    6.27489    1.19150    1.56620    8.59717    2.00000
 180.01064   -0.05706   22.79475   22.48317    0.05804    0.03203   11.00504    0.68517    0.86851   -1.72159    2.00000
 179.97002   -0.01953   23.05621   22.71490    0.03579    0.01975    9.13308   -7.29594    0.58531   -7.26517    2.00000
 179.91112   -0.07983   23.17909   22.82212    0.11947    0.06594    8.29905    3.33641    1.92736    6.05346    2.00000
 180.00421   -0.07608   23.46125   23.06321    0.07620    0.04206    6.59727   -0.75286    2.69784    1.58894    2.00000
 180.01616    0.04377   21.91879   21.68124    0.04666    0.02575   22.47445   -0.16636   -0.25871   -1.63622    2.00000
 180.09908    0.02381   22.13889   21.88657    0.10190    0.05624   18.79242    3.48620   -1.58562    0.97048    2.00000
 180.01872    0.04983   22.39892   22.12560    0.05323    0.02938   15.26279    1.23513    1.70901    2.26799    2.00000
 179.99452   -0.01428   23.48557   23.08379    0.01530    0.00844    6.49365   -2.65468   -1.59322   -5.66178    2.00000
 179.96783   -0.03214   21.80993   21.57918    0.04547    0.02510   24.30461   -6.92498    2.19324   -3.88861    2.00000
 179.91740   -0.17016   23.39076   23.00353    0.18914    0.10439    6.89772   -2.62979   -0.38080   -8.98742    2.00000
 180.02461    0.09317   23.02277   22.68567    0.09637    0.05319    9.36039   -0.10099   -1.54345    2.45118    2.00000
 180.02603   -0.02145   23.24492   22.87928    0.03372    0.01861    7.85450   -1.31606    0.33704   -3.24858    2.00000
 179.96179   -0.00667   21.09921   20.84320    0.03878    0.02141   44.75307   -1.41500   -4.61871   -5.90391    2.00000
 180.11311   -0.12797   23.60614   23.18537    0.17080    0.09427    5.98225   -4.16273   -0.33711    0.12198    2.00000
 180.04198   -0.10757   22.45363   22.17580    0.11547    0.06373   14.66509   -2.27985    1.24006    1.21485    2.00000
 180.01122    0.01292   23.39076   23.00353    0.01711    0.00944    6.89772    2.79683    0.38740    1.68958    2.00000
 179.95911   -0.05784   22.39172   22.11897    0.07084    0.03910   15.34178   -3.55540    0.09352   -2.65846    2.00000
 180.03459   -0.00650   23.52611   23.11809    0.03520    0.01943    6.32095   -0.55635    2.94519    2.05485    2.00000
 179.92728   -0.02084   22.82219   22.50770    0.07564    0.04175   10.74471   -7.73020   -0.67375   -7.71666    2.00000
 179.86427    0.24456   22.47706   22.19715    0.27970    0.15437   14.41078    0.41139   -1.91485   -3.51743    2.00000
 179.98204    0.02140   22.14437   21.89158    0.02794    0.01542   18.70261    0.61688   -2.73416   -0.74428    2.00000
 179.93668    0.09567   21.58977   21.36780    0.11473    0.06332   29.20193    1.66483    2.77320    4.57172    2.00000
 180.04552    0.08656   22.97918   22.64744    0.09780    0.05398    9.65780   -6.93184   -0.57235   -6.04561    2.00000
 179.92046   -0.03225   23.00934   22.67390    0.08583    0.04737    9.45199    0.55189    2.88075    1.03601    2.00000
 180.00809   -0.00950   22.98026   22.64838    0.01248    0.00689    9.65045    1.73512    0.01497    1.55318    2.00000
 180.05101    0.16869   22.57237   22.28381    0.17623    0.09727   13.37894   -1.80622    1.48981    0.93302    2.00000
 180.01059   -0.03072   23.36626   22.98278    0.03249    0.01793    7.04944   -0.22615    1.36666   -2.43218    2.00000
 179.97864   -0.05619   23.63345   23.20818    0.06012    0.03318    5.86740    0.20231    1.46090    4.75882    2.00000
 180.03281   -0.00954   21.80721   21.57663    0.03417    0.01886   24.35037   -1.78582   -3.74966   -5.70094    2.00000
 180.01678    0.01640   20.93492   20.61424    0.02346    0.01295   53.33370    2.12211   -3.48253   -1.25867    2.00000
 180.01643   -0.01423   22.77728   22.46756    0.02174    0.01200   11.19093    2.34301   -3.52591   -1.32961    2.00000
 179.97841    0.00852   22.25899   21.99679    0.02321    0.01281   16.81592   -4.19294    0.63659   -3.31943    2.00000
 179.98021    0.03365   23.32272   22.94589    0.03904    0.02155    7.33640    0.84063   -1.01619    7.07718    2.00000
 179.90671    0.05861   22.62453   22.33068    0.11018    0.06081   12.82081   -3.54816   -2.74890   -7.35710    2.00000
 179.99614    0.02301   23.34177   22.96203    0.02334    0.01288    7.21086   -2.07797   -1.81707   -4.65548    2.00000
 180.01509    0.03156   21.70596   21.47967    0.03498    0.01931   26.25919    2.58778   -0.76876    1.11327    2.00000
 179.90213   -0.07458   22.32211   22.05484    0.12305    0.06791   16.10540   -0.45095    2.62972    0.82075    2.00000
 179.98882    0.06930   23.44503   23.04949    0.07020    0.03875    6.66636   -2.66014    0.16504   -4.03379    2.00000
 180.00562    0.00609   22.65583   22.35880    0.00828    0.00457   12.48592    4.80171   -2.29833    3.86519    2.00000
 179.94888   -0.10016   22.97056   22.63988    0.11245    0.06206    9.71660   -8.34520   -2.54644  -11.90755    2.00000
 179.97633    0.03016   21.12160   20.87042    0.03834    0.02116   43.73311    0.31546    4.55318    4.81293    2.00000
 180.07272   -0.09554   23.61096   23.18939    0.12007    0.06627    5.96198    1.74309    0.65566    3.35963    2.00000
 179.97250    0.00992   23.12582   22.77574    0.02922    0.01613    8.65986    2.96315   -0.17377    6.16286    2.00000
 179.94868   -0.02188   22.29755   22.03223    0.05579    0.03079   16.37463   -0.51661   -0.88185   -1.42637    2.00000
 180.08626   -0.10580   22.82979   22.51449    0.13651    0.07534   10.69188    0.63632   -1.12364   -2.28984    2.00000
 179.95078   -0.02822   21.87253   21.63787    0.05673    0.03131   23.25227   -3.62701   -1.07395   -6.59740    2.00000
 179.92384   -0.08041   22.65061   22.35412    0.11075    0.06112   12.54174    0.40647    1.75497    4.70077    2.00000
 180.08627   -0.07898   21.11862   20.86679    0.11696    0.06455   43.86910   -3.51541    3.79346    0.46472    2.00000
 179.97676   -0.19230   23.08021   22.73588    0.19370    0.10691    8.96990   -0.15143   -0.57015   -4.07781    2.00000
 180.07558    0.00535   23.07061   22.72749    0.07577    0.04182    9.03517    0.80455    0.02895    1.99827    2.00000
 179.91338    0.15595   22.56454   22.27678    0.17840    0.09846   13.46266    6.37926   -0.66449    4.64363    2.00000
 180.02705   -0.08948   22.17417   21.91883    0.09349    0.05160   18.21397   -1.01789   -3.96683   -5.32263    2.00000
 180.06427   -0.02289   23.36626   22.98278    0.06822    0.03765    7.04944    4.81558   -0.26359   -0.06602    2.00000
 179.98795   -0.01271   23.36082   22.97817    0.01752    0.00967    7.08531   -0.06797   -2.18832    1.79375    2.00000
 180.02020    0.11308   21.54695   21.32664    0.11487    0.06340   30.28473   -6.74670   -1.91594   -8.15876    2.00000
 180.01038   -0.01506   21.62287   21.39961    0.01829    0.01009   28.36522    2.85165   -0.21043    2.91827    2.00000
 179.99017    0.01141   23.77946   23.32914    0.01505    0.00831    5.25841   -2.10178    3.00970    2.99749    2.00000
 179.94357    0.06032   22.85848   22.54006    0.08260    0.04559   10.49298   -1.28311   -1.34488   -3.04372    2.00000
 179.99480    0.01122   19.28149   18.75644    0.01237    0.00683  188.58051    5.71391   -0.12968    5.59907    2.00000
 180.04083    0.00986   22.03658   21.79096    0.04201    0.02318   20.50702   -2.33682    1.14117   -1.19285    2.00000
 180.14279   -0.03048   22.43488   22.15871    0.14601    0.08058   14.86854   -0.61531    3.58385    0.97154    2.00000
 180.08965    0.01102   23.40709   23.01737    0.09032    0.04985    6.82807   -0.03563    2.01571    5.03599    2.00000
 180.07230   -0.00998   23.50719   23.10209    0.07298    0.04028    6.40154   -2.84865    2.66065    1.08326    2.00000
 179.98737   -0.05127   21.83170   21.59960    0.05280    0.02914   23.93858   -4.86287    1.17242   -2.79185    2.00000
 179.84293   -0.02833   22.68452   22.38458    0.15960    0.08809   12.17895    1.54311   -0.30211    2.23631    2.00000
 179.98393   -0.04914   22.98133   22.64933    0.05170    0.02853    9.64310   -2.83944    0.85890   -3.09267    2.00000
 179.94058    0.00252   23.52071   23.11352    0.05947    0.03282    6.34397   -3.34327   -2.53715   -7.90164    2.00000
 180.17050   -0.19888   23.25711   22.88986    0.26196    0.14458    7.77218   -1.16010   -4.50905   -4.08524    2.00000
 179.97495    0.00815   23.29550   22.92283    0.02634    0.01454    7.51575    8.88138    2.44815    8.25390    2.00000
 180.00868   -0.04199   22.83240   22.51682    0.04288    0.02367   10.67380    3.39479    1.55608    5.36447    2.00000
 180.01035   -0.06442   23.62864   23.20415    0.06524    0.03601    5.88767   -0.83127    3.00513    0.29392    2.00000
 179.92940   -0.03720   22.76730   22.45863    0.07980    0.04404   11.29716    0.57984   -2.90635   -1.65129    2.00000
 179.97659   -0.06902   23.19128   22.83271    0.07288    0.04022    8.21673   -2.05549   -6.44648   -6.87764    2.00000
 179.95000    0.04240   22.27698   22.01333    0.06556    0.03618   16.59969   -0.81822   -1.36381   -2.31993    2.00000
 179.95247   -0.09950   22.37012   22.09907    0.11027    0.06086   15.57877    2.59732    3.00981    4.68489    2.00000
 179.89931    0.04016   22.40612   22.13224    0.10840    0.05983   15.18380    4.38923   -0.85122    2.78253    2.00000
 179.99982    0.02134   22.92369   22.59818    0.02135    0.01178   10.04093    1.28251   -1.13869   -0.69919    2.00000
 180.00807   -0.02357   22.66105   22.36349    0.02491    0.01375   12.43011   -0.90511    0.05046   -0.78468    2.00000
 179.96652   -0.03380   21.58199   21.36032    0.04757    0.02626   29.39880    1.87497    2.28660    3.83457    2.00000
 180.16010    0.05569   23.35810   22.97586    0.16950    0.09355    7.10325    2.88125   -2.29817   -1.75219    2.00000
 179.97469    0.01977   17.99268   18.00820    0.03211    0.01772  284.68344   -0.98989    2.78865    1.72511    2.00000
 180.02055   -0.00559   23.04901   22.70860    0.02129    0.01175    9.18203   -5.31912   -5.87644  -12.68007    2.00000
 179.94478    0.02509   22.90543   22.58191    0.06065    0.03347   10.16750    1.69019   -0.93972    0.50339    2.00000
 180.04530   -0.02201   23.51800   23.11123    0.05036    0.02780    6.35549   -4.25989    2.85259   -2.10577    2.00000
 179.88737   -0.03080   23.27174   22.90256    0.11676    0.06444    7.67339    1.08292   -2.31239   -4.79676    2.00000
 179.93677   -0.13351   23.12582   22.77574    0.14773    0.08154    8.65986   -0.87401    1.96899    2.17490    2.00000
 180.01881   -0.07363   21.93245   21.69400    0.07600    0.04194   22.24568    0.76678    0.41712    1.45670    2.00000
 179.85359    0.04135   21.83170   21.59960    0.15213    0.08397   23.93858   -1.64119    2.30424    1.51109    2.00000
 180.01083    0.06503   23.69996   23.26338    0.06593    0.03639    5.58948   -1.49224    0.13767   -3.32658    2.00000
 180.00008    0.00413   23.77232   23.32325    0.00413    0.00228    5.28809    3.43039    2.94137    6.12189    2.00000
 179.98257    0.03815   23.10181   22.75476    0.04194    0.02315    8.82304   -1.35100   -2.71157   -0.30226    2.00000
 179.99725    0.00696   21.07830   20.81780    0.00748    0.00413   45.70504   -1.06786   -0.25424   -1.88213    2.00000
 179.97714   -0.01387   23.29822   22.92513    0.02674    0.01476    7.49782    3.93956    3.71129    7.44147    2.00000
 179.95712   -0.05435   23.16690   22.81154    0.06922    0.03821    8.38138    1.08361   -0.62164   -0.39461    2.00000
 180.00783   -0.02903   23.30639   22.93205    0.03007    0.01660    7.44401   -5.39382   -0.89905   -8.04036    2.00000
 180.04749   -0.03287   22.98887   22.65594    0.05775    0.03187    9.59164    3.53724   -2.35476    3.08873    2.00000
 179.89899   -0.16137   17.88919   17.26021    0.19039    0.10508  421.82172   -3.28418   -0.21564   -3.51110    2.00000
 180.02644    0.13448   23.29822   22.92513    0.13705    0.07564    7.49782   -0.32693   -1.33652    2.48840    2.00000
 179.93491    0.08564   23.31455   22.93897    0.10757    0.05937    7.39021    3.59970    0.98266    5.19289    2.00000
 180.07845   -0.10412   22.88457   22.56331    0.13037    0.07195   10.31216   -4.24532    0.02431   -2.16938    2.00000
 179.99852   -0.01828   20.94785   20.63533    0.01834    0.01012   52.54323   -2.33594    3.53587    1.48517    2.00000
 179.91010    0.11569   22.62192   22.32834    0.14652    0.08086   12.84871   -2.32234   -0.59928   -2.06087    2.00000
 180.00229    0.04558   23.01904   22.68240    0.04563    0.02519    9.38583   -0.60268    0.33099   -1.47235    2.00000
 180.02438   -0.01574   21.55473   21.33412    0.02902    0.01602   30.08785    8.74974    2.27700   11.01330    2.00000
 179.84308   -0.02320   22.04207   21.79606    0.15863    0.08755   20.41551   -1.00149    5.04691    3.35015    2.00000
 180.02403   -0.03185   22.42052   22.14550    0.03990    0.02202   15.02581   -3.46738   -3.40912   -6.36042    2.00000
 179.91229   -0.23915   22.14985   21.89659    0.25473    0.14059   18.61279    2.33857   -0.72405    1.21106    2.00000
 179.98251    0.01364   23.14022   22.78832    0.02217    0.01224    8.56195   -2.00871   -3.63862   -4.34832    2.00000
 179.94576   -0.05776   22.69745   22.39619    0.07923    0.04373   12.04074   -1.68406   -3.12962   -3.17379    2.00000
 179.95667    0.01530   20.84413   20.46335    0.04596    0.02537   59.50395    3.17174   -1.09612    2.27354    2.00000
 179.96298    0.20632   23.74868   23.30374    0.20961    0.11569    5.38631   -0.56289   -0.88588    0.57749    2.00000
 179.90584    0.12146   23.04421   22.70441    0.15368    0.08482    9.21467   -2.08307    0.31408    1.91359    2.00000
 179.99612    0.07261   23.63827   23.21221    0.07271    0.04013    5.84713    2.61515    1.24256    9.41012    2.00000
 179.93547   -0.04745   23.32000   22.94358    0.08009    0.04421    7.35434    9.50413   -2.55767   11.15083    2.00000
 180.06715    0.05309   23.59008   23.17195    0.08560    0.04724    6.04981   -0.93888   -2.14046   -0.92755    2.00000
 180.02419   -0.02877   22.86631   22.54704    0.03758    0.02074   10.43873   -1.52477    0.50864    1.73529    2.00000
 179.97893    0.14206   23.55854   23.14554    0.14361    0.07926    6.18278    1.54071    0.77381    2.21884    2.00000
 179.98096   -0.08471   23.77470   23.32521    0.08683    0.04792    5.27820    2.21569    1.56198    0.79898    2.00000
 180.00732    0.02396   23.67002   23.23858    0.02506    0.01383    5.71433    4.23145    0.59627   11.44591    2.00000
 179.97490    0.02342   23.09941   22.75266    0.03433    0.01895    8.83936    0.18047   -0.33464    1.90533    2.00000
 180.12523    0.00663   22.12245   21.87155    0.12541    0.06922   19.06186   -2.18996    0.25288   -2.29369    2.00000
 180.02699   -0.03310   22.17417   21.91883    0.04272    0.02358   18.21397   -0.34410    2.87443    5.00203    2.00000
 180.01971    0.01834   22.54268   22.25695    0.02693    0.01486   13.69870   -4.23256    3.02340   -2.33541    2.00000
 179.99550   -0.00448   21.89430   21.65828    0.00635    0.00351   22.88624   -1.47392   -0.15647   -2.95650    2.00000
 180.02927   -0.06622   19.96568   19.47371    0.07240    0.03996  119.89490    0.87552   -3.74369   -2.85626    2.00000
 180.05482   -0.02231   22.56715   22.27912    0.05919    0.03267   13.43476   -0.71757    0.02484    0.61491    2.00000
 179.96704   -0.02829   22.05577   21.80882    0.04344    0.02398   20.18674    0.06100   -0.34446   -0.53545    2.00000
 179.92447   -0.12417   22.70244   22.40065    0.14534    0.08021   11.98763    6.35787    0.21815    6.37995    2.00000
 180.10619    0.01727   22.78227   22.47202    0.10758    0.05937   11.13782    1.11889   -1.71340    0.51697    2.00000
 179.98602   -0.06453   21.46851   21.24699    0.06603    0.03644   32.37969    7.80158    0.98877    9.12075    2.00000
 179.94080   -0.02757   21.40852   21.18570    0.06531    0.03604   33.99195    1.75746    1.25658    2.22688    2.00000
 179.93617   -0.03000   23.21322   22.85176    0.07053    0.03893    8.06855    3.10105    2.10896    6.21402    2.00000
 179.86182   -0.14877   22.15095   21.89759    0.20304    0.11206   18.59483    5.14379   -1.18885    4.33163    2.00000
 180.02856   -0.03213   19.32847   18.80633    0.04298    0.02372  183.06242    2.02188   -1.09022    1.00516    2.00000
