#RA        DEC       MAG_G     MAG_I     ANGSEP    RPROJ     SNR       VTRUE       VSYS       VMEAS      VSYSERR    
 180.02795    0.02497   21.53285   21.31272    0.03748    0.02069   30.65072    0.30961   -1.96566   -1.74446    2.00000
 180.01485   -0.01932   23.14262   22.79042    0.02436    0.01345    8.54564    4.40452    1.33394    5.04924    2.00000
 180.05630   -0.01425   22.51222   22.22919    0.05808    0.03205   14.02931   -3.34563    3.89553    2.89760    2.00000
 180.10205   -0.12300   23.53152   23.12267    0.15982    0.08821    6.29792   -2.41309    0.43713   -1.27468    2.00000
 180.03368    0.00623   21.78274   21.55369    0.03424    0.01890   24.76178    7.36354   -2.92038    2.98807    2.00000
 180.01260    0.03427   22.58019   22.29084    0.03651    0.02015   13.29522   -3.11667    0.06290   -1.01131    2.00000
 179.90826   -0.11570   23.75327   23.30752    0.14766    0.08149    5.36726    0.17355    2.23298    0.37862    2.00000
 180.01932    0.02381   23.56759   23.15316    0.03066    0.01692    6.14439    3.96842    0.82254   11.90623    2.00000
 179.98235    0.03299   23.35810   22.97586    0.03742    0.02065    7.10325   -2.50065    1.52845   -3.28724    2.00000
 179.97591   -0.01705   22.49581   22.21424    0.02951    0.01629   14.20733    0.30481   -1.41247   -0.88365    2.00000
 179.96979   -0.02501   22.90282   22.57958    0.03923    0.02165   10.18559   -1.43662    4.32234    2.47664    2.00000
 180.00461    0.05942   17.49311   16.82208    0.05960    0.03289  523.67346   -2.03701    2.11713    0.12093    2.00000
 179.97900    0.09211   20.98344   20.68889    0.09448    0.05214   50.53613    2.97728    3.16090    6.35916    2.00000
 179.82401    0.00236   22.31971   22.05263    0.17602    0.09715   16.13173    6.49237   -0.98408    6.00535    2.00000
 179.96587   -0.08224   21.05422   20.78629    0.08905    0.04915   46.88570   -3.39871   -2.00771   -5.00724    2.00000
 180.00433   -0.04363   21.34571   21.12117    0.04385    0.02420   35.68941    0.02925    4.92061    4.99983    2.00000
 180.06506    0.00085   20.86964   20.50538    0.06506    0.03591   57.41336   -3.13687   -2.53726   -5.67706    2.00000
 180.00307   -0.07126   22.78726   22.47648    0.07133    0.03937   11.08471    2.99262   -2.19576    2.19788    2.00000
 179.94926   -0.07419   22.30771   22.04157    0.08987    0.04960   16.26338    1.64338    0.74337    1.29952    2.00000
 179.95714   -0.03577   23.45044   23.05406    0.05583    0.03081    6.64333   -8.53688    2.97146   -6.73211    2.00000
 179.96065   -0.04387   22.88457   22.56331    0.05894    0.03253   10.31216    5.76563    1.79894    8.17664    2.00000
 179.98943    0.03576   21.03676   20.76327    0.03729    0.02058   47.74842    3.14172    0.01248    3.46488    2.00000
 180.04755   -0.05309   23.66067   23.23084    0.07127    0.03933    5.75334    6.12562    0.66641   -0.34756    2.00000
 180.00027   -0.04622   23.68312   23.24943    0.04622    0.02551    5.65971    6.34898    0.64910   10.77179    2.00000
 180.05299   -0.03178   22.88457   22.56331    0.06179    0.03410   10.31216    1.25584   -1.87480    0.40545    2.00000
 179.99715    0.00837   23.51800   23.11123    0.00884    0.00488    6.35549   -1.11585   -0.15326   -2.24931    2.00000
 179.97327    0.07769   23.22054   22.85811    0.08216    0.04535    8.01915   -1.52846   -0.40332   -1.06930    2.00000
 179.98494    0.07164   18.33423   17.74415    0.07321    0.04040  329.44824   -2.69882    1.64262   -0.96669    2.00000
 180.03830   -0.04673   22.52394   22.23987    0.06042    0.03335   13.90215    1.69707   -1.74189    0.05444    2.00000
 180.13930   -0.08254   22.62453   22.33068    0.16191    0.08936   12.82081    1.78361   -0.17385    2.08515    2.00000
 180.06456   -0.06246   23.29822   22.92513    0.08983    0.04958    7.49782   -2.42973    0.58442   -1.35035    2.00000
 179.83334   -0.26156   23.17178   22.81577    0.31014    0.17117    8.34845   -5.60542    1.53396   -7.72584    2.00000
 179.97043   -0.00412   20.72159   20.29467    0.02986    0.01648   68.19678   -0.23461    1.65485    1.36819    2.00000
 180.00130    0.03291   23.67751   23.24478    0.03294    0.01818    5.68312   -3.02405   -0.42826   -2.51471    2.00000
 179.98555   -0.01895   21.14101   20.89400    0.02383    0.01315   42.84914    1.06504    0.53281    1.60836    2.00000
 179.98244   -0.04189   22.47003   22.19075    0.04542    0.02507   14.48707   -1.50065    0.16305   -0.74862    2.00000
 179.98189   -0.01350   23.48287   23.08150    0.02259    0.01247    6.50517    2.47718    0.62956    3.41529    2.00000
 179.98027    0.03235   23.68873   23.25408    0.03790    0.02092    5.63630   -1.55674   -0.83826    1.30383    2.00000
 180.04298    0.06509   22.61931   22.32599    0.07800    0.04305   12.87662   -3.08778    1.42757   -2.04488    2.00000
 179.94740   -0.05992   23.76279   23.31538    0.07973    0.04400    5.32768   -4.58585   -3.73257   -7.49133    2.00000
 180.02739   -0.04517   22.47941   22.19929    0.05283    0.02916   14.38535   -0.72885    0.72340   -1.03391    2.00000
 179.99162   -0.03002   23.72241   23.28198    0.03116    0.01720    5.49585    4.00966    0.69389   -0.99822    2.00000
 179.93904    0.06636   23.22054   22.85811    0.09011    0.04974    8.01915   -3.36028   -0.16156   -5.06713    2.00000
 179.97209   -0.05590   22.23329   21.97317    0.06248    0.03448   17.23957    4.25991    0.89873    5.46056    2.00000
 180.05515   -0.07275   21.43199   21.20969    0.09129    0.05039   33.36107   -2.66374    3.69990    1.24898    2.00000
 179.95847    0.02202   22.58802   22.29787    0.04700    0.02594   13.21150    3.69369    1.51499    6.43203    2.00000
 179.88300    0.00107   19.47885   18.96450    0.11701    0.06458  165.57076   -3.81401    2.41051   -1.27267    2.00000
 179.94839   -0.04053   22.85848   22.54006    0.06561    0.03621   10.49298   -1.63304    3.30561    1.33553    2.00000
 180.51199    0.13066   22.66626   22.36818    0.52840    0.29165   12.37430   -4.61276    1.07858   -5.25223    2.00000
 180.01299   -0.01060   22.11368   21.86353    0.01675    0.00925   19.20556   -1.81548    0.32517   -1.60961    2.00000
 180.05669   -0.08970   23.28190   22.91130    0.10611    0.05856    7.60543    0.01360   -1.06544    0.97938    2.00000
 179.74231    0.15451   16.40239   15.55339    0.30046    0.16583  956.00244   -0.37743   -0.05250   -0.42474    2.00000
 179.98032    0.05405   16.50372   15.67525    0.05752    0.03175  905.95374   -0.52820    1.97849    1.43277    2.00000
 180.03345   -0.07237   23.36354   22.98047    0.07973    0.04400    7.06738    0.47027   -0.38760    1.88350    2.00000
 179.97362    0.01361   22.25899   21.99679    0.02969    0.01639   16.81592   -2.51896    1.25751   -2.17288    2.00000
 180.06078    0.07263   22.43957   22.16298    0.09470    0.05227   14.81768   -2.00240   -0.46647   -1.37859    2.00000
 179.95030    0.04241   18.29414   17.70049    0.06533    0.03606  336.89447    0.22465   -0.28472   -0.10076    2.00000
 179.97179   -0.04034   23.54503   23.13410    0.04922    0.02717    6.24035   -2.94200    0.45272    3.05412    2.00000
 179.97029    0.03310   22.86109   22.54239    0.04448    0.02455   10.47490   -1.26743    0.72115    0.99459    2.00000
 180.02260   -0.00539   23.08501   22.74007    0.02324    0.01282    8.93726    0.59242   -0.00683    1.98165    2.00000
 180.05728    0.04377   23.57241   23.15719    0.07209    0.03979    6.12413    4.74978    0.89884    3.50622    2.00000
 180.10088   -0.19359   23.30367   22.92975    0.21830    0.12049    7.46195   -6.80738    0.60994   -7.20923    2.00000
 180.08212    0.01297   21.61119   21.38838    0.08315    0.04589   28.66053    2.20777    0.10440    2.83878    2.00000
 179.96590    0.02642   21.51953   21.29912    0.04315    0.02381   31.00867   -2.32105   -0.43767   -2.28665    2.00000
 180.00349   -0.09458   23.18153   22.82424    0.09464    0.05223    8.28259    1.40090   -0.19653    3.83741    2.00000
 179.91769   -0.04967   21.66098   21.43630    0.09614    0.05306   27.40015   -3.03483    0.64347   -2.95521    2.00000
 180.01514    0.03163   23.81994   23.36256    0.03507    0.01936    5.09017   -1.51248   -1.68739    0.88431    2.00000
 179.85815   -0.04880   23.48557   23.08379    0.15000    0.08279    6.49365   -2.04220    0.62947   -2.57572    2.00000
 180.05367   -0.01464   23.53692   23.12724    0.05563    0.03070    6.27489    4.90074    1.23697    6.06314    2.00000
 179.97247   -0.00474   22.38452   22.11234    0.02793    0.01541   15.42078    2.30155   -1.05327    1.09433    2.00000
 179.83002    0.04418   23.06341   22.72119    0.17562    0.09693    9.08412   -7.67822   -3.24899  -10.40287    2.00000
 180.04826   -0.01301   20.65884   20.21907    0.05000    0.02759   72.09275    1.12992    1.32555    2.30121    2.00000
 179.95190   -0.01572   23.82233   23.36452    0.05059    0.02792    5.08028   -0.38942    0.12583    6.74778    2.00000
 179.83295   -0.01281   22.37732   22.10570    0.16754    0.09247   15.49977   -4.40894   -0.86963   -3.94576    2.00000
 179.91472   -0.16060   23.77470   23.32521    0.18184    0.10036    5.27820   -0.01716   -0.12311   -0.87812    2.00000
 180.03099   -0.02858   23.51800   23.11123    0.04216    0.02327    6.35549   -5.28027   -0.59844   -5.51345    2.00000
 180.05539   -0.01969   23.43962   23.04491    0.05879    0.03245    6.68938    1.82959    4.60214    7.53801    2.00000
 180.07358    0.02785   23.64791   23.22026    0.07867    0.04342    5.80660    5.34678    4.25207   11.53996    2.00000
 179.93581    0.32586   22.96493   22.63494    0.33212    0.18331    9.75504    7.33558   -2.42487    5.71983    2.00000
 179.99750   -0.00878   23.32544   22.94819    0.00913    0.00504    7.31847    1.95549    1.50623    1.77553    2.00000
 180.13048    0.00280   21.43199   21.20969    0.13051    0.07203   33.36107    2.36188    1.67143    2.95035    2.00000
 180.00226   -0.01724   20.14443   19.66153    0.01739    0.00960  106.53046   -2.79789    0.69408   -2.10485    2.00000
 179.95209    0.03901   21.69008   21.46437    0.06178    0.03410   26.66188   -0.22517    0.12315   -0.15989    2.00000
 179.82744   -0.02243   23.83185   23.37239    0.17401    0.09604    5.04069   -2.39284    1.54242    1.70941    2.00000
 180.04005    0.04162   21.39026   21.16705    0.05777    0.03189   34.48264   -2.17183   -1.77670   -4.38057    2.00000
 179.97319   -0.06511   21.88886   21.65318    0.07042    0.03886   22.97774    1.38163   -5.35251   -3.47429    2.00000
 180.00658    0.05904   22.51690   22.23346    0.05941    0.03279   13.97845   -1.56022   -1.82220   -4.32030    2.00000
 179.94746    0.06887   22.35571   22.08580    0.08663    0.04781   15.73676   -2.86743    0.11891   -3.49530    2.00000
 180.03116   -0.02736   22.69496   22.39396    0.04146    0.02288   12.06724    5.60197   -2.68244    5.01690    2.00000
 180.05396    0.02316   22.38692   22.11455    0.05871    0.03240   15.39445    1.08760   -0.36925    2.74701    2.00000
 180.12955   -0.01242   21.64510   21.42099    0.13014    0.07183   27.80285    0.89289    1.41100    2.27191    2.00000
 180.05650   -0.02346   23.29822   22.92513    0.06118    0.03377    7.49782    3.78818    0.58452   -1.04847    2.00000
 179.97063    0.03510   18.16475   17.86898    0.04577    0.02526  308.15805    3.81277    2.24887    6.11106    2.00000
 179.82829   -0.05065   21.56252   21.34161    0.17902    0.09881   29.89098   -8.85740   -0.84465  -10.56417    2.00000
 179.98817   -0.01098   21.20465   20.96868    0.01613    0.00890   40.05043   -2.23895    2.71703    0.57534    2.00000
 179.95782    0.04034   23.37715   22.99200    0.05835    0.03221    6.97770   -0.92737   -3.46079   -1.91608    2.00000
 179.90581   -0.04528   21.65304   21.42864    0.10451    0.05768   27.60150   -4.66099    1.62047   -3.83349    2.00000
 180.08470   -0.08596   20.67296   20.23608    0.12068    0.06661   71.21616    0.46332   -3.47811   -3.23511    2.00000
 180.13208    0.07330   22.91847   22.59353    0.15106    0.08337   10.07709   -0.33165    4.27156    0.54319    2.00000
 180.01562   -0.00765   23.66067   23.23084    0.01740    0.00960    5.75334    0.62907    3.00801    3.16525    2.00000
 179.98312   -0.01572   19.23907   18.71148    0.02307    0.01273  193.55298   -2.87248   -0.55353   -3.40322    2.00000
 179.98193    0.05684   23.16202   22.80731    0.05964    0.03291    8.41431    3.02056   -0.05328    2.15916    2.00000
 179.99350   -0.01987   23.72616   23.28508    0.02090    0.01154    5.48025    3.53538   -1.52986   -6.74546    2.00000
 180.01306    0.03376   23.00827   22.67295    0.03620    0.01998    9.45934    0.84922   -1.88370   -2.97371    2.00000
 179.95822   -0.00627   22.51690   22.23346    0.04225    0.02332   13.97845   -0.81763   -0.96590   -3.80501    2.00000
 179.95178   -0.04894   23.50719   23.10209    0.06870    0.03792    6.40154   -0.79221    1.23122   -2.81323    2.00000
 179.98428    0.04981   21.03551   20.76163    0.05223    0.02883   47.81005   -2.94025   -0.02717   -3.07707    2.00000
 180.04968    0.02394   20.75399   20.33594    0.05516    0.03044   66.06959    4.77321    3.53230    8.14531    2.00000
 180.00037    0.01702   22.09459   21.84544    0.01702    0.00939   19.53006   -0.14485    1.56930   -0.03617    2.00000
 179.88924    0.08083   23.80089   23.34683    0.13712    0.07568    5.16934   -4.30607    2.40531   -7.50654    2.00000
 179.98370   -0.06800   22.65583   22.35880    0.06992    0.03859   12.48592    2.03019    0.03499   -1.07842    2.00000
 179.98866    0.02249   18.06692   17.73551    0.02519    0.01390  330.92175   -0.58356   -0.26285   -0.85941    2.00000
 180.01093   -0.14271   23.12822   22.77783    0.14313    0.07900    8.64354   -1.23107   -0.39534   -7.88128    2.00000
 179.97351    0.00014   22.14766   21.89459    0.02649    0.01462   18.64872   -9.89129    0.50870   -8.89606    2.00000
 180.03381   -0.05432   23.52881   23.12038    0.06399    0.03532    6.30943   -2.03759   -1.99753   -2.93423    2.00000
 180.02438    0.03844   23.08981   22.74427    0.04552    0.02512    8.90463   -0.84941    2.06297    0.31217    2.00000
 180.01640    0.03883   21.27493   21.04576    0.04216    0.02327   37.67305   -2.00058   -2.30455   -4.47068    2.00000
 179.96838    0.05812   21.57031   21.34909    0.06617    0.03652   29.69411   -1.64457   -0.44598   -1.69552    2.00000
 180.06216   -0.04178   22.39172   22.11897    0.07491    0.04134   15.34178   -0.35909    0.15865    2.47503    2.00000
 179.94231    0.00035   22.87153   22.55169    0.05770    0.03184   10.40257    2.57823   -0.67995    0.55711    2.00000
 180.01543   -0.00937   23.01365   22.67768    0.01805    0.00996    9.42258    1.21663   -0.29084   -1.55406    2.00000
 180.03741   -0.12282   21.38765   21.16438    0.12839    0.07086   34.55274    0.06856    3.11927    3.35316    2.00000
 179.89772    0.18992   23.14502   22.79252    0.21571    0.11906    8.52932   -1.00584    2.33734    2.70861    2.00000
 180.08701   -0.08567   22.24100   21.98026    0.12210    0.06739   17.11248   -1.02879    1.16081    2.24524    2.00000
 179.98270    0.01361   23.03701   22.69811    0.02202    0.01215    9.26362   -3.10453   -0.32626   -0.31539    2.00000
 179.91780    0.06464   22.44191   22.16512    0.10457    0.05772   14.79225    2.27828    1.05950    2.68022    2.00000
 180.11230    0.11876   21.31740   21.09101    0.16345    0.09021   36.48287   -0.54647   -0.78958   -1.03956    2.00000
 179.93152    0.06606   22.61931   22.32599    0.09515    0.05251   12.87662    0.50167   -1.43108   -3.27631    2.00000
 179.99870    0.06256   23.44233   23.04720    0.06258    0.03454    6.67787    2.73339    0.89402    2.11293    2.00000
 180.13385   -0.03769   21.29111   21.06300    0.13906    0.07675   37.21965   -1.37482   -1.60046   -2.63234    2.00000
 180.04286    0.02184   22.92369   22.59818    0.04811    0.02655   10.04093    0.85201   -2.69063    1.47173    2.00000
 179.99284   -0.01230   23.63667   23.21086    0.01423    0.00785    5.85389   -2.02172   -0.08360   -2.33331    2.00000
 179.99641   -0.16432   23.05381   22.71280    0.16436    0.09071    9.14940   -2.34480   -1.74071   -2.49394    2.00000
 179.91870   -0.06563   22.11086   21.86092    0.10448    0.05767   19.25249   -3.39805   -2.34871   -5.75362    2.00000
 179.97340    0.00969   23.25711   22.88986    0.02831    0.01562    7.77218    6.54593   -0.30103    5.33615    2.00000
 179.98412   -0.06653   19.12585   18.59189    0.06840    0.03775  206.77852   -4.92703   -2.09913   -7.03068    2.00000
 179.92047   -0.03953   22.43722   22.16085    0.08881    0.04901   14.84311    4.70669   -3.65513   -0.31996    2.00000
 179.95581    0.04409   22.04755   21.80116    0.06243    0.03445   20.32401    2.08870    2.36583    4.80304    2.00000
 180.34798   -0.17907   22.66626   22.36818    0.39135    0.21600   12.37430   -4.02593   -1.96766   -6.30794    2.00000
 180.02200   -0.01178   23.78899   23.33700    0.02496    0.01378    5.21882    0.40720   -0.05415   10.43011    2.00000
 179.99014   -0.00834   20.73962   20.31723    0.01291    0.00713   67.03384    2.47819   -1.01150    1.45873    2.00000
 179.96605    0.09386   22.03932   21.79351    0.09982    0.05509   20.46127   10.82792    0.20835   11.18120    2.00000
 179.72910    0.38762   22.01466   21.77055    0.47290    0.26101   20.87306   -1.66750    0.95679   -1.24129    2.00000
 180.17249    0.15103   22.39172   22.11897    0.22926    0.12653   15.34178    3.85410    2.45096    4.94897    2.00000
 180.11362   -0.04235   23.70744   23.26958    0.12125    0.06692    5.55827    2.17021    0.33322    0.19896    2.00000
 180.01248    0.04611   23.46395   23.06550    0.04776    0.02636    6.58576   -8.56673   -3.45314  -12.37945    2.00000
 179.95506   -0.05952   22.05577   21.80882    0.07458    0.04116   20.18674    0.56903    1.27041    2.27263    2.00000
 180.04311   -0.01612   22.41092   22.13666    0.04601    0.02540   15.13113   -2.67215   -0.50316   -1.56527    2.00000
 179.98621    0.01894   21.95437   21.71441    0.02343    0.01293   21.87965   -3.57371   -1.13483   -4.01181    2.00000
 179.99724    0.05198   22.03384   21.78841    0.05205    0.02873   20.55278   -2.71282   -2.61991   -4.35996    2.00000
 179.90408    0.03808   21.71654   21.48988    0.10319    0.05695   25.99072  -10.25195   -2.04901  -12.05723    2.00000
 179.98769    0.12395   20.68394   20.24931    0.12456    0.06875   70.53436    2.47237   -1.20056    1.17666    2.00000
 180.01566   -0.00809   23.28190   22.91130    0.01762    0.00972    7.60543   -0.53357   -1.87339   -2.39079    2.00000
 180.00793   -0.04855   22.11368   21.86353    0.04920    0.02715   19.20556   -3.79532   -0.36624   -4.16849    2.00000
 180.07109    0.05735   22.46535   22.18648    0.09134    0.05041   14.53793    1.02086   -0.19237    1.21492    2.00000
 180.08888    0.03346   23.29822   22.92513    0.09497    0.05242    7.49782   -6.19634    1.74658   -4.02265    2.00000
 179.96529    0.01028   22.29755   22.03223    0.03620    0.01998   16.37463   -1.29787    0.81819   -1.33548    2.00000
 180.01094   -0.01528   22.85848   22.54006    0.01880    0.01037   10.49298    2.38743   -1.00131    0.69865    2.00000
 179.95322   -0.15776   23.79137   23.33897    0.16455    0.09082    5.20893   -0.38814    1.77375    3.14846    2.00000
 180.01620   -0.00606   22.94195   22.61445    0.01730    0.00955    9.91436    0.71820   -4.99917    0.72368    2.00000
 180.01295   -0.03846   23.18640   22.82847    0.04059    0.02240    8.24966   -1.46318    1.85625    1.22536    2.00000
 180.00288    0.04212   23.49638   23.09294    0.04222    0.02330    6.44760    5.72678   -0.46721    9.51476    2.00000
 179.96039   -0.05970   23.47746   23.07693    0.07165    0.03954    6.52819   -4.33365    0.40142   -2.36768    2.00000
 180.06807    0.02451   22.39412   22.12118    0.07234    0.03993   15.31545   -2.65495   -0.12322   -1.61947    2.00000
 179.99213    0.02368   22.37492   22.10349    0.02496    0.01378   15.52610    0.44961   -0.74338   -1.73665    2.00000
 180.05676   -0.08041   22.48878   22.20783    0.09842    0.05432   14.28362    2.31329   -0.29777    2.37720    2.00000
 179.98373   -0.00886   21.74565   21.51795    0.01853    0.01023   25.40271    0.19072    0.59026   -0.04513    2.00000
 179.98779   -0.03943   23.10181   22.75476    0.04127    0.02278    8.82304   -4.84674   -0.97891   -3.33621    2.00000
 179.95770    0.03306   22.82219   22.50770    0.05367    0.02962   10.74471   -3.06657   -1.03732   -3.01532    2.00000
 179.85509    0.01872   21.80176   21.57153    0.14611    0.08064   24.44187   -1.70505   -3.99612   -6.05748    2.00000
 179.98235   -0.12152   23.60454   23.18403    0.12280    0.06777    5.98901    1.87527    0.14478   -1.34043    2.00000
 180.02238   -0.04111   23.62382   23.20013    0.04681    0.02584    5.90794    2.05546    1.16116    1.55754    2.00000
 180.02496   -0.00439   22.17160   21.91647    0.02535    0.01399   18.25633   -0.93664    3.23605    1.02290    2.00000
 180.01598   -0.05001   23.00180   22.66728    0.05250    0.02897    9.50344    2.38949   -2.45465    0.94824    2.00000
 180.04314    0.00945   23.03701   22.69811    0.04416    0.02437    9.26362    2.43639    1.27765    3.54409    2.00000
 179.91962   -0.03297   23.37443   22.98970    0.08689    0.04796    6.99564   -6.28935    0.33891   -7.06027    2.00000
 179.89764   -0.03439   22.44425   22.16725    0.10798    0.05960   14.76681    3.11032    2.57030    4.62333    2.00000
 179.93279   -0.24855   21.83442   21.60215    0.25748    0.14211   23.89283   -1.52390   -3.81099   -5.65917    2.00000
 180.00134   -0.03924   21.28504   21.05653    0.03927    0.02167   37.38967   -0.04853   -0.99521   -0.71708    2.00000
 180.07758    0.04215   21.42417   21.20169    0.08829    0.04873   33.57136   -2.43582   -0.28502   -2.73151    2.00000
 179.98827   -0.01252   23.09221   22.74637    0.01716    0.00947    8.88831    1.62451    0.34140    0.29229    2.00000
 179.75529    0.28980   23.78422   23.33307    0.37930    0.20935    5.23861    2.76077   -2.40074    1.95670    2.00000
 180.05048   -0.07162   18.69454   18.13145    0.08761    0.04836  267.70587   -3.38283    1.44511   -2.02902    2.00000
 180.11256   -0.07058   23.14502   22.79252    0.13286    0.07333    8.52932   -3.13028   -1.29262   -4.07220    2.00000
 180.46568    0.42786   22.60366   22.31193    0.63240    0.34905   13.04406   -0.53631    0.39715   -0.62179    2.00000
 179.99719    0.08417   18.03894   17.75502    0.08422    0.04648  327.59540    3.36738    0.41950    3.84070    2.00000
 180.10638    0.12975   22.36532   22.09464    0.16778    0.09260   15.63143   -5.28598   -0.76906   -6.49140    2.00000
 179.99306   -0.02947   22.50753   22.22492    0.03027    0.01671   14.08017   -0.14481    1.13169   -0.06857    2.00000
 180.02515    0.02069   23.14022   22.78832    0.03257    0.01798    8.56195    0.12170   -0.96667   -0.08575    2.00000
 179.96938    0.06637   22.44191   22.16512    0.07309    0.04034   14.79225   -0.51695   -1.26543   -2.94476    2.00000
 179.88969    0.08528   23.02980   22.69182    0.13943    0.07695    9.31257   -1.26183   -0.18175   -3.91670    2.00000
 180.09579    0.21862   23.43962   23.04491    0.23868    0.13174    6.68938   -1.12194   -0.88608   -7.13326    2.00000
 179.89922   -0.02108   22.25899   21.99679    0.10297    0.05683   16.81592    1.79465    2.90827    4.22608    2.00000
 179.93166    0.00257   23.42341   23.03119    0.06839    0.03774    6.75847   -1.43004   -1.80644   -0.15457    2.00000
 180.09451   -0.07277   23.32816   22.95050    0.11928    0.06584    7.30053    0.77502   -2.27328    1.58846    2.00000
 180.08018   -0.02101   23.44773   23.05177    0.08288    0.04575    6.65484   -0.65628   -1.72027   -4.86637    2.00000
 179.92834    0.00337   22.47706   22.19715    0.07174    0.03959   14.41078    0.72211    2.20594    0.83122    2.00000
 180.07832   -0.04184   22.35331   22.08359    0.08881    0.04901   15.76309    6.85315   -1.13193    6.22823    2.00000
 180.04521    0.02112   19.52856   19.01635    0.04990    0.02754  160.20375   -1.93720   -0.56322   -2.62944    2.00000
 180.00674   -0.03564   23.21322   22.85176    0.03627    0.02002    8.06855   -1.46185   -2.58006    1.65007    2.00000
 179.93118    0.09126   20.73388   20.30975    0.11430    0.06308   67.41954    4.02986   -0.36719    3.50413    2.00000
 180.00323    0.05945   23.45854   23.06092    0.05953    0.03286    6.60879   -0.86415   -5.10769   -0.62438    2.00000
 180.00110    0.07212   23.77708   23.32718    0.07213    0.03981    5.26830    4.22010   -1.68576    0.42580    2.00000
 179.98615    0.32405   23.11622   22.76735    0.32434    0.17901    8.72513    7.85237   -1.79502    6.91449    2.00000
 180.01289   -0.03081   23.16690   22.81154    0.03339    0.01843    8.38138    0.99791    2.13726   -2.09532    2.00000
 179.99837    0.01647   23.61096   23.18939    0.01655    0.00914    5.96198   -4.57794    2.46172    1.20838    2.00000
 180.01820   -0.01561   22.69234   22.39161    0.02398    0.01324   12.09523   -2.22925    1.84423   -0.95669    2.00000
 179.97768    0.08489   23.00934   22.67390    0.08778    0.04845    9.45199   -2.30246   -1.51819   -8.22924    2.00000
 180.02272   -0.07552   22.91326   22.58888    0.07886    0.04353   10.11326    1.70348    0.07401    1.66052    2.00000
 179.99197    0.00212   23.44503   23.04949    0.00829    0.00458    6.66636    0.49096    1.24937    5.14320    2.00000
 179.29785    0.13258   21.14101   20.89400    0.71455    0.39440   42.84914    2.45223    1.42916    4.29276    2.00000
 179.96434   -0.06393   23.12102   22.77154    0.07321    0.04040    8.69250   -0.04782    2.28816   -2.67537    2.00000
 180.00745   -0.01092   22.60106   22.30959    0.01322    0.00729   13.07197    1.92823    1.51604    4.81712    2.00000
 180.04961    0.07291   22.89761   22.57493    0.08819    0.04867   10.22175   -5.05130   -0.07661   -3.86534    2.00000
 179.98866   -0.04975   22.90804   22.58423    0.05102    0.02816   10.14942    0.18808    1.59914    2.15971    2.00000
 179.97411   -0.02376   22.72489   22.42072    0.03514    0.01940   11.74862    3.97877    0.06219    2.71053    2.00000
 179.99110    0.03170   23.34994   22.96895    0.03293    0.01817    7.15705    2.37676   -0.21358   -2.25317    2.00000
 179.96927   -0.02769   21.44503   21.22301    0.04136    0.02283   33.01057   -1.08917    0.39979   -1.00900    2.00000
 180.00490    0.02429   23.43422   23.04034    0.02478    0.01368    6.71241   -0.38722    0.22450    5.21640    2.00000
 180.01793    0.00684   23.81518   23.35863    0.01919    0.01059    5.10997   -3.68493    0.04944    3.21372    2.00000
 179.97169    0.06294   21.31942   21.09316    0.06901    0.03809   36.42619    0.63090   -0.91242   -0.19803    2.00000
 179.96596    0.02995   21.82082   21.58939    0.04534    0.02503   24.12160    2.12356    1.48711    4.06352    2.00000
 179.83400   -0.22087   23.18397   22.82636    0.27630    0.15250    8.26612    3.41572    0.09720    0.74178    2.00000
 180.02063    0.08202   21.93519   21.69655    0.08457    0.04668   22.19992    0.42292   -0.48563    0.69959    2.00000
 179.94930    0.04989   21.65569   21.43120    0.07113    0.03926   27.53438    4.90935    0.83157    5.22229    2.00000
 180.03593    0.03144   23.55854   23.14554    0.04775    0.02636    6.18278   -3.28026    0.05376   -2.39568    2.00000
 179.92627    0.02562   23.44503   23.04949    0.07805    0.04308    6.66636   -1.26538   -1.39716   -4.28347    2.00000
 179.99208   -0.05152   21.91335   21.67614    0.05213    0.02877   22.56596    0.78534   -2.02255   -1.28283    2.00000
 179.95503   -0.04725   22.94716   22.61910    0.06523    0.03600    9.87819   -1.40272    0.64683   -4.66947    2.00000
 180.01547    0.06007   23.19372   22.83482    0.06203    0.03424    8.20027   -5.10667    0.68428   -5.39968    2.00000
 179.98090    0.07692   23.34721   22.96664    0.07926    0.04374    7.17499    1.34403    1.75597   -2.85624    2.00000
 180.03598    0.03870   22.42052   22.14550    0.05284    0.02916   15.02581    5.25140   -1.51058    6.21682    2.00000
 179.89697   -0.08159   23.83661   23.37632    0.13142    0.07253    5.02090    0.29654    0.22723   -2.96568    2.00000
 180.02895   -0.00553   22.02014   21.77565    0.02946    0.01626   20.78155   -2.45425   -3.00693   -4.49941    2.00000
 180.00536   -0.00821   23.67189   23.24013    0.00980    0.00541    5.70652   -1.88307    2.72335   -4.90136    2.00000
 180.05716    0.23609   23.50179   23.09751    0.24291    0.13407    6.42457   -1.36765   -0.19795   -0.86679    2.00000
 180.14638   -0.07974   22.72988   22.42518    0.16668    0.09200   11.69551    1.06132   -1.33455   -2.03526    2.00000
 179.85707   -0.20302   23.07301   22.72958    0.24828    0.13703    9.01885    0.93215   -2.27064   -4.32783    2.00000
 180.05029   -0.06813   18.73130   18.17091    0.08468    0.04674  262.27002   -7.54719   -2.16405   -9.69070    2.00000
 180.01151   -0.07819   23.46665   23.06778    0.07903    0.04362    6.57425    4.70615   -0.75666    3.24993    2.00000
 180.02019   -0.03988   22.85327   22.53541    0.04470    0.02467   10.52914   -0.29395   -0.27493    1.05856    2.00000
 180.01984   -0.05505   23.76279   23.31538    0.05852    0.03230    5.32768   -1.01944   -2.99735   -5.28084    2.00000
 179.90274    0.03925   22.13231   21.88056    0.10488    0.05788   18.90020  -15.10891    1.37980  -13.33455    2.00000
 179.99738   -0.04044   23.14742   22.79462    0.04052    0.02237    8.51300   -9.93792    0.53706  -12.50365    2.00000
 179.96390    0.01724   22.66105   22.36349    0.04000    0.02208   12.43011   -0.01611    1.88545    2.42309    2.00000
 180.14539    0.03242   22.34851   22.07917    0.14895    0.08221   15.81575    3.96861   -0.81293    2.15156    2.00000
 179.99522   -0.04528   22.44425   22.16725    0.04553    0.02513   14.76681   -4.33394   -2.37493   -6.88910    2.00000
 180.08401   -0.02641   22.69496   22.39396    0.08807    0.04861   12.06724    0.17520   -0.53820   -0.39064    2.00000
 179.93552    0.03244   23.67751   23.24478    0.07218    0.03984    5.68312   -4.06049   -0.56238    3.68998    2.00000
 180.00246    0.03844   23.25711   22.88986    0.03852    0.02126    7.77218    0.97049    1.01342    5.60651    2.00000
 179.99487    0.14389   23.59008   23.17195    0.14398    0.07946    6.04981    2.82716   -2.27536   -8.53291    2.00000
 179.56184   -0.27456   21.92698   21.68891    0.51707    0.28539   22.33690   -0.89224    0.67011   -0.51789    2.00000
 180.04366    0.08140   23.39076   23.00353    0.09237    0.05098    6.89772    1.08813   -1.49925   -4.84865    2.00000
 180.07031    0.00473   22.35331   22.08359    0.07048    0.03890   15.76309    0.86147   -0.83040    0.31856    2.00000
 179.98708    0.02177   23.33361   22.95511    0.02532    0.01397    7.26466    2.87237    1.56475    3.70349    2.00000
 180.10497   -0.05063   23.07061   22.72749    0.11653    0.06432    9.03517    1.18152    0.51296    4.37828    2.00000
 180.12608   -0.03839   22.50519   22.22278    0.13180    0.07274   14.10560    0.58672   -0.08485    1.36708    2.00000
 180.11177    0.09489   23.26198   22.89410    0.14662    0.08092    7.73925   -1.99806    1.60944   -2.68305    2.00000
 179.94154    0.02606   22.37012   22.09907    0.06400    0.03532   15.57877    3.98196   -1.94084    1.81780    2.00000
 180.00116    0.02299   23.59008   23.17195    0.02302    0.01271    6.04981   -0.41166    3.61928    2.45234    2.00000
 180.03793    0.02405   23.42881   23.03577    0.04491    0.02479    6.73544    3.69906    4.79180    3.73358    2.00000
 180.04120   -0.12392   22.57758   22.28849    0.13059    0.07207   13.32313    0.26362    0.27021    1.51302    2.00000
 179.99573   -0.00620   22.24357   21.98262    0.00753    0.00416   17.07011   -4.21781   -0.97200   -5.71328    2.00000
 179.99535    0.00185   23.68312   23.24943    0.00501    0.00277    5.65971    1.03252    4.86438   14.75458    2.00000
 179.99377    0.02424   22.83501   22.51914    0.02502    0.01381   10.65572   -2.49139    1.28697   -2.38291    2.00000
 179.99295   -0.02935   23.66441   23.23394    0.03019    0.01666    5.73773    2.17580    0.39137    2.47656    2.00000
 179.81641    0.03337   20.95431   20.64588    0.18661    0.10299   52.14799   -1.60937   -0.83561   -2.10405    2.00000
 179.92972    0.11548   21.78816   21.55877    0.13519    0.07461   24.67064   -1.85552   -1.26048   -3.49610    2.00000
 179.90187    0.18501   22.97379   22.64271    0.20942    0.11559    9.69455   -0.33885   -1.50683   -0.61802    2.00000
 179.97829   -0.03893   22.44425   22.16725    0.04457    0.02460   14.76681    1.64943   -0.91400   -0.57963    2.00000
 180.02293    0.02358   18.55269   17.98000    0.03290    0.01816  289.22339   -8.58405   -1.96440  -10.58138    2.00000
 180.22688   -0.04311   23.15958   22.80519    0.23095    0.12746    8.43077    6.59055    1.98502    8.05185    2.00000
 180.04466    0.00995   23.46665   23.06778    0.04576    0.02526    6.57425    4.92970   -0.65736    7.84506    2.00000
 179.93208   -0.11112   21.92151   21.68379    0.13023    0.07188   22.42869   -0.24572    0.17748   -0.66305    2.00000
 180.09241   -0.21041   18.03463   17.98598    0.22980    0.12684  288.20337    8.13650   -1.48658    6.67359    2.00000
 179.92351    0.07891   22.42772   22.15214    0.10990    0.06066   14.94681   -2.20257   -1.86319   -2.39687    2.00000
 180.04662   -0.04552   22.31011   22.04378    0.06515    0.03596   16.23705    1.60621    0.02486    1.17892    2.00000
 180.04494   -0.01045   23.73551   23.29283    0.04613    0.02546    5.44123   -1.66558   -1.69239   -4.76473    2.00000
 180.00826    0.05647   21.99548   21.75269    0.05707    0.03150   21.19333    3.99618    1.19647    5.24865    2.00000
 179.98338   -0.00971   22.75732   22.44971    0.01924    0.01062   11.40338    6.56879   -0.25072    6.63626    2.00000
 180.08299   -0.06487   22.70743   22.40511    0.10533    0.05814   11.93451    2.13258    2.66895    3.60412    2.00000
 180.00134   -0.00582   23.59329   23.17463    0.00597    0.00330    6.03630    3.20861    0.77676    2.75644    2.00000
 179.99495   -0.03396   21.69273   21.46692    0.03433    0.01895   26.59476    0.73827    1.65135    2.48575    2.00000
 180.03627    0.01872   18.10327   18.07583    0.04081    0.02253  275.36786    2.63061    0.05083    2.69775    2.00000
 179.98692    0.05237   21.60145   21.37903    0.05398    0.02979   28.90662   -3.82161   -0.89945   -5.44980    2.00000
 180.02022   -0.04510   23.74487   23.30058    0.04943    0.02728    5.40222   -1.61140    1.00914    8.50717    2.00000
 179.96875   -0.02925   23.13302   22.78203    0.04281    0.02363    8.61091   -3.34752    0.34955   -1.48577    2.00000
 179.98952    0.03613   22.83762   22.52146    0.03762    0.02076   10.63763   -1.50013    2.36592   -0.18290    2.00000
 179.95126    0.02292   22.25899   21.99679    0.05387    0.02973   16.81592    0.37925    3.58695    4.54337    2.00000
 180.07095    0.03645   21.49821   21.27734    0.07976    0.04402   31.58139   -4.28644   -1.70079   -6.24213    2.00000
 179.93890    0.02212   22.59323   22.30256    0.06498    0.03586   13.15569   -0.24651   -2.01100   -0.42077    2.00000
 180.00162    0.01892   23.36626   22.98278    0.01899    0.01048    7.04944    0.06912    0.61174   -0.05064    2.00000
 180.09755   -0.00712   22.84284   22.52611    0.09781    0.05398   10.60147   -1.43225    3.45099   -1.52322    2.00000
 180.03160   -0.01598   21.69008   21.46437    0.03541    0.01954   26.66188   -1.65229    1.86310    0.61595    2.00000
 179.96931   -0.12811   21.84803   21.61490    0.13174    0.07271   23.66405   -3.95071   -1.92629   -4.44087    2.00000
 180.40503    0.32056   21.95985   21.71952    0.51653    0.28509   21.78814   -3.58907   -4.70845   -7.73723    2.00000
 179.96220   -0.05289   21.63649   21.41271    0.06500    0.03588   28.02069   -6.35318    0.89124   -5.44786    2.00000
 180.03436    0.05529   22.77229   22.46309    0.06510    0.03593   11.24404    2.74503   -3.99801   -0.79934    2.00000
 179.94170    0.14437   20.35325   19.88256    0.15570    0.08593   91.41421   -0.22653    2.25554    1.93240    2.00000
 180.05800   -0.04564   22.40132   22.12781    0.07380    0.04073   15.23646   -3.71584   -4.69218   -7.73457    2.00000
 180.01448   -0.04830   22.99426   22.66067    0.05043    0.02783    9.55489   -3.73779   -2.87471   -6.79429    2.00000
 179.96869   -0.00327   23.19128   22.83271    0.03148    0.01737    8.21673   -1.58315   -2.48166  -11.14100    2.00000
 180.08165    0.06263   21.36418   21.14040    0.10291    0.05680   35.18363    3.23142   -5.63622   -2.90989    2.00000
 179.95422    0.09705   21.77476   21.54601    0.10730    0.05922   24.89941    7.71254   -2.37051    5.05516    2.00000
 180.01170   -0.01785   22.31011   22.04378    0.02135    0.01178   16.23705    2.68423   -0.48045    2.75344    2.00000
 180.02855   -0.03389   22.03110   21.78585    0.04431    0.02446   20.59853    0.67046    1.11679    2.55431    2.00000
 179.99658    0.01171   22.63757   22.34240    0.01220    0.00673   12.68127    4.10522   -2.71562    4.12870    2.00000
 180.09918    0.22860   23.81518   23.35863    0.24918    0.13753    5.10997    4.57244    4.30956    5.52520    2.00000
 179.96187    0.01252   23.18153   22.82424    0.04013    0.02215    8.28259    2.72471   -1.23840   -3.32615    2.00000
 179.99184   -0.10511   23.55314   23.14096    0.10542    0.05818    6.20581   -1.91210    1.10364   -0.45271    2.00000
 179.80083   -0.07027   22.54034   22.25482    0.21121    0.11657   13.72413   -2.21646    3.36253    2.71817    2.00000
 179.93999   -0.03335   23.37987   22.99431    0.06867    0.03790    6.95977   -1.60840    1.76690   -1.45810    2.00000
 180.01257    0.02754   22.50050   22.21851    0.03027    0.01671   14.15646   -1.01768    0.18599    1.18253    2.00000
 180.04880    0.01187   22.46535   22.18648    0.05023    0.02772   14.53793   -0.05565    0.00409   -0.28823    2.00000
 180.15926    0.02133   23.57883   23.16256    0.16068    0.08868    6.09710   -4.47776    2.12779    2.84162    2.00000
 179.97298   -0.04512   23.26686   22.89833    0.05260    0.02903    7.70632    1.00377   -2.88212    1.52199    2.00000
 180.03519    0.01035   21.05797   20.79123    0.03668    0.02024   46.70084    0.21799    0.42660    0.23900    2.00000
 180.00786    0.01176   23.25955   22.89198    0.01414    0.00781    7.75571    2.04100    0.75537    2.94882    2.00000
 180.02072   -0.03894   23.45854   23.06092    0.04411    0.02435    6.60879    3.78320    0.81569    5.34028    2.00000
 179.96243    0.01189   23.73551   23.29283    0.03939    0.02174    5.44123    0.22755    1.71230    0.22150    2.00000
 180.00009    0.04827   23.44773   23.05177    0.04827    0.02664    6.65484    0.29003    0.95721    1.44089    2.00000
 180.08876    0.03271   23.28462   22.91361    0.09459    0.05221    7.58749    0.58440    2.04261    4.18677    2.00000
 179.97720   -0.02586   22.42052   22.14550    0.03447    0.01903   15.02581   -0.16359   -0.67590   -1.36905    2.00000
 180.09470    0.10186   23.51800   23.11123    0.13907    0.07676    6.35549    7.44802    0.73162    7.83465    2.00000
 179.96593   -0.03495   21.21622   20.98212    0.04880    0.02694   39.54682   -1.94506    4.53785    1.83995    2.00000
 179.99045    0.13121   22.87153   22.55169    0.13156    0.07261   10.40257   -2.67909    2.81421   -0.55213    2.00000
 180.01721   -0.02046   23.50179   23.09751    0.02674    0.01476    6.42457   -6.17133   -2.30214  -10.96063    2.00000
 180.00146    0.08200   22.80223   22.48986    0.08201    0.04526   10.92537    2.78521   -0.62757    5.31928    2.00000
 179.95801    0.01724   22.98026   22.64838    0.04539    0.02505    9.65045    2.02914   -2.39153    1.59531    2.00000
 179.94678    0.06308   21.12310   20.87223    0.08254    0.04556   43.66511   -1.50278   -0.00351   -1.73750    2.00000
 179.92471    0.00741   23.80327   23.34880    0.07565    0.04176    5.15945   -2.42658   -3.35998   -6.25561    2.00000
 179.92599   -0.14152   22.71242   22.40957    0.15971    0.08815   11.88140    6.52468    3.61144    8.02615    2.00000
 180.01735   -0.04769   21.31942   21.09316    0.05075    0.02801   36.42619    1.83458   -3.51302   -1.70320    2.00000
 179.98592    0.16302   22.02562   21.78075    0.16362    0.09031   20.69004   -1.47324   -2.56459   -3.86890    2.00000
 179.99968   -0.04619   23.25711   22.88986    0.04619    0.02549    7.77218   -1.00378    0.09020    1.12288    2.00000
 180.03180   -0.05338   22.96493   22.63494    0.06213    0.03429    9.75504    0.12977    1.72933    2.41894    2.00000
 179.79671   -0.13209   21.19951   20.96271    0.24244    0.13381   40.27426   -1.54539    1.14185    0.40782    2.00000
 179.96167    0.06034   23.70932   23.27113    0.07148    0.03945    5.55047    1.38642   -0.77709    8.70236    2.00000
 180.07503   -0.09691   18.09724   18.12376    0.12256    0.06764  268.76526   -1.63495    3.37604    1.65975    2.00000
 179.89392    0.05466   22.42292   22.14772    0.11934    0.06586   14.99947    1.21111    1.30119    2.22368    2.00000
 180.01649    0.03031   22.78477   22.47425    0.03451    0.01905   11.11126    2.34656    1.93793    4.24526    2.00000
 180.01617   -0.01209   23.30095   22.92744    0.02019    0.01114    7.47988    5.87663   -2.39758    2.64048    2.00000
 180.02589    0.01423   23.23517   22.87081    0.02955    0.01631    7.92036    4.60834   -0.27482    2.30441    2.00000
 180.05109   -0.01397   23.78899   23.33700    0.05295    0.02923    5.21882   -3.97308   -0.76374   -4.50105    2.00000
 179.97861   -0.01132   21.82082   21.58939    0.02421    0.01336   24.12160    2.74037    1.04828    4.05950    2.00000
 179.63771    0.11820   22.09381   21.84470    0.38109    0.21033   19.54328    0.54625   -0.79355   -0.57277    2.00000
 179.95737    0.03679   23.48017   23.07922    0.05631    0.03108    6.51668   -0.27130    0.99206   -0.63839    2.00000
 179.97665   -0.01073   22.04755   21.80116    0.02570    0.01418   20.32401   -2.46544    1.94296   -1.91154    2.00000
 180.00616    0.02501   23.23273   22.86869    0.02576    0.01422    7.93683    1.27886    0.56021   -2.56556    2.00000
 179.97929    0.05206   23.29006   22.91822    0.05602    0.03092    7.55162    2.59792   -1.73025   -4.29206    2.00000
 180.04993    0.02909   22.41812   22.14329    0.05778    0.03189   15.05214   -1.49310    0.50881   -1.20855    2.00000
 180.02287    0.02273   23.32544   22.94819    0.03225    0.01780    7.31847   -2.03758   -0.96720   -1.26421    2.00000
 179.97879   -0.06372   23.57883   23.16256    0.06716    0.03707    6.09710   -5.08771    0.66331    1.95857    2.00000
 179.98138   -0.02143   18.24642   17.64884    0.02838    0.01567  345.70401   -4.15606   -2.80152   -6.96451    2.00000
 179.98546    0.02786   23.01904   22.68240    0.03143    0.01735    9.38583    3.85148    0.21009    1.69391    2.00000
 179.98776    0.04241   22.63757   22.34240    0.04414    0.02436   12.68127    2.04325   -0.53669    2.88774    2.00000
 180.16129   -0.13185   22.23329   21.97317    0.20832    0.11498   17.23957   -3.10900   -1.19515   -4.83207    2.00000
 180.02620   -0.00021   21.01057   20.72875    0.02620    0.01446   49.04222   -6.40367    2.59247   -3.40836    2.00000
 180.01907    0.08347   22.90804   22.58423    0.08562    0.04726   10.14942    0.45427    2.50182    1.29267    2.00000
 179.97408   -0.01804   22.83501   22.51914    0.03158    0.01743   10.65572    2.09519   -1.50929    1.46879    2.00000
 179.93031    0.04446   22.88457   22.56331    0.08266    0.04562   10.31216   -0.34728   -1.82552   -2.88655    2.00000
 180.00450    0.00767   23.73738   23.29438    0.00889    0.00491    5.43343    5.68121   -0.68190    3.87598    2.00000
 180.00061    0.03067   23.19372   22.83482    0.03068    0.01693    8.20027    1.93341   -2.36334   -1.06153    2.00000
 179.98383    0.03255   22.98026   22.64838    0.03635    0.02006    9.65045  -11.00211    4.86239   -6.70927    2.00000
 179.89896   -0.41198   23.09941   22.75266    0.42419    0.23412    8.83936    0.33021    2.79454    7.40011    2.00000
 180.04935   -0.04663   23.62221   23.19879    0.06789    0.03747    5.91469    0.83750    0.39130   -0.59263    2.00000
 179.98889   -0.04467   22.64800   22.35177    0.04603    0.02540   12.56964    1.97186    0.56784    4.07769    2.00000
 180.00114    0.02771   23.24736   22.88139    0.02774    0.01531    7.83804   -0.63817   -2.04387   -2.43134    2.00000
 179.98915    0.01624   22.72739   22.42295    0.01953    0.01078   11.72206   -1.80351   -0.32839   -3.02492    2.00000
 180.00291    0.03530   21.92698   21.68891    0.03542    0.01955   22.33690   -3.67282    0.50015   -4.29089    2.00000
 180.03973   -0.00673   22.69745   22.39619    0.04031    0.02225   12.04074   -0.10663    2.42977    3.83108    2.00000
 180.00703    0.00910   23.37987   22.99431    0.01150    0.00635    6.95977   -3.71832    0.19348   -7.44037    2.00000
 179.95805   -0.02255   22.20758   21.94954    0.04762    0.02629   17.66322   -0.91211    0.41637   -1.29124    2.00000
 180.08073   -0.03317   22.93412   22.60748    0.08728    0.04817    9.96860   -5.06072    1.16356   -4.56584    2.00000
 180.05154    0.04838   23.12102   22.77154    0.07068    0.03901    8.69250    1.38341    2.48459    1.33403    2.00000
 179.99738    0.01499   23.42611   23.03348    0.01522    0.00840    6.74695    2.36881   -0.40221    0.81131    2.00000
 180.16708    0.04500   23.52071   23.11352    0.17305    0.09551    6.34397    4.16169    5.17139    6.51294    2.00000
 179.95197   -0.07947   20.94785   20.63533    0.09285    0.05125   52.54323    1.88000   -0.32916    1.60690    2.00000
 180.00981   -0.04163   22.53800   22.25268    0.04277    0.02360   13.74957    3.43673    1.91617    2.93238    2.00000
 179.98866   -0.11287   21.48155   21.26032    0.11344    0.06261   32.02920   -1.74219   -1.80134   -3.26496    2.00000
 179.87576    0.07764   21.79088   21.56132    0.14650    0.08086   24.62489   -8.21659   -1.12418   -9.79147    2.00000
 179.97282    0.00861   22.45597   22.17793    0.02850    0.01573   14.63966    2.04966    2.17014    5.58293    2.00000
 180.02090    0.01278   22.59845   22.30724    0.02450    0.01352   13.09987   -4.16049    1.02353   -1.22949    2.00000
 180.00633    0.02821   22.92108   22.59586    0.02892    0.01596   10.05901    3.19130    0.76681    4.63984    2.00000
 180.00256   -0.00785   23.52611   23.11809    0.00826    0.00456    6.32095   -2.12002    1.42781   -5.25201    2.00000
 179.96977   -0.01956   21.15146   20.90670    0.03601    0.01987   42.37315    9.28684    0.33102    9.44856    2.00000
 179.98907    0.04897   21.46851   21.24699    0.05017    0.02769   32.37969   -2.79177    2.66186    0.04557    2.00000
 179.98618    0.02123   23.78899   23.33700    0.02533    0.01398    5.21882    2.24308    0.73579   -7.58500    2.00000
 180.02679    0.03658   23.34177   22.96203    0.04534    0.02503    7.21086    0.72292    0.82822    3.12647    2.00000
 180.12041    0.01040   23.55044   23.13868    0.12084    0.06670    6.21732   -4.63218    0.21770   -8.16655    2.00000
 180.13264    0.09378   21.17509   20.93434    0.16244    0.08966   41.33743   -5.50698    0.21444   -5.91258    2.00000
 179.98357   -0.01627   23.54503   23.13410    0.02312    0.01276    6.24035  -13.05172    1.23693  -14.75326    2.00000
 180.04742   -0.02147   21.50265   21.28188    0.05205    0.02873   31.46208   -2.61678   -1.49429   -4.00862    2.00000
 179.95691   -0.02875   21.66362   21.43885    0.05180    0.02859   27.33304    0.12596   -2.26525   -1.98363    2.00000
 180.00233   -0.05296   22.31011   22.04378    0.05302    0.02926   16.23705    1.75484    2.13500    5.08398    2.00000
 179.99628    0.02484   22.43012   22.15435    0.02511    0.01386   14.92048    1.23202    2.02756    2.29524    2.00000
 179.70290    0.41479   22.56193   22.27443    0.51022    0.28161   13.49057   -1.79515    1.86307   -1.40132    2.00000
 180.02478   -0.00969   23.75088   23.30555    0.02661    0.01469    5.37716   -2.43372    2.80503   -3.12720    2.00000
 180.13374   -0.01332   22.56193   22.27443    0.13440    0.07418   13.49057    0.86393   -2.18875   -1.10306    2.00000
 180.04015    0.00937   23.83423   23.37435    0.04122    0.02275    5.03080   -3.67536    2.63919   -5.03666    2.00000
 179.97481    0.01121   22.32691   22.05926    0.02757    0.01522   16.05273    0.22924   -0.49205    0.72318    2.00000
 179.88983    0.04798   20.29986   19.82561    0.12016    0.06632   95.30881   -0.70232   -0.25572   -1.15462    2.00000
 179.77562    0.45885   21.65304   21.42864    0.51078    0.28192   27.60150    1.96598    2.37307    4.39289    2.00000
 180.04980    0.06703   23.31183   22.93666    0.08351    0.04609    7.40814    2.89041   -0.26695    7.00467    2.00000
 180.07726    0.10051   23.31183   22.93666    0.12677    0.06997    7.40814    3.57957    1.84344    2.95041    2.00000
 179.98820   -0.00404   23.81518   23.35863    0.01247    0.00688    5.10997   -5.67537    1.79575    9.36736    2.00000
 179.99174   -0.06067   23.33361   22.95511    0.06123    0.03380    7.26466   -0.92375    1.41684   -2.24247    2.00000
 179.95927    0.01540   23.55044   23.13868    0.04354    0.02403    6.21732   -0.16790   -1.81404   -0.50046    2.00000
 180.00002   -0.03246   23.32816   22.95050    0.03246    0.01791    7.30053   -3.49685    1.55796   -2.09252    2.00000
 180.00368    0.05108   22.87674   22.55634    0.05121    0.02827   10.36640    2.57598   -0.24657    2.61847    2.00000
 180.01302    0.08700   23.32544   22.94819    0.08797    0.04855    7.31847    1.82060   -1.99031    2.47826    2.00000
 179.97206   -0.03300   23.66254   23.23239    0.04324    0.02386    5.74554   -1.73920   -2.51170   -3.65572    2.00000
 179.92953    0.11742   23.45044   23.05406    0.13694    0.07558    6.64333    3.11495   -1.66536   -2.84269    2.00000
 180.00729   -0.09963   23.75803   23.31145    0.09989    0.05513    5.34747   -1.07582    1.76402    6.40681    2.00000
 180.00990   -0.02054   23.55854   23.14554    0.02280    0.01259    6.18278   -4.94424   -1.61200  -11.78488    2.00000
 180.02248   -0.23677   23.03701   22.69811    0.23783    0.13127    9.26362    1.67111   -1.03938    3.32312    2.00000
 180.02373    0.03460   22.93934   22.61213    0.04196    0.02316    9.93244    1.71948   -1.37699   -0.40525    2.00000
 179.96724   -0.00603   22.53800   22.25268    0.03331    0.01838   13.74957   -2.79364   -0.42126   -1.45493    2.00000
 180.03268    0.04646   23.51530   23.10895    0.05681    0.03135    6.36700   -2.28976   -1.12632   -1.51679    2.00000
 179.98315   -0.05974   22.23329   21.97317    0.06207    0.03426   17.23957    2.09858   -0.57075    1.73287    2.00000
 180.05948   -0.02094   22.46769   22.18861    0.06306    0.03480   14.51250    1.28899   -0.83256    1.74555    2.00000
 180.00282    0.06065   22.53097   22.24628    0.06071    0.03351   13.82586    2.32562   -1.48437    0.15310    2.00000
 179.93864    0.00703   22.14108   21.88858    0.06175    0.03408   18.75650   -4.22113    0.99437   -4.25029    2.00000
 179.97684   -0.05873   22.92108   22.59586    0.06314    0.03485   10.05901   -6.28351    3.17410   -3.09043    2.00000
 180.07281    0.08084   23.83185   23.37239    0.10881    0.06005    5.04069   -1.35601    0.72234   -3.60817    2.00000
 179.91899    0.01177   17.99588   18.02512    0.08186    0.04518  282.35226    1.44101   -1.12044    0.32510    2.00000
 179.92654    0.01206   22.55682   22.26984    0.07444    0.04108   13.54530   -1.44768    5.95749    2.64565    2.00000
 180.06918    0.08123   23.69996   23.26338    0.10670    0.05889    5.58948   -8.00715   -6.06718  -23.56439    2.00000
 180.03371    0.02448   23.16934   22.81366    0.04165    0.02299    8.36491    1.01149    2.00267    3.06636    2.00000
 180.03716   -0.01904   23.73738   23.29438    0.04175    0.02304    5.43343   -4.56625   -0.28309   -2.39567    2.00000
 180.01216    0.03211   21.47633   21.25499    0.03433    0.01895   32.16939   -3.06832   -0.85884   -4.15321    2.00000
 180.06755   -0.01873   20.61746   20.17109    0.07010    0.03869   74.56499   -0.83772   -0.57563   -1.55543    2.00000
 180.03209    0.10382   20.81357   20.41532    0.10867    0.05998   61.97886    3.28608    0.84051    4.57421    2.00000
 179.99553    0.03253   23.06101   22.71909    0.03284    0.01812    9.10044    2.39941   -1.75681   -1.32188    2.00000
 179.89388   -0.12336   23.01042   22.67484    0.16272    0.08981    9.44464    3.98607   -1.58196    3.77568    2.00000
 180.03236   -0.02267   22.98133   22.64933    0.03952    0.02181    9.64310    0.88731    0.75879    4.72025    2.00000
 180.08240    0.48796   23.38804   23.00123    0.49487    0.27314    6.90933    4.09063   -1.19574    3.81552    2.00000
 179.98499    0.01082   22.18188   21.92592    0.01850    0.01021   18.08687    5.99070    1.69127    6.17941    2.00000
 179.97385   -0.01637   21.02678   20.75012    0.03086    0.01703   48.24141    0.09277    2.89493    2.95377    2.00000
 179.99857    0.04919   22.83240   22.51682    0.04921    0.02716   10.67380   -4.12548    1.98654   -1.81987    2.00000
 180.01707   -0.10001   23.40981   23.01967    0.10145    0.05599    6.81646   -4.58531    0.50798   -2.80204    2.00000
 180.06326   -0.00779   22.16191   21.90761    0.06375    0.03518   18.41520   -3.59008    0.21822   -2.13511    2.00000
 180.00772    0.00499   22.98887   22.65594    0.00920    0.00508    9.59164    3.95435    0.06648    1.79554    2.00000
 179.93575    0.08442   23.35266   22.97125    0.10609    0.05856    7.13912   -0.01006    1.46758    2.91074    2.00000
 180.04668    0.00891   23.45044   23.05406    0.04751    0.02622    6.64333    1.96162    0.82826    1.83945    2.00000
 179.90182   -0.05512   22.09536   21.84618    0.11259    0.06214   19.51684    1.75115    0.65972    2.10125    2.00000
 180.17207    0.12346   22.59323   22.30256    0.21178    0.11689   13.15569   -3.34582    0.03567   -4.02336    2.00000
 180.05342    0.04016   20.26236   19.78600    0.06683    0.03688   98.01809    2.39804    1.37635    3.87560    2.00000
 179.99065    0.01179   23.50179   23.09751    0.01504    0.00830    6.42457    1.76506   -1.70729    9.18077    2.00000
 179.95737   -0.01296   21.34976   21.12548    0.04456    0.02459   35.57606    3.05568   -0.60002    2.52322    2.00000
 180.00645   -0.00691   22.88196   22.56098    0.00945    0.00522   10.33024   -4.10577   -1.62869   -5.19906    2.00000
 179.97008   -0.03143   22.78227   22.47202    0.04340    0.02395   11.13782    1.35872    3.02053    5.11292    2.00000
 179.78558   -0.16194   22.21272   21.95427    0.26870    0.14830   17.57849    0.60302   -3.69839   -4.51133    2.00000
 179.99602   -0.01395   22.25899   21.99679    0.01451    0.00801   16.81592   -3.80495   -3.13180   -6.43081    2.00000
 180.00215    0.00656   18.68218   18.11830    0.00690    0.00381  269.51782   -3.57834   -0.90770   -4.50458    2.00000
 179.95580   -0.10519   22.44425   22.16725    0.11410    0.06297   14.76681   -1.94573    3.05504    1.11500    2.00000
 180.09010   -0.07612   22.12245   21.87155    0.11795    0.06510   19.06186   -2.94727   -2.09332   -4.83091    2.00000
 179.98166    0.07267   23.37715   22.99200    0.07494    0.04136    6.97770    3.20672    3.04924    6.14876    2.00000
 180.00983   -0.03618   21.12608   20.87586    0.03749    0.02069   43.52911    3.48514    6.31695    9.40348    2.00000
 180.04254    0.00878   22.86631   22.54704    0.04344    0.02398   10.43873   -4.95518    0.01429   -6.84010    2.00000
 179.97714   -0.06047   23.02012   22.68335    0.06465    0.03568    9.37848    1.72906    0.70802    2.19095    2.00000
 180.01797   -0.01591   23.27174   22.90256    0.02401    0.01325    7.67339   -0.55952    1.00983    4.80959    2.00000
 179.92171   -0.15516   23.79375   23.34094    0.17380    0.09592    5.19903   -0.72831   -1.44156    0.36280    2.00000
 179.94336    0.08978   23.61578   23.19342    0.10616    0.05859    5.94172   -0.52851   -1.80667   -2.55540    2.00000
 180.01517    0.04092   23.19128   22.83271    0.04364    0.02409    8.21673   -0.59295    3.10234    5.33224    2.00000
 179.94926    0.04712   21.58783   21.36593    0.06925    0.03822   29.25115   -1.87400   -0.12350   -2.72897    2.00000
 180.06921   -0.08499   22.75982   22.45194    0.10961    0.06049   11.37683   -1.75404    4.25310    6.48329    2.00000
 180.00833   -0.03690   23.25223   22.88563    0.03783    0.02088    7.80511    1.82475   -1.60505   -2.12540    2.00000
 180.04349   -0.02002   23.54503   23.13410    0.04787    0.02642    6.24035    3.31769    0.89682   -0.53714    2.00000
 179.98964   -0.03405   23.60454   23.18403    0.03559    0.01964    5.98901    7.10380    5.71725   16.42495    2.00000
 179.97081   -0.00093   23.14022   22.78832    0.02921    0.01612    8.56195    3.80882    0.76305    7.92148    2.00000
 179.97340   -0.00715   21.23240   21.00018    0.02755    0.01520   38.87192   -0.52272   -1.77981   -2.00157    2.00000
 180.05212   -0.00193   22.31731   22.05042    0.05215    0.02878   16.15806    2.11672    2.21705    4.52145    2.00000
 179.98990   -0.03230   23.18397   22.82636    0.03384    0.01868    8.26612   -5.50863   -2.46821   -9.56784    2.00000
 180.00169   -0.06122   22.44894   22.17153    0.06125    0.03380   14.71595    3.76413    2.02764    7.64793    2.00000
 179.99339    0.03959   23.48287   23.08150    0.04014    0.02216    6.50517   -1.67408   -1.45824   -7.22857    2.00000
 180.04173    0.03561   21.84803   21.61490    0.05487    0.03028   23.66405   -0.87804    0.27866   -0.80299    2.00000
 179.98251    0.08237   22.80223   22.48986    0.08420    0.04647   10.92537    4.40557    2.01234    4.70027    2.00000
 180.04234   -0.07379   23.25467   22.88774    0.08508    0.04696    7.78864    4.00956   -1.18785    3.23385    2.00000
 180.04144   -0.00320   23.81280   23.35666    0.04158    0.02295    5.11986   -5.44891    0.19552   -3.51652    2.00000
 179.92590   -0.00487   23.08021   22.73588    0.07425    0.04098    8.96990    1.16494    0.17704   -0.50225    2.00000
 179.90994   -0.11021   22.05851   21.81137    0.14232    0.07855   20.14099   -4.12950   -0.31924   -5.29826    2.00000
 180.01254   -0.00552   23.69435   23.25873    0.01371    0.00757    5.61289    1.86196   -2.95318    0.67388    2.00000
 179.76393   -0.06309   22.73986   22.43410    0.24435    0.13486   11.58928   -4.21464    0.29870   -3.06371    2.00000
 180.13597    0.12722   23.31728   22.94128    0.18620    0.10277    7.37227    5.79477    0.47701    3.98805    2.00000
 180.01596    0.07548   23.65505   23.22619    0.07715    0.04258    5.77675    0.04039    1.42005    7.10875    2.00000
 180.01067    0.01886   23.81994   23.36256    0.02166    0.01196    5.09017   -1.50933    0.38828   -2.53162    2.00000
 179.99287    0.05118   23.56389   23.15006    0.05167    0.02852    6.16001   -4.98606    0.22765   -2.91718    2.00000
 180.01662   -0.04296   23.69996   23.26338    0.04606    0.02542    5.58948   -0.96533   -2.02703   -1.65009    2.00000
 180.03163    0.04126   23.16690   22.81154    0.05199    0.02869    8.38138   -0.07223    0.78978   -3.05394    2.00000
 179.98190    0.02289   23.67751   23.24478    0.02918    0.01611    5.68312   -0.15154   -2.13989   -2.38684    2.00000
 179.95917    0.03748   23.52071   23.11352    0.05543    0.03059    6.34397    1.07947    0.99909   -6.91006    2.00000
 180.04269    0.02274   23.24004   22.87504    0.04837    0.02670    7.88743    1.02902    0.14436    0.23718    2.00000
 180.04198    0.03719   23.72990   23.28818    0.05608    0.03095    5.46464   -0.47750   -1.96299   -1.92377    2.00000
 180.09348   -0.06898   21.52131   21.30093    0.11618    0.06412   30.96095    0.59919    3.00992    4.67598    2.00000
 179.97800   -0.03976   23.53692   23.12724    0.04544    0.02508    6.27489    0.28340    1.73669    6.20697    2.00000
 179.97481    0.09413   21.88613   21.65063    0.09744    0.05378   23.02350   -4.00460    2.73180   -0.92547    2.00000
 180.00502   -0.04730   21.28100   21.05222    0.04756    0.02625   37.50302    0.20546    1.04221    0.90379    2.00000
 179.87131   -0.08169   23.20347   22.84329    0.15243    0.08413    8.13441   -0.59196   -0.56286   -3.14034    2.00000
 180.28415   -0.52338   22.42052   22.14550    0.59554    0.32870   15.02581   -6.83090   -0.07027   -6.54883    2.00000
 179.99875    0.11717   21.94615   21.70676    0.11718    0.06467   22.01691   -1.79233   -1.04664   -2.58796    2.00000
 179.96713   -0.25229   22.86370   22.54471    0.25442    0.14042   10.45681   -1.60743   -1.07422   -1.39266    2.00000
 180.07756   -0.10500   23.57723   23.16121    0.13053    0.07204    6.10386    3.09275   -0.65149    3.16404    2.00000
 179.86929   -0.00748   22.62453   22.33068    0.13091    0.07225   12.82081   -1.83302    1.87592    0.40789    2.00000
 180.01904   -0.19599   22.06673   21.81902    0.19692    0.10868   20.00373   -5.54501   -2.08862   -9.16826    2.00000
 179.95433    0.28142   23.26442   22.89621    0.28510    0.15736    7.72278   -4.10481   -0.76651   -2.97299    2.00000
 179.95065    0.03944   22.22558   21.96608    0.06316    0.03486   17.36667   -1.14830   -0.97048   -0.82909    2.00000
 180.05049    0.06461   20.18848   19.70797    0.08200    0.04526  103.35455    3.06616    1.22012    4.33412    2.00000
 180.01546   -0.05831   22.20501   21.94718    0.06032    0.03329   17.70559   -0.22940    2.71844    2.59337    2.00000
 179.93469    0.02596   22.04207   21.79606    0.07028    0.03879   20.41551    3.17228   -0.53546    2.66030    2.00000
 179.95030   -0.03667   23.38259   22.99661    0.06177    0.03409    6.94184    2.34996   -1.79911    1.01996    2.00000
 179.93771   -0.02203   22.15643   21.90260    0.06607    0.03646   18.50502   -2.71885    2.88806   -0.42272    2.00000
 179.94910   -0.05980   21.44764   21.22568    0.07853    0.04334   32.94048    4.77791    3.23943    8.85315    2.00000
 180.00931   -0.05475   21.70331   21.47712    0.05554    0.03065   26.32630   -0.66568    1.43535    0.88569    2.00000
 180.00423    0.02150   23.30639   22.93205    0.02192    0.01210    7.44401   -1.35130   -0.97348   -2.88780    2.00000
 179.98215   -0.04474   21.80176   21.57153    0.04817    0.02659   24.44187   -1.84513    0.09496   -2.39313    2.00000
 180.00551    0.05426   23.73177   23.28973    0.05454    0.03010    5.45684    4.27101   -0.51908    5.35571    2.00000
 180.01627   -0.02574   21.59951   21.37716    0.03045    0.01681   28.95584    0.59751    1.54831    1.84694    2.00000
 179.92044    0.10840   23.03460   22.69602    0.13447    0.07421    9.27994   -1.22346    3.07281    2.52959    2.00000
 180.02068    0.05745   22.12793   21.87656    0.06106    0.03370   18.97205    2.47653   -0.43534    2.89614    2.00000
 180.01071    0.01438   23.57562   23.15987    0.01793    0.00990    6.11062   -0.22320   -0.31920   -1.97318    2.00000
 179.92239    0.08002   23.36626   22.98278    0.11147    0.06152    7.04944   -0.50324    2.73101    2.41530    2.00000
 179.99417   -0.02690   21.48937   21.26831    0.02752    0.01519   31.81890   -4.59260   -2.29664   -6.79028    2.00000
 180.01425   -0.00236   22.61149   22.31896    0.01445    0.00797   12.96034    3.51906   -0.38698    4.26309    2.00000
 179.94157   -0.06273   23.55314   23.14096    0.08572    0.04731    6.20581    4.44397   -0.23543    5.33523    2.00000
 179.92641    0.00532   22.75233   22.44525    0.07379    0.04073   11.45650    0.31258    1.86057    3.19712    2.00000
 179.97725   -0.04185   18.04839   18.07274    0.04764    0.02629  275.79306   -3.28168   -0.84369   -4.14100    2.00000
 179.73930    0.30741   21.10816   20.85409    0.40306    0.22246   44.34508    1.55281   -0.14672    1.33375    2.00000
 180.02818   -0.04580   23.81994   23.36256    0.05378    0.02968    5.09017   -5.85969   -0.01322  -12.83884    2.00000
 179.95393    0.01764   22.26670   22.00388    0.04932    0.02722   16.71221    3.64483    3.45587    6.75681    2.00000
 180.00053    0.01881   23.14742   22.79462    0.01882    0.01039    8.51300   -3.31266    3.66009    1.40041    2.00000
 180.01804    0.01221   23.46935   23.07007    0.02178    0.01202    6.56273    3.09809   -0.07403    6.22960    2.00000
 180.06268   -0.02539   21.60145   21.37903    0.06763    0.03732   28.90662    1.89108   -0.57088    1.46093    2.00000
 179.92232   -0.04540   21.86164   21.62766    0.08997    0.04966   23.43528   -0.24887   -0.08149   -0.96517    2.00000
 180.00989    0.12599   23.21810   22.85599    0.12637    0.06975    8.03562   -2.75645   -0.47595   -4.32073    2.00000
 180.01794   -0.03026   20.90153   20.55975    0.03518    0.01942   55.37575   -0.62127    1.13806    0.73783    2.00000
 179.97285   -0.01222   23.02980   22.69182    0.02977    0.01643    9.31257    2.12056   -1.86515   -0.63859    2.00000
 180.07594   -0.18973   21.28302   21.05438    0.20436    0.11279   37.44635   -0.09849    3.87554    4.61641    2.00000
 180.07202    0.01185   22.80223   22.48986    0.07299    0.04029   10.92537    3.67646   -1.19287    2.94250    2.00000
 180.03542   -0.00381   23.45584   23.05863    0.03561    0.01966    6.62030   -0.89025   -3.09879   -5.19864    2.00000
 180.01762    0.07214   21.74830   21.52050    0.07426    0.04099   25.35696   -1.11173   -0.66905   -0.82908    2.00000
 179.93466   -0.14763   21.48937   21.26831    0.16144    0.08910   31.81890   -4.57875   -0.08397   -5.26031    2.00000
 180.00137   -0.01627   22.38932   22.11676    0.01632    0.00901   15.36812    2.78887    2.30459    4.82435    2.00000
 179.57208    0.34554   21.55473   21.33412    0.55000    0.30357   30.08785    1.09151    0.58093    1.83260    2.00000
 180.02567    0.10595   21.92151   21.68379    0.10901    0.06017   22.42869    4.85573   -2.61618    2.30755    2.00000
 179.95020    0.08549   23.57401   23.15853    0.09894    0.05461    6.11737   -1.30423   -2.14198   -3.97596    2.00000
 180.10089    0.00773   18.88031   18.33025    0.10119    0.05585  240.32202   -3.72100   -2.00379   -5.76180    2.00000
 180.00017   -0.02185   22.09846   21.84912    0.02185    0.01206   19.46397    0.73183    1.85357    1.02936    2.00000
 180.03957   -0.03146   21.39287   21.16971    0.05054    0.02790   34.41255   -5.69181    1.41522   -2.97009    2.00000
 179.82016    0.01360   23.15471   22.80096    0.18035    0.09954    8.46370   -2.83834   -0.18428   -6.50841    2.00000
 179.99367    0.05021   22.11164   21.86166    0.05061    0.02793   19.23918   -2.09096    1.17184   -1.13092    2.00000
 179.96701   -0.03161   22.62192   22.32834    0.04568    0.02521   12.84871    3.78439   -1.74360    2.94483    2.00000
 179.87947   -0.04761   22.69234   22.39161    0.12960    0.07153   12.09523    4.40923    1.07364   10.12089    2.00000
 180.03122   -0.00053   23.01365   22.67768    0.03123    0.01723    9.42258    4.83312    1.30675    5.53255    2.00000
 180.06091   -0.03108   21.81809   21.58684    0.06839    0.03774   24.16735   -1.05003   -2.20986   -3.36112    2.00000
 179.97649   -0.01605   23.46935   23.07007    0.02847    0.01572    6.56273   -1.38935   -0.65029    3.47832    2.00000
 180.01999   -0.01507   23.28734   22.91591    0.02504    0.01382    7.56956    1.49200   -0.74582    0.29869    2.00000
 179.60422   -0.27550   22.62453   22.33068    0.48223    0.26616   12.82081    6.65368    1.65769    8.28689    2.00000
 179.97003    0.00481   23.27918   22.90900    0.03035    0.01675    7.62329    0.55137    1.07522    0.92366    2.00000
 180.07797   -0.02405   21.41373   21.19103    0.08160    0.04504   33.85176    1.82148   -3.29524   -1.15843    2.00000
 179.97552    0.02867   23.51800   23.11123    0.03769    0.02080    6.35549   -0.07847    0.71416   10.04879    2.00000
 180.08118   -0.19047   23.58847   23.17061    0.20704    0.11427    6.05657    5.28162    3.42474   12.45519    2.00000
 179.91510   -0.01971   22.31971   22.05263    0.08716    0.04810   16.13173    0.95177    3.28977    4.71977    2.00000
 179.97641   -0.03206   22.23843   21.97789    0.03980    0.02197   17.15484    4.53388   -0.90179    5.03814    2.00000
 179.99313    0.00494   23.04661   22.70651    0.00846    0.00467    9.19835    2.09008    0.61487    4.61517    2.00000
 179.99147   -0.24205   23.48017   23.07922    0.24220    0.13367    6.51668   -1.35278   -3.09797   -4.29114    2.00000
 180.05280   -0.49224   21.66362   21.43885    0.49506    0.27324   27.33304    2.72379   -2.78512   -1.24927    2.00000
 179.77776   -0.39327   20.55378   20.09916    0.45172    0.24932   78.27204   -4.83983    4.26215   -0.52068    2.00000
 180.15691   -0.23636   23.58687   23.16926    0.28370    0.15658    6.06332   -7.86243    0.75021   -9.17785    2.00000
 179.99126   -0.03669   23.64791   23.22026    0.03772    0.02082    5.80660    1.45952   -1.50815   -1.43305    2.00000
 180.12103   -0.03135   22.58541   22.29553    0.12503    0.06901   13.23941   -0.30648   -1.33261    0.00701    2.00000
 180.01135    0.01135   23.79613   23.34290    0.01606    0.00886    5.18913   -2.70955    0.84828  -12.40260    2.00000
 180.04192   -0.00263   22.75233   22.44525    0.04201    0.02318   11.45650    1.68607    2.74432    5.13179    2.00000
 180.16174   -0.00431   21.54695   21.32664    0.16180    0.08930   30.28473    2.77055   -0.34479    2.06732    2.00000
 179.95163    0.09207   23.41525   23.02428    0.10400    0.05740    6.79324   -9.88107   -0.22966  -13.34739    2.00000
 180.04568   -0.12356   22.90022   22.57726    0.13174    0.07271   10.20367    5.05502    1.08614    6.57517    2.00000
 179.99356   -0.02292   23.80089   23.34683    0.02381    0.01314    5.16934    1.10003   -0.33006    1.70882    2.00000
 180.11497    0.15211   23.46125   23.06321    0.19068    0.10524    6.59727   -2.75033   -2.45585  -10.61231    2.00000
 180.01067    0.01030   23.32272   22.94589    0.01483    0.00818    7.33640    5.89230    1.18880    5.16114    2.00000
 180.07802   -0.00079   23.53422   23.12495    0.07803    0.04306    6.28641    5.12583    3.61618   16.41086    2.00000
 180.09074   -0.19350   22.18959   21.93301    0.21372    0.11796   17.95978    1.13881   -1.48156    1.05101    2.00000
 179.99258   -0.01654   23.72990   23.28818    0.01812    0.01000    5.46464   -0.98315    3.71772    2.50537    2.00000
 180.21468    0.21338   22.97164   22.64082    0.30268    0.16706    9.70925   10.90565    0.90057    8.00071    2.00000
 179.68703   -0.09117   22.96281   22.63305    0.32599    0.17992    9.76970    3.65967    2.70715    6.44885    2.00000
 179.89632    0.13505   23.76517   23.31735    0.17026    0.09397    5.31778   -0.05357    1.73727    3.53096    2.00000
 180.01852    0.01351   20.75542   20.33781    0.02293    0.01266   65.97316    4.66148    0.84243    5.23267    2.00000
 179.93655    0.01884   22.86109   22.54239    0.06618    0.03653   10.47490    1.26606    1.25803    1.18838    2.00000
 179.95042    0.05200   20.85339   20.47790    0.07185    0.03966   58.75397   -1.28300    3.31714    2.21845    2.00000
 180.05309    0.02975   21.35635   21.13240    0.06085    0.03359   35.39392    0.27624   -1.34126   -0.81593    2.00000
 180.04581    0.02304   22.73737   22.43187    0.05127    0.02829   11.61584   -1.10290   -1.07753   -4.56741    2.00000
 180.02901   -0.04321   23.18640   22.82847    0.05204    0.02872    8.24966   -0.09565   -1.66690   -0.53050    2.00000
 180.00822    0.01589   21.45025   21.22834    0.01790    0.00988   32.87038    4.26420   -3.79958    0.17251    2.00000
 179.97960    0.03538   23.47476   23.07464    0.04084    0.02254    6.53971    4.22537    1.09048    4.53588    2.00000
 179.99101   -0.12159   22.61149   22.31896    0.12192    0.06729   12.96034   -0.16555   -1.84958   -2.41172    2.00000
 180.08176   -0.02553   20.36247   19.89246    0.08565    0.04727   90.73689    2.63740   -2.13755    0.61494    2.00000
 180.03311    0.01515   23.82471   23.36649    0.03641    0.02010    5.07038    0.52459    1.60444    7.37594    2.00000
 179.96165    0.07903   22.19216   21.93537    0.08784    0.04848   17.91741    6.24116   -0.87966    4.86669    2.00000
 180.01642    0.04145   23.24979   22.88351    0.04458    0.02461    7.82157   -1.17729   -1.53972   -5.13209    2.00000
 179.99702   -0.07043   23.27418   22.90468    0.07049    0.03891    7.65693   -5.18980   -1.32305   -8.98064    2.00000
 179.95766   -0.04780   23.28462   22.91361    0.06386    0.03525    7.58749   -3.66207   -1.06631   -4.49581    2.00000
 179.90570   -0.06181   22.37492   22.10349    0.11275    0.06223   15.52610    2.28686   -0.98740    1.65486    2.00000
 180.01813   -0.00129   21.02553   20.74848    0.01816    0.01002   48.30303   -4.20454   -0.66474   -4.78389    2.00000
 180.02875    0.04860   23.68686   23.25253    0.05647    0.03116    5.64410    1.17892    0.09790   -5.37225    2.00000
 179.95010   -0.03881   23.03941   22.70021    0.06321    0.03489    9.24730   -3.38839    3.96596    3.63267    2.00000
 180.22649   -0.16369   23.41253   23.02198    0.27945    0.15423    6.80485    0.82728   -1.87147   -1.58043    2.00000
 180.00461   -0.04104   22.83240   22.51682    0.04130    0.02279   10.67380   -1.16145    0.46829   -0.83273    2.00000
 180.03125    0.02074   20.77553   20.36401    0.03750    0.02070   64.62321   -0.02189    0.26434    0.15509    2.00000
 180.04080   -0.03586   21.33156   21.10609    0.05432    0.02998   36.08614   -0.11368   -2.48788   -2.74473    2.00000
 179.95235    0.08291   22.99749   22.66350    0.09563    0.05278    9.53284    0.37603    3.44053    6.46747    2.00000
 179.98540   -0.01477   23.24492   22.87928    0.02077    0.01147    7.85450    4.90440   -0.41903    1.03139    2.00000
 179.96619   -0.08565   23.31183   22.93666    0.09208    0.05082    7.40814    1.61546   -1.52028    1.48483    2.00000
 179.98392    0.00840   23.76755   23.31931    0.01815    0.01002    5.30789   -0.34084    0.30680    3.83256    2.00000
 180.02422   -0.06086   23.02740   22.68972    0.06550    0.03615    9.32889   -4.87919    3.38827   -2.08793    2.00000
 179.95345   -0.06607   21.25875   21.02852    0.08083    0.04461   38.12645   -0.22095   -1.64447   -1.62541    2.00000
 179.94757   -0.00345   18.15890   17.90154    0.05255    0.02900  302.60461    0.49197   -1.46471   -0.93814    2.00000
 180.05864   -0.05251   23.76993   23.32128    0.07871    0.04344    5.29799   -3.35554   -0.41842   -1.51379    2.00000
 179.95782   -0.03074   22.64279   22.34708    0.05219    0.02881   12.62546    5.79579   -0.58998    5.61021    2.00000
 180.21997   -0.31327   23.25223   22.88563    0.38279    0.21127    7.80511   -8.78402   -2.02326  -15.00159    2.00000
 179.84978   -0.16516   22.77479   22.46533    0.22326    0.12322   11.21749   -7.04009   -1.48812  -11.12803    2.00000
 179.86998    0.14716   23.06821   22.72539    0.19637    0.10838    9.05149    2.70837   -0.28217    3.49881    2.00000
 180.01839    0.07150   18.80274   18.24765    0.07383    0.04075  251.70035   -2.89980   -0.77885   -3.66828    2.00000
 179.99286   -0.02214   22.07677   21.82849    0.02326    0.01284   19.83407    1.19930    1.04510    2.15322    2.00000
 179.99252   -0.03678   23.58847   23.17061    0.03753    0.02071    6.05657   -4.42810    1.12071   -6.61056    2.00000
 180.00876   -0.00262   23.12102   22.77154    0.00914    0.00505    8.69250    2.20428    0.49008    0.33065    2.00000
 179.95505   -0.01526   21.47894   21.25765    0.04747    0.02620   32.09929    3.65393    2.97129    5.38340    2.00000
 180.05882    0.11286   23.33361   22.95511    0.12727    0.07025    7.26466   -2.42668   -2.86047   -8.12598    2.00000
 180.01006    0.03691   22.03110   21.78585    0.03825    0.02111   20.59853   -0.73939   -0.54828   -1.44276    2.00000
 180.02167    0.03018   21.88613   21.65063    0.03715    0.02050   23.02350    1.09017   -2.17305   -1.43284    2.00000
 180.12921   -0.05228   22.39172   22.11897    0.13939    0.07693   15.34178   -1.85975   -1.14150   -3.91751    2.00000
 180.05020    0.03132   23.05861   22.71700    0.05917    0.03266    9.11676   -5.64866   -0.93347   -5.38683    2.00000
 180.09184    0.06616   21.70596   21.47967    0.11320    0.06248   26.25919   -5.81778    0.19465   -6.00257    2.00000
 180.12299    0.14487   23.83185   23.37239    0.19003    0.10488    5.04069   -6.28318    2.39636   -8.31664    2.00000
 180.02586    0.11484   22.56454   22.27678    0.11771    0.06497   13.46266    0.26377   -1.35295    0.81026    2.00000
 180.22375   -0.02880   23.73177   23.28973    0.22559    0.12451    5.45684    4.00161    0.78912    7.80768    2.00000
 180.11076    0.22127   22.49816   22.21638    0.24745    0.13657   14.18190    5.31803   -1.20690    4.91982    2.00000
 179.97644   -0.02558   22.70992   22.40734    0.03478    0.01919   11.90796    0.94892   -3.73100   -2.87421    2.00000
 180.10786   -0.05048   23.77708   23.32718    0.11909    0.06573    5.26830   -1.73826   -2.04314   -1.57153    2.00000
 179.94917    0.01812   22.65061   22.35412    0.05395    0.02978   12.54174   -6.81759   -2.06187  -10.49690    2.00000
 179.88512   -0.25938   20.57280   20.12019    0.28368    0.15657   77.18813   -6.63945   -1.92014   -8.50306    2.00000
 180.12582    0.14188   22.10389   21.85428    0.18964    0.10467   19.37145   -1.24401   -7.01746   -7.84461    2.00000
 179.91966   -0.00695   22.85327   22.53541    0.08063    0.04450   10.52914   -4.04390   -1.69706   -5.27918    2.00000
 180.01118    0.00384   21.93793   21.69910    0.01183    0.00653   22.15417   -1.79185    2.39009    1.00469    2.00000
 180.27364   -0.10970   22.54034   22.25482    0.29481    0.16271   13.72413    8.27196    0.11026    8.84082    2.00000
 180.00783    0.00391   23.80327   23.34880    0.00875    0.00483    5.15945    2.76192    1.32862    7.44229    2.00000
 180.21503   -0.06040   23.69996   23.26338    0.22335    0.12327    5.58948   -4.36662   -4.58564   -7.59672    2.00000
 180.03072   -0.04340   23.70370   23.26648    0.05317    0.02934    5.57388   -0.85486    0.49135  -10.06419    2.00000
 180.00620    0.05441   22.85327   22.53541    0.05477    0.03023   10.52914   -2.12898    0.71335    0.66902    2.00000
 180.10880    0.05396   23.17909   22.82212    0.12144    0.06703    8.29905   -8.18447    0.72466  -10.22413    2.00000
 180.09639   -0.10860   22.90804   22.58423    0.14521    0.08014   10.14942   -7.99089    1.60199   -3.47406    2.00000
 180.02045   -0.01483   23.15227   22.79884    0.02525    0.01394    8.48017   -3.86509   -0.62653   -1.18027    2.00000
 179.78168   -0.32418   21.84803   21.61490    0.39084    0.21572   23.66405    1.47047   -0.15790    2.57887    2.00000
 180.00192   -0.05844   23.55854   23.14554    0.05847    0.03227    6.18278   -1.35122   -1.31953   -4.80223    2.00000
 180.20726    0.11230   23.06101   22.71909    0.23573    0.13010    9.10044    2.93933    1.75275    3.37354    2.00000
 179.99031    0.10271   22.94977   22.62143    0.10316    0.05694    9.86011   -0.68923   -0.20318   -1.02258    2.00000
 179.96518    0.04981   22.50284   22.22065    0.06078    0.03354   14.13103    2.16585   -3.35096   -0.43623    2.00000
 180.27901    0.11483   22.97056   22.63988    0.30172    0.16653    9.71660   -3.19277    1.18997   -2.36560    2.00000
 180.02086   -0.01019   23.33633   22.95742    0.02321    0.01281    7.24673    2.02860   -0.26986   -3.17906    2.00000
 179.99799    0.01628   22.60366   22.31193    0.01640    0.00905   13.04406    1.68365    3.09913    5.51718    2.00000
 180.09090    0.02183   22.17417   21.91883    0.09347    0.05159   18.21397    2.06173    0.36612    3.14716    2.00000
 179.98921   -0.01150   22.17160   21.91647    0.01577    0.00870   18.25633    2.46390   -0.65974    3.40684    2.00000
 179.98482    0.04194   21.87797   21.64297    0.04461    0.02462   23.16076    0.24762   -2.47508   -2.55943    2.00000
 179.94868    0.00276   22.98672   22.65405    0.05138    0.02836    9.60634    1.16901    1.24285    0.50480    2.00000
 180.04004    0.06225   20.69022   20.25687    0.07402    0.04085   70.14477    0.70184    0.07536    0.78527    2.00000
 180.02107   -0.03972   23.65880   23.22929    0.04496    0.02482    5.76114   -7.61793   -3.90676  -12.97672    2.00000
 180.01158   -0.00027   23.72054   23.28043    0.01158    0.00639    5.50366    1.47691   -0.07458   -1.07639    2.00000
 180.04008    0.03135   21.84259   21.60980    0.05090    0.02809   23.75556   -0.24696   -2.15570   -1.28279    2.00000
 180.01253    0.04858   23.39076   23.00353    0.05017    0.02769    6.89772    2.62973   -0.82550    1.26472    2.00000
 180.00151    0.05290   21.20465   20.96868    0.05293    0.02921   40.05043    3.84449    0.11332    3.45809    2.00000
 179.99452   -0.01500   22.15862   21.90460    0.01597    0.00881   18.46909   -0.05033   -0.87075   -0.54273    2.00000
 180.04910   -0.06658   21.97629   21.73482    0.08273    0.04566   21.51361   -2.94711    0.92990   -1.86349    2.00000
 180.02837   -0.05601   21.12907   20.87949    0.06278    0.03465   43.39312   -3.51863   -2.46564   -6.05512    2.00000
 179.99199   -0.05812   21.78543   21.55622    0.05867    0.03238   24.71640   -1.89201    2.51224    0.03256    2.00000
 179.86559   -0.07931   21.89158   21.65573    0.15608    0.08614   22.93199    4.68802    1.38856    5.12379    2.00000
 179.92278    0.08115   23.54773   23.13639    0.11202    0.06182    6.22884    8.04601   -0.75665    4.18852    2.00000
 180.01826    0.05969   23.46125   23.06321    0.06243    0.03445    6.59727   -2.27039    0.24713   -2.92964    2.00000
 179.95396   -0.00901   23.51800   23.11123    0.04690    0.02589    6.35549    3.17423    0.02056    1.00111    2.00000
 179.94771    0.07907   22.37252   22.10128    0.09479    0.05232   15.55244    1.20044   -0.00403    3.14893    2.00000
 180.10178    0.00808   22.23072   21.97081    0.10209    0.05634   17.28194    1.22677    0.94049    1.32372    2.00000
 179.91669    0.10355   23.58526   23.16792    0.13291    0.07335    6.07008    2.07282   -2.11179   -3.61147    2.00000
 180.05090    0.09594   22.54034   22.25482    0.10861    0.05994   13.72413   -0.30240   -1.51962   -0.06870    2.00000
 180.05183    0.01287   22.78976   22.47871    0.05341    0.02948   11.05815    2.40135    2.77489    5.14025    2.00000
 180.03491    0.02015   20.98656   20.69348    0.04031    0.02225   50.36401    0.34246   -1.28904   -0.70078    2.00000
 179.93710   -0.05557   21.78543   21.55622    0.08394    0.04633   24.71640   -4.59744   -3.48323   -7.64787    2.00000
 180.00899   -0.01487   23.73738   23.29438    0.01738    0.00959    5.43343    3.72128   -2.01313    0.26481    2.00000
 179.97334    0.01605   21.90791   21.67104    0.03112    0.01718   22.65746   -7.40045   -1.66051   -8.61242    2.00000
 179.97397    0.02928   23.40709   23.01737    0.03918    0.02162    6.82807   -1.12874   -1.25437   -5.30709    2.00000
 179.97585    0.02868   23.32000   22.94358    0.03749    0.02069    7.35434    4.26339   -2.25436    7.89799    2.00000
 179.88400    0.07225   22.33651   22.06811    0.13665    0.07542   15.94741   -2.58317    0.07022   -1.56969    2.00000
 179.96205    0.00469   21.63649   21.41271    0.03824    0.02111   28.02069   -0.52254   -0.08643   -0.27616    2.00000
 179.94731    0.39737   21.42938   21.20702    0.40085    0.22124   33.43117   -2.46189   -0.34970   -3.23894    2.00000
 179.96759   -0.05674   21.77211   21.54346    0.06534    0.03606   24.94517   -0.89606    1.25209    0.32719    2.00000
 179.94009   -0.02686   22.74984   22.44302    0.06565    0.03623   11.48305    3.89216    2.88633    7.83124    2.00000
 180.06462   -0.01581   22.88457   22.56331    0.06652    0.03672   10.31216    5.39634    0.76174    5.51023    2.00000
 179.99982    0.05485   23.51260   23.10666    0.05485    0.03028    6.37852   -3.11610    3.30321    1.23309    2.00000
 179.91663   -0.09319   23.26442   22.89621    0.12504    0.06901    7.72278    0.35804    1.12251    3.31646    2.00000
 180.00125    0.03038   22.15533   21.90160    0.03040    0.01678   18.52298   -3.60380   -0.29273   -4.25228    2.00000
 179.95312   -0.01881   22.13780   21.88557    0.05050    0.02787   18.81038    0.99322   -1.70508   -0.89652    2.00000
 180.00043   -0.03174   23.00396   22.66917    0.03175    0.01752    9.48874   -2.74403   -0.23206   -0.38591    2.00000
 179.96494    0.02924   23.53422   23.12495    0.04566    0.02520    6.28641    0.58715    1.11961    4.17909    2.00000
 179.98251    0.03319   21.54500   21.32477    0.03752    0.02071   30.33394   -1.13596    2.59238    1.37136    2.00000
 180.05257   -0.02390   22.92630   22.60050    0.05775    0.03187   10.02285   -1.40450    0.52109   -1.11241    2.00000
 180.07832   -0.20838   21.51687   21.29639    0.22261    0.12287   31.08026   -1.52950    1.23775   -0.01466    2.00000
 179.99670    0.00397   23.18640   22.82847    0.00516    0.00285    8.24966   -2.00247   -1.61312   -1.80931    2.00000
 180.05724   -0.00998   21.83714   21.60470    0.05810    0.03207   23.84707    0.34047   -0.63067    0.29012    2.00000
 179.97287    0.02048   21.66892   21.44395    0.03399    0.01876   27.19880   -2.34638    0.60345   -1.22276    2.00000
 179.92317   -0.02441   21.61897   21.39587    0.08061    0.04449   28.46366    3.23482   -0.88240    2.64572    2.00000
 179.96516   -0.06653   22.83240   22.51682    0.07510    0.04145   10.67380   -3.95849    1.08654   -2.68511    2.00000
 179.99454   -0.01134   23.09221   22.74637    0.01259    0.00695    8.88831   -0.84572    1.43994   -2.74379    2.00000
 179.96626   -0.01936   23.75327   23.30752    0.03890    0.02147    5.36726    2.22815   -2.05389    5.14972    2.00000
 180.01894   -0.05599   21.88341   21.64807    0.05910    0.03262   23.06925    1.24645    0.90318    2.20820    2.00000
 179.99307   -0.12626   22.69234   22.39161    0.12645    0.06979   12.09523   -1.71157   -0.71872   -1.38410    2.00000
 180.08127    0.06305   22.31011   22.04378    0.10286    0.05677   16.23705    2.69782    2.59015    4.36586    2.00000
 179.91310   -0.09739   22.59062   22.30021    0.13052    0.07204   13.18359    0.79186    0.92633    1.01574    2.00000
 180.00005    0.05748   22.25642   21.99443    0.05748    0.03172   16.85829   -3.11578   -1.80939   -3.63718    2.00000
 180.02534   -0.00317   21.37461   21.15106    0.02554    0.01410   34.90323    2.93527    3.78573    6.88209    2.00000
 180.05093   -0.07865   22.79974   22.48763    0.09370    0.05172   10.95192   -0.78218   -0.36780   -2.82425    2.00000
 179.99936   -0.01795   21.99548   21.75269    0.01796    0.00991   21.19333   -2.02487   -1.43356   -2.54273    2.00000
 179.93456   -0.04268   23.44503   23.04949    0.07813    0.04312    6.66636    5.32635    0.10194    4.30774    2.00000
 179.98044    0.02817   23.17665   22.82001    0.03430    0.01893    8.31552   -2.77739    2.75744    1.63869    2.00000
 180.04855    0.16190   20.40398   19.93703    0.16903    0.09329   87.68895    7.60212   -1.29649    6.13915    2.00000
 180.00348    0.00274   22.63235   22.33771    0.00443    0.00244   12.73709   -1.15010    0.00359   -0.54775    2.00000
 180.02077    0.03651   22.44660   22.16939    0.04199    0.02318   14.74138    0.08258   -1.10450   -0.95975    2.00000
 179.88922   -0.16493   22.57758   22.28849    0.19868    0.10966   13.32313    4.76337   -0.32731    7.09508    2.00000
 179.98518   -0.00448   21.95163   21.71186    0.01547    0.00854   21.92540    5.35340    0.26807    4.74456    2.00000
 180.08273   -0.00505   23.29278   22.92052    0.08288    0.04575    7.53369   -0.64930    1.86729    2.72448    2.00000
 179.80528   -0.02153   22.35571   22.08580    0.19590    0.10812   15.73676    6.47866   -1.92889    4.23156    2.00000
 179.95621    0.12522   23.68873   23.25408    0.13265    0.07321    5.63630   -2.60759    1.04229   -8.63422    2.00000
 179.95348   -0.01503   21.56447   21.34348    0.04889    0.02699   29.84176    2.73949   -0.11605    2.89789    2.00000
 179.86678   -0.14169   23.67564   23.24323    0.19448    0.10734    5.69092   -1.37519   -0.15366    0.08178    2.00000
 179.93936   -0.11774   21.33560   21.11040    0.13244    0.07309   35.97279    4.54627    1.64852    5.85420    2.00000
 179.93201    0.04373   23.80327   23.34880    0.08084    0.04462    5.15945    1.94205   -1.33938   -2.05434    2.00000
 180.01361    0.00381   22.41812   22.14329    0.01413    0.00780   15.05214   -0.92033    0.07369    0.08208    2.00000
 180.07072   -0.25001   23.51260   23.10666    0.25983    0.14340    6.37852   -8.42594   -0.16095   -8.05781    2.00000
 179.94319    0.06335   21.51242   21.29186    0.08509    0.04696   31.19958   -3.84764   -2.98366   -6.45046    2.00000
 180.04570    0.01471   23.71680   23.27733    0.04801    0.02650    5.51926   -0.42717    0.45378    5.15170    2.00000
 179.95976   -0.06297   22.43488   22.15871    0.07473    0.04124   14.86854   -6.32043    1.46617   -7.18384    2.00000
 180.04333    0.02185   23.83900   23.37828    0.04854    0.02679    5.01101   -0.72691    0.34855   -4.22314    2.00000
