#RA        DEC       MAG_G     MAG_I     ANGSEP    RPROJ     SNR       VTRUE       VSYS       VMEAS      VSYSERR    
 179.83598    0.08117   22.70244   22.40065    0.18300    0.10100   11.98763   -3.36698    1.97986   -0.60953    2.00000
 180.06335    0.01724   21.85075   21.61746    0.06566    0.03624   23.61830   -0.02087   -0.29482   -0.02781    2.00000
 179.99258   -0.02189   23.71493   23.27578    0.02311    0.01275    5.52706   -1.62807    2.63325    3.26423    2.00000
 180.00725   -0.00530   23.03220   22.69392    0.00898    0.00496    9.29626    1.21009    1.54240    1.85859    2.00000
 179.97826    0.19167   23.79137   23.33897    0.19290    0.10646    5.20893   -3.53107    2.91689    0.39057    2.00000
 179.92775    0.01377   21.57225   21.35096    0.07355    0.04059   29.64489    0.21910   -1.57989   -0.80995    2.00000
 180.01125    0.02753   22.94716   22.61910    0.02974    0.01642    9.87819   -7.78601   -1.21027   -8.81037    2.00000
 179.90327    0.05547   23.68499   23.25098    0.11150    0.06154    5.65191   -3.94776   -0.65510   -1.44155    2.00000
 180.03102    0.03161   23.78899   23.33700    0.04429    0.02444    5.21882   -3.56605   -4.59190   -8.14581    2.00000
 179.97992   -0.09825   21.88341   21.64807    0.10029    0.05535   23.06925   -2.97354   -0.28785   -3.57340    2.00000
 179.85115    0.47661   23.32816   22.95050    0.49931    0.27559    7.30053    2.05273   -0.92322    5.07635    2.00000
 180.02042   -0.02458   23.56125   23.14782    0.03195    0.01763    6.17127    2.04453   -0.55332    0.23640    2.00000
 180.13351    0.03393   23.77946   23.32914    0.13776    0.07603    5.25841   -5.77069   -2.34934   -4.99483    2.00000
 180.02483   -0.02881   23.59490   23.17597    0.03804    0.02099    6.02954   -0.57311    1.41331   -1.68953    2.00000
 180.00562    0.11186   23.44233   23.04720    0.11200    0.06182    6.67787    5.14678   -0.65056    3.81991    2.00000
 180.00768    0.12978   22.82979   22.51449    0.13000    0.07175   10.69188   -1.80494    1.84958    1.81055    2.00000
 179.98222    0.01646   21.73242   21.50519    0.02422    0.01337   25.63148    3.81469    2.99651    7.82537    2.00000
 179.97301    0.06734   22.77978   22.46979    0.07255    0.04004   11.16438   -2.31529   -0.79183   -2.30906    2.00000
 180.01152   -0.05466   22.12683   21.87555    0.05586    0.03083   18.99001    6.55091    0.71269    8.01647    2.00000
 180.24481   -0.08615   23.41525   23.02428    0.25952    0.14324    6.79324   -2.25750    2.55909   -0.81937    2.00000
 180.02921   -0.00335   22.64279   22.34708    0.02940    0.01623   12.62546    3.33503   -1.06324    1.73720    2.00000
 180.02589    0.02404   23.66067   23.23084    0.03534    0.01950    5.75334    4.25078   -2.81552    3.69942    2.00000
 179.92497   -0.11876   23.19616   22.83694    0.14048    0.07753    8.18380   -2.48114    1.14850    0.95189    2.00000
 180.02344   -0.00108   23.08021   22.73588    0.02346    0.01295    8.96990   -1.40419   -1.05014   -3.24761    2.00000
 180.03987   -0.04807   23.52881   23.12038    0.06245    0.03447    6.30943    0.91912    1.54247    3.36107    2.00000
 180.01241   -0.02998   23.53152   23.12267    0.03244    0.01791    6.29792    1.95027    2.31364    6.91498    2.00000
 179.98924    0.01571   20.60026   20.15144    0.01904    0.01051   75.57794   -0.83287   -1.19267   -2.14229    2.00000
 180.10231   -0.05259   21.76417   21.53581    0.11504    0.06349   25.08243   -4.17111   -1.44281   -5.87233    2.00000
 179.98412   -0.03537   23.33905   22.95972    0.03877    0.02140    7.22879    0.83281   -0.10683    5.10676    2.00000
 179.97992   -0.08815   21.97355   21.73227    0.09041    0.04990   21.55937   -1.24594   -2.50932   -4.24879    2.00000
 179.92531   -0.13316   23.02012   22.68335    0.15268    0.08427    9.37848   -0.56895    3.19013    4.62586    2.00000
 179.96774    0.05123   23.09461   22.74846    0.06054    0.03341    8.87199   -5.43439    0.45102   -5.71320    2.00000
 179.99686   -0.03768   23.81756   23.36059    0.03781    0.02087    5.10007   -4.60816   -1.20811    7.19836    2.00000
 180.04762    0.07206   21.44503   21.22301    0.08637    0.04767   33.01057    0.29876    2.79604    2.86426    2.00000
 180.04037   -0.01369   22.84023   22.52379    0.04263    0.02353   10.61955   -0.98160    0.83320    1.77246    2.00000
 179.94272   -0.09446   18.58948   18.01964    0.11047    0.06097  283.10739    1.62188    0.17811    1.84861    2.00000
 179.99022   -0.01480   21.88886   21.65318    0.01774    0.00979   22.97774    1.88724    2.18531    4.19336    2.00000
 180.32352   -0.08744   21.86980   21.63532    0.33513    0.18497   23.29802   -0.63431   -1.46206   -2.86608    2.00000
 180.07477   -0.01895   22.01466   21.77055    0.07714    0.04257   20.87306    4.09969   -0.29530    3.07667    2.00000
 179.96204    0.00199   21.48676   21.26565    0.03802    0.02099   31.88900    0.55347    2.43392    3.12391    2.00000
 180.00636   -0.02025   22.71990   22.41626    0.02123    0.01172   11.80173   -0.44471   -0.76358    0.27064    2.00000
 180.03125   -0.01951   23.19372   22.83482    0.03684    0.02034    8.20027    5.23515   -1.56517    4.29663    2.00000
 180.03062    0.09732   21.85075   21.61746    0.10202    0.05631   23.61830    0.62066   -3.58903   -4.33190    2.00000
 180.04550   -0.10853   21.53641   21.31635    0.11769    0.06495   30.55527   -4.94270    0.78714   -4.68513    2.00000
 179.95786    0.02797   23.63506   23.20952    0.05058    0.02792    5.86065   -1.90853    4.03425   -6.80610    2.00000
 179.93530    0.12131   20.00716   19.51723    0.13748    0.07588  116.39930    0.71319   -0.47278    0.18491    2.00000
 180.16234    0.04628   22.48409   22.20356    0.16881    0.09317   14.33448    0.43803    2.05267    3.25392    2.00000
 179.94592    0.06963   21.90518   21.66849    0.08816    0.04866   22.70322   -3.91984   -2.55185   -6.30727    2.00000
 179.98293    0.00791   22.68452   22.38458    0.01882    0.01039   12.17895    1.05326   -1.17048    2.86307    2.00000
 179.97112   -0.02758   23.66441   23.23394    0.03994    0.02204    5.73773    3.92676   -3.50218   -4.66050    2.00000
 179.95570   -0.05240   19.54205   19.03041    0.06862    0.03787  158.96445   -3.06374    0.22826   -2.81288    2.00000
 179.93410    0.02261   21.65304   21.42864    0.06968    0.03846   27.60150   -2.39361   -2.37795   -5.38301    2.00000
 180.03487    0.12415   23.24248   22.87716    0.12895    0.07117    7.87097   -1.75751    2.19929    2.45579    2.00000
 180.06270    0.04596   22.94456   22.61678    0.07773    0.04290    9.89627    1.62016    1.18059    0.44097    2.00000
 179.94339   -0.04083   19.95657   19.46415    0.06980    0.03852  120.73744   -0.33650    0.60454    0.23287    2.00000
 179.98856    0.02419   23.07541   22.73168    0.02676    0.01477    9.00254   -4.98608   -0.95517   -7.93387    2.00000
 180.03386    0.03817   22.88978   22.56796    0.05102    0.02816   10.27600   -7.04708   -1.70767   -8.53742    2.00000
 179.99525   -0.00116   23.36082   22.97817    0.00488    0.00270    7.08531    1.18081   -0.44739   -3.12931    2.00000
 179.93483   -0.03501   23.83423   23.37435    0.07398    0.04083    5.03080    0.94248    0.93723   -3.04725    2.00000
 180.07790   -0.03772   21.64775   21.42354    0.08655    0.04777   27.73573    5.13603   -1.19277    5.08099    2.00000
 180.00774   -0.01681   23.40709   23.01737    0.01850    0.01021    6.82807    1.85890   -0.54319    4.70506    2.00000
 180.05884    0.02073   23.53152   23.12267    0.06239    0.03443    6.29792    0.49971    0.79395   -6.27520    2.00000
 180.02144   -0.02662   23.29822   22.92513    0.03418    0.01887    7.49782   -0.50867    0.23390    4.22110    2.00000
 179.88931    0.07875   21.56252   21.34161    0.13585    0.07498   29.89098   -6.32367   -2.41298   -8.73373    2.00000
 180.02191    0.05551   23.76993   23.32128    0.05967    0.03294    5.29799   -1.27480    4.44143    4.79785    2.00000
 179.99794   -0.06780   23.82471   23.36649    0.06783    0.03744    5.07038    1.45679    4.68165    5.39959    2.00000
 179.84570    0.00830   21.30729   21.08023    0.15452    0.08528   36.76624   -0.60312   -3.04745   -3.96247    2.00000
 180.07961   -0.01106   22.64800   22.35177    0.08036    0.04435   12.56964   -5.14309   -1.21416   -4.41474    2.00000
 179.94412   -0.00996   20.98240   20.68736    0.05676    0.03133   50.59350    1.09670   -1.10773    0.42478    2.00000
 180.10493    0.00632   22.12354   21.87255    0.10513    0.05802   19.04390    0.03201    4.49429    4.87240    2.00000
 180.08696    0.00126   21.00735   20.72410    0.08697    0.04800   49.21655    0.30066    1.26453    1.51343    2.00000
 179.99458   -0.01556   21.46590   21.24433    0.01648    0.00909   32.44979    4.54286   -2.08268    2.46627    2.00000
 179.98082   -0.05246   23.30095   22.92744    0.05586    0.03083    7.47988    0.38612    0.09423   -0.55012    2.00000
 180.00572   -0.03591   23.36626   22.98278    0.03636    0.02007    7.04944    3.96605   -0.66270   -1.76588    2.00000
 179.88763   -0.13278   22.63496   22.34005    0.17395    0.09601   12.70918   -3.81931   -0.01743   -4.00709    2.00000
 180.01703    0.02702   23.72990   23.28818    0.03194    0.01763    5.46464   -1.31605    2.29059   -0.91790    2.00000
 179.98659   -0.00612   22.54972   22.26336    0.01475    0.00814   13.62241   -1.96093    0.38828   -2.26041    2.00000
 179.91495    0.14925   23.60614   23.18537    0.17178    0.09481    5.98225   -3.36267   -0.72738   -5.77230    2.00000
 179.94125   -0.08832   21.48676   21.26565    0.10608    0.05855   31.88900  -12.13562   -0.70064  -12.80114    2.00000
 179.98373   -0.02040   23.62060   23.19744    0.02609    0.01440    5.92145    1.96205   -3.12396   -2.80698    2.00000
 179.97404   -0.00572   23.77470   23.32521    0.02657    0.01467    5.27820   -3.60659   -0.17096   -9.97222    2.00000
 180.04034    0.10306   23.15715   22.80307    0.11067    0.06108    8.44724   -1.52226   -2.77429   -2.55560    2.00000
 180.07796   -0.01121   22.89761   22.57493    0.07875    0.04346   10.22175   -1.07411   -0.48823   -2.44818    2.00000
 179.94769   -0.00486   23.32000   22.94358    0.05252    0.02899    7.35434    5.50867    1.86868   14.38283    2.00000
 179.92239    0.04157   22.19987   21.94246    0.08805    0.04859   17.79032    2.31477   -1.86906    1.20585    2.00000
 180.01160   -0.03481   22.21272   21.95427    0.03669    0.02025   17.57849   -3.87497    0.38172   -2.08449    2.00000
 180.08611   -0.20072   21.58783   21.36593    0.21840    0.12054   29.25115    3.61507    2.39531    5.68997    2.00000
 180.02483    0.01098   20.79277   20.38646    0.02715    0.01499   63.46611   -1.96202    0.33870   -1.79179    2.00000
 180.09425    0.07396   21.63844   21.41458    0.11980    0.06612   27.97148    4.45167    1.46222    5.97234    2.00000
 180.08609   -0.01088   22.53097   22.24628    0.08678    0.04789   13.82586    6.31508    0.30644    8.64676    2.00000
 180.06355    0.02769   22.80971   22.49655    0.06933    0.03826   10.84570    2.83100   -2.58936   -0.83907    2.00000
 179.91843    0.08790   21.84259   21.60980    0.11992    0.06619   23.75556   -3.47008    0.30694   -3.52886    2.00000
 179.94508   -0.04404   21.61897   21.39587    0.07040    0.03886   28.46366   -1.76238   -0.56536   -1.00177    2.00000
 180.03369    0.05798   17.47345   16.80184    0.06706    0.03701  528.99719   -3.72719   -0.32830   -4.04578    2.00000
 179.99458    0.01134   23.55584   23.14325    0.01257    0.00694    6.19430    1.68353    0.31103    6.31065    2.00000
 180.03294   -0.04147   23.13062   22.77993    0.05296    0.02923    8.62723    5.74248    0.37493    2.30200    2.00000
 180.09888    0.08818   20.90153   20.55975    0.13247    0.07312   55.37575    2.57362   -1.61184    0.89524    2.00000
 179.90060    0.16481   22.99749   22.66350    0.19247    0.10623    9.53284   -4.38076   -3.03211  -11.56398    2.00000
 180.08319    0.03364   23.72054   23.28043    0.08973    0.04953    5.50366   -1.37981    1.95035   -2.61909    2.00000
 180.18678   -0.22541   21.48937   21.26831    0.29274    0.16157   31.81890   -2.98752    1.96463   -0.62653    2.00000
 179.97179   -0.02065   23.17178   22.81577    0.03495    0.01929    8.34845    3.65852   -1.11263    2.82765    2.00000
 179.99396   -0.00194   23.12582   22.77574    0.00635    0.00351    8.65986    3.86048   -2.56209    0.47262    2.00000
 179.99687    0.05131   23.54503   23.13410    0.05140    0.02837    6.24035   -1.58897   -1.69648    3.91490    2.00000
 179.97742   -0.04042   23.53692   23.12724    0.04631    0.02556    6.27489    1.00621    1.35946   -2.02933    2.00000
 180.01949    0.02113   23.60132   23.18134    0.02874    0.01586    6.00252   -0.90576    3.66630   -0.60061    2.00000
 179.97404    0.01990   23.06821   22.72539    0.03271    0.01805    9.05149   -3.16845    0.95646   -3.83848    2.00000
 180.01146   -0.02765   23.18153   22.82424    0.02993    0.01652    8.28259    4.99295   -2.45340    4.03192    2.00000
 180.08881    0.06336   23.00827   22.67295    0.10909    0.06021    9.45934   -1.30057    1.16901   -1.94698    2.00000
 180.01299   -0.02380   22.23843   21.97789    0.02712    0.01497   17.15484   -7.13517   -1.09276   -9.34321    2.00000
 179.94113   -0.05358   23.76517   23.31735    0.07960    0.04393    5.31778    3.30210    0.58618    5.65763    2.00000
 179.85806    0.01445   20.54493   20.08956    0.14266    0.07874   78.76683   -6.67228   -1.08343   -7.57687    2.00000
 180.00394   -0.09169   22.01466   21.77055    0.09177    0.05065   20.87306   -3.09560    3.46289   -0.41631    2.00000
 180.00958   -0.02129   22.22044   21.96136    0.02335    0.01289   17.45140    1.93275   -2.99870   -0.26093    2.00000
 180.03448    0.06083   23.25467   22.88774    0.06992    0.03859    7.78864    0.79036    1.53032   -0.97264    2.00000
 180.06822   -0.06237   22.85588   22.53774    0.09243    0.05102   10.51106    3.07125    0.47615    2.02504    2.00000
 180.03535   -0.03292   23.65318   23.22464    0.04831    0.02666    5.78455    1.02340   -0.69561   -1.42812    2.00000
 180.04951   -0.03319   22.48175   22.20143    0.05961    0.03290   14.35991    4.52518   -2.07667   -0.04843    2.00000
 179.92554    0.05374   20.91230   20.57733    0.09184    0.05069   54.71703   -1.00011   -0.12607   -1.64333    2.00000
 179.98981   -0.00340   22.76730   22.45863    0.01076    0.00594   11.29716   -8.60574   -2.62784   -9.30129    2.00000
 179.98318    0.06509   22.95499   22.62608    0.06723    0.03711    9.82395    1.56066   -0.19647    0.71390    2.00000
 179.97198    0.07506   21.55084   21.33038    0.08012    0.04422   30.18629   -1.95389   -0.02342   -1.75613    2.00000
 180.00073   -0.00282   22.64540   22.34943    0.00292    0.00161   12.59755    0.96325    0.12286   -2.40850    2.00000
 179.96738   -0.05369   23.71867   23.27888    0.06283    0.03468    5.51146   -2.33970    1.02730    0.29228    2.00000
 179.82913   -0.07041   22.90282   22.57958    0.18481    0.10200   10.18559   -3.15520    0.15998   -3.20903    2.00000
 180.03336    0.08553   17.97077   18.00023    0.09180    0.05067  285.78027    4.83170    3.37111    8.19465    2.00000
 180.09061   -0.09769   21.06794   20.80438    0.13324    0.07354   46.20785   -0.75912   -1.67452   -2.67527    2.00000
 180.18527   -0.13780   23.78660   23.33504    0.23090    0.12744    5.22872   -5.22594    3.95789    5.10449    2.00000
 179.95227    0.07218   23.65318   23.22464    0.08654    0.04776    5.78455    3.92537   -0.36010    6.26060    2.00000
 179.96356   -0.07443   22.88196   22.56098    0.08287    0.04574   10.33024    2.14306    2.47615    2.91389    2.00000
 179.97878    0.19123   23.26198   22.89410    0.19240    0.10619    7.73925    3.91165    2.16457    8.23478    2.00000
 180.03445   -0.02528   23.34449   22.96433    0.04273    0.02358    7.19292   -6.52573    2.51443   -2.72747    2.00000
 180.18864   -0.19298   21.41634   21.19370    0.26987    0.14895   33.78166    0.72963   -2.03964   -1.41413    2.00000
 179.86105    0.12980   23.42611   23.03348    0.19014    0.10495    6.74695    8.13889   -0.88187    3.54403    2.00000
 180.01585   -0.05181   22.15424   21.90060    0.05418    0.02990   18.54094   -2.33445    0.54279   -2.32250    2.00000
 179.80247    0.28699   22.54737   22.26123    0.34839    0.19229   13.64784   -0.76780    2.67577    3.69328    2.00000
 180.07587   -0.00697   23.78660   23.33504    0.07619    0.04205    5.22872   -3.78204   -1.37670   -3.36337    2.00000
 179.74265   -0.02720   23.32272   22.94589    0.25879    0.14283    7.33640    5.74736    4.04389   13.51813    2.00000
 179.93018   -0.00936   21.17124   20.92986    0.07044    0.03888   41.50530    0.33157   -1.01283   -1.48339    2.00000
 180.13663    0.04668   23.21322   22.85176    0.14438    0.07969    8.06855    7.20217   -2.19475    4.43323    2.00000
 180.00703    0.01824   21.82626   21.59449    0.01954    0.01079   24.03009   -5.28266   -2.14728   -5.74887    2.00000
 180.01714    0.00086   23.81994   23.36256    0.01716    0.00947    5.09017   -2.30445    0.62749   -8.10906    2.00000
 179.95934   -0.09102   22.36051   22.09022    0.09969    0.05502   15.68409   -2.17272    4.25279    1.41708    2.00000
 179.65590    0.26468   23.32000   22.94358    0.43412    0.23960    7.35434   -0.62520   -2.64845   -9.60356    2.00000
 179.97432   -0.05630   23.74300   23.29903    0.06188    0.03415    5.41002   -1.92839   -1.39057   -1.93834    2.00000
 180.13290    0.03842   21.83714   21.60470    0.13835    0.07636   23.84707   -1.61604   -1.97059   -3.76568    2.00000
 180.21799   -0.14406   23.22785   22.86446    0.26130    0.14422    7.96976    1.34359   -0.81674    1.14641    2.00000
 180.05045   -0.05593   22.03110   21.78585    0.07532    0.04157   20.59853   -2.75741   -0.87789   -4.55176    2.00000
 179.99246   -0.04926   21.72184   21.49498    0.04983    0.02750   25.85649   -1.08877   -0.11119   -2.79775    2.00000
 179.96594   -0.02129   21.98177   21.73993    0.04015    0.02216   21.42210    6.06898    1.09003    6.33597    2.00000
 179.91699   -0.00687   22.11587   21.86554    0.08329    0.04597   19.16964    8.58698    2.98099   11.52692    2.00000
 179.98589   -0.01097   17.95837   17.96800    0.01788    0.00987  291.27029   -5.21744    0.06428   -5.10998    2.00000
 180.02274    0.03138   21.90791   21.67104    0.03875    0.02139   22.65746    0.90627    0.50920    2.54734    2.00000
 180.03107   -0.00487   22.17931   21.92356    0.03144    0.01735   18.12924    1.57794    0.03462    1.98551    2.00000
 179.97758   -0.02581   23.75565   23.30949    0.03418    0.01887    5.35737   -1.70753    4.30766   -2.72598    2.00000
 179.95964    0.06047   23.74868   23.30374    0.07270    0.04012    5.38631    2.85222   -0.11691    6.49859    2.00000
 179.99684    0.02283   23.83900   23.37828    0.02305    0.01272    5.01101    1.80475    2.20720    7.50956    2.00000
 179.97176    0.02625   22.76481   22.45640    0.03856    0.02128   11.32371   -1.41524   -0.67376   -1.76488    2.00000
 180.07880   -0.01227   23.58526   23.16792    0.07974    0.04401    6.07008    4.17523    2.51967    9.19625    2.00000
 179.99834   -0.03194   22.57758   22.28849    0.03199    0.01765   13.32313   -7.13538    0.40664   -6.00864    2.00000
 179.98782   -0.00908   23.09461   22.74846    0.01518    0.00838    8.87199   -3.20027    0.15795   -5.92192    2.00000
 180.04869    0.07720   23.65318   23.22464    0.09127    0.05037    5.78455    0.33995    3.21736    9.01566    2.00000
 179.97823    0.06987   23.50179   23.09751    0.07318    0.04039    6.42457   -1.88579    2.62389   -4.78300    2.00000
 179.92441   -0.07667   22.97702   22.64555    0.10767    0.05942    9.67250    2.49109   -2.57977    0.80884    2.00000
 179.99377   -0.00169   23.79137   23.33897    0.00646    0.00356    5.20893   -2.45203    2.70296    4.04959    2.00000
 180.08168    0.01884   20.41781   19.95188    0.08382    0.04626   86.67297   -2.72732    3.47719    1.06246    2.00000
 179.95676   -0.03130   23.77232   23.32325    0.05338    0.02946    5.28809    3.52752   -1.27390    2.73370    2.00000
 180.05168    0.07699   22.50519   22.22278    0.09273    0.05118   14.10560   -3.30787   -0.22522   -4.10347    2.00000
 180.01942   -0.05328   20.55820   20.10396    0.05671    0.03130   78.02465   -2.73004   -0.24477   -3.12944    2.00000
 180.06647    0.00291   22.77978   22.46979    0.06654    0.03672   11.16438    1.84236    1.09797    2.16986    2.00000
 180.12961    0.02958   23.02277   22.68567    0.13294    0.07337    9.36039    3.04319   -0.81891    6.77674    2.00000
 179.99022   -0.01476   20.82376   20.43133    0.01771    0.00977   61.15389   -0.75834   -2.48867   -3.41085    2.00000
 180.04128    0.01281   23.26686   22.89833    0.04322    0.02386    7.70632   -4.54571    0.93825   -5.59245    2.00000
 180.01349   -0.03449   22.94195   22.61445    0.03703    0.02044    9.91436   -1.39611   -1.27230   -3.64836    2.00000
 180.01508   -0.06128   23.22054   22.85811    0.06311    0.03483    8.01915   -1.79288    0.67647    4.12341    2.00000
 179.96460    0.05008   22.00644   21.76289    0.06132    0.03385   21.01032   -4.40529   -0.45236   -4.45334    2.00000
 179.94496    0.05728   23.37715   22.99200    0.07943    0.04384    6.97770   -0.96747    0.71451    3.96926    2.00000
 179.88184   -0.06132   22.97271   22.64177    0.13312    0.07347    9.70190   -5.04059    0.66877   -6.36574    2.00000
 180.13132    0.18197   22.65844   22.36115    0.22440    0.12385   12.45802    4.60900    2.11740    4.79019    2.00000
 180.01804    0.03706   23.47206   23.07236    0.04122    0.02275    6.55122   -1.16910    0.48129    2.96022    2.00000
 179.95906   -0.07643   21.64775   21.42354    0.08670    0.04785   27.73573    2.98666   -0.90888    2.72675    2.00000
 179.97911    0.05610   23.22785   22.86446    0.05986    0.03304    7.96976    3.68464   -2.27538   -0.87697    2.00000
 179.94821    0.03646   22.92369   22.59818    0.06334    0.03496   10.04093   -2.37409    2.90224    0.98730    2.00000
 180.02377    0.03859   23.64309   23.21623    0.04533    0.02502    5.82687    4.82733    1.83595    7.99851    2.00000
 180.13446   -0.07679   22.95760   22.62840    0.15485    0.08546    9.80587   -3.27457   -3.29440  -10.68034    2.00000
 180.00369    0.00380   22.96948   22.63893    0.00530    0.00293    9.72395    0.41510   -2.16240   -5.63215    2.00000
 179.89400   -0.02196   22.80971   22.49655    0.10826    0.05975   10.84570   -3.27165    2.26014   -2.75980    2.00000
 179.82919    0.01976   23.48557   23.08379    0.17194    0.09490    6.49365    4.72874   -0.83048    3.50304    2.00000
 180.02191   -0.01476   23.62221   23.19879    0.02642    0.01458    5.91469   -0.60853   -0.06355   10.12707    2.00000
 180.04984    0.09336   23.36354   22.98047    0.10583    0.05841    7.06738    7.05191   -1.35397    6.59180    2.00000
 180.04089   -0.09610   22.96281   22.63305    0.10445    0.05765    9.76970   -2.46982   -1.10496   -2.37782    2.00000
 179.95657   -0.01968   23.62221   23.19879    0.04768    0.02631    5.91469    4.51001   -2.13852    2.63799    2.00000
 179.92215    0.09382   21.51154   21.29095    0.12191    0.06728   31.22344    8.19709    1.46745    9.30407    2.00000
 179.99290   -0.06451   21.08726   20.82868    0.06490    0.03582   45.29705   -1.00453    2.15147    0.99950    2.00000
 180.02351    0.01314   21.83442   21.60215    0.02694    0.01487   23.89283    1.74455   -3.26295   -2.32753    2.00000
 179.91864    0.07017   21.81537   21.58429    0.10744    0.05930   24.21310    2.31397    2.84593    5.75406    2.00000
 179.84799    0.03145   22.67930   22.37990    0.15523    0.08567   12.23476    2.40505   -0.55123    1.54538    2.00000
 179.90546   -0.13191   22.79225   22.48094    0.16229    0.08957   11.03159    7.13766   -2.12961    5.94635    2.00000
 180.07803   -0.00694   23.47746   23.07693    0.07834    0.04324    6.52819   -1.09279   -0.10677   -1.35502    2.00000
 179.31737    0.48330   22.10776   21.85797    0.83639    0.46166   19.30536   -0.64356    1.46938    0.92711    2.00000
 180.00581   -0.17715   21.79088   21.56132    0.17725    0.09783   24.62489   -3.33394   -1.57052   -4.48444    2.00000
 180.03609    0.10908   22.01192   21.76799    0.11490    0.06341   20.91881   -0.09275    1.72900    0.80608    2.00000
 179.96245    0.10092   22.82219   22.50770    0.10768    0.05943   10.74471   -1.53759    0.40831    2.15621    2.00000
 179.94539   -0.01215   22.43254   22.15657    0.05595    0.03088   14.89402   -2.54219    0.31257   -2.74307    2.00000
 180.04602    0.00524   23.48557   23.08379    0.04632    0.02556    6.49365   -2.22904   -0.59953   -0.09005    2.00000
 180.02409    0.03946   23.12582   22.77574    0.04623    0.02552    8.65986    0.92572    2.07512    1.96567    2.00000
 179.94411   -0.06857   22.98026   22.64838    0.08846    0.04883    9.65045   -0.45144    0.44030   -2.87251    2.00000
 180.02594   -0.02597   21.88613   21.65063    0.03670    0.02026   23.02350    1.57391    0.92328    2.08740    2.00000
 179.98419   -0.09956   22.94456   22.61678    0.10081    0.05564    9.89627   -6.02234   -0.76749   -3.22501    2.00000
 179.95467   -0.00213   23.32544   22.94819    0.04539    0.02505    7.31847   -3.06273    1.14931    1.26622    2.00000
 180.01752   -0.02003   23.52071   23.11352    0.02661    0.01469    6.34397    3.07158   -0.03125    4.06801    2.00000
 179.96873    0.02471   22.62192   22.32834    0.03985    0.02199   12.84871   -7.02915    1.88482   -5.44443    2.00000
 180.04478    0.01494   22.37732   22.10570    0.04721    0.02605   15.49977    0.89951   -0.04155    4.24635    2.00000
 179.96346    0.05480   22.42052   22.14550    0.06586    0.03635   15.02581   -2.75418   -0.07827   -2.78626    2.00000
 180.66034   -0.01138   22.08607   21.83733    0.66043    0.36452   19.67546   -2.07366   -0.67548   -3.40225    2.00000
 180.04642    0.09097   23.54773   23.13639    0.10212    0.05636    6.22884    2.75385    1.55573    6.50698    2.00000
 180.05142   -0.10168   23.49908   23.09523    0.11394    0.06289    6.43608    0.18840    2.39609   -0.83904    2.00000
 179.99474   -0.02510   23.29006   22.91822    0.02565    0.01415    7.55162   -1.63908    0.19130   -4.00507    2.00000
 179.97214    0.13212   22.72739   22.42295    0.13502    0.07452   11.72206   -8.55490   -2.48617   -9.52768    2.00000
 180.00961   -0.01128   23.14984   22.79673    0.01483    0.00818    8.49659    5.26947    0.38822    9.84693    2.00000
 179.98358    0.00602   22.96281   22.63305    0.01749    0.00965    9.76970   -1.35057    2.88339    0.65542    2.00000
 179.85950    0.18730   23.35538   22.97356    0.23414    0.12923    7.12118    0.83021    1.50034    2.46596    2.00000
 180.39816   -0.59716   22.41092   22.13666    0.71773    0.39615   15.13113   -1.63172   -0.00306   -2.66901    2.00000
 179.84264    0.09950   21.42938   21.20702    0.18619    0.10276   33.43117   -4.28854    0.86996   -3.82904    2.00000
 179.91980   -0.13790   23.51260   23.10666    0.15953    0.08805    6.37852   -2.08589   -2.09294   -1.78036    2.00000
 180.01176    0.00383   20.97409   20.67511    0.01237    0.00683   51.05248   -3.67587    0.21854   -3.82872    2.00000
 179.96577    0.05334   23.27661   22.90680    0.06338    0.03498    7.64046    1.71380    0.95495    2.65458    2.00000
 180.02034    0.02194   22.54503   22.25909    0.02992    0.01651   13.67327   -0.06264    3.25075    4.76036    2.00000
 180.05510   -0.04224   19.78696   19.28652    0.06943    0.03832  136.39259   -1.44161    1.97132    0.66192    2.00000
 180.03853   -0.01664   22.55206   22.26550    0.04197    0.02316   13.59698   -0.17860   -1.19277   -0.83271    2.00000
 180.03494    0.04963   22.80722   22.49432    0.06070    0.03350   10.87225   -1.03767   -3.55808   -3.71929    2.00000
 180.05548    0.00951   23.15958   22.80519    0.05629    0.03107    8.43077    5.48993    1.23577    9.38995    2.00000
 179.96960    0.10748   23.33905   22.95972    0.11170    0.06165    7.22879    2.56159    0.63145    4.23835    2.00000
 179.95148    0.01583   23.70744   23.26958    0.05105    0.02818    5.55827   -3.67000    1.13985   -1.52567    2.00000
 180.16995   -0.04333   23.20835   22.84753    0.17539    0.09680    8.10148   -2.12679    2.21270    0.48384    2.00000
 180.04208    0.02784   22.98672   22.65405    0.05045    0.02785    9.60634    0.89532   -0.87525   -1.44008    2.00000
 180.02386   -0.05295   22.59845   22.30724    0.05808    0.03205   13.09987    4.45892    2.78181    4.31613    2.00000
 180.05060    0.04032   23.78660   23.33504    0.06470    0.03571    5.22872    0.27358   -3.57304   -1.83155    2.00000
 179.83102   -0.07982   23.26686   22.89833    0.18689    0.10315    7.70632    3.87467    1.11410    5.10546    2.00000
 180.05859   -0.04209   23.69060   23.25563    0.07215    0.03982    5.62850   -0.48916    3.58214    2.75091    2.00000
 180.11171    0.13758   21.52042   21.30002    0.17722    0.09781   30.98481   -7.14504    0.79066   -6.65022    2.00000
 179.99326   -0.05261   21.50709   21.28642    0.05304    0.02927   31.34276   -2.57864    1.68571   -1.56481    2.00000
 179.98325   -0.00063   23.39348   23.00584    0.01677    0.00925    6.88611    0.80847   -2.13271    0.64408    2.00000
 180.05853    0.04608   23.70744   23.26958    0.07450    0.04112    5.55827    1.29687    0.55288   -0.24612    2.00000
 179.97803   -0.01641   19.34769   18.82675    0.02743    0.01514  180.80502   -4.27163   -1.76154   -5.98874    2.00000
 179.86548   -0.10166   23.25467   22.88774    0.16861    0.09306    7.78864    1.77910    2.16933    3.75906    2.00000
 180.01514   -0.02112   23.31728   22.94128    0.02597    0.01434    7.37227   -0.42762   -2.70509   -1.69070    2.00000
 180.03836   -0.06555   20.80894   20.40805    0.07595    0.04192   62.35385   -1.40772   -2.30005   -3.49689    2.00000
 180.05949   -0.02275   21.20465   20.96868    0.06369    0.03515   40.05043   -6.42151   -1.43673   -8.11013    2.00000
 180.05174    0.05824   22.41812   22.14329    0.07791    0.04300   15.05214    5.55367   -0.29572    5.22669    2.00000
 179.96426    0.09103   22.82468   22.50993    0.09780    0.05398   10.72736    1.55780   -0.66973    2.50991    2.00000
 180.03249   -0.00592   22.96281   22.63305    0.03301    0.01822    9.76970   -1.06333    0.97824    1.38413    2.00000
 180.02586    0.02402   23.06341   22.72119    0.03530    0.01948    9.08412   -2.47379    0.94444   -1.76259    2.00000
 180.00520   -0.02932   23.78422   23.33307    0.02978    0.01644    5.23861    6.24852   -0.82076   -2.63542    2.00000
 179.98685    0.00291   22.35331   22.08359    0.01348    0.00744   15.76309    2.58980   -0.50037    2.55419    2.00000
 180.19099    0.22381   23.46935   23.07007    0.29424    0.16240    6.56273    2.45403    0.57236    1.26829    2.00000
 180.11258   -0.01930   23.04421   22.70441    0.11422    0.06304    9.21467   -2.40996   -0.06809   -4.87769    2.00000
 180.05299    0.09351   23.12822   22.77783    0.10749    0.05933    8.64354   -7.08316   -2.19943   -9.24013    2.00000
 179.94855    0.01988   22.76730   22.45863    0.05517    0.03045   11.29716   -0.64523    0.37551    1.12313    2.00000
 180.14275   -0.00746   22.88196   22.56098    0.14294    0.07889   10.33024    3.35972    1.08875    4.83120    2.00000
 179.81421   -0.34586   23.50449   23.09980    0.39261    0.21669    6.41306   -2.45457   -2.06061    0.57604    2.00000
 179.96907   -0.08458   23.48557   23.08379    0.09006    0.04971    6.49365   -3.27228   -1.47007   -3.50443    2.00000
 180.04698    0.03947   23.27661   22.90680    0.06136    0.03387    7.64046   -0.07027    0.59692    0.34455    2.00000
 180.23578   -0.12105   23.63185   23.20684    0.26504    0.14628    5.87416    0.61880    3.41187    4.43634    2.00000
 180.09360    0.14768   18.22161   17.62206    0.17484    0.09650  350.27167    3.47659    2.70478    6.15797    2.00000
 180.00117   -0.00168   23.31455   22.93897    0.00205    0.00113    7.39021    9.18830   -3.22733    8.19435    2.00000
 179.99760   -0.01975   23.66254   23.23239    0.01990    0.01098    5.74554    1.59253   -4.29585   -5.08956    2.00000
 179.97421   -0.08266   22.13889   21.88657    0.08659    0.04779   18.79242    2.24332   -2.61209   -0.32527    2.00000
 180.04585    0.07972   23.71306   23.27423    0.09197    0.05076    5.53487    7.46773   -1.78798    3.96658    2.00000
 180.00175    0.06219   22.32211   22.05484    0.06221    0.03434   16.10540    3.05992    1.51369    4.42446    2.00000
 179.98051   -0.07125   21.17509   20.93434    0.07387    0.04077   41.33743   -4.00077    1.38506   -3.31281    2.00000
 180.00963   -0.02540   23.41525   23.02428    0.02717    0.01499    6.79324   -1.10360   -1.33867    0.00831    2.00000
 180.00394   -0.05574   21.72713   21.50009    0.05588    0.03084   25.72299   -0.20026    0.43296    0.63024    2.00000
 179.94276   -0.01709   22.95238   22.62375    0.05974    0.03297    9.84203    0.30562    2.13170    3.70981    2.00000
 180.03551    0.00569   21.76153   21.53326    0.03596    0.01985   25.12819   -4.53268    0.64172   -3.65426    2.00000
 180.11514    0.06807   22.75233   22.44525    0.13376    0.07382   11.45650    4.26839   -0.16037    1.95332    2.00000
 179.85623    0.05748   22.59584   22.30490    0.15484    0.08546   13.12778    5.94125    1.30210    4.05381    2.00000
 179.84383   -0.18164   22.79225   22.48094    0.23955    0.13221   11.03159   -5.34922   -2.73904   -7.85861    2.00000
 179.98276   -0.03222   23.10661   22.75895    0.03654    0.02017    8.79040    1.98902   -4.50473   -0.18812    2.00000
 180.06435    0.04109   23.83900   23.37828    0.07634    0.04213    5.01101   -3.95356   -0.94075   -6.29385    2.00000
 180.10275    0.08006   22.75982   22.45194    0.13026    0.07189   11.37683   -8.66417    3.53168   -3.18776    2.00000
 180.54996    0.21821   22.66105   22.36349    0.59167    0.32657   12.43011   -2.77369   -0.88621   -0.92865    2.00000
 179.92661   -0.17293   23.39348   23.00584    0.18786    0.10369    6.88611   -2.39435   -2.12339   -5.89546    2.00000
 179.97559   -0.03660   21.86164   21.62766    0.04400    0.02428   23.43528    1.12796   -1.57362   -1.12332    2.00000
 179.98215   -0.06483   21.67685   21.45161    0.06725    0.03711   26.99746    1.68426    0.01746    2.39419    2.00000
 181.05281   -0.50921   22.10931   21.85944    1.16947    0.64555   19.27892    6.12951    0.40793    6.80918    2.00000
 179.97617   -0.02063   21.55863   21.33786    0.03152    0.01740   29.98942    0.36512   -1.46453   -0.68584    2.00000
 180.03560    0.04932   20.87758   20.51899    0.06083    0.03357   56.90338   -1.07578   -0.12666   -1.47978    2.00000
 180.00598    0.00770   20.87202   20.50946    0.00975    0.00538   57.26037   -2.80408   -2.59723   -5.19852    2.00000
 180.03658    0.02700   22.06399   21.81647    0.04546    0.02509   20.04948    1.48943   -0.45230   -0.20663    2.00000
 180.05698    0.04147   21.15296   20.90852    0.07047    0.03889   42.30516   -0.07290    0.55120   -0.24341    2.00000
 180.00063    0.00884   22.75982   22.45194    0.00887    0.00489   11.37683    5.40326    4.04284    7.01392    2.00000
 179.97530    0.02057   23.60936   23.18805    0.03215    0.01775    5.96874   -0.39897   -5.06831   -8.27151    2.00000
 180.12154    0.07058   21.17124   20.92986    0.14054    0.07757   41.50530    0.96295    3.11782    4.05522    2.00000
 180.08594    0.11505   22.39172   22.11897    0.14360    0.07925   15.34178   -3.88600   -0.64800   -3.12093    2.00000
 179.90926    0.04867   22.30012   22.03459    0.10297    0.05683   16.34650    2.70079   -1.23446    2.61167    2.00000
 180.04897    0.02487   19.66906   19.16324    0.05492    0.03031  147.25764   -3.34946   -0.29200   -3.57939    2.00000
 180.00903   -0.02456   23.31183   22.93666    0.02617    0.01444    7.40814   -3.29167    1.05425    2.39082    2.00000
 179.76564    0.13527   23.38532   22.99892    0.27059    0.14935    6.92390    4.89438   -2.32198    5.38090    2.00000
 179.82326   -0.05004   22.24357   21.98262    0.18369    0.10138   17.07011   -0.05289   -1.47753    0.14632    2.00000
 180.02499   -0.08703   23.24979   22.88351    0.09054    0.04997    7.82157    2.36881    1.42369    4.73698    2.00000
 179.98946   -0.04043   23.38259   22.99661    0.04178    0.02306    6.94184   -4.45557    0.16491   -6.23651    2.00000
 180.04893    0.02797   22.78976   22.47871    0.05636    0.03111   11.05815    1.67997   -2.85950   -0.87088    2.00000
 180.07645   -0.01342   22.65844   22.36115    0.07762    0.04284   12.45802    1.61643   -1.76515   -3.88003    2.00000
 180.01146    0.13614   22.76481   22.45640    0.13662    0.07540   11.32371    3.05557   -1.56278    6.25488    2.00000
 180.07098    0.02401   23.45044   23.05406    0.07493    0.04136    6.64333    1.70477   -0.42663    1.70837    2.00000
 180.03035    0.03228   22.09459   21.84544    0.04430    0.02445   19.53006   -1.58962    2.55032    0.60046    2.00000
 180.05821    0.07759   22.37972   22.10791    0.09700    0.05354   15.47344   -5.86344   -0.72590   -4.66620    2.00000
 179.82893    0.01309   22.27955   22.01569    0.17156    0.09469   16.57155    6.38503    0.76166    6.80571    2.00000
 179.73000   -0.55043   23.43692   23.04263    0.61308    0.33838    6.70090    0.11050    0.75301   -4.11291    2.00000
 179.38586   -0.42243   23.04181   22.70231    0.74538    0.41141    9.23099   -3.96215   -0.15226   -5.18318    2.00000
 179.97826   -0.10604   22.91326   22.58888    0.10825    0.05975   10.11326    3.70587    0.09054    4.72966    2.00000
 179.98471    0.09554   23.37171   22.98739    0.09676    0.05340    7.01357    7.03511   -1.69113    8.94326    2.00000
 180.01741    0.06085   23.07781   22.73378    0.06329    0.03493    8.98622   -1.16883    0.05220   -3.96336    2.00000
 179.99232    0.01916   23.72803   23.28663    0.02064    0.01139    5.47245    4.21584   -2.08642    6.20811    2.00000
 180.01123    0.07459   22.69745   22.39619    0.07543    0.04163   12.04074   -1.17290    5.11358    5.10346    2.00000
 179.96091   -0.03028   23.14742   22.79462    0.04945    0.02729    8.51300    3.52961   -0.72566    4.63444    2.00000
 180.01466    0.01833   23.27918   22.90900    0.02348    0.01296    7.62329    4.64390    3.02903    5.04299    2.00000
 180.09209   -0.10518   18.01682   18.05300    0.13979    0.07715  278.51212   -2.60754   -0.86773   -3.54250    2.00000
 180.02704    0.02126   22.70992   22.40734    0.03440    0.01898   11.90796    1.57572    0.96522    5.84895    2.00000
 179.96667   -0.08453   21.37983   21.15639    0.09086    0.05015   34.76304    0.22051    0.34236    0.75030    2.00000
 180.00208    0.02067   21.53019   21.31000    0.02077    0.01147   30.72231   -3.56211    1.81713   -1.89677    2.00000
 179.99318   -0.02883   23.54233   23.13182    0.02963    0.01635    6.25187    1.49162   -2.16575    3.00110    2.00000
 180.01491    0.00586   23.00396   22.66917    0.01602    0.00884    9.48874   -2.71137   -3.64483   -5.45682    2.00000
 179.93784   -0.14113   21.06171   20.79616    0.15421    0.08511   46.51597   -7.62196    2.70988   -5.05067    2.00000
 179.98940    0.05813   22.94195   22.61445    0.05909    0.03261    9.91436   -1.17377    2.75124    1.18558    2.00000
 179.99203    0.05051   23.75565   23.30949    0.05114    0.02822    5.35737    2.03945    0.96411    2.52641    2.00000
 180.01434    0.01278   22.69994   22.39842    0.01920    0.01060   12.01418    1.38469    0.32298   -1.18937    2.00000
 180.01324   -0.02394   23.24492   22.87928    0.02736    0.01510    7.85450   -2.61559   -0.19943   -3.83622    2.00000
 180.01987   -0.04887   22.61410   22.32131    0.05275    0.02911   12.93243    1.08486    1.69535   -0.58554    2.00000
 179.90987    0.02544   21.21236   20.97764    0.09365    0.05169   39.71469   -1.22507   -0.62949   -1.96448    2.00000
 180.09100    0.19228   23.49098   23.08836    0.21273    0.11741    6.47062   -0.96102    1.39614    0.85028    2.00000
 180.03809    0.09717   22.84805   22.53076    0.10437    0.05760   10.56531   -2.98960   -2.43279  -10.63967    2.00000
 180.09538    0.02819   23.33905   22.95972    0.09947    0.05490    7.22879    1.08718   -4.62850   -1.97957    2.00000
 180.04208   -0.04613   23.82947   23.37042    0.06244    0.03446    5.05059    4.04646    2.10164    8.09490    2.00000
 179.97321   -0.01893   21.72977   21.50264    0.03281    0.01811   25.67723   -0.20149    3.42384    1.58938    2.00000
 180.00467   -0.00408   22.75982   22.45194    0.00620    0.00342   11.37683   -2.57529   -1.32526   -1.97777    2.00000
 179.89104    0.11407   23.24736   22.88139    0.15775    0.08707    7.83804   -3.40038    2.48881   -1.99551    2.00000
 180.02052    0.03582   21.10816   20.85409    0.04128    0.02279   44.34508    6.35496   -0.85968    5.30531    2.00000
 180.01086    0.07027   23.14262   22.79042    0.07110    0.03924    8.54564    2.73042   -2.80566    2.03347    2.00000
 179.99208    0.05387   22.90804   22.58423    0.05445    0.03005   10.14942    3.61736   -0.04066    1.54606    2.00000
 180.13226    0.22006   23.29006   22.91822    0.25674    0.14170    7.55162   -9.79575   -2.70194  -10.39590    2.00000
 179.98482   -0.01168   21.78005   21.55112    0.01916    0.01058   24.80791    2.08063   -1.56131   -0.20767    2.00000
 180.08295    0.10452   21.08726   20.82868    0.13343    0.07364   45.29705    2.43881    0.64141    3.02573    2.00000
 180.01205   -0.03312   22.40612   22.13224    0.03525    0.01945   15.18380    1.30371   -1.09306    0.16172    2.00000
 180.11304   -0.04574   23.63024   23.20550    0.12195    0.06731    5.88091   -1.92838   -3.37458    0.96758    2.00000
 180.01427   -0.02676   23.60936   23.18805    0.03033    0.01674    5.96874   -1.09602    2.09650   -4.58933    2.00000
 180.03284   -0.01636   23.73177   23.28973    0.03668    0.02024    5.45684   -1.13480   -0.18032   -1.28859    2.00000
 179.97375   -0.02289   21.57420   21.35283    0.03483    0.01922   29.59567    1.28531    1.75024    3.73312    2.00000
 179.96118    0.01030   22.58802   22.29787    0.04017    0.02217   13.21150   -3.51502   -1.13706   -5.10233    2.00000
 180.02795   -0.06242   23.23029   22.86658    0.06840    0.03775    7.95329   -1.33547    0.34087    3.78909    2.00000
 180.05867    0.01329   23.54773   23.13639    0.06016    0.03320    6.22884   -3.97906    0.29236   -4.12215    2.00000
 180.02116    0.09417   22.98133   22.64933    0.09652    0.05327    9.64310   -0.58732   -3.69019   -3.26503    2.00000
 179.83900   -0.16131   22.70992   22.40734    0.22790    0.12578   11.90796   -3.42261    1.50870   -4.52610    2.00000
 180.01735   -0.01720   22.79225   22.48094    0.02443    0.01348   11.03159    2.68568    2.44401    5.25458    2.00000
 180.11008    0.06443   21.00631   20.72257    0.12754    0.07039   49.27392    4.62381    2.57119    7.93992    2.00000
 180.01747   -0.06797   21.83170   21.59960    0.07018    0.03873   23.93858    4.14076   -0.49525    4.47241    2.00000
 180.01357   -0.03184   21.86436   21.63021    0.03461    0.01910   23.38953    0.01976   -0.87182   -0.04024    2.00000
 179.86192    0.07482   23.36354   22.98047    0.15704    0.08668    7.06738   -1.07773    0.91031    1.62751    2.00000
 180.01718    0.01544   23.24248   22.87716    0.02310    0.01275    7.87097   -1.50523   -0.93988    0.52477    2.00000
 180.08408   -0.06382   23.38532   22.99892    0.10555    0.05825    6.92390    0.26299   -1.94483   -5.53379    2.00000
 179.97198   -0.04112   23.74112   23.29748    0.04976    0.02746    5.41783   -2.55497    0.65957   -7.38987    2.00000
 180.07594   -0.01539   21.95711   21.71696    0.07748    0.04276   21.83389    0.28870    0.57447    0.47826    2.00000
 180.04704    0.00841   23.52071   23.11352    0.04779    0.02638    6.34397    0.24640   -0.95054    2.29514    2.00000
 180.00488   -0.03615   22.85066   22.53309    0.03648    0.02013   10.54722    7.02762    1.65681    8.59403    2.00000
 180.09737   -0.00517   23.63988   23.21355    0.09749    0.05381    5.84038   -4.00290    1.15511   -3.81347    2.00000
 180.09198    0.02508   23.71306   23.27423    0.09534    0.05262    5.53487    0.38879   -0.05469    2.38814    2.00000
 179.95918   -0.04978   22.18188   21.92592    0.06437    0.03553   18.08687    1.30913   -0.13374    0.30724    2.00000
 180.01120   -0.01712   23.50179   23.09751    0.02046    0.01129    6.42457   -4.41798    1.25048   -0.91234    2.00000
 180.05420   -0.05622   16.75101   16.03341    0.07809    0.04310  761.61505    0.24599    5.01112    5.25771    2.00000
 179.99638    0.02061   22.99965   22.66539    0.02093    0.01155    9.51814   -3.39092   -2.18910   -6.96016    2.00000
 179.69432    0.19530   23.25711   22.88986    0.36274    0.20020    7.77218   -4.52559   -0.56512   -7.87159    2.00000
 180.01003    0.02096   22.85327   22.53541    0.02324    0.01282   10.52914   -1.80501   -2.28001   -3.93829    2.00000
 179.99403   -0.04917   22.80971   22.49655    0.04953    0.02734   10.84570    2.70288    3.56689    8.89828    2.00000
 180.09615   -0.08606   21.73507   21.50774    0.12904    0.07122   25.58573   -1.18388   -2.47291   -4.18147    2.00000
 179.97433   -0.11025   23.27918   22.90900    0.11320    0.06248    7.62329   -3.30973   -1.32909   -5.43645    2.00000
 179.95988   -0.07093   23.49368   23.09065    0.08149    0.04498    6.45911   -3.81301   -2.13379   -5.65568    2.00000
 180.00937   -0.01961   23.24248   22.87716    0.02174    0.01200    7.87097    6.54948   -1.08100    4.70684    2.00000
 180.00722    0.02371   22.94977   22.62143    0.02478    0.01368    9.86011    1.12624    4.36635    3.46546    2.00000
 179.96658    0.10941   21.00631   20.72257    0.11440    0.06314   49.27392   -1.98987    2.09595    0.38843    2.00000
 179.97897   -0.04574   22.62975   22.33537    0.05034    0.02778   12.76499    2.41716   -3.33626   -1.95546    2.00000
 179.97392    0.14355   21.84803   21.61490    0.14589    0.08052   23.66405    6.52220    1.19881    7.25272    2.00000
 180.00800    0.03503   22.62453   22.33068    0.03593    0.01983   12.82081   -5.35716   -4.89517   -9.94524    2.00000
 179.97311    0.03271   23.69996   23.26338    0.04234    0.02337    5.58948   -2.66775    1.15747   -5.42094    2.00000
 179.95485   -0.01118   23.83661   23.37632    0.04651    0.02567    5.02090    0.77741    1.61370    4.01609    2.00000
 180.13995   -0.06801   23.29006   22.91822    0.15560    0.08588    7.55162   -2.29304   -0.19885    2.26141    2.00000
 179.97797    0.05963   23.34449   22.96433    0.06357    0.03508    7.19292   -1.41086    2.57255    3.50055    2.00000
 180.01605    0.09499   20.66041   20.22096    0.09634    0.05317   71.99535   -2.22014    0.79505   -1.69295    2.00000
 179.91258   -0.00526   23.81756   23.36059    0.08756    0.04833    5.10007   -4.05111   -3.29263   -4.19631    2.00000
 180.05003   -0.06658   22.25899   21.99679    0.08329    0.04597   16.81592   -1.44106   -1.21053   -3.61944    2.00000
 180.11214    0.03784   22.39412   22.12118    0.11835    0.06532   15.31545   -1.89377   -0.19428   -3.25105    2.00000
 179.93941   -0.00365   23.80566   23.35076    0.06070    0.03350    5.14955   -2.11930    0.01365    2.22381    2.00000
 180.02509   -0.01310   23.61257   23.19074    0.02830    0.01562    5.95523   -4.17123   -4.93823  -11.57378    2.00000
 180.06985    0.01661   22.81221   22.49878    0.07180    0.03963   10.81914    1.79391    0.97216    1.67660    2.00000
 179.96527   -0.02770   23.01473   22.67862    0.04443    0.02452    9.41523   -2.66328    2.98826    4.48433    2.00000
 180.01875   -0.08689   21.86708   21.63276    0.08890    0.04906   23.34378   -2.07156    1.43773    0.97875    2.00000
 179.98672    0.02473   23.49368   23.09065    0.02807    0.01549    6.45911   -1.98596    3.05059    0.47784    2.00000
 180.05254   -0.09420   23.43152   23.03805    0.10786    0.05953    6.72392    3.08760   -1.66804    5.50106    2.00000
 180.03429    0.05138   22.41332   22.13887    0.06177    0.03409   15.10480   -0.23914   -1.92836   -1.60259    2.00000
 180.00873    0.01228   21.65569   21.43120    0.01507    0.00832   27.53438    1.31334   -2.26140   -1.58124    2.00000
 180.01659   -0.06387   20.17380   19.69249    0.06599    0.03642  104.41319   -1.27556   -2.50798   -3.77360    2.00000
 180.07729   -0.02021   23.75565   23.30949    0.07988    0.04409    5.35737    3.13454    0.80214   -1.47432    2.00000
 180.04282   -0.02632   23.18640   22.82847    0.05025    0.02773    8.24966   -4.71753    1.05588   -1.35550    2.00000
 180.05800    0.01865   22.89239   22.57028    0.06093    0.03363   10.25791   -1.26887   -1.44101   -7.92652    2.00000
 180.02284    0.09458   23.01150   22.67579    0.09730    0.05370    9.43729   -0.18525    2.20916    2.66046    2.00000
 179.86935    0.04393   23.75327   23.30752    0.13783    0.07607    5.36726    1.42482   -1.16298   -1.12126    2.00000
 179.96719   -0.01440   21.58588   21.36406    0.03582    0.01977   29.30036   -0.11828    0.92288   -0.94234    2.00000
 180.00790    0.01391   21.85892   21.62511    0.01599    0.00883   23.48104   -1.22568    0.49342   -0.95965    2.00000
 179.98683    0.00220   22.67148   22.37286    0.01336    0.00737   12.31848   -3.86762    0.49700   -2.77361    2.00000
 179.99828   -0.05384   23.04661   22.70651    0.05387    0.02973    9.19835   -4.02798    0.27378   -0.51752    2.00000
 179.94315   -0.05721   23.57883   23.16256    0.08066    0.04452    6.09710   -2.97426   -0.08910    0.74732    2.00000
 180.17812   -0.33329   23.45854   23.06092    0.37789    0.20857    6.60879   -2.00997    1.43824   -0.76004    2.00000
 180.32915   -0.01613   22.15753   21.90360    0.32953    0.18188   18.48706   -2.42207   -1.69920   -4.45595    2.00000
 180.02473   -0.00140   21.01306   20.73203    0.02477    0.01367   48.91926   -1.87595   -1.34204   -2.96193    2.00000
 179.81721   -0.09331   23.21810   22.85599    0.20523    0.11327    8.03562   -1.84518    6.17032    2.91951    2.00000
 180.01543   -0.01380   21.58004   21.35845    0.02070    0.01142   29.44802   -4.37501    1.16913   -2.57834    2.00000
 179.93974    0.02214   21.79360   21.56387    0.06420    0.03543   24.57914    4.94090   -1.86935    4.00088    2.00000
 180.00363    0.01272   22.70244   22.40065    0.01323    0.00730   11.98763    0.70758    1.62679    2.42680    2.00000
 179.81480    0.04131   19.14967   18.61720    0.18975    0.10473  203.97879   -2.50212    1.30820   -1.14702    2.00000
 180.01379    0.01738   22.81470   22.50101    0.02218    0.01224   10.79675   -0.29753    4.46394    3.82059    2.00000
 180.06812    0.01221   21.92424   21.68635    0.06920    0.03819   22.38294   -0.73657   -0.48165   -0.80935    2.00000
 179.94617   -0.05961   23.83900   23.37828    0.08032    0.04433    5.01101    2.66388   -4.69853    0.89165    2.00000
 180.00819   -0.00174   23.15471   22.80096    0.00838    0.00463    8.46370   -3.82104    0.72327    1.57017    2.00000
 179.94560    0.00158   22.45831   22.18007    0.05442    0.03004   14.61423    4.42874    5.77156    9.55433    2.00000
 180.04384    0.02641   22.06673   21.81902    0.05118    0.02825   20.00373   -4.14248   -2.06746   -7.42414    2.00000
 180.00563    0.01885   23.33633   22.95742    0.01967    0.01086    7.24673   -2.29311   -1.25254   -3.90426    2.00000
 180.00079   -0.01263   23.78184   23.33111    0.01266    0.00699    5.24851    3.29935    0.57365    2.36035    2.00000
 180.02118    0.00039   21.82898   21.59704    0.02118    0.01169   23.98433    5.55610    0.02545    4.73853    2.00000
 179.93193    0.05031   22.44191   22.16512    0.08465    0.04672   14.79225   -6.49053   -0.71687  -10.39269    2.00000
 180.03358   -0.01000   17.66864   17.01754    0.03504    0.01934  473.16162   -0.26280    2.05085    1.76795    2.00000
 179.96771   -0.08984   23.53422   23.12495    0.09547    0.05269    6.28641    0.83283    0.33348    3.75939    2.00000
 180.01785   -0.07555   22.32931   22.06148    0.07763    0.04285   16.02640    6.94847    2.31570    8.28881    2.00000
 180.05495    0.02420   22.26156   21.99916    0.06004    0.03314   16.77356    5.38176    1.18452    7.21125    2.00000
 180.09595   -0.29123   23.40709   23.01737    0.30663    0.16924    6.82807   -0.08358   -2.58778   -2.79932    2.00000
 180.03001   -0.10040   23.61418   23.19208    0.10479    0.05783    5.94847   -0.48018   -3.16321   -4.57627    2.00000
 179.88055    0.01924   23.15471   22.80096    0.12098    0.06677    8.46370   -1.91767   -0.51495   -3.37272    2.00000
 179.98892    0.00220   23.77708   23.32718    0.01130    0.00624    5.26830    1.99590   -1.23075    5.22632    2.00000
 179.99428   -0.03715   22.44660   22.16939    0.03759    0.02075   14.74138   -4.91020    1.13075   -2.66705    2.00000
 179.93707   -0.07962   23.59651   23.17732    0.10149    0.05601    6.02279   -2.05975    0.47348   -2.21237    2.00000
 179.94400    0.00206   23.27661   22.90680    0.05603    0.03093    7.64046    1.36587    2.52947    2.23161    2.00000
 179.98180    0.01051   22.83762   22.52146    0.02102    0.01160   10.63763    0.68971   -2.66008   -2.06227    2.00000
 180.03839    0.84137   22.15753   21.90360    0.84224    0.46488   18.48706    9.63957    0.97046    9.03554    2.00000
 179.80579   -0.19563   22.97702   22.64555    0.27567    0.15215    9.67250    8.36640    3.64557   14.37041    2.00000
 180.04138   -0.03249   23.36354   22.98047    0.05261    0.02904    7.06738    2.65457    1.71119    8.59089    2.00000
 179.91414    0.09592   21.28504   21.05653    0.12873    0.07105   37.38967    2.52434    2.11901    5.19204    2.00000
 180.04962    0.05087   22.39652   22.12339    0.07106    0.03922   15.28912   -4.59154   -0.43520   -5.13970    2.00000
 179.97884    0.05673   23.66815   23.23703    0.06055    0.03342    5.72213   -0.95463   -1.30841   -7.30110    2.00000
 180.00882   -0.02605   21.66892   21.44395    0.02750    0.01518   27.19880   -3.38223    1.31184   -1.44220    2.00000
 180.00880    0.08378   22.86109   22.54239    0.08424    0.04649   10.47490   -3.58786   -2.21533   -4.23570    2.00000
 179.93874   -0.03750   21.95985   21.71952    0.07184    0.03965   21.78814    2.07767    2.40343    4.41039    2.00000
 179.99619   -0.05854   21.77211   21.54346    0.05866    0.03238   24.94517   -2.09682   -1.08535   -2.81872    2.00000
 180.01273   -0.06241   23.71119   23.27268    0.06369    0.03515    5.54267    6.52123    4.00901   13.91609    2.00000
 179.72691   -0.09643   20.65571   20.21529    0.28961    0.15984   72.28755    1.65195    1.79710    3.24144    2.00000
 179.98894    0.02908   22.19987   21.94246    0.03111    0.01717   17.79032    0.00321    0.54261    1.22689    2.00000
 179.92464   -0.19564   22.23586   21.97553    0.20965    0.11571   17.19721   -0.65148    0.24004   -0.14573    2.00000
 180.22382    0.10697   18.05843   17.80315    0.24806    0.13691  319.38602    7.16140   -1.32890    5.77872    2.00000
 179.86215   -0.05745   22.97702   22.64555    0.14934    0.08243    9.67250    2.19859    2.58679    7.25662    2.00000
 180.02583   -0.00721   20.80894   20.40805    0.02682    0.01481   62.35385   -0.65771   -1.21719   -1.53378    2.00000
 180.01901    0.04557   23.22541   22.86234    0.04938    0.02725    7.98622    3.09782    1.50315    1.96719    2.00000
 179.98714    0.02530   22.74984   22.44302    0.02838    0.01567   11.48305    0.92349   -0.34866   -1.09682    2.00000
 180.17416   -0.06513   20.35786   19.88751    0.18595    0.10263   91.07555    2.08718   -2.06323    0.33234    2.00000
 180.01585    0.04566   21.77476   21.54601    0.04834    0.02668   24.89941    3.46268   -0.41397    2.70870    2.00000
 180.11993    0.04809   22.27955   22.01569    0.12922    0.07132   16.57155   -4.62555   -2.33079   -6.68864    2.00000
 180.00740    0.00080   21.89158   21.65573    0.00744    0.00411   22.93199    2.03162    0.85760    3.21215    2.00000
 180.13890    0.10475   22.50050   22.21851    0.17397    0.09602   14.15646   -0.46571    2.16680    0.91815    2.00000
 179.98270   -0.05744   21.37461   21.15106    0.05999    0.03311   34.90323   -3.95011    0.81102   -3.58266    2.00000
 180.01875   -0.01435   23.10661   22.75895    0.02362    0.01303    8.79040    2.69167    3.13358    4.93518    2.00000
 180.01196    0.01810   23.18397   22.82636    0.02170    0.01198    8.26612   -0.14727   -0.81433   -5.94738    2.00000
 179.98438    0.00663   23.14742   22.79462    0.01697    0.00937    8.51300   -2.01372    0.20798    0.38830    2.00000
 180.45760    0.08910   22.97918   22.64744    0.46618    0.25730    9.65780   -0.71821    4.19569    3.10928    2.00000
 180.01108    0.04203   23.82947   23.37042    0.04346    0.02399    5.05059   -2.72779   -0.11460    2.82678    2.00000
 179.95186   -0.06021   23.80804   23.35273    0.07709    0.04255    5.13965   -0.66356   -2.54109   -6.64242    2.00000
 180.04829    0.02830   18.44355   17.86239    0.05597    0.03089  309.28195   -1.25551    1.16622   -0.09735    2.00000
 180.07874    0.01251   23.40437   23.01506    0.07971    0.04400    6.83968    5.46279    1.42119    5.65758    2.00000
 180.03894   -0.00200   22.78477   22.47425    0.03899    0.02152   11.11126    1.39441    3.65242    4.75353    2.00000
 179.99356    0.05934   22.36532   22.09464    0.05969    0.03294   15.63143   -3.38700    0.19060   -1.77998    2.00000
 179.97655   -0.02658   22.86109   22.54239    0.03545    0.01957   10.47490   -3.06954   -1.07167   -0.80415    2.00000
 179.94647    0.16627   23.41798   23.02659    0.17467    0.09641    6.78163   -0.34678   -1.41715   -3.29797    2.00000
 180.00450   -0.04205   22.61931   22.32599    0.04229    0.02334   12.87662    2.52148   -0.28979    1.63578    2.00000
 180.05411    0.17734   23.02500   22.68763    0.18541    0.10233    9.34521    2.03001    0.85658    4.40494    2.00000
 180.05215   -0.07568   23.36626   22.98278    0.09191    0.05073    7.04944   -1.22479   -1.20645   -7.89181    2.00000
 179.97363    0.01939   23.21566   22.85388    0.03274    0.01807    8.05208    1.80790    1.77868    3.43037    2.00000
 180.06131    0.02722   22.27955   22.01569    0.06708    0.03702   16.57155   -0.46811   -0.17985   -0.69763    2.00000
 179.96278   -0.01757   18.45943   17.87948    0.04114    0.02271  306.36795    3.13350   -1.65681    1.46829    2.00000
 180.01862    0.01654   23.02980   22.69182    0.02490    0.01374    9.31257   -3.18619    2.79656    1.30565    2.00000
 179.91774   -0.28537   18.01240   17.95582    0.29699    0.16392  293.34723   -0.07357   -1.26989   -1.31942    2.00000
 179.75163    0.25857   23.09221   22.74637    0.35853    0.19788    8.88831   -5.42537   -0.12732   -5.41604    2.00000
 180.06966    0.06783   23.45854   23.06092    0.09723    0.05366    6.60879    2.94004    0.86164    2.32447    2.00000
 179.99310    0.12149   23.12102   22.77154    0.12168    0.06716    8.69250    0.20334   -2.96841   -5.34463    2.00000
 180.00479    0.11835   22.00096   21.75779    0.11845    0.06537   21.10183    8.97863    1.43418    9.45840    2.00000
 180.02470   -0.01519   22.34611   22.07695    0.02901    0.01601   15.84208   -2.01490    3.31859    2.28634    2.00000
 180.02020   -0.02845   23.53422   23.12495    0.03489    0.01926    6.28641   -0.95396   -1.20180   -3.15370    2.00000
 179.96272    0.00608   22.05851   21.81137    0.03777    0.02085   20.14099   -3.80970   -0.09609   -3.33089    2.00000
 179.97450   -0.07956   21.98177   21.73993    0.08354    0.04611   21.42210   -2.99778   -0.22100   -2.07706    2.00000
 179.98120    0.05726   23.32272   22.94589    0.06027    0.03326    7.33640    0.88687   -0.56294   -5.60516    2.00000
 179.98753   -0.00531   23.61578   23.19342    0.01355    0.00748    5.94172    2.75037    3.45282   -0.08219    2.00000
 179.89412   -0.04214   23.66067   23.23084    0.11396    0.06290    5.75334   -2.93793   -1.79223   -5.19587    2.00000
 179.99442   -0.01508   21.86980   21.63532    0.01608    0.00888   23.29802   -2.52519    4.01551    0.82862    2.00000
 180.05328   -0.21227   22.70493   22.40288    0.21886    0.12079   11.96107    1.94977    1.62838    3.22684    2.00000
 180.00500    0.04455   23.83423   23.37435    0.04483    0.02475    5.03080    3.16404    1.69945    1.56120    2.00000
 180.20718    0.05165   19.79595   19.29589    0.21353    0.11785  135.56641    0.00764   -1.30800   -1.09701    2.00000
 180.03589   -0.01123   22.23843   21.97789    0.03761    0.02076   17.15484   -2.60271   -1.53671   -2.85055    2.00000
 180.03728   -0.05023   22.08994   21.84102    0.06255    0.03452   19.60937   -1.15053    1.68712    0.94368    2.00000
 180.04234   -0.01773   23.23273   22.86869    0.04590    0.02533    7.93683   -3.16517    2.54262   -0.77289    2.00000
 180.04877   -0.02764   21.54889   21.32851    0.05606    0.03094   30.23551    0.14993    0.98937    0.86837    2.00000
 179.98241   -0.01683   22.94716   22.61910    0.02435    0.01344    9.87819   -0.93063   -0.79378   -0.28811    2.00000
 179.85902   -0.06762   22.03110   21.78585    0.15636    0.08630   20.59853   -7.22643    1.77254   -7.06443    2.00000
 180.04436   -0.00748   23.75565   23.30949    0.04499    0.02483    5.35737    0.25340   -0.96432   -3.94133    2.00000
 180.00311    0.04005   23.46665   23.06778    0.04017    0.02217    6.57425    3.18736   -1.21541    2.60029    2.00000
 179.98149   -0.03046   21.65304   21.42864    0.03564    0.01967   27.60150    1.12133   -3.09277   -2.73359    2.00000
 180.07172    0.00356   23.49098   23.08836    0.07180    0.03963    6.47062    6.45921   -1.60149    6.49694    2.00000
 180.26494   -0.03917   22.85066   22.53309    0.26782    0.14781   10.54722    1.01301   -1.70328    2.01711    2.00000
 180.00943    0.10318   23.48287   23.08150    0.10361    0.05718    6.50517    5.72168    0.44768   14.79014    2.00000
 180.07637    0.14448   22.52394   22.23987    0.16342    0.09020   13.90215    0.88055    0.03671    2.84231    2.00000
 179.93594   -0.05594   23.02740   22.68972    0.08505    0.04694    9.32889   -2.00793   -1.64396   -0.53815    2.00000
 180.68999   -0.40674   23.58205   23.16524    0.80094    0.44209    6.08359    7.91497    0.70770    7.70473    2.00000
 180.05759    0.00654   23.57401   23.15853    0.05795    0.03198    6.11737   -2.64161    1.19008    1.24645    2.00000
 180.02060    0.05583   22.06399   21.81647    0.05951    0.03284   20.04948   -2.02270   -0.16085   -2.23640    2.00000
 179.91951   -0.10204   23.56125   23.14782    0.12996    0.07173    6.17127   -3.62017   -2.89234   -5.42128    2.00000
 179.95485    0.05161   21.25269   21.02206    0.06858    0.03785   38.29648   -0.57122    2.34210    1.93023    2.00000
 179.98743    0.05286   23.04661   22.70651    0.05433    0.02999    9.19835   -4.30850    0.29769   -2.73693    2.00000
 180.00255   -0.06133   22.50284   22.22065    0.06139    0.03388   14.13103   -1.80659    1.00568   -0.95451    2.00000
 179.95486    0.00242   22.43012   22.15435    0.04520    0.02495   14.92048   -0.75092   -0.52328   -0.71225    2.00000
 179.98860    0.02054   20.88631   20.53396    0.02349    0.01296   56.34240    1.74578   -0.29894    1.27210    2.00000
 180.05717    0.02218   22.04755   21.80116    0.06132    0.03385   20.32401   -0.25155   -0.43036   -1.53729    2.00000
 179.60789   -0.33718   23.66815   23.23703    0.51714    0.28543    5.72213    6.13514    3.35131    4.07806    2.00000
 179.98753   -0.08697   23.52071   23.11352    0.08786    0.04849    6.34397    2.13169    0.57324    1.98183    2.00000
 180.15405   -0.10812   23.67751   23.24478    0.18820    0.10387    5.68312   -2.44722    4.82702    6.88809    2.00000
 180.09953    0.07201   22.31971   22.05263    0.12285    0.06780   16.13173   -1.15872   -0.57554   -1.61012    2.00000
 180.00435   -0.00552   23.50179   23.09751    0.00703    0.00388    6.42457    5.21646   -1.31061    2.70963    2.00000
 180.00703   -0.01896   20.93815   20.61951    0.02022    0.01116   53.13608    2.83457   -0.62032    1.75956    2.00000
 179.42786   -0.30054   23.56389   23.15006    0.64627    0.35671    6.16001   11.50621    0.17886   15.29914    2.00000
 180.23988    0.14202   22.86631   22.54704    0.27877    0.15386   10.43873    2.00119    0.84525    2.91894    2.00000
 179.92442   -0.04444   21.83987   21.60725    0.08768    0.04839   23.80132   -0.19744   -4.24813   -5.11660    2.00000
 179.96196    0.09957   22.74734   22.44079    0.10659    0.05883   11.50961    3.14404    2.10653    5.85632    2.00000
 179.87273    0.00374   23.55854   23.14554    0.12733    0.07027    6.18278   -0.03337    1.79192   -3.06407    2.00000
 179.99564    0.00425   22.92369   22.59818    0.00609    0.00336   10.04093    3.11778    2.85285    7.41798    2.00000
 179.95084   -0.03954   20.88869   20.53804    0.06309    0.03482   56.18940   -1.36491    0.04496   -1.78777    2.00000
 179.92995   -0.06419   23.06821   22.72539    0.09501    0.05244    9.05149   -2.17148    0.62902    1.80642    2.00000
 180.52097   -0.15044   22.98349   22.65122    0.54225    0.29929    9.62840   -4.02539    1.84803   -1.76662    2.00000
 179.98198    0.03414   23.59811   23.17866    0.03861    0.02131    6.01603   -0.48379   -0.18023   -4.63905    2.00000
 179.97719   -0.06781   20.06019   19.57287    0.07155    0.03949  112.59390    2.86177    0.25673    3.33149    2.00000
 180.01688    0.00292   22.45831   22.18007    0.01713    0.00946   14.61423   -4.87398    3.11980   -0.11710    2.00000
 179.96817   -0.08107   22.93673   22.60980    0.08709    0.04807    9.95052    3.08744   -2.60250    1.53571    2.00000
 180.04333    0.03697   22.70743   22.40511    0.05696    0.03144   11.93451    3.62802   -0.54109    1.00023    2.00000
 180.04689    0.06047   23.02012   22.68335    0.07652    0.04223    9.37848   -0.13020    1.33009    1.97031    2.00000
 180.03101   -0.10955   23.23760   22.87293    0.11386    0.06284    7.90390    1.13793   -3.00447   -3.18462    2.00000
 180.03835   -0.03528   23.43962   23.04491    0.05210    0.02876    6.68938   -0.22000    1.14675   -2.96130    2.00000
 180.01070    0.09680   23.04661   22.70651    0.09739    0.05375    9.19835    6.46852   -1.86935    5.89119    2.00000
 180.02618    0.00978   22.70244   22.40065    0.02795    0.01543   11.98763    5.58181   -4.53165   -1.38916    2.00000
 179.99597   -0.02676   22.22301   21.96372    0.02707    0.01494   17.40903   -2.85738    1.15441   -0.29117    2.00000
 179.96368   -0.06874   23.71680   23.27733    0.07775    0.04291    5.51926   -1.02957    0.03590   -0.66590    2.00000
 179.94131    0.27213   20.70590   20.27577    0.27838    0.15365   69.17077   -5.49466   -2.77944   -8.43419    2.00000
 180.17287    0.05618   23.45584   23.05863    0.18176    0.10032    6.62030    3.49800   -1.40296    2.61982    2.00000
 179.95641   -0.13387   22.12793   21.87656    0.14079    0.07771   18.97205   -5.16994   -3.20686   -9.35742    2.00000
 179.96410   -0.01320   23.07541   22.73168    0.03825    0.02111    9.00254   -2.28087    1.07774    0.63824    2.00000
 179.97604   -0.03483   22.04207   21.79606    0.04227    0.02333   20.41551   -0.32678   -2.93522   -3.32148    2.00000
 179.96352   -0.03452   22.62192   22.32834    0.05024    0.02773   12.84871   -1.81307   -0.53585   -0.65025    2.00000
 179.94641    0.05056   21.43199   21.20969    0.07368    0.04066   33.36107   -2.35637    1.21118   -0.91558    2.00000
 180.04741    0.02623   23.07061   22.72749    0.05418    0.02990    9.03517    3.47383    3.07749    6.54846    2.00000
 179.93542   -0.03203   23.41253   23.02198    0.07209    0.03979    6.80485   -0.07033   -2.06612   -3.07883    2.00000
 180.00252    0.06989   23.43152   23.03805    0.06993    0.03860    6.72392    0.51734    0.73280    5.83156    2.00000
 180.00514   -0.15551   22.23329   21.97317    0.15560    0.08588   17.23957   -0.04698   -0.39444   -0.14690    2.00000
 180.03035   -0.02981   22.34131   22.07253    0.04254    0.02348   15.89474   -1.24216   -1.08758   -1.70157    2.00000
 180.12917    0.08953   23.25955   22.89198    0.15716    0.08674    7.75571    2.59319    2.29886    6.87542    2.00000
 179.99414   -0.01967   22.22815   21.96844    0.02052    0.01133   17.32430    0.92093   -0.14679    1.12525    2.00000
 180.00795   -0.12949   20.86726   20.50130    0.12974    0.07160   57.56636   -5.29287    0.11599   -5.20017    2.00000
 179.88519   -0.04421   23.30095   22.92744    0.12303    0.06790    7.47988    2.52280   -1.14934    0.62665    2.00000
 180.00653   -0.05363   23.01365   22.67768    0.05403    0.02982    9.42258    2.64563   -1.76436   -0.77383    2.00000
 180.21407    0.24346   22.26670   22.00388    0.32418    0.17892   16.71221   -3.27398    2.94910   -0.14395    2.00000
 179.93556   -0.02114   23.44233   23.04720    0.06782    0.03743    6.67787   -8.20380   -2.06944  -11.77963    2.00000
 179.95113   -0.03406   23.14742   22.79462    0.05957    0.03288    8.51300   -1.85960    0.28615   -3.36615    2.00000
 179.98586    0.00124   22.01740   21.77310    0.01421    0.00784   20.82730   -1.35294    2.58529   -0.47264    2.00000
 179.94511    0.13485   22.48644   22.20570    0.14559    0.08035   14.30905    3.56447    1.90032    4.04800    2.00000
 179.97124   -0.01443   20.99176   20.70114    0.03218    0.01776   50.07714   -2.26061   -3.62161   -5.76352    2.00000
 180.05791   -0.00060   21.91335   21.67614    0.05791    0.03196   22.56596    6.39221   -1.65173    4.36809    2.00000
 180.08018    0.01928   23.27661   22.90680    0.08247    0.04551    7.64046   -1.95945    5.30147    0.15991    2.00000
 180.03874    0.02399   22.83501   22.51914    0.04557    0.02515   10.65572    0.29666    3.62460    4.27627    2.00000
 180.07806    0.04160   22.13231   21.88056    0.08846    0.04883   18.90020    0.07380   -0.94627   -0.84070    2.00000
 179.90437   -0.00465   22.31731   22.05042    0.09574    0.05284   16.15806   -2.06088   -1.16984   -3.31097    2.00000
 180.05179    0.01465   23.83661   23.37632    0.05383    0.02971    5.02090    2.39773   -0.18848    3.84222    2.00000
 179.89018   -0.06596   21.82082   21.58939    0.12810    0.07070   24.12160   -1.39684    1.75698    0.36613    2.00000
 179.88754   -0.20359   23.70744   23.26958    0.23258    0.12837    5.55827   -3.47149   -0.73278   -5.65354    2.00000
 179.87474   -0.27063   23.37987   22.99431    0.29822    0.16459    6.95977   -2.40169   -0.18536   -1.47268    2.00000
 179.96434   -0.08075   22.00918   21.76544    0.08827    0.04872   20.96456    3.55884    0.26900    3.01685    2.00000
 179.75053    0.01465   23.82947   23.37042    0.24989    0.13792    5.05059    3.26970   -2.78869    6.91501    2.00000
 180.04398   -0.05089   23.46665   23.06778    0.06726    0.03712    6.57425   -3.02399   -1.40159   -7.69710    2.00000
 180.05322   -0.02384   23.46125   23.06321    0.05832    0.03219    6.59727  -10.49142   -2.53661   -7.82247    2.00000
 180.25670   -0.04311   21.00735   20.72410    0.26029    0.14366   49.21655    8.09213   -2.52243    5.51563    2.00000
 179.91136   -0.04038   19.45793   18.94256    0.09741    0.05376  167.99747   -2.56513    4.01936    1.43013    2.00000
 180.02937    0.17830   22.89500   22.57261    0.18071    0.09974   10.23983    0.37778   -0.43761    2.54008    2.00000
 179.91556    0.06115   21.94341   21.70421    0.10425    0.05754   22.06266   -1.20925    2.61450    2.07991    2.00000
 179.99792    0.06707   22.42052   22.14550    0.06711    0.03704   15.02581    3.24666    2.54630    7.02230    2.00000
 180.00200    0.12292   22.75483   22.44748    0.12294    0.06785   11.42994   -2.25119   -2.39105   -6.00273    2.00000
 180.01346   -0.05814   22.69994   22.39842    0.05967    0.03294   12.01418   -1.40152   -0.22006   -2.90935    2.00000
 180.00040    0.11120   22.29241   22.02751    0.11121    0.06138   16.43089   -2.66388    0.75280   -4.02414    2.00000
 180.02579   -0.04209   21.75623   21.52815    0.04936    0.02724   25.21969   -1.33786   -0.32063   -1.99240    2.00000
 179.98119   -0.00292   23.11622   22.76735    0.01904    0.01051    8.72513    4.30397   -0.39379    3.83478    2.00000
 180.07600    0.09583   23.07061   22.72749    0.12232    0.06751    9.03517   -2.46095   -1.64054   -2.73937    2.00000
 180.00659    0.13389   21.71390   21.48733    0.13405    0.07398   26.05784    1.14139   -4.16976   -3.17842    2.00000
 180.07590   -0.02002   23.13542   22.78413    0.07848    0.04332    8.59459   -3.14389   -0.85744   -1.45514    2.00000
 180.22070    0.22303   21.16224   20.91941    0.31377    0.17318   41.89699    1.54678   -1.47877   -0.37196    2.00000
 180.01849    0.05788   22.75982   22.45194    0.06076    0.03354   11.37683   -6.49163    2.27010   -4.80980    2.00000
 180.07729   -0.14440   22.84805   22.53076    0.16378    0.09039   10.56531   -4.48705   -2.80416   -6.17938    2.00000
 179.97066    0.00855   22.46535   22.18648    0.03057    0.01687   14.53793    1.69429    2.29595    4.64884    2.00000
 180.02235    0.00424   22.59845   22.30724    0.02275    0.01256   13.09987    0.59017    1.83175    1.52878    2.00000
 180.00089    0.02153   23.64955   23.22162    0.02155    0.01189    5.79973    8.09458   -0.06840    9.88293    2.00000
 179.90649   -0.19040   22.53331   22.24841    0.21212    0.11708   13.80043    4.43391    4.65563    7.62681    2.00000
 180.04283   -0.02518   23.71306   23.27423    0.04968    0.02742    5.53487    6.14551    3.40555    7.10813    2.00000
 180.00793   -0.01208   22.59323   22.30256    0.01446    0.00798   13.15569   -2.38324    0.24660   -2.72376    2.00000
 179.94788    0.07059   22.72739   22.42295    0.08775    0.04843   11.72206   -0.57807    0.56683    0.61934    2.00000
 180.10492    0.07742   22.65844   22.36115    0.13039    0.07197   12.45802    5.07718    0.89082    5.75652    2.00000
 179.95450   -0.04272   23.26686   22.89833    0.06241    0.03445    7.70632   -0.72424    2.14367    0.78421    2.00000
 180.03789    0.13092   22.38212   22.11012    0.13629    0.07522   15.44711    2.04194    3.12267    5.11741    2.00000
 180.00951    0.06991   23.65318   23.22464    0.07056    0.03894    5.78455   -1.67203    0.02045   -0.23810    2.00000
 180.07561    0.03030   23.01796   22.68146    0.08145    0.04495    9.39318   -1.68598   -1.66612   -2.50088    2.00000
 180.45702   -0.40442   22.76481   22.45640    0.61025    0.33682   11.32371   -0.02510   -0.82854   -2.33271    2.00000
 180.04391    0.02646   23.39620   23.00814    0.05128    0.02830    6.87450    2.06534   -0.16075   -2.14719    2.00000
 180.01366    0.04475   21.15838   20.91493    0.04679    0.02582   42.06486   -0.32417    1.49806    1.17428    2.00000
 179.99579    0.00213   21.24864   21.01775    0.00472    0.00260   38.40983    5.12941    0.99484    6.45930    2.00000
 179.98843   -0.04091   23.71119   23.27268    0.04251    0.02346    5.54267   -0.71118   -0.70991    2.11338    2.00000
 179.83195    0.13520   23.11862   22.76944    0.21568    0.11904    8.70881   -4.31910    0.31965   -4.04978    2.00000
 180.14671   -0.07739   23.12582   22.77574    0.16587    0.09155    8.65986    3.24444    0.03800    4.11183    2.00000
 179.96786    0.02015   22.93412   22.60748    0.03792    0.02093    9.96860   -6.58513   -0.40606   -3.96137    2.00000
 179.93140    0.02304   22.07754   21.82922    0.07237    0.03994   19.82085   -4.82540   -1.45368   -7.68244    2.00000
 180.12241   -0.30555   20.88155   20.52579    0.32915    0.18167   56.64839   -2.09345    2.56531    0.81531    2.00000
 179.99161    0.00903   23.41798   23.02659    0.01233    0.00680    6.78163    3.02315    3.06091    7.15696    2.00000
 180.04138    0.02264   22.84284   22.52611    0.04717    0.02603   10.60147    3.31238   -3.07282   -0.12551    2.00000
 180.00648   -0.06442   23.59169   23.17329    0.06475    0.03574    6.04306   -0.88059   -3.36274   -5.84345    2.00000
 179.98079    0.04963   23.20347   22.84329    0.05322    0.02937    8.13441   -1.35512    1.37415   -2.95686    2.00000
 179.94370    0.01905   22.55440   22.26763    0.05943    0.03280   13.57155   -4.15566   -5.28054  -11.03864    2.00000
 179.95001    0.01527   22.76481   22.45640    0.05227    0.02885   11.32371    2.59657    2.90726    4.63361    2.00000
 180.03166   -0.04520   21.90518   21.66849    0.05518    0.03046   22.70322   -4.10341   -3.55460   -8.45896    2.00000
 180.15697    0.06202   21.19565   20.95823    0.16877    0.09315   40.44212    4.17807    0.15236    3.89981    2.00000
 180.08043   -0.05117   21.95437   21.71441    0.09533    0.05261   21.87965   -2.57154    4.18622    0.71490    2.00000
 180.06927    0.01689   21.77740   21.54857    0.07130    0.03935   24.85366    1.66841    3.92657    5.72888    2.00000
 180.08218    0.02991   16.54838   15.78645    0.08745    0.04827  860.28918   -4.79111    0.46784   -4.32364    2.00000
