#RA        DEC       MAG_G     MAG_I     ANGSEP    RPROJ     SNR       VTRUE       VSYS       VMEAS      VSYSERR    
 179.91663    0.09038   21.59172   21.36967    0.12296    0.06787   29.15271    0.48151   -2.26209   -1.56798    2.00000
 180.13228    0.27751   23.26198   22.89410    0.30743    0.16968    7.73925    2.73628    0.04337    5.33885    2.00000
 180.02106    0.02188   22.27698   22.01333    0.03036    0.01676   16.59969   -1.88840   -1.45003   -1.67662    2.00000
 179.98245    0.06985   22.99749   22.66350    0.07201    0.03975    9.53284   -5.13823   -0.50207   -5.58642    2.00000
 179.99461   -0.05296   21.72977   21.50264    0.05323    0.02938   25.67723    4.96854    0.33925    4.50389    2.00000
 180.01506   -0.06606   22.01740   21.77310    0.06775    0.03739   20.82730   -2.28771    0.60265   -2.47211    2.00000
 180.04221    0.00118   21.83170   21.59960    0.04222    0.02330   23.93858    1.17634    3.23592    4.44387    2.00000
 179.63406    0.11672   22.48175   22.20143    0.38411    0.21200   14.35991   -2.26884    0.94572   -1.64916    2.00000
 179.98228    0.07323   23.75088   23.30555    0.07534    0.04158    5.37716    0.70782   -1.94185    1.97197    2.00000
 180.06259    0.03841   22.25899   21.99679    0.07344    0.04053   16.81592    1.68155    0.88398    3.73327    2.00000
 179.96419   -0.02120   23.33633   22.95742    0.04163    0.02297    7.24673    0.20122    1.75280    5.46841    2.00000
 179.74088    0.72918   23.74300   23.29903    0.77385    0.42713    5.41002    2.75739    4.94256   12.99225    2.00000
 180.00539    0.01121   23.24979   22.88351    0.01243    0.00686    7.82157    6.91013    4.20397   11.11498    2.00000
 179.98595    0.03530   22.30012   22.03459    0.03800    0.02097   16.34650    3.64448    0.14697    3.24041    2.00000
 180.10258   -0.04651   23.36082   22.97817    0.11264    0.06217    7.08531    3.10154    0.51156   -1.21674    2.00000
 180.04372   -0.00291   22.00918   21.76544    0.04382    0.02419   20.96456   -2.59796   -1.45069   -4.65170    2.00000
 179.93658   -0.00868   23.54503   23.13410    0.06401    0.03533    6.24035    1.21120    2.27458    1.35266    2.00000
 179.92162   -0.01197   22.40612   22.13224    0.07929    0.04376   15.18380   -2.08147   -1.34806   -1.31600    2.00000
 180.05722    0.00866   23.73738   23.29438    0.05787    0.03194    5.43343   -1.82606   -4.16088   -4.35345    2.00000
 180.06030    0.00187   20.33480   19.86275    0.06033    0.03330   92.76885   -3.53001    0.54288   -2.95052    2.00000
 179.95599    0.04740   23.81280   23.35666    0.06468    0.03570    5.11986   -2.59230   -4.20251  -13.85640    2.00000
 179.88301   -0.06112   23.37171   22.98739    0.13199    0.07285    7.01357    1.30031   -2.97710   -6.04708    2.00000
 180.06416   -0.03026   20.77266   20.36027    0.07095    0.03916   64.81606    2.57008   -1.32307    1.30801    2.00000
 179.95131   -0.01112   23.52881   23.12038    0.04995    0.02757    6.30943    0.08452    1.08201   -0.04229    2.00000
 180.02261    0.00418   23.61418   23.19208    0.02299    0.01269    5.94847    3.75635   -1.77862   -0.92087    2.00000
 179.95140    0.00524   23.29006   22.91822    0.04888    0.02698    7.55162    2.41276   -0.31500   -1.12340    2.00000
 179.94725    0.05834   23.52071   23.11352    0.07865    0.04341    6.34397   -1.05277    0.39655   -1.26970    2.00000
 180.00542    0.00062   22.25642   21.99443    0.00545    0.00301   16.85829    1.72409   -1.65744    0.41225    2.00000
 180.07397   -0.02148   23.25711   22.88986    0.07702    0.04251    7.77218   -7.14959   -0.44031   -7.99973    2.00000
 179.96049    0.07666   20.08555   19.59948    0.08624    0.04760  110.77392    1.48050    4.19406    5.52300    2.00000
 179.98030   -0.01962   23.66441   23.23394    0.02780    0.01534    5.73773    1.64522    1.44541    0.44948    2.00000
 179.92332    0.02298   23.02980   22.69182    0.08004    0.04418    9.31257   -0.34284    1.51703    1.56459    2.00000
 180.03525    0.05243   22.12464   21.87355    0.06317    0.03487   19.02594   -3.91514    0.34304   -4.41336    2.00000
 179.99939   -0.03188   21.92970   21.69145    0.03189    0.01760   22.29143    7.89469   -2.24114    5.44859    2.00000
 180.02814   -0.01081   23.15227   22.79884    0.03014    0.01663    8.48017    7.89116    4.31739   10.00095    2.00000
 180.02103   -0.04753   23.64791   23.22026    0.05198    0.02869    5.80660   -3.59203    0.69435    1.27792    2.00000
 179.97417   -0.03223   23.66254   23.23239    0.04131    0.02280    5.74554   -4.46378   -0.23439    0.21765    2.00000
 179.97614    0.07041   23.75088   23.30555    0.07435    0.04103    5.37716   -0.57617    0.49041    1.47644    2.00000
 180.04655   -0.04980   23.12102   22.77154    0.06817    0.03763    8.69250    0.16806    1.06454    1.31416    2.00000
 180.09901    0.07186   21.92970   21.69145    0.12234    0.06752   22.29143    1.85115    0.22071    1.16436    2.00000
 180.03584    0.03201   23.06581   22.72329    0.04806    0.02652    9.06781   -3.87391    5.61452   -3.84336    2.00000
 179.98491   -0.03943   23.14022   22.78832    0.04222    0.02330    8.56195   -0.87919   -0.65607    1.33672    2.00000
 179.94377   -0.14754   23.56389   23.15006    0.15789    0.08714    6.16001   -5.05734    1.39381    2.87243    2.00000
 180.04427    0.07598   23.12582   22.77574    0.08793    0.04853    8.65986   -4.94986    1.13617   -6.88538    2.00000
 180.07857    0.02222   23.30367   22.92975    0.08164    0.04506    7.46195   -4.72499   -1.47059   -9.63952    2.00000
 179.99886   -0.01031   22.08762   21.83880    0.01037    0.00573   19.64902   -0.38209    1.51080    2.07322    2.00000
 179.97580    0.01511   23.32544   22.94819    0.02852    0.01574    7.31847    0.12712   -3.72406    1.72069    2.00000
 180.01733    0.07113   22.10156   21.85207    0.07321    0.04040   19.41110   -0.95568    1.04980   -0.03208    2.00000
 179.98752    0.15567   22.91326   22.58888    0.15617    0.08619   10.11326    0.26678   -1.86717   -0.77386    2.00000
 180.00180    0.01080   23.20835   22.84753    0.01095    0.00604    8.10148    2.34089   -0.34257   -0.25095    2.00000
 180.03328   -0.08279   23.67938   23.24633    0.08923    0.04925    5.67531   -3.86897   -0.68220   -3.34266    2.00000
 179.99872    0.02150   22.63235   22.33771    0.02154    0.01189   12.73709   -4.26811    0.25968   -2.86639    2.00000
 179.97758    0.02970   22.98564   22.65311    0.03721    0.02054    9.61369   -3.91393    1.77641   -5.02726    2.00000
 180.02341   -0.00786   22.79225   22.48094    0.02469    0.01363   11.03159    1.79990   -0.17834    1.01565    2.00000
 180.35587    0.30015   21.50532   21.28460    0.46553    0.25694   31.39049    2.19519    0.27552    2.01911    2.00000
 180.05798    0.04067   22.29241   22.02751    0.07082    0.03909   16.43089    1.26864   -1.40936    3.23532    2.00000
 179.94826    0.05733   22.46300   22.18434    0.07723    0.04262   14.56336   -1.50002   -2.04967   -3.63104    2.00000
 179.99802    0.00486   23.79613   23.34290    0.00525    0.00290    5.18913   -2.48077    0.07562   -5.32818    2.00000
 180.00871    0.14136   22.92108   22.59586    0.14163    0.07817   10.05901   -2.26635    4.09274    0.63022    2.00000
 180.04008    0.03585   23.15471   22.80096    0.05378    0.02968    8.46370   -4.02002   -1.42447   -5.47459    2.00000
 179.91269    0.12720   23.19616   22.83694    0.15428    0.08515    8.18380    2.36461   -0.32641   -1.03199    2.00000
 180.06754    0.01321   23.15715   22.80307    0.06882    0.03798    8.44724   -6.76328    1.52032   -3.31806    2.00000
 179.94827   -0.02493   23.53962   23.12953    0.05742    0.03169    6.26338    0.15202    0.62690    5.46781    2.00000
 179.99690    0.02275   22.81969   22.50547    0.02296    0.01267   10.76205    6.71594   -1.52352    5.50185    2.00000
 180.02113    0.06903   21.59951   21.37716    0.07219    0.03984   28.95584   -0.38859    0.81714    0.22374    2.00000
 179.93156    0.11901   23.02500   22.68763    0.13728    0.07577    9.34521    0.90873    3.16477    2.29282    2.00000
 180.01135   -0.04043   23.12342   22.77364    0.04199    0.02318    8.67618    0.64766   -1.76992    1.22681    2.00000
 180.04489   -0.00619   21.89158   21.65573    0.04532    0.02501   22.93199    2.70863   -0.69063   -0.74198    2.00000
 179.96730    0.01913   22.57237   22.28381    0.03788    0.02091   13.37894   -4.79550    1.01320   -2.08882    2.00000
 180.04362   -0.03440   22.56193   22.27443    0.05555    0.03066   13.49057    2.78829    0.57689    2.98914    2.00000
 180.01514    0.02431   23.36082   22.97817    0.02864    0.01581    7.08531   -3.64676    0.36729   -0.87361    2.00000
 180.17813    0.25441   23.61257   23.19074    0.31057    0.17141    5.95523    3.56661    0.26915    4.18975    2.00000
 179.96480   -0.06918   22.92891   22.60283    0.07762    0.04284   10.00477    9.39651   -0.23343    8.66675    2.00000
 179.99374   -0.04345   23.55044   23.13868    0.04390    0.02423    6.21732   -2.62316   -0.37499    0.50272    2.00000
 179.99355   -0.02858   23.11381   22.76525    0.02930    0.01617    8.74145    5.57125    2.73644    8.66520    2.00000
 179.93205   -0.03185   23.79613   23.34290    0.07505    0.04142    5.18913    0.92979   -4.99619   -6.04506    2.00000
 180.01711   -0.01041   20.86091   20.49041    0.02003    0.01105   58.10911    1.23448    0.93372    1.67281    2.00000
 180.02734    0.07965   21.99274   21.75013    0.08422    0.04648   21.23909    9.01804    0.75659    9.38329    2.00000
 180.00352   -0.04417   22.79225   22.48094    0.04431    0.02446   11.03159    0.43763   -2.48355   -2.12095    2.00000
 180.08234    0.05330   22.32451   22.05705    0.09809    0.05414   16.07906    1.18665    1.12216    2.50569    2.00000
 179.95425    0.07163   23.78660   23.33504    0.08499    0.04691    5.22872   -1.98680    2.14582    4.93447    2.00000
 180.01807   -0.00747   20.52945   20.07275    0.01954    0.01079   79.63271   -1.76920    2.31569    0.61160    2.00000
 179.92075   -0.00862   23.40981   23.01967    0.07971    0.04400    6.81646   -1.98060    2.79038    0.39719    2.00000
 179.95393    0.01236   22.42292   22.14772    0.04770    0.02633   14.99947    0.42742    1.00095    0.97832    2.00000
 180.21886   -0.13416   20.46975   20.00795    0.25671    0.14168   82.97252   -0.71312   -3.54178   -4.17406    2.00000
 180.17015    0.06165   21.35896   21.13507    0.18097    0.09988   35.32383    2.84451    1.59074    4.49179    2.00000
 180.07288    0.05359   20.12135   19.63721    0.09047    0.04993  108.19403   -0.18258    1.34281    1.06383    2.00000
 179.99905    0.02314   23.60936   23.18805    0.02316    0.01278    5.96874   -1.45501   -0.73073   -1.54778    2.00000
 180.00044    0.04457   23.51260   23.10666    0.04457    0.02460    6.37852   -4.23185   -2.85951   -9.33837    2.00000
 180.02908   -0.12616   21.71390   21.48733    0.12947    0.07146   26.05784    0.62828   -1.58992   -0.60886    2.00000
 180.01768   -0.02297   22.04755   21.80116    0.02899    0.01600   20.32401    3.04090    2.14642    6.57086    2.00000
 179.99248    0.02048   22.93151   22.60515    0.02181    0.01204    9.98668    1.59501   -3.13115   -0.70055    2.00000
 179.93936   -0.15962   22.33651   22.06811    0.17075    0.09424   15.94741   -0.04951    2.55835    3.09205    2.00000
 180.04475   -0.29256   18.00650   18.01817    0.29596    0.16335  283.31015    2.80454   -1.47001    1.31243    2.00000
 180.00290   -0.01596   23.67751   23.24478    0.01622    0.00895    5.68312    3.17299    0.83501    7.64356    2.00000
 180.02272    0.08460   23.18884   22.83059    0.08760    0.04835    8.23320   -5.72812   -2.86961   -0.97317    2.00000
 180.04887    0.04457   23.24004   22.87504    0.06614    0.03651    7.88743   -3.57216   -0.74205   -5.17791    2.00000
 179.99348    0.02054   21.87253   21.63787    0.02155    0.01189   23.25227    0.76694    0.08421    2.23595    2.00000
 179.99730   -0.01673   23.34994   22.96895    0.01694    0.00935    7.15705    0.11899    4.53416    2.94315    2.00000
 180.00562    0.01698   22.08374   21.83512    0.01788    0.00987   19.71511   -0.45026   -1.11995   -2.12334    2.00000
 180.07211   -0.05724   23.75088   23.30555    0.09207    0.05081    5.37716   -0.08336    1.16308   -4.44607    2.00000
 179.98470    0.00809   23.36899   22.98509    0.01731    0.00956    7.03151    0.85357    1.27242    1.08432    2.00000
 180.07585   -0.04536   23.61096   23.18939    0.08838    0.04878    5.96198   -1.21865   -1.01930   -5.01900    2.00000
 179.99590   -0.02467   22.31971   22.05263    0.02501    0.01380   16.13173   -2.40085   -0.52917   -3.42705    2.00000
 180.06998   -0.04068   21.75359   21.52560    0.08094    0.04467   25.26545   -1.20424    1.52867    0.32106    2.00000
 179.95422    0.04230   20.95642   20.64909    0.06232    0.03440   52.02782   -6.21574   -0.83566   -7.07245    2.00000
 180.03683    0.03362   22.90543   22.58191    0.04987    0.02752   10.16750   -0.27381    0.77802    1.27962    2.00000
 180.03209   -0.00311   23.09941   22.75266    0.03224    0.01779    8.83936   -1.13774   -0.66419   -1.17329    2.00000
 179.94357   -0.02720   19.90667   19.41176    0.06263    0.03457  125.35484    2.24810   -1.77564    0.56269    2.00000
 179.99870   -0.03723   23.59811   23.17866    0.03725    0.02056    6.01603    5.88596    2.38472    9.65034    2.00000
 180.13951   -0.10426   22.49113   22.20997    0.17416    0.09613   14.25819    5.40458    0.97115    5.87668    2.00000
 180.10242   -0.01345   23.21322   22.85176    0.10329    0.05701    8.06855   -3.60847    0.00017   -8.07390    2.00000
 180.02994    0.05852   21.24465   21.01345    0.06574    0.03628   38.52292   -4.85078    5.33608    0.89802    2.00000
 180.16241    0.54624   22.98133   22.64933    0.56988    0.31454    9.64310   -1.12803    3.00690    2.21363    2.00000
 179.99658   -0.02350   22.73737   22.43187    0.02374    0.01310   11.61584   -0.49232   -0.70680   -2.24962    2.00000
 180.00172   -0.08120   23.37987   22.99431    0.08122    0.04483    6.95977   -0.34703    2.53345    0.31673    2.00000
 180.03218   -0.37257   22.69994   22.39842    0.37396    0.20640   12.01418    0.54628    3.85639    3.97080    2.00000
 180.09814   -0.07345   20.75255   20.33407    0.12258    0.06766   66.16601    0.41374   -2.16984   -1.81066    2.00000
 179.97025    0.13879   22.96281   22.63305    0.14195    0.07834    9.76970   -3.41145   -2.74678   -7.69120    2.00000
 180.06499    0.03714   21.31538   21.08885    0.07486    0.04131   36.53954   -1.49526   -0.54928   -1.72133    2.00000
 179.84828    0.16681   23.66254   23.23239    0.22549    0.12445    5.74554    1.67034   -2.38142   -3.93950    2.00000
 180.04633   -0.01839   22.39412   22.12118    0.04984    0.02751   15.31545   -5.78840    1.71660   -5.76318    2.00000
 180.08426    0.10091   23.27918   22.90900    0.13146    0.07256    7.62329    0.18012    0.96989   -3.34140    2.00000
 180.12517   -0.03270   22.16301   21.90861    0.12937    0.07140   18.39724    2.49363    2.49307    5.55049    2.00000
 179.90482    0.01779   23.74674   23.30213    0.09684    0.05345    5.39442    1.05663   -2.64349    5.49533    2.00000
 179.94772    0.05555   23.82471   23.36649    0.07628    0.04210    5.07038   -6.07679   -2.27466   -8.93010    2.00000
 179.98767    0.00132   23.18640   22.82847    0.01240    0.00685    8.24966   -3.23931   -0.11075    2.01370    2.00000
 180.03181    0.13974   20.90907   20.57206    0.14332    0.07910   54.91464   -3.87148   -3.39927   -7.20374    2.00000
 179.95341    0.06752   23.15227   22.79884    0.08203    0.04528    8.48017    0.72218    2.26798    6.24609    2.00000
 180.00948   -0.00153   22.96625   22.63610    0.00959    0.00529    9.74600   -0.24753    0.05982   -0.02745    2.00000
 179.98114   -0.02552   22.37012   22.09907    0.03173    0.01751   15.57877   -0.66250   -2.30128   -5.43346    2.00000
 180.00616    0.06968   23.31728   22.94128    0.06995    0.03861    7.37227    3.91980    1.74283    6.09314    2.00000
 179.96529   -0.02172   23.50179   23.09751    0.04095    0.02260    6.42457    1.25409    1.56833    3.80982    2.00000
 180.04784    0.11911   21.99274   21.75013    0.12835    0.07084   21.23909   -4.89681   -0.07292   -4.09077    2.00000
 179.92088    0.05582   22.53097   22.24628    0.09682    0.05344   13.82586   -4.40823   -1.08897   -4.21212    2.00000
 180.02434    0.00682   22.08064   21.83217    0.02528    0.01395   19.76798    0.85678    2.96320    3.95722    2.00000
 179.91917   -0.00746   23.58847   23.17061    0.08116    0.04479    6.05657    2.94596   -2.84238   -1.06233    2.00000
 179.91718    0.05104   22.26156   21.99916    0.09729    0.05370   16.77356    4.09197   -0.47601    1.80179    2.00000
 179.94217   -0.02928   22.24871   21.98734    0.06482    0.03578   16.98538   -1.59696    3.08633    2.42981    2.00000
 179.95624    0.00307   22.03658   21.79096    0.04387    0.02421   20.50702   -0.54721   -2.86785   -3.67681    2.00000
 180.06839    0.10315   22.54503   22.25909    0.12376    0.06831   13.67327   -4.22353   -0.15304   -3.15105    2.00000
 180.02744   -0.03152   22.32691   22.05926    0.04179    0.02307   16.05273   -1.99220    0.52365   -1.79117    2.00000
 180.02211    0.01931   22.71242   22.40957    0.02936    0.01621   11.88140   -1.21426    2.90448   -0.26256    2.00000
 179.99283    0.02758   23.57723   23.16121    0.02850    0.01573    6.10386    0.70012    2.14345    9.18117    2.00000
 180.02556   -0.04703   22.44191   22.16512    0.05352    0.02954   14.79225   -4.78832    3.86207    0.75434    2.00000
 179.95439    0.00736   22.86892   22.54936    0.04620    0.02550   10.42065    4.28546   -0.53762    1.51537    2.00000
 180.02112   -0.05274   23.30367   22.92975    0.05681    0.03135    7.46195    0.85378    0.09208    1.55361    2.00000
 180.10229   -0.12779   21.61897   21.39587    0.16369    0.09034   28.46366    0.36739   -0.91346   -0.50301    2.00000
 180.02438   -0.00245   23.11622   22.76735    0.02452    0.01353    8.72513   -1.93945    0.08167   -2.10179    2.00000
 179.86563   -0.10050   21.73242   21.50519    0.16780    0.09261   25.63148    5.58482    1.00465    7.39796    2.00000
 179.98322    0.01564   22.32931   22.06148    0.02294    0.01266   16.02640   -1.61670    4.90994    4.16375    2.00000
 179.89699   -0.13367   22.52394   22.23987    0.16876    0.09314   13.90215    6.59182    0.47969    7.42587    2.00000
 180.06248    0.12878   23.63988   23.21355    0.14314    0.07900    5.84038   -2.52884   -1.87880   -4.60017    2.00000
 180.03204   -0.04306   23.02277   22.68567    0.05367    0.02962    9.36039   -1.41952    3.71853    2.68011    2.00000
 179.95213    0.03372   22.60106   22.30959    0.05855    0.03231   13.07197    1.02111   -1.81793   -0.20061    2.00000
 180.05727    0.00689   21.62092   21.39774    0.05767    0.03183   28.41444   -3.87423   -2.12656   -5.88531    2.00000
 180.01370    0.03832   22.62714   22.33302    0.04070    0.02246   12.79290    0.63083    0.00546    0.34845    2.00000
 180.00954    0.02102   22.47238   22.19288    0.02308    0.01274   14.46164   -0.50021   -1.57721   -2.57154    2.00000
 179.95659   -0.07320   21.19437   20.95674    0.08510    0.04697   40.49808   -3.02596   -1.07048   -3.72866    2.00000
 179.96935    0.04343   21.47894   21.25765    0.05315    0.02934   32.09929   -1.13971    0.41821   -0.63496    2.00000
 180.03993   -0.10483   22.51456   22.23133    0.11218    0.06192   14.00388   -2.04611   -0.66185   -2.59617    2.00000
 179.89496    0.09736   23.31728   22.94128    0.14322    0.07904    7.37227   -0.91320    3.34173    4.24105    2.00000
 180.00513    0.03180   23.84138   23.38025    0.03222    0.01778    5.00111    3.12834    2.43185    4.29538    2.00000
 179.73506    0.22715   22.14108   21.88858    0.34899    0.19262   18.75650    0.83105    0.24486    1.61951    2.00000
 179.99405    0.04187   23.28734   22.91591    0.04229    0.02334    7.56956    1.09402   -0.28895   -2.21362    2.00000
 179.99214   -0.02797   22.57237   22.28381    0.02906    0.01604   13.37894   -0.59879    3.17873    2.74824    2.00000
 179.96919    0.00232   23.48017   23.07922    0.03088    0.01705    6.51668    5.41023   -0.27149    8.96604    2.00000
 180.04852   -0.01824   19.23699   18.70928    0.05184    0.02861  193.79544    5.08289   -0.07086    4.96275    2.00000
 179.88110   -0.17223   23.80804   23.35273    0.20928    0.11551    5.13965   -2.16775   -0.53822   -3.46671    2.00000
 180.10880    0.07558   22.56454   22.27678    0.13247    0.07312   13.46266    2.73813    0.66686    3.55712    2.00000
 179.97725    0.01484   22.56193   22.27443    0.02717    0.01499   13.49057    1.53918   -2.12612    0.22021    2.00000
 180.15645   -0.03356   23.63185   23.20684    0.16001    0.08831    5.87416   -0.20584    2.66793    2.21300    2.00000
 179.96172   -0.06772   20.25064   19.77362    0.07780    0.04294   98.86474   -1.00001    2.83544    1.89466    2.00000
 179.68094   -0.10838   23.44503   23.04949    0.33696    0.18598    6.66636   -5.31060    0.20506   -6.54837    2.00000
 179.96194   -0.02672   21.74300   21.51540    0.04651    0.02567   25.44846    0.15773   -0.94425   -0.63424    2.00000
 179.96748   -0.03695   23.63988   23.21355    0.04922    0.02717    5.84038    0.48458    3.24619    4.54612    2.00000
 179.99754    0.00170   22.27698   22.01333    0.00299    0.00165   16.59969   -4.75097   -3.49782   -8.90979    2.00000
 179.91896    0.00834   22.68974   22.38927    0.08146    0.04496   12.12314   -1.98905   -1.61458   -2.96072    2.00000
 180.10403   -0.02377   22.20758   21.94954    0.10672    0.05890   17.66322   -2.57924    0.44492   -3.11864    2.00000
 180.00781   -0.00888   22.87413   22.55401    0.01182    0.00652   10.38449    0.83881   -0.95177   -1.92312    2.00000
 180.09909   -0.21341   23.77470   23.32521    0.23530    0.12987    5.27820    0.09818   -1.41940   -4.06404    2.00000
 180.00485    0.09852   22.94977   22.62143    0.09864    0.05444    9.86011    2.19073   -0.63222    0.58356    2.00000
 180.01443   -0.01226   23.40709   23.01737    0.01894    0.01045    6.82807   -4.06876   -1.74577    0.82587    2.00000
 180.00935   -0.03949   23.13782   22.78623    0.04059    0.02240    8.57827   -2.87253   -0.01009   -6.16758    2.00000
 180.08740    0.02703   21.93245   21.69400    0.09148    0.05049   22.24568   -1.15194   -2.83592   -4.45062    2.00000
 180.08362   -0.09155   22.09769   21.84839    0.12399    0.06843   19.47719    2.53059   -0.54655    1.99039    2.00000
 179.95238    0.04623   22.89239   22.57028    0.06637    0.03663   10.25791   -2.80042   -1.80728   -2.78743    2.00000
 179.98929    0.08604   23.32816   22.95050    0.08670    0.04785    7.30053   -6.04980    2.47680   -3.43087    2.00000
 179.99635   -0.02814   21.60340   21.38090    0.02837    0.01566   28.85740   -4.56661    1.36653   -3.58841    2.00000
 180.04945    0.06648   22.19730   21.94009    0.08286    0.04573   17.83268   -0.89120   -2.87220   -5.18208    2.00000
 179.89075    0.10068   23.81756   23.36059    0.14857    0.08200    5.10007   -1.17164   -1.97908    3.30511    2.00000
 180.00923   -0.01463   22.77978   22.46979    0.01730    0.00955   11.16438   -0.51005   -2.12618   -3.01110    2.00000
 179.97136    0.00500   23.23029   22.86658    0.02907    0.01604    7.95329   -0.29227    0.29376   -1.32563    2.00000
 179.98399    0.02941   23.26686   22.89833    0.03348    0.01848    7.70632    1.69402    2.92223    4.82268    2.00000
 180.12532    0.13482   22.32451   22.05705    0.18407    0.10159   16.07906    0.73423   -0.64187    1.10480    2.00000
 180.07114    0.00008   22.97918   22.64744    0.07113    0.03926    9.65780   -1.16373   -1.53614   -6.87162    2.00000
 179.80496   -0.26162   22.41812   22.14329    0.32632    0.18011   15.05214   -0.60901   -2.26013   -3.07810    2.00000
 180.01213   -0.00782   22.49347   22.21210    0.01443    0.00797   14.23276   -3.73725    1.11402   -1.47800    2.00000
 180.00920    0.00144   22.31731   22.05042    0.00931    0.00514   16.15806   -0.67048    1.31119    1.72677    2.00000
 179.93584    0.04655   22.04481   21.79861    0.07927    0.04375   20.36976    1.98143    2.48023    3.80927    2.00000
 180.03790    0.01900   20.07403   19.58739    0.04240    0.02340  111.60119   -0.43977   -5.62014   -5.92826    2.00000
 179.99300   -0.05392   22.84023   22.52379    0.05437    0.03001   10.61955    1.28933    1.66017    4.15401    2.00000
 179.72746    0.00330   23.66815   23.23703    0.27255    0.15043    5.72213    3.44164    0.43195    3.20842    2.00000
 180.02769   -0.01948   22.34131   22.07253    0.03386    0.01869   15.89474   -6.38814   -1.37530   -8.48629    2.00000
 180.02557   -0.00860   22.83501   22.51914    0.02698    0.01489   10.65572   -1.48421   -1.67851   -4.89844    2.00000
 180.38081   -0.02307   22.11086   21.86092    0.38151    0.21057   19.25249   -5.02943    1.58799   -4.77461    2.00000
 180.06241   -0.07882   23.22054   22.85811    0.10054    0.05549    8.01915   -6.44832   -3.09569   -8.56947    2.00000
 180.00597    0.11549   21.55279   21.33225    0.11564    0.06383   30.13707   -2.06587    1.09826   -1.27643    2.00000
 180.01685   -0.04136   23.80566   23.35076    0.04466    0.02465    5.14955    0.31128   -0.04648    0.06147    2.00000
 180.39407   -0.21801   23.47206   23.07236    0.45035    0.24856    6.55122   -3.09418   -1.19800   -9.51461    2.00000
 180.06830   -0.02223   22.38452   22.11234    0.07182    0.03964   15.42078   -1.68307   -1.25762   -2.03224    2.00000
 179.90891    0.03196   23.00288   22.66823    0.09653    0.05328    9.49609    0.43061    0.92472    3.92613    2.00000
 180.00740   -0.00415   23.19372   22.83482    0.00848    0.00468    8.20027   -5.01188   -2.35572   -8.48863    2.00000
 179.92067    0.00657   21.75094   21.52305    0.07960    0.04393   25.31120   -0.23125    0.48609    0.29121    2.00000
 180.03667   -0.00429   21.14699   20.90126    0.03692    0.02038   42.57715   -0.82086   -0.98798   -1.45008    2.00000
 180.01675    0.01306   19.88173   19.38556    0.02124    0.01173  127.66354    0.18076    3.02820    3.15002    2.00000
 180.05048   -0.19200   23.08261   22.73797    0.19853    0.10957    8.95358    3.31888   -2.42977   -0.33500    2.00000
 179.95840   -0.01726   17.97247   17.99853    0.04504    0.02486  286.06268    1.17063   -3.79777   -2.70255    2.00000
 179.89417    0.24119   22.16739   21.91262    0.26339    0.14537   18.32539    4.49935   -1.44611    3.07533    2.00000
 180.00388   -0.01476   21.32145   21.09532    0.01526    0.00842   36.36952   -1.16473   -1.16223   -3.25394    2.00000
 179.98538   -0.02003   18.85990   18.30852    0.02480    0.01369  243.31590   -3.29520    1.35059   -1.97885    2.00000
 179.93497   -0.10158   23.41525   23.02428    0.12062    0.06657    6.79324   -4.42459    2.02980   -8.34647    2.00000
 180.01109   -0.01030   23.73551   23.29283    0.01513    0.00835    5.44123    0.93743   -2.02276    1.05105    2.00000
 180.05171    0.01891   23.63024   23.20550    0.05506    0.03039    5.88091   -0.93389   -1.53772    0.27438    2.00000
 180.01773    0.07857   22.96948   22.63893    0.08055    0.04446    9.72395  -10.46146    3.60937   -4.46156    2.00000
 179.90718    0.05565   22.06673   21.81902    0.10822    0.05973   20.00373    1.24877    2.35937    3.53441    2.00000
 179.80547   -0.04956   23.19859   22.83906    0.20075    0.11080    8.16734    2.21704    2.40498    4.91814    2.00000
 179.98659   -0.01075   21.45546   21.23367    0.01719    0.00949   32.73018    7.86191   -2.33046    5.42549    2.00000
 180.06259   -0.18903   22.89500   22.57261    0.19912    0.10990   10.23983    0.59166   -2.22466   -1.36031    2.00000
 179.97780   -0.00313   23.09701   22.75056    0.02242    0.01238    8.85567    2.56318    2.08397    3.04256    2.00000
 179.97371   -0.03112   23.75565   23.30949    0.04074    0.02248    5.35737    2.14111   -1.38191    2.59551    2.00000
 179.79053    0.12345   23.20591   22.84541    0.24315    0.13420    8.11794   -5.52576   -0.35904   -2.93952    2.00000
 179.96599    0.05354   23.64791   23.22026    0.06343    0.03501    5.80660   -1.04608    2.14972   -3.60256    2.00000
 179.97523    0.03526   22.99318   22.65972    0.04308    0.02378    9.56224    0.40816   -2.15637   -1.04852    2.00000
 180.07584   -0.04453   22.28213   22.01806    0.08794    0.04854   16.54342   -1.37319   -0.50122   -3.52141    2.00000
 180.01746    0.00604   22.13122   21.87956    0.01848    0.01020   18.91816   -3.71232   -1.13868   -4.76494    2.00000
 179.96996    0.00320   21.72184   21.49498    0.03022    0.01668   25.85649    1.77930   -0.87211    1.64688    2.00000
 180.07143    0.13357   23.21322   22.85176    0.15146    0.08360    8.06855   -0.63067   -2.37985    1.15938    2.00000
 180.01131   -0.05540   19.80720   19.30761    0.05654    0.03121  134.53365   -1.23222   -3.03497   -4.32020    2.00000
 179.98953    0.04899   23.43692   23.04263    0.05010    0.02765    6.70090    1.47551    0.65956    0.24776    2.00000
 179.98016    0.03959   23.13062   22.77993    0.04428    0.02444    8.62723    3.00288   -1.32919    1.03565    2.00000
 179.16023   -0.29451   23.63506   23.20952    0.88990    0.49120    5.86065   -5.21216   -1.30176   -0.52041    2.00000
 180.08095   -0.07884   23.24736   22.88139    0.11299    0.06236    7.83804    1.26177    2.27719    2.35681    2.00000
 179.98917   -0.02648   23.55854   23.14554    0.02861    0.01579    6.18278    6.18741    0.10574    6.06028    2.00000
 179.84798   -0.03891   23.29550   22.92283    0.15693    0.08661    7.51575   -0.10719    0.82774    2.51013    2.00000
 179.98965    0.00302   23.20591   22.84541    0.01078    0.00595    8.11794   -0.25440    2.25500   -0.90180    2.00000
 180.04742   -0.01039   19.61418   19.10563    0.04855    0.02680  152.33478   -2.61342    0.90149   -1.68933    2.00000
 180.06418    0.06473   22.78726   22.47648    0.09115    0.05031   11.08471   -4.16609    0.26469   -1.88815    2.00000
 179.94360    0.03097   22.32451   22.05705    0.06434    0.03551   16.07906    1.04288   -0.26833   -0.74738    2.00000
 180.00716   -0.09350   22.59323   22.30256    0.09378    0.05176   13.15569   -0.12687   -2.27479   -2.81129    2.00000
 180.01288   -0.08111   21.36679   21.14306    0.08212    0.04533   35.11353   -5.61455   -2.88591   -8.67627    2.00000
 180.00410   -0.04807   23.22054   22.85811    0.04825    0.02663    8.01915   -2.61282    1.88332    1.24469    2.00000
 180.00842    0.08184   23.08501   22.74007    0.08228    0.04541    8.93726    1.58907   -1.62665    3.45175    2.00000
 179.87106   -0.03507   22.09071   21.84175    0.13362    0.07375   19.59615    3.51518   -3.75573   -1.32273    2.00000
 179.99727    0.01780   21.72977   21.50264    0.01801    0.00994   25.67723    0.66860   -2.21927   -2.38894    2.00000
 180.01360   -0.02756   23.41253   23.02198    0.03073    0.01696    6.80485    1.79052    1.48821    5.89114    2.00000
 180.04474    0.02886   22.24100   21.98026    0.05324    0.02939   17.11248    0.18650    2.09320    1.29935    2.00000
 180.11623   -0.07367   22.35331   22.08359    0.13761    0.07595   15.76309    8.65349   -0.24229    8.46460    2.00000
 180.08406    0.01871   23.81280   23.35666    0.08612    0.04753    5.11986   -0.88496   -1.33965   -1.12750    2.00000
 179.97589    0.03695   23.66441   23.23394    0.04412    0.02435    5.73773   -3.37196    0.76156   -3.35335    2.00000
 179.82304   -0.10378   22.85588   22.53774    0.20514    0.11322   10.51106   -7.99516    3.95146   -4.90004    2.00000
 179.96941   -0.00479   22.76481   22.45640    0.03097    0.01709   11.32371   -0.79255   -1.31682   -2.25849    2.00000
 180.06680    0.09131   22.38932   22.11676    0.11313    0.06244   15.36812    4.43507    2.11700    8.44261    2.00000
 180.06578    0.09917   23.70557   23.26803    0.11901    0.06568    5.56608    3.57630    0.95308   12.79879    2.00000
 179.97340    0.02683   22.33171   22.06369    0.03778    0.02085   16.00007    2.59653   -0.60284    2.25724    2.00000
 179.98547   -0.01398   23.39076   23.00353    0.02015    0.01112    6.89772    2.44030   -2.33286   -1.61673    2.00000
 179.90636    0.05219   21.79632   21.56643    0.10721    0.05917   24.53338   -1.29279    2.14092    0.71397    2.00000
 179.91161    0.03609   23.72054   23.28043    0.09548    0.05270    5.50366   -0.18192   -2.71252   -0.85792    2.00000
 179.99146   -0.00881   22.97702   22.64555    0.01228    0.00678    9.67250   -6.10866    0.80318   -5.68490    2.00000
 180.00056    0.04749   23.35538   22.97356    0.04750    0.02622    7.12118    3.48248    0.31105    1.62610    2.00000
 180.02107   -0.02145   22.56454   22.27678    0.03007    0.01660   13.46266   -4.80899   -0.14379   -8.01457    2.00000
 180.01041   -0.01374   23.49098   23.08836    0.01724    0.00951    6.47062   -1.49450   -6.59031   -9.55640    2.00000
 180.00948    0.01495   23.22785   22.86446    0.01771    0.00977    7.96976    2.49343    0.41658    2.37169    2.00000
 179.89635    0.09025   21.98726   21.74503    0.13743    0.07585   21.33060    1.63329   -0.99529    0.27021    2.00000
 179.96242    0.01454   21.67421   21.44906    0.04029    0.02224   27.06457    1.13970   -0.28195    0.91269    2.00000
 180.02177   -0.00945   20.67296   20.23608    0.02374    0.01310   71.21616    2.78732   -0.73206    2.14078    2.00000
 180.04434    0.04285   18.75375   18.19503    0.06167    0.03403  258.94812    0.35977    1.49585    1.93668    2.00000
 180.01912    0.10361   19.95657   19.46415    0.10536    0.05815  120.73744   -3.42719    2.17908   -1.29258    2.00000
 180.03770   -0.02424   23.40165   23.01276    0.04482    0.02474    6.85129    2.87678    1.04304    1.56583    2.00000
 179.96568   -0.14597   23.79137   23.33897    0.14995    0.08276    5.20893    0.94359   -4.23114   -7.63773    2.00000
 179.97710   -0.01170   22.70493   22.40288    0.02572    0.01420   11.96107    1.02116    1.46115    7.29592    2.00000
 179.99240    0.03270   19.59603   19.08666    0.03357    0.01853  154.00723    1.54443   -1.04714    0.57670    2.00000
 180.04147   -0.03753   23.10181   22.75476    0.05593    0.03087    8.82304   -5.08553   -0.41005   -4.23800    2.00000
 179.99754   -0.00089   21.17638   20.93583    0.00261    0.00144   41.28147    5.86329   -3.54033    2.92703    2.00000
 179.98401    0.02154   23.43152   23.03805    0.02682    0.01481    6.72392   -3.80032    1.20351   -1.42229    2.00000
 179.84598    0.17644   23.01581   22.67957    0.23421    0.12926    9.40788   -3.81144   -1.68187   -4.54109    2.00000
 179.98924    0.08869   21.83714   21.60470    0.08934    0.04931   23.84707   -1.63766    2.10148   -1.23032    2.00000
 180.04126    0.05618   23.71306   23.27423    0.06971    0.03847    5.53487   -1.10394   -0.53505    2.34775    2.00000
 179.99760   -0.00641   23.20347   22.84329    0.00685    0.00378    8.13441    1.68919    3.78136    6.36408    2.00000
 180.10777    0.06924   21.52752   21.30728    0.12810    0.07070   30.79390   -7.15963    3.48676   -4.15316    2.00000
 179.94926   -0.03172   23.68499   23.25098    0.05984    0.03303    5.65191   -2.65512    0.47725   -1.21445    2.00000
 179.99727    0.08096   20.80139   20.39769    0.08101    0.04471   62.88756   -2.06115    0.57494   -0.98665    2.00000
 180.06641   -0.03055   23.04181   22.70231    0.07309    0.04034    9.23099    3.21677    1.80562    2.70999    2.00000
 180.00864   -0.02150   22.34851   22.07917    0.02317    0.01279   15.81575    0.15420   -1.00024   -1.71273    2.00000
 179.93806    0.07545   23.49908   23.09523    0.09761    0.05387    6.43608    0.02941    1.00707   -3.61392    2.00000
 180.10464   -0.13752   22.98457   22.65216    0.17281    0.09538    9.62105    4.22648   -2.57866   -1.57989    2.00000
 179.99464   -0.04049   22.66365   22.36583    0.04084    0.02254   12.40220   -3.91273    0.75465   -3.39677    2.00000
 180.19560   -0.03793   21.86436   21.63021    0.19924    0.10996   23.38953   -0.79177    2.44870    2.75842    2.00000
 180.04564   -0.01070   22.35571   22.08580    0.04688    0.02587   15.73676   -2.24594    0.87163   -0.00068    2.00000
 180.02831    0.00571   23.00288   22.66823    0.02888    0.01594    9.49609    3.94556    0.17644    6.75482    2.00000
 180.01729   -0.03063   20.64943   20.20773    0.03517    0.01941   72.67714    0.41614   -0.22231   -0.09543    2.00000
 179.94501   -0.03342   23.03941   22.70021    0.06435    0.03552    9.24730   -0.91985   -3.58362   -5.86849    2.00000
 180.05336    0.11761   23.73551   23.29283    0.12915    0.07128    5.44123    4.42578   -0.04827    3.90396    2.00000
 180.07690   -0.06719   23.17178   22.81577    0.10212    0.05636    8.34845    1.64246    0.16478    3.01879    2.00000
 179.97282   -0.01045   23.81280   23.35666    0.02911    0.01607    5.11986    0.90827   -1.66195    6.41319    2.00000
 179.89812   -0.04119   20.62142   20.17563    0.10990    0.06066   74.33123    0.34747    1.16093    1.41717    2.00000
 180.04315    0.07979   22.64540   22.34943    0.09071    0.05006   12.59755   -2.81146   -2.19757   -6.60859    2.00000
 180.13367    0.23623   18.88847   18.33895    0.27143    0.14981  239.12447   -5.80524   -0.76219   -6.53311    2.00000
 179.92418    0.08096   20.97617   20.67817    0.11091    0.06122   50.93774    4.14447   -4.38676   -0.10021    2.00000
 179.39644   -0.69213   22.68713   22.38693    0.91832    0.50688   12.15104   -5.33765    0.92213   -2.89530    2.00000
 180.01569   -0.02644   21.75888   21.53070    0.03074    0.01697   25.17394    3.02862    0.67400    3.86703    2.00000
 180.03183    0.03094   23.29822   22.92513    0.04439    0.02450    7.49782   -1.47715    0.40887   -1.17268    2.00000
 180.38214   -0.16193   23.65880   23.22929    0.41503    0.22907    5.76114    1.08352    0.08747    2.58298    2.00000
 179.92114   -0.00669   21.55863   21.33786    0.07913    0.04367   29.98942   -1.71287   -0.36149   -2.31464    2.00000
 180.06647   -0.08345   22.93934   22.61213    0.10668    0.05888    9.93244   -7.01090   -1.32091   -9.10166    2.00000
 180.01376   -0.14161   18.11829   17.50994    0.14228    0.07853  369.39453   -0.48391   -3.75427   -4.28324    2.00000
 180.06059    0.05606   21.16995   20.92837    0.08254    0.04556   41.56125    0.45327    2.21967    2.48312    2.00000
 179.97021   -0.08722   23.75565   23.30949    0.09217    0.05087    5.35737   -0.77103   -0.31674   -0.65350    2.00000
 180.01437    0.20243   22.31251   22.04600    0.20294    0.11201   16.21072   -2.63539   -4.08517   -8.17085    2.00000
 180.09315   -0.12973   23.83423   23.37435    0.15972    0.08815    5.03080    3.97244   -1.38127   -2.54520    2.00000
 179.98897    0.01768   22.62192   22.32834    0.02084    0.01150   12.84871    0.10800    4.41982    4.40331    2.00000
 180.01036    0.08825   21.59172   21.36967    0.08886    0.04904   29.15271    0.31041    2.96694    3.07226    2.00000
 180.03038   -0.02985   21.61897   21.39587    0.04259    0.02351   28.46366    4.00895    2.23646    6.01245    2.00000
 180.02640   -0.00747   22.97271   22.64177    0.02743    0.01514    9.70190    1.17907   -0.20563    1.24543    2.00000
 180.23439   -0.30525   17.89584   17.92516    0.38486    0.21241  298.57703   -7.10247   -4.18976  -11.28514    2.00000
 180.16757   -0.01424   23.02277   22.68567    0.16818    0.09282    9.36039    0.70164   -0.83377   -0.77479    2.00000
 179.95744    0.00016   23.13062   22.77993    0.04256    0.02349    8.62723    5.74726   -2.95694    5.67200    2.00000
 179.95239    0.12436   23.24979   22.88351    0.13316    0.07349    7.82157    2.37785   -0.24140   -1.41650    2.00000
 180.11938    0.00369   21.58004   21.35845    0.11944    0.06592   29.44802    0.82106    0.75836    0.46528    2.00000
 180.00935   -0.00750   23.43422   23.04034    0.01199    0.00662    6.71241   -3.03885    1.85131   -7.01601    2.00000
 180.03568   -0.05119   23.29278   22.92052    0.06240    0.03444    7.53369   -0.44956    1.24042    2.21690    2.00000
 179.99142    0.01454   23.28190   22.91130    0.01688    0.00932    7.60543   -3.59106    2.96889   -5.09617    2.00000
 179.99368    0.05971   22.61931   22.32599    0.06004    0.03314   12.87662   -0.62858   -1.44215   -4.41296    2.00000
 179.93628   -0.09210   20.93708   20.61776    0.11199    0.06181   53.20195    3.20064    0.60171    3.73961    2.00000
 180.07565   -0.00826   22.58802   22.29787    0.07610    0.04200   13.21150    1.57107   -1.90216   -0.59142    2.00000
 180.11629    0.00972   23.20103   22.84118    0.11668    0.06440    8.15087   -8.59328    1.61278   -4.27072    2.00000
 180.02122    0.02161   23.17178   22.81577    0.03029    0.01672    8.34845    6.92682   -0.90775    7.61894    2.00000
 179.99045   -0.01954   23.05381   22.71280    0.02175    0.01201    9.14940   -4.18498    0.43126   -4.68118    2.00000
 180.01035   -0.04675   23.03701   22.69811    0.04788    0.02643    9.26362   -1.08529    1.35112    1.44720    2.00000
 180.10063   -0.04917   23.55044   23.13868    0.11200    0.06182    6.21732   -4.57167   -3.33298   -9.09727    2.00000
 179.88620    0.00075   22.84023   22.52379    0.11381    0.06281   10.61955    1.57844   -0.55221    3.00829    2.00000
 179.97884    0.03216   23.60132   23.18134    0.03851    0.02125    6.00252   -1.73918    0.41652   -0.87227    2.00000
 179.96619   -0.03080   22.70743   22.40511    0.04574    0.02524   11.93451   -4.79509   -1.02583   -4.70174    2.00000
 179.98119   -0.05188   22.16630   21.91162    0.05518    0.03046   18.34335    1.18569   -1.40523   -0.14190    2.00000
 180.00511   -0.03325   23.44233   23.04720    0.03364    0.01856    6.67787   -2.35132    1.91124   -1.65375    2.00000
 179.98477   -0.05452   22.39892   22.12560    0.05660    0.03124   15.26279    0.24940   -2.40935   -1.11458    2.00000
 179.94667   -0.07169   18.04869   18.03894    0.08935    0.04932  280.44943   -2.30626   -0.68047   -2.97990    2.00000
 180.02260    0.05849   22.76980   22.46086    0.06271    0.03461   11.27060    2.52799    0.94955    3.35184    2.00000
 180.03394    0.00153   23.30095   22.92744    0.03397    0.01875    7.47988    2.08315   -0.06822    3.97906    2.00000
 180.04208    0.03594   22.46300   22.18434    0.05534    0.03054   14.56336    3.70986   -4.25026    0.96477    2.00000
 179.96481    0.08342   23.78899   23.33700    0.09053    0.04997    5.21882   -7.80339    2.45538   -3.60966    2.00000
 180.04510    0.02465   22.36292   22.09243    0.05140    0.02837   15.65776    4.22128    1.38594    6.77386    2.00000
 180.05904   -0.04353   23.80327   23.34880    0.07335    0.04048    5.15945    3.92483   -0.60159    2.06148    2.00000
 179.78090    0.17435   23.55854   23.14554    0.28000    0.15454    6.18278   -0.59627   -2.41108    0.92209    2.00000
 179.97171    0.01510   23.83900   23.37828    0.03206    0.01770    5.01101    2.94546   -1.11299    4.55281    2.00000
 179.99883   -0.02383   17.95792   17.91420    0.02386    0.01317  300.44556   -5.49204   -1.87201   -7.36941    2.00000
 180.03201    0.08155   22.55933   22.27209    0.08761    0.04836   13.51848   -1.02707   -2.24230   -4.36910    2.00000
 180.01668   -0.01968   23.00719   22.67201    0.02580    0.01424    9.46669    6.27933    0.78683    8.16024    2.00000
 179.94119   -0.07723   23.23273   22.86869    0.09708    0.05358    7.93683   -1.90822   -1.79085   -2.39566    2.00000
 179.99759    0.05775   23.45854   23.06092    0.05780    0.03190    6.60879   -2.41765   -0.05296   -7.71148    2.00000
 179.84035   -0.10767   21.23739   21.00559    0.19257    0.10628   38.72973   -5.84872    0.50531   -5.49685    2.00000
 179.97691    0.02375   22.63757   22.34240    0.03312    0.01828   12.68127   -7.17207   -3.46046  -11.57963    2.00000
 180.00098   -0.00527   22.63757   22.34240    0.00536    0.00296   12.68127   -4.21781    3.37440    1.04314    2.00000
 179.89938   -0.00407   23.68125   23.24788    0.10070    0.05558    5.66751    0.78871   -0.25763   -1.66220    2.00000
 179.99156    0.02620   23.42611   23.03348    0.02752    0.01519    6.74695   -5.81510   -0.21351   -2.06988    2.00000
 180.00133   -0.00445   22.87935   22.55866    0.00464    0.00256   10.34832   -1.78506   -1.83784   -1.63532    2.00000
 180.04037    0.00659   23.26442   22.89621    0.04092    0.02258    7.72278    3.73047   -0.02453    4.22834    2.00000
 179.95950   -0.05106   23.44773   23.05177    0.06517    0.03597    6.65484   -6.75988    0.20989  -10.65789    2.00000
 179.96341   -0.15100   20.46975   20.00795    0.15537    0.08575   82.97252    5.03778    3.08827    8.03114    2.00000
 180.00452   -0.02256   23.83423   23.37435    0.02301    0.01270    5.03080   -1.32564    0.21845   -2.29234    2.00000
 180.00925   -0.00611   23.03701   22.69811    0.01109    0.00612    9.26362   -2.15986    0.82419   -0.04523    2.00000
 180.01289    0.04640   21.97355   21.73227    0.04816    0.02658   21.55937    0.18764    0.72186    1.83470    2.00000
 179.99396    0.00797   22.49581   22.21424    0.01001    0.00552   14.20733    2.02874   -1.26891   -2.03756    2.00000
 180.05206   -0.01428   23.76755   23.31931    0.05399    0.02980    5.30789    1.60858   -1.22657    1.03160    2.00000
 180.02527   -0.00977   21.74830   21.52050    0.02709    0.01495   25.35696   -1.89330   -1.25329   -3.01439    2.00000
 179.88000    0.13414   23.18640   22.82847    0.17999    0.09934    8.24966    3.43298    2.01757    8.27440    2.00000
 180.25395   -0.82381   23.70183   23.26493    0.86207    0.47583    5.58168   -1.59845    3.68549   -4.72163    2.00000
 180.23489   -0.07757   22.55682   22.26984    0.24737    0.13653   13.54530    0.38147   -0.63203   -0.12808    2.00000
 179.90497   -0.02740   21.45546   21.23367    0.09890    0.05459   32.73018    2.89173    3.42323    6.41117    2.00000
 179.92015    0.05885   23.09941   22.75266    0.09919    0.05475    8.83936    1.01895   -0.46281   -1.12418    2.00000
 180.00270   -0.09063   22.28727   22.02278    0.09067    0.05004   16.48716   -3.65400   -4.24907   -6.35022    2.00000
 179.99911    0.06879   22.94716   22.61910    0.06879    0.03797    9.87819    0.90364   -2.53828    0.17702    2.00000
 179.96497    0.02886   23.49908   23.09523    0.04539    0.02505    6.43608   -1.80264    0.42135   -3.98352    2.00000
 179.96875   -0.05631   22.34371   22.07474    0.06440    0.03555   15.86841   -4.29660    0.22803   -3.91782    2.00000
 179.91919   -0.06724   21.09025   20.83231    0.10513    0.05802   45.16106    1.79650    0.27099    2.12733    2.00000
 180.05585   -0.02734   21.88341   21.64807    0.06219    0.03432   23.06925   -5.66126    0.91989   -5.27627    2.00000
 179.96153   -0.22229   23.38532   22.99892    0.22559    0.12451    6.92390   -5.77717   -1.31817   -7.91351    2.00000
 179.96545    0.07696   22.45363   22.17580    0.08436    0.04656   14.66509    4.10395    2.19822    6.62336    2.00000
 179.95869   -0.04655   23.80804   23.35273    0.06224    0.03435    5.13965   -3.25044    3.35726    0.40433    2.00000
 179.96382   -0.08099   22.18188   21.92592    0.08871    0.04896   18.08687    5.17334   -0.65661    5.69239    2.00000
 179.98207   -0.01921   23.78184   23.33111    0.02628    0.01450    5.24851    3.52086    1.45436    3.47406    2.00000
 180.03957    0.05177   23.64309   23.21623    0.06515    0.03596    5.82687    1.35539    2.98477    7.55813    2.00000
 179.97006    0.10532   22.70743   22.40511    0.10949    0.06043   11.93451   -3.30618   -1.25189   -4.89122    2.00000
 179.93172    0.04971   23.42611   23.03348    0.08446    0.04661    6.74695   -4.81211   -0.11125   -6.42933    2.00000
 180.02142    0.00478   22.98780   22.65500    0.02195    0.01212    9.59899   -3.38707    0.26479    0.44053    2.00000
 179.95636   -0.03319   22.92369   22.59818    0.05483    0.03026   10.04093   -2.13723   -1.27766   -6.60426    2.00000
 179.96837    0.08480   23.41798   23.02659    0.09051    0.04995    6.78163    7.03984   -0.98815    4.56476    2.00000
 179.99590   -0.00460   22.32931   22.06148    0.00616    0.00340   16.02640   -6.06155    3.08114   -4.13394    2.00000
 180.03114   -0.02480   21.32953   21.10393    0.03981    0.02197   36.14281   -0.41062    2.13857    1.57726    2.00000
 179.98083   -0.01589   23.78899   23.33700    0.02490    0.01374    5.21882    2.24160   -2.63526    2.11132    2.00000
 180.09688    0.04667   22.28984   22.02514    0.10754    0.05935   16.45903    5.81345    0.61871    6.85196    2.00000
 179.96404   -0.00356   23.66815   23.23703    0.03615    0.01995    5.72213   -3.63727   -0.38686   -6.06902    2.00000
 179.96764   -0.09835   22.05303   21.80627    0.10353    0.05714   20.23250    3.87276    2.63832    5.80962    2.00000
 180.02901   -0.00248   23.08021   22.73588    0.02911    0.01607    8.96990   -1.53762   -2.06254   -2.36895    2.00000
 180.00845    0.01211   22.16630   21.91162    0.01476    0.00815   18.34335    0.84078    1.58285    2.00983    2.00000
 180.06700    0.02800   21.00943   20.72716    0.07261    0.04008   49.10180    2.20357   -3.73074   -1.85173    2.00000
 179.98737   -0.03997   22.87153   22.55169    0.04192    0.02314   10.40257    1.12457   -2.21939   -1.24938    2.00000
 180.06281    0.07213   23.37715   22.99200    0.09564    0.05279    6.97770    3.09932    0.54486    3.09644    2.00000
 180.04230   -0.08020   21.95985   21.71952    0.09067    0.05004   21.78814   -5.34554    1.12893   -3.62779    2.00000
 179.95633    0.16506   22.48878   22.20783    0.17074    0.09424   14.28362   -1.73854    0.40445   -0.05369    2.00000
 179.97485   -0.10567   22.87674   22.55634    0.10862    0.05995   10.36640    0.66846    3.10965    5.01462    2.00000
 180.00398   -0.02955   21.96259   21.72207    0.02982    0.01646   21.74238   -2.43905   -2.09996   -4.85291    2.00000
 179.95721   -0.01632   23.70370   23.26648    0.04579    0.02527    5.57388   -5.21776    0.05964   -5.00139    2.00000
 180.05727    0.09523   22.43722   22.16085    0.11113    0.06133   14.84311    0.81006   -0.86331   -0.39084    2.00000
 179.98709   -0.01108   22.85588   22.53774    0.01701    0.00939   10.51106    3.09141    0.14700    3.29396    2.00000
 180.02750    0.02145   23.34177   22.96203    0.03487    0.01924    7.21086   -0.47363   -0.22154   -2.90306    2.00000
 180.04158    0.05311   21.69273   21.46692    0.06745    0.03723   26.59476   -8.24794   -1.31728   -8.97106    2.00000
 180.01978   -0.00403   22.28984   22.02514    0.02019    0.01114   16.45903    2.99350   -0.21531    2.24086    2.00000
 180.01941   -0.05412   23.29278   22.92052    0.05749    0.03173    7.53369    2.30400   -0.39098    2.56730    2.00000
 180.03278   -0.03220   23.25223   22.88563    0.04594    0.02535    7.80511   -0.26743    0.45506    3.93185    2.00000
 179.95773   -0.02069   21.91879   21.68124    0.04705    0.02597   22.47445   -0.75749    2.77143    3.22409    2.00000
 179.99193    0.01263   23.58687   23.16926    0.01499    0.00827    6.06332   -3.80151    5.03284    2.89215    2.00000
 180.04863   -0.00717   23.21810   22.85599    0.04916    0.02713    8.03562   -5.15614   -2.50106   -4.68926    2.00000
 179.98856   -0.00996   17.86364   17.23269    0.01517    0.00837  427.64368    0.25470   -0.72965   -0.50811    2.00000
 179.24673   -0.05238   23.52881   23.12038    0.75509    0.41677    6.30943   -3.71807    1.54137   -5.52352    2.00000
 179.99055   -0.02608   23.64955   23.22162    0.02774    0.01531    5.79973   -2.02291   -0.39405   -6.31544    2.00000
 180.00124    0.02249   21.86436   21.63021    0.02253    0.01243   23.38953    0.49770   -1.66502   -2.13119    2.00000
 179.94186   -0.04959   22.27698   22.01333    0.07642    0.04218   16.59969    0.36889    3.11511    5.42856    2.00000
 179.95610    0.11763   23.24004   22.87504    0.12555    0.06929    7.88743   -6.35175   -2.23483   -7.76244    2.00000
 179.97281    0.01160   23.07781   22.73378    0.02956    0.01632    8.98622   -1.42163   -2.68013   -2.67263    2.00000
 180.01344   -0.04903   22.92369   22.59818    0.05083    0.02806   10.04093   -1.24972   -3.12442   -4.92140    2.00000
 180.02473   -0.04696   20.89504   20.54893    0.05308    0.02930   55.78142   -1.26775    1.36702    0.32049    2.00000
 180.19704    0.17965   21.30729   21.08023    0.26664    0.14716   36.76624   -4.28906   -2.58087   -6.56565    2.00000
 180.00085    0.06172   18.09082   18.12782    0.06173    0.03407  268.20593   -2.25236   -0.68706   -2.86832    2.00000
 179.96590   -0.01725   22.06947   21.82158    0.03823    0.02110   19.95797    0.34553    0.71446    1.27153    2.00000
 179.98404   -0.01157   23.06341   22.72119    0.01971    0.01088    9.08412   -3.81769   -2.88482   -3.01155    2.00000
 179.95772   -0.01034   23.16446   22.80942    0.04353    0.02402    8.39784   -3.19565   -0.21247   -2.42347    2.00000
 179.99590    0.01608   22.79724   22.48540    0.01659    0.00916   10.97848   -0.11842    2.74124    2.43792    2.00000
 179.99413   -0.04615   23.83900   23.37828    0.04652    0.02568    5.01101    1.80895    0.25260   -1.40461    2.00000
 180.00346   -0.09146   23.64791   23.22026    0.09152    0.05051    5.80660    1.36767   -1.11579    4.23575    2.00000
 180.04817    0.00659   22.55440   22.26763    0.04861    0.02683   13.57155   -3.18883   -1.24153   -5.08951    2.00000
 179.97958    0.13117   21.33358   21.10824    0.13275    0.07327   36.02946    1.76986    1.98732    4.00243    2.00000
 180.00948    0.00093   23.17665   22.82001    0.00951    0.00525    8.31552    0.73844   -2.02904    1.50093    2.00000
 180.16858    0.13311   23.59008   23.17195    0.21480    0.11855    6.04981   -2.11910   -3.17599  -13.86409    2.00000
 180.03903    0.06172   22.78477   22.47425    0.07303    0.04031   11.11126    1.01351    0.30498   -2.02136    2.00000
 179.73671    0.03282   23.02277   22.68567    0.26533    0.14644    9.36039   -1.47948    0.05006    0.97954    2.00000
 180.03468    0.01364   22.00644   21.76289    0.03728    0.02057   21.01032    2.07403   -2.99273   -0.18525    2.00000
 180.00758    0.00050   22.97164   22.64082    0.00760    0.00419    9.70925    4.08924    1.51919    5.02455    2.00000
 179.98634    0.06038   22.17674   21.92119    0.06191    0.03417   18.17160    4.00108    2.26411    6.13658    2.00000
 179.93117   -0.00822   23.16690   22.81154    0.06933    0.03826    8.38138   -1.99853    1.20061   -2.00714    2.00000
 179.93974    0.00533   21.34976   21.12548    0.06050    0.03339   35.57606    2.77622   -2.49295   -0.23164    2.00000
 179.96854   -0.00169   22.83762   22.52146    0.03152    0.01740   10.63763   -3.51706    1.09745   -1.31010    2.00000
 179.99074   -0.00850   23.31183   22.93666    0.01257    0.00694    7.40814   -2.31113   -1.60614   -0.57167    2.00000
 180.00261    0.00934   22.83240   22.51682    0.00970    0.00536   10.67380   -6.09827   -2.45539   -8.05062    2.00000
 179.71078    0.05469   22.39172   22.11897    0.29435    0.16246   15.34178   -0.46437    2.64319    0.84516    2.00000
 180.13245   -0.02676   23.77232   23.32325    0.13513    0.07458    5.28809   -5.59413    0.48402   -6.29938    2.00000
 180.05040   -0.00267   22.13999   21.88758    0.05047    0.02785   18.77446    4.55919    2.39224    8.90292    2.00000
 180.03046    0.08063   23.06581   22.72329    0.08619    0.04757    9.06781    4.17520   -1.06270    2.31849    2.00000
 180.00002    0.00340   23.22298   22.86023    0.00340    0.00188    8.00269    5.14487    1.69346    7.60503    2.00000
 180.06250   -0.30694   23.08261   22.73797    0.31323    0.17288    8.95358    1.35200   -1.20523   -0.89532    2.00000
 179.98701   -0.00146   18.60802   18.03937    0.01306    0.00721  280.38947   -1.83485   -0.12729   -1.98179    2.00000
 180.00613   -0.02793   23.35266   22.97125    0.02860    0.01579    7.13912    0.81019   -4.86816    0.26291    2.00000
 180.11128   -0.00061   22.87413   22.55401    0.11128    0.06142   10.38449    0.84528   -2.64319    0.59788    2.00000
 180.02306    0.03044   22.48878   22.20783    0.03819    0.02108   14.28362   -0.67404    0.01456    1.17335    2.00000
 179.97415   -0.02880   19.18294   18.65228    0.03870    0.02136  200.09943    3.10584    0.24091    3.27831    2.00000
 179.92238   -0.01273   22.93673   22.60980    0.07866    0.04341    9.95052    1.98119    0.95716    4.62748    2.00000
 179.94197   -0.00207   23.00827   22.67295    0.05806    0.03205    9.45934   -3.53884    3.15157    0.86307    2.00000
 180.04610   -0.03910   22.88717   22.56563    0.06045    0.03336   10.29408    0.88259   -2.66744   -2.27590    2.00000
 180.12286   -0.03430   23.15227   22.79884    0.12757    0.07041    8.48017    1.45764    4.24334    6.03929    2.00000
 179.96700    0.02094   23.58526   23.16792    0.03908    0.02157    6.07008    2.72216    2.56754    2.41940    2.00000
 180.01299   -0.01450   22.62714   22.33302    0.01947    0.01075   12.79290    1.06947   -2.91245    0.38597    2.00000
 179.99799    0.03295   22.72988   22.42518    0.03301    0.01822   11.69551   -0.97606    3.21192    2.56306    2.00000
 179.94283    0.06466   22.28984   22.02514    0.08631    0.04764   16.45903   -3.09561    2.12572   -1.38902    2.00000
 179.99448   -0.02766   22.87674   22.55634    0.02821    0.01557   10.36640    0.93370   -0.16048    3.17938    2.00000
 180.00926   -0.03347   23.55044   23.13868    0.03473    0.01917    6.21732   -2.36224   -2.40491  -11.84425    2.00000
 179.95609   -0.02479   23.31455   22.93897    0.05043    0.02783    7.39021   -5.64617   -0.94820   -4.73550    2.00000
 179.99918    0.11491   23.03941   22.70021    0.11491    0.06342    9.24730    7.12360   -2.33203    4.99039    2.00000
 180.05212   -0.04629   20.62804   20.18319    0.06971    0.03847   73.94163   -1.78303   -2.88553   -4.65527    2.00000
 180.06749   -0.04016   18.07623   18.09585    0.07853    0.04334  272.60980    4.49252    4.08869    8.54575    2.00000
 179.91853    0.01387   22.93934   22.61213    0.08263    0.04561    9.93244   -6.01054    3.13686   -3.97639    2.00000
 179.97121    0.03871   17.57385   16.91194    0.04825    0.02663  500.03525    4.22172   -2.84010    1.39823    2.00000
 179.98851    0.03014   22.16082   21.90661    0.03225    0.01780   18.43317    3.81446    3.22213    7.62164    2.00000
 180.06125    0.00881   23.16202   22.80731    0.06188    0.03415    8.41431    3.66277   -0.75201    4.12263    2.00000
 180.01082   -0.12330   22.78976   22.47871    0.12377    0.06831   11.05815   -5.41559   -0.49215   -6.05306    2.00000
 180.02727    0.03920   22.85588   22.53774    0.04775    0.02636   10.51106    2.40789   -0.18142    1.75896    2.00000
 179.95297   -0.02690   23.37443   22.98970    0.05417    0.02990    6.99564   -1.82210    0.49199   -2.65334    2.00000
 180.03239    0.05399   22.65844   22.36115    0.06296    0.03475   12.45802    2.98362   -0.67024    1.60264    2.00000
 180.07047    0.00012   23.06341   22.72119    0.07047    0.03889    9.08412    2.49962   -0.01684    1.75257    2.00000
 179.93448    0.15796   23.26442   22.89621    0.17101    0.09438    7.72278   -1.81356    0.00638   -4.36020    2.00000
 179.93085   -0.02860   22.61149   22.31896    0.07484    0.04131   12.96034    1.46279    1.08421    1.65467    2.00000
 180.00206   -0.01251   21.53939   21.31938    0.01268    0.00700   30.47575    1.39850   -1.76739   -0.99073    2.00000
 180.03558   -0.04426   22.54034   22.25482    0.05679    0.03135   13.72413   -0.60231    0.41881    0.50904    2.00000
 179.99622   -0.03702   23.42341   23.03119    0.03721    0.02054    6.75847    4.51296   -1.90393    2.98261    2.00000
 180.00829    0.01453   21.15838   20.91493    0.01673    0.00923   42.06486    3.40370   -0.83259    2.35059    2.00000
 180.01657   -0.03040   21.30122   21.07377    0.03462    0.01911   36.93627   -0.45185    2.45083    1.92475    2.00000
 179.98877    0.06212   23.60454   23.18403    0.06312    0.03484    5.98901    3.06513   -0.45854    7.73874    2.00000
 179.92937   -0.09922   22.77728   22.46756    0.12180    0.06722   11.19093   -0.39663   -1.54640   -3.69774    2.00000
 179.91045    0.05434   23.11141   22.76315    0.10476    0.05782    8.75777   -0.46741   -0.91606   -0.47213    2.00000
 179.99165    0.00465   21.36939   21.14573    0.00955    0.00527   35.04343   -2.63506    0.99632   -2.13044    2.00000
 180.00368    0.01521   23.66254   23.23239    0.01565    0.00864    5.74554   -4.26875    2.96017    4.38330    2.00000
 179.99205    0.01003   21.93793   21.69910    0.01280    0.00706   22.15417   -3.77273   -1.23446   -5.46583    2.00000
 179.95544   -0.03388   23.73738   23.29438    0.05597    0.03089    5.43343   -1.79622    2.23313    6.83159    2.00000
 179.91026    0.01579   23.44503   23.04949    0.09112    0.05029    6.66636    4.58143    0.65569    8.43328    2.00000
 180.03905   -0.00159   23.50719   23.10209    0.03908    0.02157    6.40154   -3.48851    5.00218    1.87958    2.00000
 179.85475   -0.04045   23.17421   22.81789    0.15078    0.08322    8.33198   -1.64654    2.28353   -0.67604    2.00000
 179.98933    0.00261   22.36772   22.09686    0.01097    0.00606   15.60510   -2.22422   -0.56541   -3.76879    2.00000
 179.71658    0.64236   22.90022   22.57726    0.70210    0.38753   10.20367   -0.13986    0.15743    0.39682    2.00000
 179.93513   -0.06847   23.71867   23.27888    0.09431    0.05205    5.51146   -3.07207   -2.51533   -7.44465    2.00000
 179.91544    0.17659   22.24357   21.98262    0.19579    0.10806   17.07011    2.22788   -3.23308   -2.06060    2.00000
 179.96526    0.00848   23.41525   23.02428    0.03577    0.01974    6.79324    1.01338   -3.03971    2.44678    2.00000
 179.98703   -0.05013   21.45286   21.23101    0.05179    0.02858   32.80028    1.66045    2.20706    4.67502    2.00000
 179.85982    0.24793   23.35810   22.97586    0.28481    0.15720    7.10325    8.11755    2.59788   15.10929    2.00000
 179.95947   -0.08725   23.06821   22.72539    0.09620    0.05310    9.05149    6.29125   -3.08765    2.82182    2.00000
 180.03329   -0.03480   23.49638   23.09294    0.04816    0.02658    6.44760    1.21299   -1.74066   -0.96824    2.00000
 180.03487    0.01374   23.70183   23.26493    0.03748    0.02069    5.58168   -0.96918   -1.32890    1.59561    2.00000
 180.05670   -0.04467   23.11862   22.76944    0.07218    0.03984    8.70881    0.16774    2.74306    1.78758    2.00000
 180.10982   -0.00895   20.80426   20.40143    0.11018    0.06081   62.69471   -1.92442   -3.84290   -5.58529    2.00000
 179.99628   -0.04733   23.36082   22.97817    0.04747    0.02620    7.08531   -3.24102   -1.69783    0.70880    2.00000
 179.94208   -0.03956   23.23517   22.87081    0.07014    0.03871    7.92036    8.37775   -0.24490    4.89312    2.00000
 180.00450    0.05999   22.48175   22.20143    0.06016    0.03320   14.35991    0.49996   -2.31501   -1.66006    2.00000
 179.98463    0.03643   22.94195   22.61445    0.03953    0.02182    9.91436    4.24578   -2.80148    5.61006    2.00000
 179.99200   -0.03168   22.06673   21.81902    0.03267    0.01803   20.00373   -1.49804    0.50290   -1.68926    2.00000
 179.74542   -0.11544   22.94977   22.62143    0.27954    0.15428    9.86011    2.31662    0.77216   -0.65432    2.00000
 179.95979    0.01936   21.98451   21.74248    0.04462    0.02463   21.37635   -1.98991    1.27258   -0.71773    2.00000
 179.97633    0.02413   23.71493   23.27578    0.03379    0.01865    5.52706   -0.11446   -0.34925    5.18841    2.00000
 180.07617    0.01432   23.19616   22.83694    0.07751    0.04278    8.18380   -2.74304   -1.52601   -6.79341    2.00000
 179.99879    0.01759   20.45427   19.99114    0.01763    0.00973   83.98769    0.82922   -0.76254    0.17585    2.00000
 180.32031   -0.02630   22.66105   22.36349    0.32139    0.17738   12.43011   -0.69539    0.38100    0.47254    2.00000
 179.99245   -0.10258   23.24736   22.88139    0.10286    0.05677    7.83804    1.70246   -0.14857    0.00480    2.00000
 179.99078    0.03161   20.99904   20.71185    0.03293    0.01817   49.67553   -4.48965    0.41908   -4.19729    2.00000
 179.98820   -0.02327   23.19859   22.83906    0.02609    0.01440    8.16734    4.53755   -1.35636    7.94169    2.00000
 179.95335    0.07847   23.38259   22.99661    0.09128    0.05038    6.94184   -5.85117    0.05649   -2.97630    2.00000
 179.98886    0.00072   23.44233   23.04720    0.01116    0.00616    6.67787    0.75282    3.55324    4.81182    2.00000
 180.07503    0.00643   23.77946   23.32914    0.07530    0.04156    5.25841   -2.24014    2.08925    1.11639    2.00000
 179.93848   -0.19326   23.61739   23.19476    0.20282    0.11194    5.93496    1.03995   -1.30495    5.29783    2.00000
 179.99010    0.06290   21.67421   21.44906    0.06367    0.03514   27.06457   -5.92126    1.33166   -3.99222    2.00000
 179.84245   -0.05146   23.80327   23.34880    0.16574    0.09148    5.15945   -1.29559   -0.18961   -3.95452    2.00000
 179.99928   -0.02330   21.26280   21.03283    0.02331    0.01287   38.01310   -4.74417   -0.02417   -5.21135    2.00000
 179.98294    0.03800   22.86109   22.54239    0.04165    0.02299   10.47490    1.70349   -0.64003    3.35203    2.00000
 180.12309    0.05733   21.73242   21.50519    0.13580    0.07495   25.63148   -1.97219    2.89739   -0.11428    2.00000
 180.08266    0.00990   21.46851   21.24699    0.08325    0.04595   32.37969   -3.42378   -3.20958   -6.86708    2.00000
 180.00182    0.04098   23.56598   23.15182    0.04102    0.02264    6.15115    0.41288   -3.95072   -6.90134    2.00000
 179.97723    0.06732   23.67002   23.23858    0.07106    0.03922    5.71433   -2.69481   -1.46839  -11.78511    2.00000
 180.05614    0.02788   21.58783   21.36593    0.06267    0.03459   29.25115    1.49991   -2.18099   -0.36780    2.00000
 179.94603    0.15187   21.45025   21.22834    0.16118    0.08896   32.87038    5.94116    0.20241    7.06504    2.00000
 179.91411    0.03346   23.59008   23.17195    0.09218    0.05088    6.04981   -1.40962    2.75657   -1.78273    2.00000
 179.99126    0.03701   22.33171   22.06369    0.03802    0.02099   16.00007   -2.73335   -2.10917   -5.68096    2.00000
 180.01212    0.05198   20.57909   20.12724    0.05337    0.02946   76.82465   -6.00780    0.82654   -4.99709    2.00000
 179.99602    0.07411   21.73507   21.50774    0.07422    0.04096   25.58573   -3.52918    2.40680   -1.16796    2.00000
 179.96004    0.05858   21.58977   21.36780    0.07091    0.03914   29.20193    3.09873   -2.33594    0.27059    2.00000
 179.93924   -0.05737   21.81809   21.58684    0.08357    0.04612   24.16735    3.59336    1.79563    5.05065    2.00000
 179.97713   -0.01656   22.91065   22.58656    0.02825    0.01559   10.13134   -0.34432    1.67913    2.75557    2.00000
 179.98573    0.01863   22.84544   22.52844    0.02346    0.01295   10.58339    1.03825   -1.72389   -0.32001    2.00000
 179.97505    0.04959   21.98451   21.74248    0.05551    0.03064   21.37635   -4.14182    2.32592   -0.92706    2.00000
 180.05896    0.00291   22.86370   22.54471    0.05903    0.03258   10.45681   -0.45222   -1.22548   -3.58872    2.00000
 179.99860    0.05202   21.12459   20.87404    0.05204    0.02872   43.59711   -7.18869    0.22451   -7.42052    2.00000
 179.94359   -0.06090   23.78422   23.33307    0.08301    0.04582    5.23861    2.49236   -1.72233   -2.85390    2.00000
 180.02173    0.07813   22.31251   22.04600    0.08110    0.04476   16.21072    3.55883    3.34915    6.75148    2.00000
 179.99492    0.00877   21.49999   21.27916    0.01013    0.00559   31.53367   -1.61787    2.77537    0.74855    2.00000
 180.07889   -0.10647   23.72241   23.28198    0.13251    0.07314    5.49585    0.59415   -1.66862    1.71251    2.00000
 180.02831   -0.00235   23.16446   22.80942    0.02840    0.01567    8.39784    2.63850    4.82202    7.12008    2.00000
 179.94341    0.09824   22.54737   22.26123    0.11337    0.06257   13.64784    5.59209   -1.11232    4.10288    2.00000
 180.00639    0.01134   21.66098   21.43630    0.01303    0.00719   27.40015   -7.01307    1.63081   -5.85103    2.00000
 179.74191   -0.25057   21.39287   21.16971    0.35971    0.19853   34.41255    5.96766   -1.89578    4.00342    2.00000
 180.00970    0.00868   22.95238   22.62375    0.01303    0.00719    9.84203   -0.29261    0.04789    2.60660    2.00000
 180.04343   -0.03046   18.05837   18.06800    0.05304    0.02927  276.44595    3.48966    5.13080    8.62522    2.00000
 179.94626   -0.10539   23.27174   22.90256    0.11830    0.06529    7.67339   -2.48568    0.13539   -3.55451    2.00000
 180.03362   -0.06878   21.75359   21.52560    0.07656    0.04225   25.26545    2.33261   -0.04404    2.48522    2.00000
 180.04103   -0.02895   23.37715   22.99200    0.05021    0.02771    6.97770    3.90415    0.09157    0.36088    2.00000
 179.96590   -0.01854   21.48415   21.26298    0.03881    0.02142   31.95910   -2.78088    1.81652   -0.87134    2.00000
 179.93095    0.03587   21.61703   21.39400    0.07780    0.04294   28.51287   -3.16530   -5.23453   -7.58646    2.00000
 180.15601    0.21064   22.17931   21.92356    0.26212    0.14467   18.12924    3.12731   -1.39780    1.52317    2.00000
 179.94469    0.00931   23.57883   23.16256    0.05610    0.03096    6.09710    5.04086   -1.45154   -0.58277    2.00000
 180.02551    0.12237   23.18397   22.82636    0.12500    0.06899    8.26612   -3.07821   -3.22920   -7.13799    2.00000
 180.06146    0.00051   22.97271   22.64177    0.06146    0.03392    9.70190    0.21902    3.82714    7.20925    2.00000
 179.98267    0.08798   22.17931   21.92356    0.08967    0.04949   18.12924   -1.23398   -0.36985   -1.03819    2.00000
 180.01736    0.07672   23.52881   23.12038    0.07866    0.04341    6.30943    0.37716    1.58484    0.28207    2.00000
 180.01331   -0.02707   23.14502   22.79252    0.03016    0.01665    8.52932    1.79933   -0.52958   -0.51766    2.00000
 179.86436   -0.01826   23.21566   22.85388    0.13685    0.07553    8.05208   -0.50794    1.83687    3.27130    2.00000
 179.98209   -0.07511   23.46665   23.06778    0.07721    0.04262    6.57425    0.51091   -0.30025    0.95090    2.00000
 179.96492   -0.04974   21.09174   20.83413    0.06087    0.03359   45.09306   -0.85852   -1.14383   -2.33226    2.00000
 180.07565   -0.03251   23.41798   23.02659    0.08234    0.04544    6.78163    3.67773   -0.70396    0.57884    2.00000
 179.96584    0.03395   22.75982   22.45194    0.04817    0.02659   11.37683    1.48359   -1.04216    0.99966    2.00000
 180.02353    0.03749   21.59561   21.37342    0.04426    0.02443   29.05427   -1.00662    0.28159   -1.17236    2.00000
 179.92485    0.01508   20.54493   20.08956    0.07664    0.04230   78.76683    0.72010    1.79511    2.30646    2.00000
 179.99374    0.14043   22.84284   22.52611    0.14057    0.07758   10.60147    3.09855    1.15687    2.37790    2.00000
 180.14868    0.04744   22.31251   22.04600    0.15607    0.08614   16.21072    0.85516    1.23395    1.20777    2.00000
 179.91541    0.01627   23.42881   23.03577    0.08614    0.04754    6.73544    7.71575   -4.18941   11.21899    2.00000
 180.05634   -0.12050   21.53463   21.31454    0.13302    0.07342   30.60300    2.55791   -2.85521   -0.07449    2.00000
 180.01254   -0.05128   21.92424   21.68635    0.05279    0.02913   22.38294    0.67792   -1.17432   -1.08855    2.00000
 180.11588    0.02220   22.39172   22.11897    0.11799    0.06512   15.34178    3.85064    1.99411    4.37471    2.00000
 179.98466    0.00523   22.94977   22.62143    0.01621    0.00895    9.86011   -0.30109    1.32258   -0.23053    2.00000
 179.98492    0.05482   23.13542   22.78413    0.05686    0.03138    8.59459    2.10726   -1.23121    2.54726    2.00000
 179.84918   -0.01364   23.52611   23.11809    0.15144    0.08358    6.32095   -0.96203    0.77832   -0.41882    2.00000
 179.96925   -0.17166   21.70331   21.47712    0.17439    0.09625   26.32630    1.79128   -0.62408    0.24356    2.00000
 180.01611    0.04976   22.41812   22.14329    0.05231    0.02887   15.05214   -0.45776   -2.24091   -1.59813    2.00000
 180.05753   -0.06004   22.40852   22.13445    0.08315    0.04589   15.15746    2.13412    3.98095    5.73290    2.00000
 180.01175    0.01221   23.01796   22.68146    0.01694    0.00935    9.39318   -1.03326   -0.83284   -4.66676    2.00000
 179.98013    0.06852   20.99072   20.69961    0.07134    0.03938   50.13451    2.57986    1.21545    4.45622    2.00000
 180.00362    0.01534   20.70120   20.27010    0.01577    0.00870   69.46297    0.14375    2.31164    2.43944    2.00000
 180.09242   -0.01571   23.52341   23.11581    0.09375    0.05174    6.33246    5.56936   -2.90522    4.84727    2.00000
 179.94022    0.00133   22.40852   22.13445    0.05980    0.03301   15.15746   -2.20807   -1.07657   -4.04701    2.00000
 179.97939   -0.04700   23.40981   23.01967    0.05132    0.02832    6.81646   -6.71090   -2.08105  -13.88322    2.00000
 179.83147   -0.25694   23.80327   23.34880    0.30727    0.16959    5.15945    8.27468    5.04128   10.16833    2.00000
 179.95979    0.08988   22.97487   22.64366    0.09846    0.05434    9.68720   -0.33059    2.31559    0.85771    2.00000
 180.03513   -0.02580   20.86646   20.49994    0.04358    0.02405   57.61821   -3.86484   -2.04673   -6.34086    2.00000
 180.00066    0.11630   17.98005   17.81226    0.11630    0.06419  317.83185    6.96531    1.65609    8.66997    2.00000
 180.02229   -0.00977   22.64018   22.34474    0.02435    0.01344   12.65337   -3.09386   -0.64347   -3.72154    2.00000
 179.94998    0.04798   20.89107   20.54212    0.06931    0.03826   56.03641    1.96368   -1.88564    0.23280    2.00000
 179.96780    0.04797   23.24736   22.88139    0.05777    0.03189    7.83804   -2.42419   -1.68988   -7.94505    2.00000
 180.05934   -0.00120   22.94977   22.62143    0.05936    0.03276    9.86011    1.29448   -2.68102   -3.43657    2.00000
 180.01199   -0.00615   23.78660   23.33504    0.01348    0.00744    5.22872    0.08565    0.73696    8.05029    2.00000
 179.94643   -0.01231   22.77479   22.46533    0.05498    0.03035   11.21749    0.35305    0.60348   -0.06380    2.00000
 180.02052   -0.08116   23.71119   23.27268    0.08372    0.04621    5.54267   -0.55388    6.53799    6.43877    2.00000
 180.04156    0.03979   21.08726   20.82868    0.05754    0.03176   45.29705    3.49725   -2.10355    1.49490    2.00000
 180.03094    0.01149   22.69994   22.39842    0.03300    0.01821   12.01418    0.98873   -0.06998    1.16728    2.00000
 180.02779    0.18177   22.83501   22.51914    0.18388    0.10149   10.65572    0.30524   -1.82501   -1.72560    2.00000
 180.06364   -0.02282   21.75359   21.52560    0.06761    0.03732   25.26545   -0.74515    1.18902    0.66682    2.00000
 179.97275   -0.00658   21.02803   20.75176    0.02803    0.01547   48.17978   -3.16269    3.61195    0.37827    2.00000
 180.18681    0.08199   23.08021   22.73588    0.20401    0.11260    8.96990   -1.41958    1.00535   -3.13876    2.00000
 179.95480    0.01927   23.71119   23.27268    0.04913    0.02712    5.54267   -1.69419    1.81743   -7.96908    2.00000
 179.89203   -0.03769   23.46395   23.06550    0.11436    0.06312    6.58576    0.55153    2.11364   -2.53168    2.00000
 179.96370   -0.02698   20.78415   20.37524    0.04523    0.02496   64.04466    4.48679    0.18578    4.78446    2.00000
 180.14120   -0.03486   23.22054   22.85811    0.14544    0.08027    8.01915    0.75310   -3.12314   -3.51708    2.00000
 180.07658   -0.01511   23.36354   22.98047    0.07806    0.04309    7.06738   -4.69982   -0.30064   -6.97129    2.00000
 180.03952    0.02168   22.84544   22.52844    0.04508    0.02488   10.58339    1.85114    2.76712    5.83879    2.00000
 179.97754    0.05577   20.14862   19.66595    0.06012    0.03318  106.22799    4.21304   -1.34210    2.96691    2.00000
 180.01633    0.03579   22.37252   22.10128    0.03934    0.02171   15.55244   12.45947   -2.17043    9.64716    2.00000
 180.02390   -0.02005   22.90282   22.57958    0.03119    0.01721   10.18559    3.13267   -0.91784    0.44895    2.00000
 180.07401    0.02773   23.55314   23.14096    0.07903    0.04362    6.20581   -1.01267    0.76482   -4.85874    2.00000
 180.03593   -0.02030   23.74487   23.30058    0.04127    0.02278    5.40222   -4.51652   -0.98639   -2.72126    2.00000
 179.99403    0.00544   23.46125   23.06321    0.00808    0.00446    6.59727    2.83736    1.08125    6.27178    2.00000
 179.90054    0.03173   21.99000   21.74758    0.10439    0.05762   21.28484   -0.31156    4.06367    3.40963    2.00000
 179.95612   -0.00903   23.02012   22.68335    0.04481    0.02473    9.37848   -2.41090    2.47723    0.21933    2.00000
 179.98325   -0.02550   23.75327   23.30752    0.03052    0.01684    5.36726    5.46816   -0.95866    7.60436    2.00000
 179.95041    0.03098   22.15753   21.90360    0.05847    0.03227   18.48706    2.09834    2.14697    4.89427    2.00000
