#RA        DEC       MAG_G     MAG_I     ANGSEP    RPROJ     SNR       VTRUE       VSYS       VMEAS      VSYSERR    
 179.98491    0.00491   23.68686   23.25253    0.01587    0.00876    5.64410   -5.57906   -0.32183   -6.43527    2.00000
 179.99429   -0.03101   23.52071   23.11352    0.03153    0.01740    6.34397    0.29756   -1.46159   -1.60084    2.00000
 179.98700   -0.00573   23.29550   22.92283    0.01421    0.00784    7.51575    2.10659    0.73069    2.22317    2.00000
 179.83273   -0.01192   23.27174   22.90256    0.16768    0.09255    7.67339   -2.62248    0.04314   -5.59440    2.00000
 180.02876    0.16382   21.97355   21.73227    0.16633    0.09180   21.55937    1.77906   -1.62420   -0.34020    2.00000
 180.00792   -0.01291   23.33361   22.95511    0.01514    0.00836    7.26466    3.21608   -1.95177    3.10227    2.00000
 179.99992   -0.02762   17.99916   17.84513    0.02762    0.01525  312.22702    0.50255    0.16991    0.71746    2.00000
 180.02940   -0.08794   22.38212   22.11012    0.09273    0.05118   15.44711    0.64763    2.73826    5.07293    2.00000
 180.05518    0.04987   22.98026   22.64838    0.07437    0.04105    9.65045   -2.28894    1.37357   -2.82653    2.00000
 179.91434   -0.07306   23.51530   23.10895    0.11259    0.06214    6.36700    1.57637    2.30063    8.24423    2.00000
 180.04390    0.01251   23.52881   23.12038    0.04565    0.02519    6.30943   -2.77000   -0.08649   -7.84205    2.00000
 180.11421   -0.05717   23.82233   23.36452    0.12772    0.07049    5.08028   -2.93787   -0.28402    1.12361    2.00000
 180.01163   -0.02300   21.82354   21.59194    0.02577    0.01422   24.07584   -5.32656    0.61661   -3.92777    2.00000
 180.00703    0.06000   22.05303   21.80627    0.06041    0.03334   20.23250    0.35098   -0.05413    1.38111    2.00000
 179.99680    0.00064   23.09221   22.74637    0.00326    0.00180    8.88831    0.36508   -2.16663   -3.27075    2.00000
 180.06798   -0.00355   22.02836   21.78330    0.06807    0.03757   20.64429   -6.78428   -1.09733   -8.65421    2.00000
 180.02910   -0.05596   23.02980   22.69182    0.06307    0.03481    9.31257    1.97411   -1.61777   -1.66878    2.00000
 180.17027   -0.05135   23.78899   23.33700    0.17785    0.09816    5.21882   -2.44817    0.48797    0.25459    2.00000
 180.02283   -0.01359   21.47372   21.25232    0.02657    0.01467   32.23949   -5.72892   -2.17701   -7.41899    2.00000
 179.89705    0.10133   22.16630   21.91162    0.14445    0.07972   18.34335    0.67079   -1.26719    2.25072    2.00000
 179.97313   -0.00739   21.28909   21.06084    0.02786    0.01538   37.27632    4.88914   -0.58994    4.67120    2.00000
 179.96870   -0.11543   23.38259   22.99661    0.11960    0.06601    6.94184    4.26482   -3.97207    2.20598    2.00000
 180.00475   -0.00498   23.19372   22.83482    0.00687    0.00379    8.20027   -4.38521   -2.34306  -10.68464    2.00000
 179.97029   -0.02623   23.45584   23.05863    0.03963    0.02188    6.62030   -0.43072    4.07952    3.45211    2.00000
 180.06586    0.00473   21.58004   21.35845    0.06603    0.03644   29.44802    1.52412   -0.61737    2.09295    2.00000
 180.00934    0.04312   23.35538   22.97356    0.04412    0.02435    7.12118   -5.57256   -2.21576   -6.60305    2.00000
 180.07558   -0.05131   23.44503   23.04949    0.09134    0.05041    6.66636   -0.69985   -1.77267   -4.47796    2.00000
 180.05908   -0.01637   23.03460   22.69602    0.06131    0.03384    9.27994    5.01485    0.37132    6.90776    2.00000
 180.10393    0.05189   23.62060   23.19744    0.11616    0.06411    5.92145   -4.10385    4.63902    0.35819    2.00000
 179.95552   -0.05714   23.41253   23.02198    0.07241    0.03996    6.80485    9.04267    0.89552   11.37801    2.00000
 180.02966   -0.08773   21.36418   21.14040    0.09261    0.05111   35.18363    1.84432   -3.34106   -1.83742    2.00000
 180.01505    0.03682   23.11381   22.76525    0.03977    0.02195    8.74145   -2.92483   -2.58674   -8.93079    2.00000
 179.77452   -0.11161   22.64800   22.35177    0.25159    0.13886   12.56964   -2.00770   -1.07732   -3.07634    2.00000
 180.04904   -0.04434   21.08726   20.82868    0.06612    0.03649   45.29705   -2.90382   -2.99288   -5.67516    2.00000
 180.01566    0.00797   21.36939   21.14573    0.01757    0.00970   35.04343    1.54849    1.45428    3.21428    2.00000
 180.02223    0.03453   23.25711   22.88986    0.04107    0.02267    7.77218   -3.56655    1.24996   -4.03753    2.00000
 180.05521    0.04407   20.84969   20.47208    0.07063    0.03898   59.05396    1.51441   -1.65450   -0.28810    2.00000
 180.02609   -0.11451   23.15227   22.79884    0.11745    0.06482    8.48017   -1.74041   -1.49804   -2.72190    2.00000
 180.05217   -0.15879   22.38692   22.11455    0.16714    0.09225   15.39445    2.69742    3.33263    5.80389    2.00000
 179.98756    0.05362   23.20347   22.84329    0.05504    0.03038    8.13441    0.74648    1.35914    4.44773    2.00000
 179.99110   -0.01244   22.10699   21.85723    0.01530    0.00844   19.31857   -1.66663   -0.15432   -1.92176    2.00000
 179.94269   -0.03202   22.51925   22.23560    0.06565    0.03623   13.95302   -2.75120   -2.07072   -5.69088    2.00000
 180.04169   -0.02328   23.11141   22.76315    0.04774    0.02635    8.75777   -0.82443   -0.22121    0.05083    2.00000
 179.97678    0.08967   22.78976   22.47871    0.09262    0.05112   11.05815    1.65371    0.87598    1.49231    2.00000
 180.05469    0.04481   22.87935   22.55866    0.07070    0.03902   10.34832    3.18186   -0.71051    4.48509    2.00000
 180.08093    0.02400   23.65131   23.22309    0.08442    0.04659    5.79235   -3.07876   -1.24489  -12.48844    2.00000
 179.97890   -0.05925   21.89974   21.66338    0.06290    0.03471   22.79473   -0.82987   -3.27636   -4.27325    2.00000
 180.03020   -0.00090   22.59062   22.30021    0.03021    0.01667   13.18359    0.23803    2.74346    2.89769    2.00000
 179.98862    0.03743   21.54889   21.32851    0.03913    0.02160   30.23551    1.74721   -0.88929    1.35888    2.00000
 180.07172    0.03570   22.24357   21.98262    0.08011    0.04421   17.07011   -4.93719   -4.86308   -9.13469    2.00000
 180.06488    0.06361   23.40437   23.01506    0.09086    0.05015    6.83968   -6.16758   -0.41240   -6.43897    2.00000
 180.12030    0.04805   22.61931   22.32599    0.12955    0.07150   12.87662   -0.08497    0.03884    1.78431    2.00000
 180.04688    0.02336   22.39172   22.11897    0.05237    0.02890   15.34178  -10.10529   -0.56098  -11.36631    2.00000
 179.83110    0.13059   23.08261   22.73797    0.21349    0.11783    8.95358    3.51555    0.44073    4.71722    2.00000
 179.92696    0.04850   21.98726   21.74503    0.08768    0.04839   21.33060   -5.01025    0.27506   -3.93158    2.00000
 180.06654   -0.02339   21.80993   21.57918    0.07054    0.03893   24.30461    2.75412   -1.80099    1.73180    2.00000
 179.96080    0.01292   21.86164   21.62766    0.04127    0.02278   23.43528   -1.67478    1.26275    0.22831    2.00000
 179.98550    0.00341   21.90791   21.67104    0.01489    0.00822   22.65746   -3.01413    1.68703   -0.47685    2.00000
 179.88734    0.07011   21.31942   21.09316    0.13269    0.07323   36.42619   -0.70543    0.33031   -0.49649    2.00000
 179.95480   -0.01014   22.62975   22.33537    0.04632    0.02556   12.76499   -5.35577   -0.58751   -6.87131    2.00000
 179.97855    0.03066   23.20591   22.84541    0.03742    0.02065    8.11794   -1.31177    0.52653   -0.55223    2.00000
 180.00478   -0.03495   21.39548   21.17238    0.03527    0.01947   34.34245    1.83262    1.44291    2.06499    2.00000
 180.07481   -0.02681   23.30639   22.93205    0.07947    0.04386    7.44401    1.51673   -0.91761    4.27947    2.00000
 179.86328   -0.05409   22.25899   21.99679    0.14704    0.08115   16.81592   -5.95344   -2.63671   -8.59759    2.00000
 179.98370    0.12188   22.09226   21.84323    0.12296    0.06787   19.56971    1.32657   -0.21752   -0.34829    2.00000
 179.95152   -0.06353   23.24248   22.87716    0.07990    0.04410    7.87097   -4.54996    4.03443   -3.85011    2.00000
 180.14771   -0.06522   23.66067   23.23084    0.16146    0.08911    5.75334   -0.27602   -0.56017    0.60152    2.00000
 179.96368   -0.02775   22.90282   22.57958    0.04570    0.02522   10.18559   -1.14530    2.43063   -3.40343    2.00000
 179.96986    0.03748   23.66628   23.23548    0.04809    0.02654    5.72993    3.75546    0.17504    7.13715    2.00000
 179.92084   -0.19121   22.92630   22.60050    0.20695    0.11422   10.02285   -6.32485   -0.65038   -4.73493    2.00000
 179.94749    0.01428   23.60936   23.18805    0.05441    0.03003    5.96874   -2.58208   -1.40896   -7.59397    2.00000
 180.28139    0.15477   22.92891   22.60283    0.32114    0.17724   10.00477    2.36312    1.88870    1.29794    2.00000
 179.95471   -0.23452   21.75623   21.52815    0.23885    0.13183   25.21969   -6.03724    1.66805   -5.37180    2.00000
 179.98894   -0.04413   23.56598   23.15182    0.04549    0.02511    6.15115   -4.78321   -1.34233   -2.07732    2.00000
 179.90456    0.02912   21.46590   21.24433    0.09979    0.05508   32.44979   -1.68976   -0.95302   -1.97365    2.00000
 179.95544   -0.01753   21.07169   20.80931    0.04788    0.02643   46.02298   -1.90496   -6.57506   -8.71587    2.00000
 180.02451   -0.05429   23.57241   23.15719    0.05956    0.03287    6.12413    1.73805    1.63438    4.86745    2.00000
 179.99744   -0.07453   22.68974   22.38927    0.07458    0.04116   12.12314    1.11160    0.73375    3.91974    2.00000
 180.01379   -0.03500   23.30639   22.93205    0.03762    0.02076    7.44401    3.66057    3.08536    1.66482    2.00000
 180.01572   -0.05034   21.49821   21.27734    0.05274    0.02911   31.58139    2.19039   -1.33756    0.93090    2.00000
 180.13931   -0.09036   22.27184   22.00861    0.16605    0.09165   16.65595   -2.38025    0.49172    0.00688    2.00000
 180.01395   -0.01195   23.40981   23.01967    0.01837    0.01014    6.81646    5.80616    2.06260   10.40327    2.00000
 179.79781   -0.00896   23.82233   23.36452    0.20240    0.11171    5.08028    0.44462   -1.65155   -4.33162    2.00000
 180.46892   -0.04761   23.24248   22.87716    0.47133    0.26014    7.87097    5.09325    0.96460    1.98665    2.00000
 179.90866    0.05826   20.21080   19.73153    0.10834    0.05979  101.74335    7.22694   -1.95672    5.16473    2.00000
 179.89342    0.00436   21.41895   21.19636    0.10668    0.05888   33.71156    2.12801   -0.32911    1.71499    2.00000
 179.94389    0.01094   20.56019   20.10612    0.05716    0.03155   77.91309    5.93905   -0.89805    4.93012    2.00000
 180.00203    0.00296   22.87413   22.55401    0.00359    0.00198   10.38449    2.14077   -3.54358   -4.05371    2.00000
 180.02815    0.09605   22.36292   22.09243    0.10009    0.05524   15.65776   -5.40871    2.07273   -2.93245    2.00000
 179.99321    0.02649   23.13302   22.78203    0.02734    0.01509    8.61091   -3.45988   -1.40608   -7.58224    2.00000
 179.98199    0.07191   23.31455   22.93897    0.07413    0.04092    7.39021    6.05677   -0.63754    7.51312    2.00000
 180.06065   -0.08276   22.06673   21.81902    0.10261    0.05663   20.00373    1.71358    0.54622    1.46924    2.00000
 180.34641   -0.22541   22.45831   22.18007    0.41329    0.22811   14.61423   -3.85367    7.27531    6.21354    2.00000
 179.95656   -0.03176   23.10421   22.75686    0.05381    0.02970    8.80672    0.87289   -0.47675    2.95357    2.00000
 180.00722   -0.06069   21.25066   21.01990    0.06112    0.03373   38.35315   -1.65761    0.29558   -1.44624    2.00000
 179.89812    0.06649   22.43254   22.15657    0.12167    0.06715   14.89402    3.07159   -0.02173    1.18271    2.00000
 179.99696   -0.01372   21.12459   20.87404    0.01405    0.00776   43.59711    5.03620    0.99937    6.04926    2.00000
 179.97359   -0.02520   23.43422   23.04034    0.03650    0.02015    6.71241    2.40729    0.86703    5.18806    2.00000
 179.97931   -0.05289   23.31455   22.93897    0.05679    0.03135    7.39021   -1.63507   -0.28873   -4.59804    2.00000
 180.05157   -0.01884   23.04901   22.70860    0.05491    0.03030    9.18203    3.46626   -2.28757   -1.04894    2.00000
 179.93227    0.03930   22.59062   22.30021    0.07831    0.04322   13.18359   -2.77543    0.99352   -0.78557    2.00000
 179.91733   -0.08449   23.29822   22.92513    0.11821    0.06524    7.49782   -0.46845    0.63935    1.53545    2.00000
 180.01302   -0.03904   23.45584   23.05863    0.04116    0.02272    6.62030   -3.96804   -1.99148   -3.91822    2.00000
 180.06778   -0.01269   23.66067   23.23084    0.06896    0.03806    5.75334   -1.42372    0.38073    0.08877    2.00000
 179.92087    0.11843   23.80327   23.34880    0.14243    0.07861    5.15945   -2.29890    0.98293   -7.11261    2.00000
 180.01550   -0.02552   21.23603   21.00411    0.02986    0.01648   38.76851   -3.70938   -1.37495   -4.95218    2.00000
 180.77731    0.26191   22.10234   21.85281    0.82026    0.45275   19.39788   -2.03428   -0.30673   -1.47498    2.00000
 180.03613    0.08639   22.75233   22.44525    0.09364    0.05168   11.45650    2.92436   -0.43664   -1.11675    2.00000
 180.08981    0.05897   23.10181   22.75476    0.10745    0.05930    8.82304    0.84273   -2.19225   -1.15625    2.00000
 179.78769    0.22151   23.59169   23.17329    0.30683    0.16935    6.04306    4.96419   -2.98807    6.30128    2.00000
 180.17264    0.19413   23.41253   23.02198    0.25979    0.14338    6.80485    0.15263    0.66959   -2.48448    2.00000
 179.99513   -0.01209   21.16481   20.92240    0.01303    0.00719   41.78508    2.15865   -2.40385   -0.11498    2.00000
 180.00374   -0.00258   21.32347   21.09747    0.00454    0.00251   36.31284    2.09745   -0.80281    1.58263    2.00000
 179.78198   -0.06782   23.82947   23.37042    0.22832    0.12602    5.05059   -4.38562   -0.81638   -6.98367    2.00000
 179.99503   -0.05912   20.90907   20.57206    0.05933    0.03275   54.91464    0.97127    0.19803    0.77611    2.00000
 180.38614   -0.28052   21.72184   21.49498    0.47728    0.26343   25.85649   -2.09999   -1.67402   -4.73036    2.00000
 179.94290    0.06382   22.44191   22.16512    0.08564    0.04726   14.79225    4.64771   -1.83866    3.08205    2.00000
 180.00037    0.07975   23.06581   22.72329    0.07975    0.04402    9.06781    2.14397   -3.08630   -3.90870    2.00000
 179.94894    0.02269   23.37443   22.98970    0.05587    0.03084    6.99564   -1.47634    0.90241    1.06579    2.00000
 179.63075    0.22453   22.16082   21.90661    0.43215    0.23852   18.43317   -4.34316   -1.54509   -7.36879    2.00000
 179.98164    0.04825   22.38932   22.11676    0.05162    0.02849   15.36812    4.01433   -0.41843    5.59523    2.00000
 179.97749   -0.12497   23.76041   23.31342    0.12698    0.07008    5.33757    0.04799   -0.88558   -6.68750    2.00000
 179.92947    0.07456   23.62703   23.20281    0.10263    0.05664    5.89443   -7.54127   -0.07946   -6.58761    2.00000
 179.98766    0.04328   22.13451   21.88257    0.04501    0.02484   18.86427   -1.38300    1.12433   -0.40594    2.00000
 180.06638    0.01282   23.46665   23.06778    0.06760    0.03731    6.57425   -3.19847    1.76574    5.51711    2.00000
 180.11327    0.01626   23.20835   22.84753    0.11443    0.06315    8.10148    3.18474   -0.88560    1.58965    2.00000
 179.95464   -0.01077   22.70743   22.40511    0.04662    0.02573   11.93451    1.89167   -0.93112    3.06343    2.00000
 180.00964    0.11532   23.09701   22.75056    0.11572    0.06387    8.85567    1.71175   -0.30404   -0.75042    2.00000
 179.97498   -0.03639   21.23920   21.00755    0.04416    0.02437   38.67803   -0.41146   -2.19510   -3.26256    2.00000
 180.01364    0.00078   23.18640   22.82847    0.01366    0.00754    8.24966   -1.47205   -3.71172   -3.96833    2.00000
 179.93488   -0.02223   23.46665   23.06778    0.06882    0.03798    6.57425   -2.84558   -1.09191   -3.60033    2.00000
 180.03049   -0.01135   23.54773   23.13639    0.03253    0.01796    6.22884   -1.50003    1.53086   -5.51215    2.00000
 179.98923   -0.06523   22.89239   22.57028    0.06612    0.03649   10.25791    0.22330   -0.56555   -1.41362    2.00000
 179.97183    0.01020   18.95664   18.41148    0.02996    0.01653  229.13287   -2.25725    1.11943   -1.19343    2.00000
 180.09982   -0.04521   22.61149   22.31896    0.10959    0.06049   12.96034   -1.18273   -2.80300   -3.22370    2.00000
 179.99751    0.08072   23.58044   23.16390    0.08075    0.04457    6.09035   -2.36837    3.04754    0.21557    2.00000
 179.92215    0.07032   23.83423   23.37435    0.10490    0.05790    5.03080    0.69062   -0.64096    4.44127    2.00000
 179.96312    0.01025   23.22298   22.86023    0.03828    0.02113    8.00269   -4.56101    0.33452   -0.93499    2.00000
 179.94279    0.15861   18.06881   18.08017    0.16861    0.09306  274.76917    0.05129   -2.88544   -2.82659    2.00000
 180.01562    0.05124   23.35266   22.97125    0.05357    0.02957    7.13912   -2.29984    3.31970   -1.37514    2.00000
 179.84543    0.07644   23.83661   23.37632    0.17244    0.09517    5.02090   -8.61028   -1.72483  -10.87105    2.00000
 180.06261    0.06334   23.19859   22.83906    0.08906    0.04915    8.16734   -3.11175    2.96813   -1.19875    2.00000
 179.92596    0.19502   23.11862   22.76944    0.20860    0.11513    8.70881    1.59362   -0.68689    2.40425    2.00000
 179.94466    0.02884   23.20347   22.84329    0.06241    0.03445    8.13441    0.96412    0.81524    2.44284    2.00000
 180.08855   -0.06455   23.28190   22.91130    0.10957    0.06047    7.60543    3.79121   -2.22415   -0.62800    2.00000
 180.00281   -0.10099   22.35571   22.08580    0.10103    0.05576   15.73676   -0.94316   -0.72329   -3.90893    2.00000
 180.01831   -0.18090   23.71493   23.27578    0.18182    0.10035    5.52706   -8.51291   -0.54022    0.17794    2.00000
 179.99162   -0.00308   23.49368   23.09065    0.00893    0.00493    6.45911    4.90220    1.59616    5.65657    2.00000
 180.03828   -0.02282   22.84805   22.53076    0.04457    0.02460   10.56531   -1.50593   -0.20026   -3.85495    2.00000
 179.93843   -0.03332   22.11697   21.86654    0.07001    0.03864   19.15168   -1.44541   -2.01314   -3.39958    2.00000
 179.99261    0.01079   22.88457   22.56331    0.01308    0.00722   10.31216    3.87418   -2.86832   -0.75676    2.00000
 180.01608    0.00631   23.27418   22.90468    0.01727    0.00953    7.65693    3.37913    1.43242    5.53592    2.00000
 179.96417   -0.03000   22.94456   22.61678    0.04674    0.02580    9.89627    2.50857   -0.01894    0.60651    2.00000
 179.98370    0.07235   20.99176   20.70114    0.07416    0.04093   50.07714    1.60402    0.64468    2.34190    2.00000
 180.01474   -0.01659   23.22541   22.86234    0.02220    0.01225    7.98622    2.46838    4.46748    4.87054    2.00000
 179.76971    0.24138   23.51260   23.10666    0.33360    0.18413    6.37852   -3.56383    0.36264   -6.29056    2.00000
 180.08641   -0.07640   23.78184   23.33111    0.11534    0.06366    5.24851    3.08784   -0.25759    4.33055    2.00000
 179.98398   -0.04100   23.12342   22.77364    0.04402    0.02430    8.67618   -0.04601    1.90289    3.47018    2.00000
 179.95940    0.02762   23.80566   23.35076    0.04911    0.02710    5.14955   -1.00454    2.42309    1.07291    2.00000
 180.09320    0.13575   23.71119   23.27268    0.16466    0.09088    5.54267   -2.22690   -1.60392    2.58556    2.00000
 180.24741   -0.07957   23.34721   22.96664    0.25989    0.14344    7.17499   -0.41543   -2.61894   -1.03477    2.00000
 179.88741    0.04371   23.06821   22.72539    0.12078    0.06666    9.05149   -2.44347    1.56322   -0.93379    2.00000
 179.94588    0.00753   23.46125   23.06321    0.05464    0.03016    6.59727   -0.63126   -0.99945   -4.84194    2.00000
 179.91087   -0.20261   21.57420   21.35283    0.22135    0.12217   29.59567    1.94781    0.23919    2.25643    2.00000
 179.96324    0.04996   22.46300   22.18434    0.06202    0.03423   14.56336    0.73579    0.29055    2.58005    2.00000
 179.96442   -0.13033   21.07830   20.81780    0.13510    0.07456   45.70504    0.51599    0.91975    1.51271    2.00000
 179.98219   -0.03556   23.28190   22.91130    0.03977    0.02195    7.60543   -2.75423    0.88234   -4.00878    2.00000
 180.01115   -0.07648   23.52611   23.11809    0.07729    0.04266    6.32095   -3.47995   -0.80976   -3.90052    2.00000
 179.94872   -0.08330   22.52628   22.24200    0.09782    0.05399   13.87672   -2.87502   -1.84139   -4.39397    2.00000
 180.07413    0.15212   23.67002   23.23858    0.16922    0.09340    5.71433    0.62163    0.25124   -0.71736    2.00000
 179.99026    0.05206   20.91984   20.58963    0.05296    0.02923   54.25592   -3.01600   -4.39155   -7.74643    2.00000
 179.86971    0.01495   22.90282   22.57958    0.13116    0.07239   10.18559    0.59278    0.80680    2.89576    2.00000
 180.01668   -0.01597   22.65844   22.36115    0.02310    0.01275   12.45802   -2.88756    2.29975   -0.50457    2.00000
 180.01527    0.06318   22.78976   22.47871    0.06500    0.03588   11.05815    5.71168   -1.94446    5.31796    2.00000
 179.78191   -0.13045   21.96533   21.72462    0.25413    0.14026   21.69663   -2.61467    2.71886    0.47478    2.00000
 179.96147    0.00934   23.58687   23.16926    0.03965    0.02188    6.06332    1.05920    0.11507    3.00491    2.00000
 179.95326    0.23415   19.47652   18.96206    0.23877    0.13178  165.84039   -5.27626    1.03560   -4.28003    2.00000
 180.05693    0.01896   22.15205   21.89859    0.06000    0.03312   18.57687   -2.78827   -1.12319   -4.23339    2.00000
 179.86288    0.07392   21.30527   21.07808    0.15577    0.08598   36.82292    4.68588    0.44562    6.00619    2.00000
 180.02692    0.00407   23.38804   23.00123    0.02723    0.01503    6.90933    0.43758   -1.38473    1.94176    2.00000
 179.93651   -0.06874   23.00396   22.66917    0.09358    0.05165    9.48874   -1.94349    4.84294    2.93095    2.00000
 180.02489   -0.01891   23.48827   23.08608    0.03125    0.01725    6.48214   -3.13891    1.38652   -3.68675    2.00000
 180.02191   -0.02175   22.04207   21.79606    0.03087    0.01704   20.41551    3.93373   -0.44088    4.69718    2.00000
 180.00285    0.06608   23.46395   23.06550    0.06614    0.03651    6.58576   -3.19672   -1.53562   -6.26461    2.00000
 180.06909    0.07947   22.08607   21.83733    0.10531    0.05812   19.67546   -3.10029   -0.39863   -1.12477    2.00000
 179.97169    0.02099   23.14502   22.79252    0.03523    0.01945    8.52932   -2.33578   -1.20351   -5.33506    2.00000
 179.99521   -0.00542   22.57237   22.28381    0.00723    0.00399   13.37894   -5.43020    0.74640   -5.15573    2.00000
 179.91925    0.18578   23.15227   22.79884    0.20257    0.11181    8.48017    1.49554   -1.61884   -0.38736    2.00000
 179.87027   -0.00854   23.44503   23.04949    0.13001    0.07176    6.66636   -6.59691   -3.60250  -13.39216    2.00000
 179.94193    0.12256   23.80566   23.35076    0.13562    0.07485    5.14955   -2.56063    0.97139   -3.05213    2.00000
 180.37437    0.09110   21.77476   21.54601    0.38530    0.21266   24.89941   -1.20177    2.32204    0.58710    2.00000
 180.18597   -0.05582   22.18188   21.92592    0.19417    0.10716   18.08687   -5.10030    2.24354   -3.39795    2.00000
 180.02669    0.08179   23.63988   23.21355    0.08603    0.04748    5.84038   -2.24474    1.16264    4.91636    2.00000
 180.11160    0.02842   23.61257   23.19074    0.11518    0.06357    5.95523   -0.81209    2.50838    3.39388    2.00000
 179.98299   -0.00976   23.08261   22.73797    0.01962    0.01083    8.95358    4.27578   -0.16064    2.20202    2.00000
 179.98096    0.00552   23.02277   22.68567    0.01984    0.01095    9.36039    5.06675    0.28188    5.18605    2.00000
 179.97173    0.01608   22.90022   22.57726    0.03253    0.01796   10.20367   -7.85608    1.59862   -5.60988    2.00000
 180.02373   -0.16570   20.89742   20.55301    0.16739    0.09239   55.62842   -6.05599   -1.07764   -7.07474    2.00000
 179.94995    0.01304   22.92630   22.60050    0.05172    0.02855   10.02285   -7.31859    1.46472   -6.30607    2.00000
 180.02849   -0.13165   21.24056   21.00903    0.13469    0.07434   38.63925   -4.90724   -0.45287   -4.54304    2.00000
 180.02293    0.02078   17.79515   17.15881    0.03095    0.01708  443.27328    1.26074   -2.91727   -1.67129    2.00000
 180.01897   -0.02718   22.46300   22.18434    0.03314    0.01829   14.56336    4.68053   -4.17250    1.42297    2.00000
 180.01904    0.00872   23.70183   23.26493    0.02095    0.01156    5.58168    4.95302    0.09438    4.28845    2.00000
 180.00237    0.01512   23.57723   23.16121    0.01531    0.00845    6.10386   -3.10562   -1.67955   -6.94024    2.00000
 179.88647    0.22891   23.02500   22.68763    0.25551    0.14102    9.34521    2.43472   -0.14511    3.31958    2.00000
 180.07275   -0.06174   22.68974   22.38927    0.09543    0.05267   12.12314    1.10562    1.72407    3.29582    2.00000
 179.91600   -0.01254   22.56454   22.27678    0.08493    0.04687   13.46266    3.17302    0.26903    3.05712    2.00000
 179.91946   -0.00089   21.50709   21.28642    0.08054    0.04445   31.34276    7.00695    0.82655    8.12194    2.00000
 179.87041    0.00622   21.85620   21.62256    0.12975    0.07161   23.52679   -0.55369    3.32016    2.76904    2.00000
 179.96368    0.07633   22.86892   22.54936    0.08452    0.04665   10.42065   -0.78513    0.64267   -0.13510    2.00000
 179.96967   -0.03230   23.05381   22.71280    0.04430    0.02445    9.14940   -1.09668    0.07198   -8.11684    2.00000
 179.99838    0.01861   22.80722   22.49432    0.01868    0.01031   10.87225    1.46255    0.54141    2.62753    2.00000
 180.06001   -0.04061   21.80176   21.57153    0.07247    0.04000   24.44187   -4.10545   -0.69556   -4.14375    2.00000
 180.01900    0.00671   23.32272   22.94589    0.02015    0.01112    7.33640    2.28711    2.54331    2.09489    2.00000
 180.08383   -0.03472   23.45044   23.05406    0.09073    0.05008    6.64333   -7.26930   -1.77461  -12.32109    2.00000
 179.97446    0.05676   21.54500   21.32477    0.06225    0.03436   30.33394   -5.66346    2.84361   -2.91392    2.00000
 180.03041   -0.05661   22.98026   22.64838    0.06427    0.03547    9.65045   -4.35386   -0.09000   -6.57980    2.00000
 179.98949   -0.01359   23.43152   23.03805    0.01719    0.00949    6.72392    1.98714   -0.28663    5.13877    2.00000
 179.93150    0.14336   23.80566   23.35076    0.15888    0.08769    5.14955    2.37629   -4.58825   -9.91967    2.00000
 180.03020    0.03170   22.08762   21.83880    0.04378    0.02416   19.64902   -3.57655   -0.28353   -3.92005    2.00000
 180.02127    0.02383   22.44894   22.17153    0.03194    0.01763   14.71595    1.97045   -1.30807   -2.12445    2.00000
 179.98299    0.16335   22.78976   22.47871    0.16423    0.09064   11.05815    3.60671    0.65522    3.95975    2.00000
 179.92084    0.21091   21.84531   21.61235    0.22528    0.12434   23.70981   -4.60577   -1.04393   -5.52972    2.00000
 180.17819    0.18846   23.57080   23.15585    0.25936    0.14315    6.13088   -3.50905    1.63369    1.92309    2.00000
 180.04131    0.03526   23.02277   22.68567    0.05431    0.02997    9.36039    1.44017    4.38181    2.77904    2.00000
 179.88112   -0.00034   23.20347   22.84329    0.11888    0.06561    8.13441   -2.59137    1.09241   -2.54834    2.00000
 179.92126    0.05414   23.75803   23.31145    0.09555    0.05274    5.34747   -0.81389   -0.71501   -5.25350    2.00000
 180.05379   -0.02708   21.17381   20.93285    0.06022    0.03324   41.39338    1.31242   -0.98765    0.17254    2.00000
 180.02275    0.03410   23.00072   22.66634    0.04099    0.02262    9.51079    5.90712   -3.45452    4.52673    2.00000
 179.89987    0.10989   21.59756   21.37529    0.14867    0.08206   29.00506   -4.82623    3.22893   -1.81706    2.00000
 180.02957   -0.03245   22.13670   21.88457    0.04390    0.02423   18.82835    6.63271   -1.21405    5.41141    2.00000
 179.75883    0.19492   23.40981   23.01967    0.31009    0.17115    6.81646    4.19093    0.48525    2.38041    2.00000
 180.06363    0.01500   22.90022   22.57726    0.06537    0.03608   10.20367    2.91564   -0.17653    1.35422    2.00000
 180.23299    0.06138   23.10661   22.75895    0.24094    0.13298    8.79040   -2.67881    1.53011    0.02010    2.00000
 180.23807   -0.17089   23.02500   22.68763    0.29306    0.16175    9.34521   -1.73091    0.22449   -4.39545    2.00000
 179.95750    0.08596   22.75982   22.45194    0.09588    0.05292   11.37683    3.81072   -0.57535    1.17361    2.00000
 180.01286    0.06155   23.52341   23.11581    0.06288    0.03471    6.33246    5.66407   -2.68151    0.33207    2.00000
 180.01160   -0.00942   22.10621   21.85650    0.01494    0.00825   19.33179    4.30696   -2.11151    1.21749    2.00000
 179.92004   -0.04679   23.17421   22.81789    0.09264    0.05113    8.33198   -3.26631    2.46299   -2.29635    2.00000
 180.02090    0.04084   23.63667   23.21086    0.04589    0.02533    5.85389    2.97097    0.47747    1.68937    2.00000
 179.98323    0.22456   23.26930   22.90045    0.22519    0.12429    7.68986    3.36129    1.34889    5.79539    2.00000
 180.02174   -0.05392   23.49098   23.08836    0.05814    0.03209    6.47062    1.19122   -2.10964   -0.87412    2.00000
 180.00047   -0.00881   23.83423   23.37435    0.00883    0.00487    5.03080   -2.15491   -4.64155   -8.51910    2.00000
 180.04198    0.02589   23.58365   23.16658    0.04932    0.02722    6.07684   -0.71053   -0.60727   -1.67967    2.00000
 180.09422   -0.06060   22.34371   22.07474    0.11203    0.06183   15.86841    1.70551   -1.28902    2.95216    2.00000
 179.97054   -0.00564   22.78477   22.47425    0.03001    0.01656   11.11126    2.27934   -0.25238    2.11553    2.00000
 180.04253    0.00143   21.74565   21.51795    0.04254    0.02348   25.40271   -4.12427   -1.70526   -4.53660    2.00000
 179.99709    0.03600   23.73738   23.29438    0.03612    0.01994    5.43343   -1.04835   -1.17856   -3.96558    2.00000
 180.03088    0.06670   23.33633   22.95742    0.07350    0.04057    7.24673   -0.23962    0.87393    0.31275    2.00000
 179.97491   -0.04418   21.07980   20.81961    0.05081    0.02804   45.63704    2.62463   -2.63664   -0.75709    2.00000
 179.86395   -0.03449   23.72616   23.28508    0.14035    0.07746    5.48025   -2.90992    1.70007    1.66013    2.00000
 180.02754   -0.01013   23.71306   23.27423    0.02935    0.01620    5.53487   -3.09328    1.85901    5.84280    2.00000
 180.00188   -0.02382   21.48676   21.26565    0.02389    0.01319   31.88900    4.22430    0.92950    4.96973    2.00000
 180.14793   -0.11893   21.42417   21.20169    0.18982    0.10476   33.57136    1.34434    0.03702    1.29947    2.00000
 180.03236   -0.02946   23.48827   23.08608    0.04377    0.02416    6.48214    0.51253    1.24660    2.54243    2.00000
 180.03725    0.04547   23.45314   23.05635    0.05877    0.03244    6.63182   -5.79727   -1.87679   -9.56753    2.00000
 180.05611   -0.03578   21.38504   21.16172    0.06654    0.03672   34.62284   -6.20672    0.70898   -5.48477    2.00000
 179.80637   -0.13706   22.59584   22.30490    0.23724    0.13094   13.12778   -0.43470   -1.61273   -5.77823    2.00000
 179.98747   -0.00537   21.11115   20.85772    0.01362    0.00752   44.20909    2.49345   -0.85045    1.72159    2.00000
 180.29202   -0.04069   23.75327   23.30752    0.29484    0.16273    5.36726    3.14586   -5.11113   -6.02996    2.00000
 179.96967    0.02241   22.87153   22.55169    0.03772    0.02082   10.40257    8.31104   -0.39451    7.60950    2.00000
 179.94891    0.02915   21.14400   20.89763    0.05881    0.03246   42.71314   -0.72386    0.76625   -0.37446    2.00000
 179.94250   -0.00268   22.19987   21.94246    0.05756    0.03177   17.79032    0.54680   -1.74169   -0.38300    2.00000
 179.94588   -0.00270   22.92891   22.60283    0.05419    0.02991   10.00477   -1.81731   -1.11202   -5.45886    2.00000
 179.78806    0.35941   22.68974   22.38927    0.41725    0.23029   12.12314   -0.04712   -2.77174   -2.95644    2.00000
 180.01234   -0.01115   22.94716   22.61910    0.01663    0.00918    9.87819    0.94037   -2.92996   -2.22066    2.00000
 180.08234   -0.02156   23.44233   23.04720    0.08512    0.04698    6.67787    5.00969   -0.13119    4.18423    2.00000
 179.94490    0.02109   21.67950   21.45416    0.05900    0.03256   26.93034    0.01417   -0.47881    0.53412    2.00000
 179.97359   -0.03567   22.52159   22.23773    0.04439    0.02450   13.92758    0.21994    1.45551    0.36540    2.00000
 180.03131    0.01043   23.42341   23.03119    0.03300    0.01821    6.75847   -3.62544    0.98899   -4.35364    2.00000
 180.00719   -0.07406   22.66887   22.37052    0.07441    0.04107   12.34639    4.40633    2.17017    7.85818    2.00000
 180.05368    0.12053   22.18702   21.93064    0.13194    0.07282   18.00214   -7.46428   -0.59044   -8.24609    2.00000
 180.08138    0.20437   23.60936   23.18805    0.21998    0.12141    5.96874   -0.85184   -1.61825   -3.12651    2.00000
 180.11682   -0.21020   22.50753   22.22492    0.24048    0.13273   14.08017    6.99040   -2.87286    2.99683    2.00000
 180.02815   -0.10422   23.82233   23.36452    0.10796    0.05958    5.08028   -3.23023   -0.03981   -8.59812    2.00000
 179.98364   -0.05284   22.19473   21.93773    0.05531    0.03053   17.87505    3.25040   -0.32097    2.30448    2.00000
 179.96513   -0.02280   23.59651   23.17732    0.04166    0.02300    6.02279    0.40496   -4.04626   -4.40839    2.00000
 180.01512   -0.05359   23.75565   23.30949    0.05568    0.03073    5.35737    0.03624    1.94555   -4.66186    2.00000
 179.90919   -0.03087   22.73487   22.42964    0.09591    0.05293   11.64239   -1.85596   -0.74606   -3.02876    2.00000
 180.02274    0.01637   21.94889   21.70931    0.02802    0.01546   21.97115   -3.35520    0.46153   -4.12068    2.00000
 179.98253    0.02483   23.13542   22.78413    0.03036    0.01676    8.59459   -4.97765   -0.44324   -1.51657    2.00000
 179.98831    0.02486   22.40612   22.13224    0.02747    0.01516   15.18380   -0.49112   -1.20296   -0.74012    2.00000
 180.05571   -0.03494   22.50987   22.22705    0.06576    0.03630   14.05474    3.04173    2.32286    5.99626    2.00000
 180.03703    0.00627   22.20758   21.94954    0.03755    0.02073   17.66322    0.06748    0.98787    3.04627    2.00000
 179.99217    0.01573   23.04181   22.70231    0.01757    0.00970    9.23099   -4.21061    2.75667    0.37185    2.00000
 180.00444    0.02522   21.38243   21.15905    0.02561    0.01413   34.69294    1.92084   -0.68697    0.78210    2.00000
 180.12300    0.10109   23.32000   22.94358    0.15921    0.08787    7.35434   -1.43881    1.38805    1.81480    2.00000
 180.00009   -0.03139   23.81518   23.35863    0.03139    0.01733    5.10997    5.89709    3.90531   10.10114    2.00000
 179.89990   -0.04174   23.70370   23.26648    0.10845    0.05986    5.57388    1.62333    2.34016    1.64290    2.00000
 179.99623   -0.02235   23.15471   22.80096    0.02266    0.01251    8.46370    2.09442    0.57055    1.21747    2.00000
 179.97057    0.15414   23.82709   23.36845    0.15693    0.08661    5.06049    1.84785    1.36625   -0.24784    2.00000
 180.03848    0.04798   22.79724   22.48540    0.06151    0.03395   10.97848    1.03978   -2.56403   -1.15861    2.00000
 180.05527   -0.03535   21.23059   20.99822    0.06561    0.03621   38.94354    3.76710    1.94629    5.26737    2.00000
 179.80942    0.20048   22.67409   22.37521    0.27661    0.15267   12.29058    5.43234    1.03483    5.03804    2.00000
 179.89497    0.02826   21.66627   21.44140    0.10876    0.06003   27.26592   -1.93499    2.72337    0.34705    2.00000
 179.99889   -0.01112   21.55279   21.33225    0.01117    0.00617   30.13707    6.11346    2.19414    7.98529    2.00000
 180.05206    0.01250   23.70744   23.26958    0.05354    0.02955    5.55827   -0.27315   -1.91519    3.02647    2.00000
 180.03995   -0.00698   21.45025   21.22834    0.04055    0.02238   32.87038   -2.01536   -0.20240   -2.78475    2.00000
 180.02753    0.03949   21.28707   21.05869    0.04813    0.02657   37.33300    1.78731   -1.83076   -0.65376    2.00000
 179.98994    0.05912   21.72184   21.49498    0.05997    0.03310   25.85649   -0.27976   -0.90379   -0.99539    2.00000
 179.97678    0.06235   22.94977   22.62143    0.06654    0.03672    9.86011    3.06077   -3.65862   -2.18031    2.00000
 179.94862   -0.05780   22.28984   22.02514    0.07733    0.04268   16.45903    1.72016    3.80169    4.04856    2.00000
 180.02498   -0.00404   22.96625   22.63610    0.02530    0.01397    9.74600   -2.08922    2.95389    2.86422    2.00000
 179.93102    0.02521   22.05303   21.80627    0.07345    0.04054   20.23250    2.72273    0.93156    3.37744    2.00000
 179.91333   -0.04411   23.65131   23.22309    0.09725    0.05368    5.79235   -1.02748    0.94510   -3.59071    2.00000
 179.94429    0.00433   23.35810   22.97586    0.05588    0.03084    7.10325   -1.86486    5.12883    5.17758    2.00000
 179.51485   -0.06291   19.73073   19.22793    0.48921    0.27001  141.55637   -9.70462    1.25756   -8.29215    2.00000
 180.02692   -0.01264   22.35331   22.08359    0.02974    0.01642   15.76309   -3.04841   -3.31709   -6.04375    2.00000
 180.09706   -0.00356   22.33651   22.06811    0.09713    0.05361   15.94741   -2.25924    1.40938   -1.20526    2.00000
 180.00821    0.05495   22.92108   22.59586    0.05556    0.03067   10.05901    0.97220   -0.70252    3.21165    2.00000
 180.00632   -0.01505   22.83501   22.51914    0.01632    0.00901   10.65572    4.67582    1.34609    4.45193    2.00000
 180.00734   -0.02604   21.10518   20.85046    0.02705    0.01493   44.48108   -0.07913   -0.27882   -0.17032    2.00000
 179.95399   -0.00304   22.63496   22.34005    0.04610    0.02545   12.70918   -1.24204   -2.57631   -0.94516    2.00000
 179.92026    0.00277   23.12102   22.77154    0.07980    0.04404    8.69250   -1.28860    1.97512   -2.49520    2.00000
 180.04654   -0.00884   23.34449   22.96433    0.04737    0.02615    7.19292    3.50994   -1.68846   -0.42804    2.00000
 180.00011   -0.05712   21.81809   21.58684    0.05712    0.03153   24.16735    0.96737    0.77148    2.64850    2.00000
 179.97244    0.01157   21.76946   21.54091    0.02988    0.01649   24.99092   -1.83492   -1.56139   -3.68780    2.00000
 179.95135    0.06215   21.96807   21.72717    0.07893    0.04356   21.65088   -1.27454    0.47866   -0.38044    2.00000
 180.03687   -0.25238   23.33905   22.95972    0.25506    0.14077    7.22879   11.49648   -2.02726    8.01910    2.00000
 180.02911   -0.04878   23.82233   23.36452    0.05681    0.03135    5.08028   -0.14241   -2.44083    6.31020    2.00000
 180.10750   -0.06871   23.75327   23.30752    0.12758    0.07041    5.36726   -4.31917   -2.86148   -4.34425    2.00000
 180.01648    0.03400   22.73487   22.42964    0.03778    0.02085   11.64239    1.99844    0.00586    4.09740    2.00000
 179.94691   -0.07882   23.47476   23.07464    0.09503    0.05245    6.53971    3.58944    1.04557   -2.47279    2.00000
 180.04073   -0.00201   23.00719   22.67201    0.04078    0.02251    9.46669    2.07136    0.83425    0.76455    2.00000
 180.09534   -0.00266   23.43692   23.04263    0.09538    0.05264    6.70090   -9.16310   -0.63161  -10.68319    2.00000
 179.93774   -0.01762   17.95043   17.93372    0.06471    0.03571  297.11707   -2.63755   -0.75140   -3.36174    2.00000
 180.05605   -0.00856   21.00527   20.72104    0.05669    0.03129   49.33129    1.74208    0.00271    1.84916    2.00000
 179.98787    0.00722   20.22721   19.74886    0.01412    0.00779  100.55804   -2.17609    1.48537   -0.76661    2.00000
 179.97397   -0.08233   21.96533   21.72462    0.08635    0.04766   21.69663    1.68367    1.62180    1.17176    2.00000
 179.99403   -0.01648   21.92151   21.68379    0.01753    0.00967   22.42869   -5.19393   -2.26833   -7.81433    2.00000
 180.00972    0.02588   23.05861   22.71700    0.02765    0.01526    9.11676   -6.47537   -0.58760   -5.83153    2.00000
 180.00497   -0.06309   21.25066   21.01990    0.06329    0.03493   38.35315    0.93776   -2.08720   -0.99659    2.00000
 180.24336    0.02196   23.46395   23.06550    0.24435    0.13486    6.58576    2.54269   -0.60090    0.47700    2.00000
 179.95528    0.03381   22.59323   22.30256    0.05606    0.03094   13.15569    1.85211    0.42627    1.43249    2.00000
 179.88177    0.17776   21.58783   21.36593    0.21348    0.11783   29.25115    0.46877   -3.22340   -2.49332    2.00000
 180.00554   -0.02746   22.21529   21.95663    0.02802    0.01546   17.53613    2.37818   -2.27517    0.25968    2.00000
 179.98904    0.03571   23.22054   22.85811    0.03735    0.02062    8.01915   -1.10177   -1.59088   -5.48066    2.00000
 180.00459    0.03656   21.47633   21.25499    0.03684    0.02034   32.16939    2.84075    1.89919    4.88811    2.00000
 179.99091   -0.00894   22.06125   21.81392    0.01276    0.00704   20.09524   -4.91431   -0.59460   -3.99699    2.00000
 179.89223   -0.18264   21.54889   21.32851    0.21206    0.11704   30.23551   -1.68375    0.73754   -0.51577    2.00000
 180.02650    0.25972   21.30122   21.07377    0.26107    0.14409   36.93627   -0.45992   -0.84186   -0.87743    2.00000
 179.94604   -0.05397   22.19987   21.94246    0.07631    0.04212   17.79032    2.25782   -1.85968   -0.07081    2.00000
 179.94331   -0.07670   23.38259   22.99661    0.09538    0.05264    6.94184   -3.20357    1.39028   -0.55531    2.00000
 180.00533    0.04116   21.79904   21.56898    0.04150    0.02290   24.48763    4.27039   -1.34065    2.81437    2.00000
 180.06036   -0.00374   23.74487   23.30058    0.06047    0.03338    5.40222    1.93191   -2.06215    2.67815    2.00000
 180.00816    0.01184   22.73986   22.43410    0.01438    0.00794   11.58928    3.03272    0.07993    2.78567    2.00000
 179.84929   -0.06741   23.75327   23.30752    0.16510    0.09112    5.36726   -2.22234    1.53191   -4.77095    2.00000
 180.02138    0.05707   21.61313   21.39026    0.06094    0.03364   28.61131   -4.35362   -0.83236   -6.51911    2.00000
 179.91901   -0.03748   23.63667   23.21086    0.08925    0.04926    5.85389    0.17129    1.61037   -3.66880    2.00000
 180.01523   -0.00427   23.58847   23.17061    0.01582    0.00873    6.05657    2.23838    2.08690    4.90630    2.00000
 180.06360    0.07226   23.37443   22.98970    0.09626    0.05313    6.99564    1.33942   -1.63922    1.98071    2.00000
 180.06300    0.01990   22.72739   22.42295    0.06608    0.03647   11.72206   -0.16130   -1.95505   -3.28701    2.00000
 180.12253    0.00556   21.87253   21.63787    0.12266    0.06770   23.25227   -2.22087    1.73783   -1.18376    2.00000
 180.00523    0.07977   21.14848   20.90308    0.07994    0.04412   42.50915    0.96081   -2.95629   -2.35419    2.00000
 179.92343    0.02198   21.45546   21.23367    0.07966    0.04397   32.73018    2.60779    0.88314    4.05956    2.00000
 179.89906    0.09195   23.15715   22.80307    0.13653    0.07536    8.44724    3.06712    2.12625    3.87550    2.00000
 179.95428   -0.01093   22.89239   22.57028    0.04700    0.02594   10.25791    0.64782   -2.35663   -0.82854    2.00000
 179.97343   -0.00527   22.99211   22.65878    0.02708    0.01495    9.56959    1.37025   -0.34288   -1.05984    2.00000
 179.97073    0.09423   21.40069   21.17771    0.09867    0.05446   34.20225   -2.48016   -2.47686   -4.21943    2.00000
 180.03368    0.03503   23.82233   23.36452    0.04859    0.02682    5.08028   -0.42315    1.94019    3.98417    2.00000
 180.01106    0.04427   19.28789   18.76324    0.04563    0.02519  187.82803   -3.46001    1.32424   -2.21775    2.00000
 179.84001    0.10388   21.72184   21.49498    0.19075    0.10528   25.85649   -5.68546    2.00400   -3.10449    2.00000
 180.01685   -0.01667   22.36292   22.09243    0.02370    0.01308   15.65776    0.17958    0.12939   -0.91754    2.00000
 180.06508   -0.05085   23.81518   23.35863    0.08259    0.04558    5.10997   -2.76841    0.18059   -1.07504    2.00000
 180.00230   -0.02620   23.45854   23.06092    0.02630    0.01452    6.60879    2.64426   -0.49886    1.00092    2.00000
 180.04398   -0.03015   23.08261   22.73797    0.05332    0.02943    8.95358    3.05294   -1.05801    4.37913    2.00000
 179.96477   -0.03532   23.19859   22.83906    0.04988    0.02753    8.16734   -1.58708    1.74148    0.69769    2.00000
 179.98166    0.01607   20.75399   20.33594    0.02439    0.01346   66.06959    1.51905   -0.26839    1.11163    2.00000
 180.06404   -0.04708   23.48287   23.08150    0.07948    0.04387    6.50517    1.35273    2.04689    9.05849    2.00000
 179.88634    0.00854   23.25955   22.89198    0.11398    0.06291    7.75571   -0.44196    0.36756   -1.66674    2.00000
 180.01253    0.04800   23.51800   23.11123    0.04960    0.02738    6.35549   -2.94298    0.42169   -2.32100    2.00000
 179.93616    0.02826   23.63988   23.21355    0.06982    0.03854    5.84038    0.44466    0.21478   -5.65234    2.00000
 179.93762    0.04658   22.91847   22.59353    0.07785    0.04297   10.07709   -3.61492    2.00018   -0.47643    2.00000
 179.97781    0.02619   22.79225   22.48094    0.03432    0.01894   11.03159    4.40860    0.97295    6.38640    2.00000
 180.07919    0.04344   18.73334   18.17311    0.09033    0.04985  261.96805    1.00933    4.29083    5.32836    2.00000
 179.97397    0.03971   23.70370   23.26648    0.04749    0.02621    5.57388    2.61517   -3.52250    0.57903    2.00000
 179.98338   -0.05635   21.97629   21.73482    0.05875    0.03242   21.51361    2.95900   -1.72163    0.31879    2.00000
 180.02104    0.11606   19.45793   18.94256    0.11795    0.06510  167.99747   -2.65113   -1.45983   -4.10971    2.00000
 180.00031    0.10463   23.83423   23.37435    0.10464    0.05775    5.03080   -4.02974    0.43925   -7.48677    2.00000
 180.00163    0.02308   23.56125   23.14782    0.02313    0.01277    6.17127    0.24844   -2.24057   -7.15150    2.00000
 180.10242    0.08843   23.62221   23.19879    0.13532    0.07468    5.91469    2.54419   -3.38901   -4.09272    2.00000
 180.01413   -0.01519   23.74300   23.29903    0.02075    0.01145    5.41002    2.10572   -6.04814   -6.70728    2.00000
 180.09708   -0.08419   22.70743   22.40511    0.12849    0.07092   11.93451   -2.51149   -2.14755   -4.48895    2.00000
 180.03513   -0.01048   22.44425   22.16725    0.03665    0.02023   14.76681    4.41735   -2.33017    3.56059    2.00000
 180.11848    0.09622   22.98995   22.65689    0.15263    0.08424    9.58429   -6.72300    3.18306   -0.58444    2.00000
 180.03165   -0.04128   23.31455   22.93897    0.05201    0.02871    7.39021   -0.46094   -3.58277   -2.56901    2.00000
 180.02200   -0.05299   23.62382   23.20013    0.05738    0.03167    5.90794   -0.75943    0.35532   -7.76149    2.00000
 179.98331   -0.02443   22.16191   21.90761    0.02959    0.01633   18.41520    4.19865   -0.31061    3.07425    2.00000
 180.01680   -0.08423   22.49113   22.20997    0.08589    0.04740   14.25819    0.97127    1.26884    3.37905    2.00000
 180.05051   -0.08978   22.38692   22.11455    0.10301    0.05685   15.39445    1.94442    1.16921    2.98215    2.00000
 179.96263    0.01001   23.51260   23.10666    0.03868    0.02135    6.37852    3.98819    0.78494    2.43177    2.00000
 180.00771    0.04800   21.47894   21.25765    0.04861    0.02683   32.09929   -3.89215   -1.11012   -5.04559    2.00000
 179.88673    0.01566   22.41812   22.14329    0.11435    0.06311   15.05214    0.75210    3.37122    4.94232    2.00000
 180.18472    0.08365   21.53374   21.31363    0.20279    0.11192   30.62686   -2.07676    0.86266   -1.51097    2.00000
 179.97900   -0.04573   23.58205   23.16524    0.05031    0.02777    6.08359   -2.28206    0.55384    1.53907    2.00000
 180.01482   -0.03151   23.35266   22.97125    0.03482    0.01922    7.13912   -6.65977    1.61553   -3.91728    2.00000
 180.09000   -0.01677   22.22301   21.96372    0.09155    0.05053   17.40903   -5.26755   -1.02883   -5.48299    2.00000
 180.03770   -0.08089   22.86109   22.54239    0.08925    0.04926   10.47490    2.85112    4.05519    7.10326    2.00000
 180.04768    0.00549   22.60366   22.31193    0.04801    0.02650   13.04406   -3.87789   -0.83149   -3.85579    2.00000
 179.99036    0.06543   23.63345   23.20818    0.06614    0.03651    5.86740    0.98098   -0.99371    2.84961    2.00000
 180.07375   -0.04565   22.06673   21.81902    0.08674    0.04787   20.00373    1.77733    2.30933    4.09867    2.00000
 179.91399    0.07008   22.40372   22.13003    0.11094    0.06123   15.21013    2.17421   -1.36013   -1.39319    2.00000
 179.79842   -0.05473   23.57562   23.15987    0.20888    0.11528    6.11062    4.46049   -3.30072   -2.85775    2.00000
 179.96141   -0.09411   21.61897   21.39587    0.10172    0.05614   28.46366  -10.18061    0.22862  -11.37324    2.00000
 179.91525    0.06493   22.33651   22.06811    0.10675    0.05892   15.94741    7.79215   -3.07770    6.05498    2.00000
 180.05682    0.01480   23.10901   22.76105    0.05872    0.03241    8.77409   -0.85277   -0.09852   -0.12238    2.00000
 179.98688   -0.00466   22.85588   22.53774    0.01393    0.00769   10.51106   -2.62705   -1.41333   -3.98760    2.00000
 179.97173    0.02191   18.87418   18.32373    0.03577    0.01974  241.22018   -3.36211    3.28845   -0.04120    2.00000
 180.14877    0.20595   22.45831   22.18007    0.25407    0.14023   14.61423   -8.59117    0.31382   -6.72237    2.00000
 180.02042   -0.02586   18.26551   17.66944    0.03295    0.01819  342.19043   -5.75722   -0.21915   -5.91145    2.00000
 180.03854    0.04263   23.76517   23.31735    0.05747    0.03172    5.31778   -1.78268    0.27085   -5.84896    2.00000
 180.00470    0.06264   23.12342   22.77364    0.06282    0.03467    8.67618   -8.49383    0.77944   -9.35193    2.00000
 180.06107   -0.00288   19.78471   19.28418    0.06113    0.03374  136.59917    2.96191   -5.50784   -2.41354    2.00000
 180.00768    0.03661   23.72241   23.28198    0.03740    0.02064    5.49585    0.27503   -1.86496   -1.89972    2.00000
 180.01604    0.08811   22.01740   21.77310    0.08956    0.04943   20.82730   -6.33852   -0.61075   -6.26138    2.00000
 179.97063    0.03595   23.24248   22.87716    0.04642    0.02562    7.87097    3.00388    0.20864   -0.56653    2.00000
 180.00450   -0.01662   23.69060   23.25563    0.01722    0.00951    5.62850    1.44921    0.04266   -3.46970    2.00000
 180.00905   -0.06653   23.79137   23.33897    0.06714    0.03706    5.20893   -3.24630   -3.86071    2.90718    2.00000
 179.99876    0.02306   23.27418   22.90468    0.02310    0.01275    7.65693   -1.22262   -1.58999   -2.96655    2.00000
 180.10175   -0.14398   20.08778   19.60182    0.17629    0.09730  110.61397    3.28711   -0.22925    3.15452    2.00000
 179.98006    0.03720   22.97379   22.64271    0.04221    0.02330    9.69455   -2.24453   -0.62218   -5.76537    2.00000
 179.97192   -0.00957   23.11862   22.76944    0.02967    0.01637    8.70881   -1.20062   -1.02443   -3.26147    2.00000
 179.99728   -0.00005   22.34851   22.07917    0.00271    0.00150   15.81575   -0.27615    3.24602    4.08149    2.00000
 180.02776    0.00627   22.49581   22.21424    0.02845    0.01570   14.20733    0.73291    3.94267    5.82488    2.00000
 180.03348   -0.03414   23.02980   22.69182    0.04782    0.02639    9.31257   -0.37086   -1.26075    0.10137    2.00000
 179.89986   -0.03874   23.30911   22.93436    0.10737    0.05926    7.42608    0.56577    1.36565    1.73678    2.00000
 180.10568   -0.04939   22.87674   22.55634    0.11666    0.06439   10.36640    0.60476    0.48587   -1.43133    2.00000
 179.82985    0.01853   23.72990   23.28818    0.17116    0.09447    5.46464   -4.40548    1.58850   -1.51102    2.00000
 179.89017    0.40751   23.59490   23.17597    0.42206    0.23295    6.02954    1.46240    2.68099    7.58414    2.00000
 180.02119    0.01723   23.69435   23.25873    0.02732    0.01508    5.61289    1.18311   -0.65544   -1.02374    2.00000
 180.00111   -0.04345   22.39412   22.12118    0.04346    0.02399   15.31545   -0.53635    0.32669    0.50847    2.00000
 180.01781   -0.03170   21.36679   21.14306    0.03636    0.02007   35.11353   -3.75620    4.40613    0.25259    2.00000
 180.02715    0.01717   22.78726   22.47648    0.03213    0.01773   11.08471    0.36956    1.57154   -1.18326    2.00000
 180.02248    0.04513   22.73737   22.43187    0.05042    0.02783   11.61584   -1.46424   -2.46432   -2.93701    2.00000
 180.06525    0.04324   21.66098   21.43630    0.07827    0.04320   27.40015   -0.28787   -5.08275   -5.26947    2.00000
 180.07623    0.01381   23.13302   22.78203    0.07748    0.04276    8.61091    0.73871    2.46104    4.07173    2.00000
 180.01488    0.02096   21.26887   21.03930    0.02570    0.01418   37.84308   -1.92491    1.66631   -0.28264    2.00000
 180.02530   -0.05298   19.68050   19.17524    0.05871    0.03240  146.19991    3.96817   -0.92434    3.02112    2.00000
 180.00336   -0.05108   23.66441   23.23394    0.05119    0.02825    5.73773   -3.20579    4.80223   -3.70228    2.00000
 179.98634    0.03885   22.83240   22.51682    0.04118    0.02273   10.67380    8.21978   -1.36856    4.78260    2.00000
 180.00473    0.09617   21.93793   21.69910    0.09629    0.05314   22.15417   -2.32356    4.35636    3.65946    2.00000
 180.02293   -0.01567   23.07541   22.73168    0.02778    0.01533    9.00254   -9.09629    0.23346   -7.88556    2.00000
 180.02284    0.01428   23.10421   22.75686    0.02694    0.01487    8.80672    4.93424   -2.63755   -2.01564    2.00000
 179.99593   -0.00941   21.48937   21.26831    0.01026    0.00566   31.81890   -1.16601    0.37177   -0.73330    2.00000
 180.01405    0.00754   23.09461   22.74846    0.01596    0.00881    8.87199    3.05397   -0.49717    1.71585    2.00000
 179.97906    0.03058   22.07212   21.82406    0.03706    0.02045   19.91338    0.54294    1.12829    1.36064    2.00000
 180.51941    0.06996   23.78184   23.33111    0.52410    0.28927    5.24851   -0.33775    0.40573    2.23412    2.00000
 179.95940    0.03205   23.57562   23.15987    0.05172    0.02855    6.11062   -1.46263   -0.03149   -6.19701    2.00000
 179.97214   -0.00927   22.85066   22.53309    0.02937    0.01621   10.54722    0.97864   -1.96320    0.40119    2.00000
 179.78577   -0.11587   23.45044   23.05406    0.24357    0.13443    6.64333   -0.39349    2.09835   -4.22680    2.00000
 180.03317    0.01404   23.73738   23.29438    0.03602    0.01988    5.43343    6.06409   -1.45085    9.62231    2.00000
 180.07111    0.00043   22.98241   22.65027    0.07110    0.03924    9.63575   -0.29167   -3.21024   -1.40711    2.00000
 180.00859    0.04492   22.82723   22.51221    0.04574    0.02524   10.70962    2.42144    0.47339   -0.14508    2.00000
 179.95515   -0.00939   23.43152   23.03805    0.04582    0.02529    6.72392    0.92811   -1.52799    0.00775    2.00000
 180.05501    0.06123   23.81042   23.35469    0.08231    0.04543    5.12976    2.98386   -1.94536    4.16449    2.00000
 180.03557    0.04126   21.34774   21.12333    0.05447    0.03007   35.63274    2.46839    0.04059    2.44789    2.00000
 180.00258    0.01215   23.52881   23.12038    0.01242    0.00685    6.30943   -2.35906   -1.56116   -1.07829    2.00000
 180.08064    0.05679   21.23694   21.00510    0.09864    0.05444   38.74266   -2.59165   -2.18687   -4.52191    2.00000
 180.00525    0.05738   17.94856   17.97263    0.05762    0.03180  290.48126   -2.29509   -1.09181   -3.34379    2.00000
 179.98213    0.17861   21.49466   21.27371    0.17950    0.09907   31.67685    2.16868    4.01167    6.65567    2.00000
 180.01671   -0.00487   23.75327   23.30752    0.01740    0.00960    5.36726   -2.43589   -1.25655   -1.45955    2.00000
 179.69286    0.05805   22.78726   22.47648    0.31259    0.17253   11.08471   -0.76435   -0.01322    0.86778    2.00000
 179.90437    0.05588   22.77479   22.46533    0.11075    0.06112   11.21749    2.06597    1.62257    2.72044    2.00000
 180.02449    0.01489   23.79613   23.34290    0.02866    0.01582    5.18913   -4.55673    1.07647   -2.13417    2.00000
 180.01047   -0.02263   23.50990   23.10437    0.02493    0.01376    6.39003   -2.35842    0.79876   -5.43557    2.00000
 180.00928    0.12030   23.73177   23.28973    0.12065    0.06659    5.45684   -7.28911    0.75339    2.39013    2.00000
 179.97009    0.00511   23.00503   22.67012    0.03034    0.01674    9.48139    0.81427    0.09467    1.71940    2.00000
 179.97034    0.02423   23.82471   23.36649    0.03830    0.02114    5.07038   -0.63387   -0.88689  -11.83373    2.00000
 180.01044    0.05937   23.76755   23.31931    0.06028    0.03327    5.30789   -1.49375   -1.98320   -2.71928    2.00000
 180.01814    0.03536   23.81280   23.35666    0.03974    0.02193    5.11986    0.67669    3.65526    3.28723    2.00000
 180.00780   -0.04561   21.94889   21.70931    0.04627    0.02554   21.97115   -5.93504    1.91942   -3.73604    2.00000
 179.96240   -0.10933   22.21529   21.95663    0.11562    0.06381   17.53613    3.08356    0.47632    2.95540    2.00000
 179.96918    0.15335   23.41798   23.02659    0.15642    0.08633    6.78163   -0.85065    0.83007   -1.54993    2.00000
 179.95692   -0.00507   23.19128   22.83271    0.04338    0.02394    8.21673    1.17988    2.43906    2.14094    2.00000
 179.90845    0.08209   20.92092   20.59139    0.12296    0.06787   54.19004    0.10431    4.91598    4.84165    2.00000
 180.00507   -0.00993   22.34851   22.07917    0.01115    0.00615   15.81575    1.77669   -0.02365    0.14462    2.00000
 179.97581   -0.02351   23.55044   23.13868    0.03372    0.01861    6.21732   -2.22960   -1.96119   -1.66736    2.00000
 179.95270    0.00493   22.99965   22.66539    0.04756    0.02625    9.51814    0.26383    1.53002    4.79023    2.00000
 179.90417   -0.00874   23.80089   23.34683    0.09623    0.05311    5.16934    0.40859   -0.24125   -1.03045    2.00000
 179.93365   -0.00170   21.77476   21.54601    0.06637    0.03663   24.89941    1.44007   -1.07331   -0.08176    2.00000
 179.98985   -0.01361   22.66105   22.36349    0.01698    0.00937   12.43011    2.79919   -1.03505    2.53027    2.00000
 180.06909   -0.02707   22.84284   22.52611    0.07421    0.04096   10.60147    1.01807   -1.79109   -4.24954    2.00000
 179.90810   -0.01481   22.93934   22.61213    0.09309    0.05138    9.93244   -6.25105    0.09527   -9.05291    2.00000
 180.05730    0.06938   23.16202   22.80731    0.08997    0.04966    8.41431    5.51755   -0.08815    4.02624    2.00000
 179.91669   -0.00684   23.33361   22.95511    0.08359    0.04614    7.26466   -1.35732   -0.20959   -2.37665    2.00000
 179.97243   -0.03274   20.55820   20.10396    0.04281    0.02363   78.02465   -2.93696    3.34740    0.67024    2.00000
 180.06075    0.05410   23.48017   23.07922    0.08135    0.04490    6.51668   -1.58651   -1.41667   -3.97091    2.00000
 180.00299   -0.02564   23.21810   22.85599    0.02581    0.01425    8.03562    2.70896    0.03324    1.04488    2.00000
 179.96193   -0.00935   23.32816   22.95050    0.03920    0.02164    7.30053   -2.26212   -4.28734   -7.06315    2.00000
 180.11118    0.14795   21.30729   21.08023    0.18506    0.10214   36.76624    4.91112    2.21890    7.29435    2.00000
 179.91179    0.01415   22.23843   21.97789    0.08934    0.04931   17.15484   -0.29483    0.90467    3.08760    2.00000
 180.00148   -0.14421   23.64955   23.22162    0.14422    0.07960    5.79973    0.89525    0.91326    9.74090    2.00000
 179.76852    0.20338   22.22815   21.96844    0.30812    0.17006   17.32430   -8.81556    0.76532   -7.54226    2.00000
 179.96165    0.01136   23.68312   23.24943    0.04000    0.02208    5.65971   -0.99979    0.75813   -2.45182    2.00000
 179.90427   -0.08425   23.13302   22.78203    0.12753    0.07039    8.61091   -1.06165   -3.65524    1.33391    2.00000
 180.00414    0.07513   22.41332   22.13887    0.07525    0.04153   15.10480    2.32011   -0.10910    0.70951    2.00000
 179.97092   -0.05375   21.83442   21.60215    0.06112    0.03373   23.89283    3.73125    1.45786    5.73710    2.00000
 179.99152    0.01400   23.57080   23.15585    0.01637    0.00904    6.13088    5.02978    0.45830    5.95014    2.00000
 179.95856    0.14489   23.31183   22.93666    0.15070    0.08318    7.40814    2.38040    0.63249    0.59772    2.00000
 179.97432   -0.01236   21.19051   20.95226    0.02850    0.01573   40.66595    1.59803    0.04923    1.55705    2.00000
 179.44356   -0.09154   21.25471   21.02421    0.56392    0.31125   38.23980    5.94272    0.36815    6.15386    2.00000
 179.90463   -0.21708   21.59951   21.37716    0.23711    0.13087   28.95584    5.89599   -1.71020    4.19125    2.00000
 180.08327    0.04287   22.48644   22.20570    0.09365    0.05169   14.30905    0.98608   -2.08686   -0.23962    2.00000
 179.96941   -0.03044   23.46665   23.06778    0.04316    0.02382    6.57425    1.36096    2.75148    7.37069    2.00000
 179.98669    0.03974   23.26930   22.90045    0.04190    0.02313    7.68986    2.22957    0.23015    1.63421    2.00000
 180.01329    0.00853   21.62287   21.39961    0.01579    0.00872   28.36522   -0.65481   -0.19280   -0.58394    2.00000
 180.10593   -0.08683   22.90543   22.58191    0.13696    0.07559   10.16750    0.52403   -0.60936    1.10094    2.00000
 180.02925   -0.07526   21.70067   21.47457    0.08074    0.04456   26.39342   -4.85688   -0.55589   -5.70150    2.00000
 180.05661   -0.02579   22.82219   22.50770    0.06221    0.03434   10.74471    4.14805    5.84994    8.98246    2.00000
 180.04369    0.01253   23.13302   22.78203    0.04544    0.02508    8.61091    3.54046   -0.27790    4.59601    2.00000
 180.05519    0.00645   22.87153   22.55169    0.05556    0.03067   10.40257    0.88136    1.53324    2.46207    2.00000
 179.98891   -0.04516   23.61739   23.19476    0.04651    0.02567    5.93496    1.61913   -0.14892    1.30743    2.00000
 180.03740   -0.07245   21.98726   21.74503    0.08154    0.04500   21.33060    1.89098    0.94966    3.85583    2.00000
 179.95360   -0.01747   21.54500   21.32477    0.04958    0.02736   30.33394    0.24855   -2.37109   -2.79770    2.00000
 180.03577   -0.03435   21.06545   20.80109    0.04959    0.02737   46.33110   -3.82707   -0.45691   -4.29992    2.00000
 179.96097    0.21677   23.44233   23.04720    0.22025    0.12156    6.67787    7.57473    2.36022    6.08882    2.00000
 179.99428   -0.02372   23.59811   23.17866    0.02440    0.01347    6.01603    4.80942   -1.20721    4.11834    2.00000
 179.99684    0.02563   21.80721   21.57663    0.02582    0.01425   24.35037    2.04353   -0.03694    2.40030    2.00000
 179.76187    0.46342   23.60775   23.18671    0.52102    0.28757    5.97550   -3.17913   -0.08516   -2.62088    2.00000
 179.91869   -0.07795   21.46851   21.24699    0.11264    0.06217   32.37969   -3.01448    2.97537    0.17462    2.00000
 180.39091    0.22056   22.79724   22.48540    0.44884    0.24773   10.97848    1.58220   -5.02960   -4.53941    2.00000
 180.00769   -0.05265   17.96386   17.90312    0.05321    0.02937  302.33591    1.50017    0.02122    1.53873    2.00000
 180.01581    0.00333   23.51260   23.10666    0.01616    0.00892    6.37852   -2.48896    1.25083    5.49939    2.00000
 179.96388    0.08474   23.39348   23.00584    0.09212    0.05084    6.88611   -4.28755   -0.24724   -4.81292    2.00000
 179.98865   -0.00637   20.15492   19.67259    0.01301    0.00718  105.77429   -0.02131    0.01322   -0.14183    2.00000
 179.99289   -0.07843   21.46329   21.24166    0.07875    0.04346   32.51989    3.18330    1.17535    4.52751    2.00000
 180.08582    0.12771   22.43012   22.15435    0.15387    0.08493   14.92048   -5.77840   -2.42284   -8.93326    2.00000
 180.01126   -0.03670   23.79137   23.33897    0.03839    0.02119    5.20893    1.79834   -2.14952    1.67073    2.00000
 179.99826   -0.02414   22.61931   22.32599    0.02420    0.01336   12.87662    1.35464    0.03895    2.63847    2.00000
 180.05017   -0.00037   22.37252   22.10128    0.05017    0.02769   15.55244    2.60250   -2.77579    1.14606    2.00000
 180.09869    0.02992   22.28470   22.02042    0.10314    0.05692   16.51529    3.40442   -2.53990    2.35065    2.00000
 179.92697   -0.01183   23.06581   22.72329    0.07398    0.04083    9.06781   -1.50138   -1.47656   -1.71651    2.00000
 180.02637    0.02403   23.29278   22.92052    0.03566    0.01968    7.53369   -0.03788    2.49024    0.26344    2.00000
 179.48196   -0.02267   23.81994   23.36256    0.51852    0.28619    5.09017    2.55225   -1.03602   -2.44722    2.00000
 180.14137    0.01151   22.90543   22.58191    0.14185    0.07829   10.16750   -8.90049   -2.13746   -7.29885    2.00000
 179.35451    0.09295   22.11806   21.86754    0.65215    0.35995   19.13371    2.66000   -0.60562    1.80421    2.00000
 180.05182   -0.01150   22.17931   21.92356    0.05308    0.02930   18.12924   -1.99854   -0.23817   -2.61402    2.00000
 179.95946   -0.08747   23.50990   23.10437    0.09640    0.05321    6.39003    5.26904   -1.34686    6.72030    2.00000
 179.94176    0.04437   23.31455   22.93897    0.07322    0.04041    7.39021   -4.00886   -3.07715   -6.65047    2.00000
 180.05940    0.08035   23.75327   23.30752    0.09993    0.05515    5.36726    1.93838    3.39703    5.09617    2.00000
 180.03094   -0.07932   22.79724   22.48540    0.08514    0.04699   10.97848    5.54332    1.76716    6.69443    2.00000
 180.01109   -0.09876   23.49098   23.08836    0.09938    0.05485    6.47062    0.97215   -0.79545   -0.25388    2.00000
 179.90717    0.00329   22.87153   22.55169    0.09289    0.05127   10.40257    0.73214    0.67512    0.96709    2.00000
 180.05345   -0.10118   23.53962   23.12953    0.11443    0.06315    6.26338    2.40798   -0.46677    5.07874    2.00000
 180.03531    0.01936   23.21566   22.85388    0.04027    0.02223    8.05208   -2.18223    0.34728   -0.47054    2.00000
 180.09631   -0.00654   20.68708   20.25309    0.09654    0.05328   70.33956    6.39177   -3.54446    2.43895    2.00000
 180.00787   -0.05836   22.91587   22.59121    0.05889    0.03250   10.09518    4.57283   -1.55322    1.73959    2.00000
 180.05663    0.02374   23.26686   22.89833    0.06140    0.03389    7.70632   -7.08931   -0.47543   -7.54533    2.00000
 179.97850   -0.03057   21.17638   20.93583    0.03738    0.02063   41.28147   -3.29911   -0.19464   -3.48981    2.00000
 179.97980   -0.01639   23.15715   22.80307    0.02603    0.01436    8.44724   -0.05599   -3.62217   -1.22526    2.00000
 180.04733    0.03650   22.00370   21.76034    0.05978    0.03299   21.05607   -1.17751   -1.73779   -3.24512    2.00000
 180.01051    0.00677   22.63757   22.34240    0.01251    0.00690   12.68127    3.68997   -1.61886    2.94399    2.00000
 179.97690   -0.00810   23.13062   22.77993    0.02448    0.01351    8.62723   -1.19085   -4.50863   -6.33244    2.00000
 179.97607    0.10841   23.75327   23.30752    0.11102    0.06127    5.36726   -2.57057    3.71257   -0.57103    2.00000
 180.03912    0.04575   22.67930   22.37990    0.06021    0.03323   12.23476    2.85624   -0.18048    1.90514    2.00000
 180.06685    0.01500   23.32272   22.94589    0.06851    0.03781    7.33640    0.81369    0.31726   -2.45253    2.00000
 179.98309    0.02973   22.81470   22.50101    0.03421    0.01888   10.79675   -1.11283   -0.91636    0.91437    2.00000
 180.02588    0.05141   22.05303   21.80627    0.05756    0.03177   20.23250   -1.69807   -0.75738   -1.95507    2.00000
 180.08733   -0.04678   22.19730   21.94009    0.09907    0.05468   17.83268    1.87732    1.69210    3.97412    2.00000
 180.00630   -0.03514   22.60366   22.31193    0.03570    0.01971   13.04406   -3.00356   -0.00115   -1.39791    2.00000
 180.01199    0.01615   21.26280   21.03283    0.02012    0.01110   38.01310   -3.15763    1.26842   -1.78903    2.00000
 179.97569    0.00214   21.12608   20.87586    0.02439    0.01346   43.52911   -5.53470    1.72318   -3.68074    2.00000
 180.00815   -0.04711   22.73737   22.43187    0.04782    0.02639   11.61584   -2.24587    0.95838    0.14675    2.00000
 179.97163    0.06492   21.72448   21.49754    0.07085    0.03910   25.78938   -1.67915    3.21238    1.69246    2.00000
 179.98058    0.03069   23.13782   22.78623    0.03632    0.02005    8.57827   -3.34795   -2.27274   -5.79515    2.00000
 180.09869   -0.04668   23.81042   23.35469    0.10918    0.06026    5.12976    3.99821   -1.26508   -1.37801    2.00000
 179.98007   -0.23569   22.22301   21.96372    0.23653    0.13055   17.40903    2.67274   -1.71029   -0.84350    2.00000
 180.00198   -0.02167   21.89974   21.66338    0.02176    0.01201   22.79473    1.44890    0.06952    1.93103    2.00000
 180.04106   -0.02581   20.83487   20.44879    0.04850    0.02677   60.25392   -2.34306   -0.44607   -2.96147    2.00000
 180.11659   -0.12818   22.49816   22.21638    0.17328    0.09564   14.18190    0.80057    1.44547    1.72524    2.00000
 179.97865   -0.01972   22.66626   22.36818    0.02907    0.01604   12.37430   -3.78666   -0.93786   -3.26618    2.00000
 180.02551    0.06474   20.46090   19.99835    0.06959    0.03841   83.49521    3.28667    0.28085    3.51856    2.00000
 180.02251   -0.03099   23.30911   22.93436    0.03830    0.02114    7.42608   -1.17726    0.92899    1.27086    2.00000
 179.99648   -0.02842   21.82354   21.59194    0.02864    0.01581   24.07584   -0.46143    0.59661    0.69633    2.00000
 180.00641    0.01626   23.34177   22.96203    0.01748    0.00965    7.21086    3.11636   -4.64207    1.78954    2.00000
 179.96494   -0.13692   22.45363   22.17580    0.14134    0.07801   14.66509   -0.41708   -1.89507   -0.73000    2.00000
 179.97282   -0.06221   22.29755   22.03223    0.06788    0.03746   16.37463   -3.37329    0.06429   -2.22412    2.00000
 179.80688   -0.09835   23.33905   22.95972    0.21672    0.11961    7.22879    0.99156   -2.49538   -1.02613    2.00000
 179.96268   -0.05863   22.91847   22.59353    0.06950    0.03836   10.07709   -2.26621   -1.07964   -3.01666    2.00000
 180.15689    0.00428   22.13122   21.87956    0.15695    0.08663   18.91816   -2.95855    0.72407   -2.71297    2.00000
 180.05074    0.00203   21.78005   21.55112    0.05078    0.02803   24.80791    1.67967    0.52766    1.21931    2.00000
 179.97421    0.05949   21.88069   21.64552    0.06484    0.03578   23.11501   -7.00091   -1.61220   -7.93023    2.00000
 180.02724   -0.24767   22.78726   22.47648    0.24916    0.13752   11.08471   -2.25581   -1.34719   -5.25755    2.00000
 180.04021    0.02814   21.81537   21.58429    0.04907    0.02708   24.21310   -2.23037   -1.33169   -4.31232    2.00000
 180.08997    0.08920   22.22301   21.96372    0.12669    0.06992   17.40903    1.37099    0.41373    1.35892    2.00000
 180.01271   -0.03837   21.93793   21.69910    0.04042    0.02231   22.15417   -3.76507   -1.06152   -5.93217    2.00000
 179.95615    0.04155   22.57497   22.28615    0.06041    0.03334   13.35104   -3.31191   -2.09245   -4.51169    2.00000
 179.98416   -0.09909   22.02014   21.77565    0.10035    0.05538   20.78155    3.21969   -4.34395   -0.45814    2.00000
 179.68303    0.16334   21.87253   21.63787    0.35659    0.19681   23.25227   -3.41006    3.30943    0.07509    2.00000
 180.09941    0.17486   23.75803   23.31145    0.20114    0.11101    5.34747    1.77416   -0.66479   -0.02452    2.00000
 180.05255   -0.01651   23.54773   23.13639    0.05508    0.03040    6.22884    3.08430   -3.94837   -3.59233    2.00000
 180.01517   -0.10352   22.62453   22.33068    0.10462    0.05774   12.82081    2.35005    1.22386    5.37622    2.00000
 179.99268   -0.02045   23.65505   23.22619    0.02173    0.01199    5.77675   -1.65175   -0.19421   -2.51920    2.00000
 180.11534    0.05363   23.12342   22.77364    0.12720    0.07020    8.67618   -0.79950   -2.33722   -2.77506    2.00000
 180.06758    0.05387   22.31491   22.04821    0.08642    0.04770   16.18439    3.26729   -3.16064   -1.44219    2.00000
 179.81477    0.06270   23.81994   23.36256    0.19555    0.10793    5.09017   -3.26515    0.90478   -2.11013    2.00000
 179.96288   -0.00845   22.23072   21.97081    0.03807    0.02101   17.28194   -1.01785    0.17633    0.52534    2.00000
 180.10538    0.01537   21.57615   21.35470    0.10650    0.05878   29.54645    0.12433    2.02746    2.04257    2.00000
 179.91560    0.02254   19.36271   18.84269    0.08736    0.04822  179.04176    6.45284    0.34636    6.89303    2.00000
 180.02026    0.00178   23.74112   23.29748    0.02034    0.01123    5.41783   -1.49849    6.24253    6.35274    2.00000
 180.09576   -0.01705   23.32272   22.94589    0.09727    0.05368    7.33640    4.36515    1.44449    2.29726    2.00000
 179.98720   -0.01678   22.44425   22.16725    0.02110    0.01165   14.76681   -1.64636   -2.28728   -5.93475    2.00000
 179.97266    0.00576   22.97702   22.64555    0.02794    0.01542    9.67250    1.00617    1.37852    2.65658    2.00000
 180.38889   -0.10414   21.92151   21.68379    0.40259    0.22220   22.42869   -1.59443    5.88867    3.81530    2.00000
 180.04317    0.06785   23.63988   23.21355    0.08042    0.04439    5.84038    1.38764   -3.39756   -5.33572    2.00000
 179.87341    0.09659   21.89974   21.66338    0.15922    0.08788   22.79473   -4.18480   -4.08925   -8.31071    2.00000
 180.00742   -0.02715   23.67564   23.24323    0.02814    0.01553    5.69092    2.21799   -0.31139    7.36196    2.00000
 179.93225   -0.06218   22.83762   22.52146    0.09197    0.05076   10.63763    0.10825    1.18612    0.16319    2.00000
 179.92050    0.23324   23.05861   22.71700    0.24642    0.13601    9.11676    4.07633   -3.84110   -2.00238    2.00000
 180.04701   -0.03275   21.05422   20.78629    0.05729    0.03162   46.88570   -1.65229    1.31964   -0.31860    2.00000
 180.04166   -0.06212   23.79375   23.34094    0.07479    0.04128    5.19903   -0.50730    1.52735    5.98559    2.00000
 179.95531   -0.04337   23.42341   23.03119    0.06229    0.03438    6.75847    2.25820    0.64618    9.14197    2.00000
 179.98975    0.04720   23.77232   23.32325    0.04830    0.02666    5.28809    2.60493    0.62947    7.91468    2.00000
 180.09769    0.08075   23.26198   22.89410    0.12674    0.06995    7.73925   -2.47264    0.09575   -3.60161    2.00000
 179.90767    0.02562   23.81280   23.35666    0.09582    0.05289    5.11986   -4.46502   -1.24901   -8.46419    2.00000
 180.01741    0.04174   21.82082   21.58939    0.04523    0.02496   24.12160   -3.29885   -1.18563   -3.88875    2.00000
 179.89223   -0.06561   23.78899   23.33700    0.12617    0.06964    5.21882    2.94618    2.13652    2.92550    2.00000
 180.05418   -0.04435   19.20373   18.67420    0.07002    0.03865  197.67480   -0.12079   -1.45916   -1.52892    2.00000
 179.98454   -0.04548   20.77697   20.36588    0.04803    0.02651   64.52678   -3.19168   -1.53686   -4.31797    2.00000
 180.08546    0.11162   21.01057   20.72875    0.14058    0.07759   49.04222    1.15404   -1.51508   -0.47472    2.00000
 179.99271    0.09244   23.40437   23.01506    0.09273    0.05118    6.83968   -0.00189    1.95366    5.20418    2.00000
 180.00011   -0.02190   23.30911   22.93436    0.02190    0.01209    7.42608   -2.72770    4.31827   -2.33008    2.00000
 179.99696    0.02891   20.90583   20.56678    0.02907    0.01604   55.11226    0.28893   -1.15038   -0.96564    2.00000
 179.97395    0.02603   23.08981   22.74427    0.03682    0.02032    8.90463   -1.07341    3.57603    3.23748    2.00000
 180.22745    0.34969   21.80721   21.57663    0.41715    0.23024   24.35037    4.41600    0.57685    4.68222    2.00000
 180.02780   -0.02319   23.37987   22.99431    0.03620    0.01998    6.95977   -9.77292    4.57349  -12.51104    2.00000
 180.10201   -0.02858   23.36626   22.98278    0.10594    0.05847    7.04944    6.22469    1.18423    7.08921    2.00000
 179.90160   -0.13339   23.76041   23.31342    0.16577    0.09149    5.33757    2.78518    1.75586    7.61606    2.00000
 179.96616   -0.00905   22.04481   21.79861    0.03504    0.01934   20.36976    1.07412    2.00760    3.19270    2.00000
 180.03209    0.02821   23.46395   23.06550    0.04273    0.02358    6.58576    6.14980   -0.72206    6.09408    2.00000
 180.00539   -0.01124   23.69996   23.26338    0.01247    0.00688    5.58948    2.12555    2.56488   -2.98631    2.00000
 180.06087    0.04131   22.82723   22.51221    0.07356    0.04060   10.70962   -2.42081   -0.61271   -3.62133    2.00000
 179.99031   -0.03601   23.08261   22.73797    0.03729    0.02058    8.95358   -1.17552   -3.35103   -0.89877    2.00000
 179.99007   -0.01350   22.03932   21.79351    0.01677    0.00925   20.46127    1.61986    0.63206    0.57612    2.00000
 180.11028   -0.33912   17.95287   17.57171    0.35660    0.19682  358.85925   -2.18818   -0.49560   -2.66433    2.00000
 179.94701    0.07481   22.08297   21.83438    0.09167    0.05060   19.72833   -1.22024    0.35013   -0.98048    2.00000
 179.87971   -0.05071   22.98241   22.65027    0.13053    0.07204    9.63575    1.17338    0.20296    1.41070    2.00000
 180.07387   -0.14729   23.50449   23.09980    0.16478    0.09095    6.41306    6.21321   -4.91338   -2.66430    2.00000
 180.05930    0.00079   21.33560   21.11040    0.05929    0.03273   35.97279   -3.43675    0.53402   -3.31909    2.00000
 180.00655   -0.17080   22.77978   22.46979    0.17093    0.09434   11.16438   -0.61251    0.56785   -0.67097    2.00000
 179.57797    0.07327   23.05861   22.71700    0.42835    0.23642    9.11676   -8.09903   -1.08915   -7.04422    2.00000
 180.01448   -0.03322   23.43962   23.04491    0.03624    0.02000    6.68938   -1.52734   -1.67220   -2.61993    2.00000
 180.06870    0.08578   22.61149   22.31896    0.10990    0.06066   12.96034   -2.04650    0.52086   -0.59167    2.00000
 179.93047    0.04555   23.16690   22.81154    0.08312    0.04588    8.38138   -2.62965    1.12619   -1.52611    2.00000
 180.04272    0.01645   19.23076   18.70271    0.04577    0.02526  194.52283    4.25955    0.63647    4.84613    2.00000
 180.04895    0.18132   23.76041   23.31342    0.18781    0.10366    5.33757   -1.67757   -1.66815    2.81462    2.00000
 179.99464   -0.04347   22.00644   21.76289    0.04379    0.02417   21.01032    0.42713    1.08881    3.15704    2.00000
 180.16757   -0.07499   23.05621   22.71490    0.18359    0.10133    9.13308    0.87605    0.27540    2.09435    2.00000
 180.03334    0.02927   22.61931   22.32599    0.04437    0.02449   12.87662   -1.39503   -0.88830   -3.66787    2.00000
 180.00208   -0.02996   22.40852   22.13445    0.03003    0.01658   15.15746    2.52729    0.02348    3.96590    2.00000
 179.98010   -0.02565   22.61410   22.32131    0.03246    0.01791   12.93243   -2.53569    0.83322   -4.33840    2.00000
 180.03275    0.18815   22.29241   22.02751    0.19098    0.10541   16.43089    2.28240    0.13111    2.88137    2.00000
 179.95724   -0.12594   23.07061   22.72749    0.13299    0.07340    9.03517    3.05704    1.98380    4.79903    2.00000
 179.99991   -0.00611   23.16690   22.81154    0.00611    0.00337    8.38138   -3.08366   -2.83623   -8.69546    2.00000
 179.95210    0.21497   23.06101   22.71909    0.22024    0.12156    9.10044   -1.66230   -2.60637   -2.15248    2.00000
 180.01012    0.00818   23.40437   23.01506    0.01300    0.00718    6.83968   -9.87309    4.27495   -5.58018    2.00000
 180.02524    0.03473   22.73238   22.42741    0.04293    0.02370   11.66895   -1.13822   -3.51336   -5.79316    2.00000
 180.08449   -0.01440   23.47476   23.07464    0.08571    0.04731    6.53971   -1.44094   -1.62245   -0.74571    2.00000
 179.96486   -0.01148   22.21015   21.95191    0.03697    0.02041   17.62086    2.38363    1.60164    2.74467    2.00000
 180.00404    0.06443   22.96020   22.63073    0.06456    0.03563    9.78778   -2.92254    1.07324   -3.49090    2.00000
 179.93028   -0.03671   22.05029   21.80372    0.07879    0.04348   20.27825   -0.85096    0.43785   -0.37425    2.00000
 180.03909    0.01827   23.78184   23.33111    0.04316    0.02382    5.24851   -2.74329   -0.88669  -10.21605    2.00000
 180.01224   -0.02142   22.22044   21.96136    0.02467    0.01362   17.45140   -2.11012    2.84403   -0.46897    2.00000
 179.97780   -0.02201   23.49368   23.09065    0.03126    0.01726    6.45911   -2.62473    0.63273   -1.12803    2.00000
 180.13271    0.08483   22.70992   22.40734    0.15750    0.08693   11.90796   -0.92885    0.85902    0.89654    2.00000
 180.14032    0.00933   23.77946   23.32914    0.14063    0.07762    5.25841   -4.60279    2.85104  -10.86646    2.00000
 179.98642    0.09017   22.90543   22.58191    0.09119    0.05033   10.16750    1.42214    3.11048    6.77353    2.00000
 179.98122   -0.01064   23.78899   23.33700    0.02159    0.01191    5.21882   -2.28152    3.33286   -1.38102    2.00000
 180.02493    0.00391   23.72054   23.28043    0.02524    0.01393    5.50366    0.90393   -0.02691    0.81374    2.00000
 180.03647   -0.22590   22.89761   22.57493    0.22883    0.12630   10.22175   -0.82752    0.98235   -2.54689    2.00000
 179.96204    0.11926   22.30526   22.03932    0.12516    0.06908   16.29024    7.06804    2.87250    8.57262    2.00000
 179.92908    0.13262   21.18923   20.95076    0.15040    0.08301   40.72191   -0.66526    2.17110    1.71960    2.00000
 179.97469   -0.02541   21.85347   21.62001    0.03587    0.01980   23.57255   -3.97715    2.75362   -0.58361    2.00000
 179.89838   -0.00258   21.43199   21.20969    0.10167    0.05611   33.36107    3.01381   -2.08437    1.00003    2.00000
 179.89738   -0.19019   22.54737   22.26123    0.21611    0.11927   13.64784   -1.52377   -5.27773   -5.71075    2.00000
 179.90411   -0.12170   23.72054   23.28043    0.15494    0.08551    5.50366    2.92214    0.56107   -0.69270    2.00000
 179.98007    0.01801   21.49157   21.27056    0.02686    0.01483   31.75970   -0.04614    1.63941    2.06160    2.00000
 180.01968    0.07940   23.54773   23.13639    0.08181    0.04515    6.22884   -3.09866    2.30408    3.68950    2.00000
 179.93433   -0.03221   23.19372   22.83482    0.07314    0.04037    8.20027   -0.71100    7.47464    8.38965    2.00000
 180.22401    0.10206   22.51690   22.23346    0.24617    0.13587   13.97845    3.48681    0.28108    2.92236    2.00000
 180.09837    0.26804   23.33361   22.95511    0.28552    0.15759    7.26466   -3.20293   -1.37721   -3.70817    2.00000
 179.97610    0.00891   21.47111   21.24966    0.02549    0.01407   32.30959    6.84641    2.23428    9.32291    2.00000
 179.99423    0.04007   23.58687   23.16926    0.04048    0.02234    6.06332   -0.39777    2.51564    1.51201    2.00000
 179.94809    0.14635   21.58977   21.36780    0.15528    0.08570   29.20193    3.32124   -3.00817    0.27738    2.00000
 179.97237    0.00626   23.64470   23.21757    0.02833    0.01564    5.82011    3.65475   -1.05465   -1.67977    2.00000
 180.09286   -0.12520   22.88978   22.56796    0.15588    0.08603   10.27600    0.06523   -3.12159   -2.86275    2.00000
 179.98827    0.11909   22.57497   22.28615    0.11966    0.06605   13.35104    0.32109    0.05230    2.30331    2.00000
 179.99925    0.00785   23.55314   23.14096    0.00789    0.00435    6.20581   -2.11459    1.17016   -5.34798    2.00000
 179.99553   -0.09810   17.89762   17.92338    0.09821    0.05420  298.88004    7.60677   -2.44057    5.14096    2.00000
 180.01669    0.01562   23.59972   23.18000    0.02285    0.01261    6.00928    1.28181   -3.26889   -1.60368    2.00000
 180.07588    0.08858   23.84138   23.38025    0.11663    0.06437    5.00111   -0.76429   -2.63432   -8.95888    2.00000
 179.98598    0.07689   22.82219   22.50770    0.07815    0.04313   10.74471    0.80525    0.39671   -3.56239    2.00000
 179.94917    0.06823   23.65880   23.22929    0.08508    0.04696    5.76114    2.83413   -0.21286   -1.57079    2.00000
 180.00269   -0.24866   21.91607   21.67869    0.24868    0.13725   22.52020    2.22342    3.26981    3.78549    2.00000
 180.14633    0.11214   21.25673   21.02637    0.18436    0.10175   38.18313   -4.98835    3.59032   -1.18031    2.00000
 180.04724   -0.00071   20.74106   20.31910    0.04724    0.02608   66.93741   -6.50109   -0.27150   -6.61951    2.00000
 180.04755    0.04329   22.57237   22.28381    0.06429    0.03548   13.37894   -3.63410    0.88592   -3.97997    2.00000
