#RA        DEC       MAG_G     MAG_I     ANGSEP    RPROJ     SNR       VTRUE       VSYS       VMEAS      VSYSERR    
 180.00288   -0.08306   22.07599   21.82775    0.08311    0.04587   19.84729    0.71755    0.02379    0.44955    2.00000
 179.81873    0.06696   23.12582   22.77574    0.19325    0.10666    8.65986   -4.35132   -0.01762   -4.64667    2.00000
 180.01079    0.02308   22.97487   22.64366    0.02548    0.01406    9.68720   -0.28088    3.07732    2.08920    2.00000
 180.01526   -0.03101   22.50753   22.22492    0.03456    0.01908   14.08017    2.46286    2.68013    8.74149    2.00000
 179.99805   -0.03439   22.92108   22.59586    0.03445    0.01901   10.05901    1.96111   -2.30761    2.20593    2.00000
 180.01360   -0.01726   22.90804   22.58423    0.02197    0.01212   10.14942    0.97149    0.93569    0.88314    2.00000
 180.27966   -0.02829   23.35266   22.97125    0.28110    0.15514    7.13912    1.68096   -2.36049   -1.58728    2.00000
 180.08601    0.05272   22.08762   21.83880    0.10088    0.05568   19.64902   -0.21501   -1.43563   -2.20495    2.00000
 179.99103    0.03290   23.03460   22.69602    0.03410    0.01882    9.27994   -0.73649    1.04374    0.54059    2.00000
 179.90991   -0.25912   23.47746   23.07693    0.27434    0.15141    6.52819    4.39526   -5.52385   -1.92717    2.00000
 179.99033   -0.02350   22.67148   22.37286    0.02542    0.01403   12.31848    0.06302   -5.00156   -3.06693    2.00000
 179.89677    0.18601   23.17421   22.81789    0.21273    0.11741    8.33198    0.17786   -0.65487   -1.94079    2.00000
 180.06795   -0.06118   23.47206   23.07236    0.09143    0.05046    6.55122   -1.70591    2.20231    4.11593    2.00000
 180.03117   -0.03889   23.43962   23.04491    0.04984    0.02751    6.68938   -0.16984    1.36795   -3.81934    2.00000
 179.94501   -0.29336   22.84805   22.53076    0.29847    0.16473   10.56531   -1.50348    0.74082   -3.35835    2.00000
 179.90640   -0.14727   23.01581   22.67957    0.17449    0.09631    9.40788    3.63782   -1.75748    0.66004    2.00000
 180.04262   -0.07187   22.37252   22.10128    0.08356    0.04612   15.55244   -2.78834    1.01885   -2.29024    2.00000
 180.05132    0.08221   23.68686   23.25253    0.09691    0.05349    5.64410   -0.99981   -0.68123   -2.87828    2.00000
 180.03442   -0.04597   21.32549   21.09962    0.05743    0.03170   36.25617    2.92338    1.04583    4.05741    2.00000
 180.01192    0.03430   23.08261   22.73797    0.03631    0.02004    8.95358   -0.38543    0.69493   -3.70245    2.00000
 179.85518   -0.06317   22.41572   22.14108    0.15799    0.08720   15.07847   -0.41832    1.56397    2.89439    2.00000
 180.41582    0.30059   23.24248   22.87716    0.51308    0.28319    7.87097    1.71615   -2.58204   -1.09321    2.00000
 180.05516    0.00716   22.06125   21.81392    0.05563    0.03070   20.09524    0.94110   -1.08325    0.35398    2.00000
 180.14705    0.03775   20.97409   20.67511    0.15182    0.08379   51.05248   -0.69247   -2.31390   -3.01390    2.00000
 179.94473    0.03581   21.92151   21.68379    0.06585    0.03634   22.42869   -1.66850   -0.58019   -2.44331    2.00000
 180.05844   -0.04085   23.64470   23.21757    0.07130    0.03935    5.82011    0.70086   -0.48429    0.27648    2.00000
 179.99248    0.02667   21.99548   21.75269    0.02771    0.01530   21.19333   -1.58916    1.79639    0.96219    2.00000
 180.12254    0.21726   18.01542   17.70400    0.24944    0.13767  336.29660    0.65509   -0.71190   -0.05539    2.00000
 180.03471   -0.00366   20.89583   20.55029    0.03492    0.01927   55.73042    2.05599   -1.09947    1.19702    2.00000
 179.99475   -0.18936   21.96807   21.72717    0.18943    0.10455   21.65088    9.70962   -2.51207    6.82297    2.00000
 179.93370    0.00672   23.08501   22.74007    0.06664    0.03678    8.93726   -4.98633   -0.71346   -4.63240    2.00000
 179.97034    0.17917   23.05141   22.71070    0.18161    0.10023    9.16571   -1.94787    0.37094    1.30326    2.00000
 180.02045   -0.08239   23.83900   23.37828    0.08489    0.04685    5.01101    2.62475    1.51043    5.07045    2.00000
 179.93666   -0.00968   23.82471   23.36649    0.06407    0.03536    5.07038    1.86473    0.22506   -0.67136    2.00000
 179.93948   -0.05201   22.99211   22.65878    0.07979    0.04404    9.56959   -5.57225   -2.73796   -8.82864    2.00000
 179.91161    0.08047   22.45597   22.17793    0.11954    0.06598   14.63966   -4.10365   -1.70587   -5.68377    2.00000
 180.01743    0.04349   22.43254   22.15657    0.04685    0.02586   14.89402   -3.06224   -1.74151   -3.53185    2.00000
 179.94164    0.00566   22.19216   21.93537    0.05865    0.03237   17.91741    0.14072    2.51941    3.95069    2.00000
 180.00291   -0.01676   22.91847   22.59353    0.01701    0.00939   10.07709   -0.23199    0.63842    0.06174    2.00000
 179.96898    0.16773   22.74984   22.44302    0.17057    0.09414   11.48305   -0.31042    0.02019   -0.94880    2.00000
 179.92332   -0.09948   21.79360   21.56387    0.12560    0.06932   24.57914   -1.06542    1.08846    0.64777    2.00000
 180.02139   -0.07641   22.29755   22.03223    0.07935    0.04379   16.37463   -4.66036    2.23278   -1.94392    2.00000
 180.03436   -0.02346   21.17895   20.93882    0.04160    0.02296   41.16956    0.11273   -4.55977   -4.61605    2.00000
 180.07214    0.00876   21.25471   21.02421    0.07267    0.04011   38.23980   -4.78342   -1.93654   -6.72793    2.00000
 179.92406   -0.01948   21.66627   21.44140    0.07841    0.04327   27.26592    0.71947   -1.45473   -1.38719    2.00000
 180.02550   -0.10629   21.58588   21.36406    0.10930    0.06033   29.30036    0.35053   -0.28941    0.30393    2.00000
 180.05457    0.03537   23.58526   23.16792    0.06503    0.03589    6.07008   -3.38452    1.47270    0.13432    2.00000
 180.19434    0.02828   23.11381   22.76525    0.19637    0.10838    8.74145   -2.80589    1.61287   -1.42165    2.00000
 179.96954   -0.00254   22.13231   21.88056    0.03057    0.01687   18.90020   -1.23263    3.26111    1.41953    2.00000
 179.99174   -0.16436   20.89266   20.54485    0.16456    0.09083   55.93441   -1.34140   -1.31839   -2.57993    2.00000
 179.91602   -0.03233   23.71493   23.27578    0.08999    0.04967    5.52706   -0.10300   -1.13170    5.63095    2.00000
 180.01407   -0.08235   22.10001   21.85060    0.08354    0.04611   19.43754   -3.85251   -1.13685   -5.33077    2.00000
 179.74905   -0.18637   18.01765   17.81542    0.31258    0.17252  317.29318   -6.09071   -3.90852  -10.00756    2.00000
 180.01762   -0.01186   23.68125   23.24788    0.02124    0.01173    5.66751    0.97086    1.00352    1.22437    2.00000
 179.97690   -0.04174   22.96281   22.63305    0.04770    0.02633    9.76970    1.90897    0.58537    3.18481    2.00000
 180.21388    0.16357   22.81969   22.50547    0.26926    0.14861   10.76205   -1.92929   -0.88800   -3.32636    2.00000
 180.49547   -0.06375   22.78227   22.47202    0.49955    0.27572   11.13782    0.83779   -3.13936   -1.70974    2.00000
 180.05565    0.03902   22.52159   22.23773    0.06797    0.03751   13.92758   -2.61867    0.52214   -2.32842    2.00000
 179.97098    0.01085   21.71919   21.49243    0.03098    0.01710   25.92361   -3.59102   -0.32004   -3.15864    2.00000
 180.08363   -0.13494   21.66362   21.43885    0.15875    0.08762   27.33304   -5.07657    1.49606   -3.44265    2.00000
 180.01329    0.02900   18.02216   18.01910    0.03190    0.01761  283.18204    1.59266   -0.05792    1.60230    2.00000
 180.05020   -0.00618   21.22333   20.99035    0.05058    0.02792   39.23820    1.86667    2.56120    4.58471    2.00000
 179.82085    0.15835   22.31011   22.04378    0.23911    0.13197   16.23705   -2.52652   -2.64354   -3.93226    2.00000
 179.96146    0.06320   22.16520   21.91061    0.07403    0.04086   18.36132    0.50354    2.39859    2.38508    2.00000
 180.03645   -0.04148   22.99318   22.65972    0.05522    0.03048    9.56224    0.94071   -0.39022   -1.16701    2.00000
 179.98669    0.00642   23.35810   22.97586    0.01478    0.00816    7.10325   -0.29483   -0.45405    3.23798    2.00000
 179.95833    0.03481   21.84531   21.61235    0.05430    0.02997   23.70981    0.04697    2.98091    2.84329    2.00000
 179.96068    0.22331   23.10421   22.75686    0.22675    0.12515    8.80672   -3.70202    0.89775   -3.22893    2.00000
 180.08748    0.03533   22.46066   22.18220    0.09435    0.05207   14.58880    3.71102   -0.85208    3.26967    2.00000
 179.94814    0.02147   23.13782   22.78623    0.05614    0.03098    8.57827    2.25746    0.75004    6.32378    2.00000
 180.04115   -0.03049   22.24357   21.98262    0.05121    0.02827   17.07011    3.84138   -0.70283    5.63630    2.00000
 179.98216   -0.04988   23.23517   22.87081    0.05298    0.02924    7.92036    2.40672   -1.10051    4.10615    2.00000
 179.99832   -0.01311   22.48878   22.20783    0.01322    0.00729   14.28362    2.86538    2.02509    5.13295    2.00000
 179.99867   -0.05096   22.82468   22.50993    0.05097    0.02813   10.72736    4.41982   -0.55926    5.17785    2.00000
 180.03052   -0.02241   21.95437   21.71441    0.03786    0.02090   21.87965   -4.21297    0.99542   -3.72556    2.00000
 180.00319    0.01129   22.44425   22.16725    0.01173    0.00648   14.76681   -3.76669   -2.14189   -5.47137    2.00000
 179.92401   -0.14985   22.85848   22.54006    0.16801    0.09273   10.49298    3.11744    0.03888    5.00281    2.00000
 179.99905   -0.02968   21.88069   21.64552    0.02969    0.01639   23.11501   -3.21291    4.02152    0.07814    2.00000
 179.99350    0.03402   21.28707   21.05869    0.03464    0.01912   37.33300    1.03860   -2.58426   -1.97621    2.00000
 179.94189    0.06734   22.72240   22.41849    0.08895    0.04909   11.77518    1.55635    0.58458    2.30245    2.00000
 180.00549   -0.06707   22.66626   22.36818    0.06730    0.03714   12.37430   -0.44516    3.72159    2.36452    2.00000
 180.15482    0.04234   22.82979   22.51449    0.16050    0.08859   10.69188   -6.16462   -0.95796   -6.96116    2.00000
 180.29607   -0.41514   22.62453   22.33068    0.50990    0.28143   12.82081   -2.02241    0.23962   -3.22389    2.00000
 180.16542   -0.09784   23.49368   23.09065    0.19219    0.10607    6.45911    1.05052   -0.56985   -2.75225    2.00000
 179.96579   -0.00933   22.40372   22.13003    0.03546    0.01957   15.21013   -5.74802    2.29100   -3.24100    2.00000
 180.04671   -0.05961   20.86646   20.49994    0.07573    0.04180   57.61821   -0.93963   -1.85006   -3.06145    2.00000
 179.93417    0.10816   22.51690   22.23346    0.12662    0.06988   13.97845    0.35202   -1.32251   -1.01232    2.00000
 180.02322   -0.01478   21.34571   21.12117    0.02752    0.01519   35.68941    0.70707    0.94342    1.04216    2.00000
 179.98206    0.02469   23.84138   23.38025    0.03052    0.01684    5.00111   -5.07302    0.35998  -11.76953    2.00000
 180.14861   -0.25251   22.23843   21.97789    0.29299    0.16171   17.15484    1.30336   -2.56585    0.50232    2.00000
 179.99010    0.03823   21.91063   21.67359    0.03950    0.02180   22.61171   -0.10561   -0.57000   -0.99615    2.00000
 179.97421   -0.03176   23.72428   23.28353    0.04092    0.02258    5.48805   -1.40577    2.97241   -5.70142    2.00000
 180.10953    0.07670   21.26684   21.03714    0.13371    0.07379   37.89975   -7.85856    0.91986   -7.24159    2.00000
 180.03934    0.04626   18.08224   17.97133    0.06073    0.03352  290.70273    0.43255    0.20606    0.60876    2.00000
 180.00963   -0.00772   21.70861   21.48223    0.01234    0.00681   26.19207    1.61555    0.96649    1.50600    2.00000
 179.98100    0.01149   23.34177   22.96203    0.02220    0.01225    7.21086    0.14774   -0.78287   -1.71926    2.00000
 180.07825    0.00661   20.24361   19.76619    0.07853    0.04334   99.37273   -1.96131    1.03682   -1.09432    2.00000
 179.90375    0.00523   23.39892   23.01045    0.09639    0.05320    6.86289   -3.82601    0.97503   -4.46678    2.00000
 180.74695   -0.53319   21.39026   21.16705    0.91772    0.50655   34.48264   -0.37253    0.53494   -0.63797    2.00000
 180.03989    0.04775   22.07832   21.82996    0.06221    0.03434   19.80763   -0.72727    2.67897    2.16739    2.00000
 180.00832   -0.03245   22.14547   21.89258    0.03350    0.01849   18.68465   -0.94381   -0.22565   -1.52112    2.00000
 180.00282   -0.04210   21.71125   21.48478    0.04220    0.02329   26.12496    4.06883   -3.14071    0.65175    2.00000
 180.02242    0.01191   22.32451   22.05705    0.02538    0.01401   16.07906    0.33016   -0.65943   -0.61841    2.00000
 179.96349   -0.00179   17.98882   17.36942    0.03655    0.02017  398.71573   -0.80841   -1.59845   -2.42220    2.00000
 179.99529   -0.06619   23.83900   23.37828    0.06636    0.03662    5.01101    0.49646   -0.94647    2.25182    2.00000
 180.57060    0.45191   21.15710   20.91344    0.72788    0.40175   42.12082   -0.91986   -3.18928   -4.18118    2.00000
 179.94550    0.01728   22.44660   22.16939    0.05718    0.03156   14.74138   -0.68995    2.14422   -1.01394    2.00000
 180.01479    0.06179   18.90072   18.35199    0.06353    0.03506  237.32816    0.25538   -0.65383   -0.41445    2.00000
 179.96346    0.04810   22.37492   22.10349    0.06041    0.03334   15.52610   -0.68510    0.52111   -1.91350    2.00000
 179.91130    0.00094   22.21787   21.95899    0.08871    0.04896   17.49376   -1.24751   -0.72579    0.11741    2.00000
 179.97325   -0.00599   23.03701   22.69811    0.02741    0.01513    9.26362   -2.76657   -1.38501   -8.43850    2.00000
 180.06380   -0.02387   22.13999   21.88758    0.06811    0.03759   18.77446    2.53454    3.85942    5.48817    2.00000
 179.97066   -0.02574   22.17931   21.92356    0.03904    0.02155   18.12924   -1.51693    0.68971   -1.50086    2.00000
 179.97948   -0.91481   22.94716   22.61910    0.91504    0.50508    9.87819    1.17709   -1.92683   -1.82562    2.00000
 179.94746   -0.00109   23.34177   22.96203    0.05255    0.02900    7.21086   -2.46631    0.48874   -0.33397    2.00000
 180.07594    0.02069   22.87413   22.55401    0.07871    0.04344   10.38449   -3.01783    2.92818    0.62009    2.00000
 180.04178    0.01799   22.91326   22.58888    0.04549    0.02511   10.11326   -4.81770   -3.69820  -11.83073    2.00000
 179.97546    0.04376   23.52071   23.11352    0.05016    0.02769    6.34397    1.31726   -0.87269    1.51788    2.00000
 180.05135    0.06446   22.00096   21.75779    0.08240    0.04548   21.10183    2.93158   -1.17938    1.43230    2.00000
 179.96321    0.01002   22.28213   22.01806    0.03813    0.02104   16.54342   -4.48145   -1.75167   -6.15815    2.00000
 180.00438    0.09567   22.21529   21.95663    0.09577    0.05286   17.53613   -5.43086    0.63316   -4.74458    2.00000
 179.95477   -0.02582   21.76946   21.54091    0.05208    0.02874   24.99092   -0.47552    1.48331    1.85778    2.00000
 180.04984    0.10371   21.18409   20.94479    0.11506    0.06350   40.94573   -4.57574    4.25078   -0.72499    2.00000
 179.98557   -0.05955   23.61096   23.18939    0.06127    0.03382    5.96198   -5.80207    1.01794   -6.33064    2.00000
 179.99294    0.02306   23.77470   23.32521    0.02412    0.01331    5.27820   -0.70956    3.91268    4.10810    2.00000
 180.00224   -0.01335   21.86708   21.63276    0.01353    0.00747   23.34378    6.81987   -1.53171    5.51999    2.00000
 180.01540   -0.02647   22.48175   22.20143    0.03062    0.01690   14.35991   -3.84447    0.76256   -2.37634    2.00000
 180.08463    0.03978   23.35810   22.97586    0.09350    0.05160    7.10325   -0.03765   -3.07571   -2.27147    2.00000
 180.02151    0.20847   23.63667   23.21086    0.20958    0.11567    5.85389   -2.32802    1.88593    0.95521    2.00000
 180.12408    0.09336   22.29498   22.02987    0.15528    0.08570   16.40276   -2.45614    0.86673    0.79535    2.00000
 179.99033   -0.00239   21.07681   20.81598    0.00996    0.00550   45.77304    0.15770    0.60082    1.11749    2.00000
 179.92197    0.03222   23.15715   22.80307    0.08443    0.04660    8.44724    3.22387   -1.53439    0.75689    2.00000
 180.08211    0.04028   21.78005   21.55112    0.09145    0.05047   24.80791   -3.39496   -0.68593   -3.42325    2.00000
 179.98920    0.10131   23.08261   22.73797    0.10188    0.05623    8.95358   -2.55574   -2.61534   -8.01376    2.00000
 180.01279   -0.03502   22.38452   22.11234    0.03728    0.02057   15.42078    3.04490    0.11785    1.78758    2.00000
 180.05162    0.03126   23.34177   22.96203    0.06035    0.03331    7.21086   -4.28479    1.42403   -0.14172    2.00000
 179.92738   -0.05825   23.56919   23.15450    0.09308    0.05137    6.13764   -1.29769    0.15339   -0.07249    2.00000
 179.97302   -0.01133   22.42532   22.14993    0.02926    0.01615   14.97314    3.24933   -1.68950   -0.00525    2.00000
 180.00487   -0.00476   22.13451   21.88257    0.00681    0.00376   18.86427   -1.86187    1.15135    0.82449    2.00000
 180.03862    0.09358   22.55682   22.26984    0.10124    0.05587   13.54530    3.24421   -0.30133    2.38693    2.00000
 179.94537   -0.05742   22.32451   22.05705    0.07926    0.04374   16.07906   -2.54057    0.87467   -3.77430    2.00000
 179.98273   -0.02215   23.18640   22.82847    0.02809    0.01551    8.24966   -7.91940   -1.07881   -7.64669    2.00000
 179.98946    0.12507   22.58802   22.29787    0.12551    0.06927   13.21150    2.18847   -1.23479   -1.23562    2.00000
 179.84470   -0.06846   22.05577   21.80882    0.16973    0.09368   20.18674   -5.43875   -2.42058   -5.38773    2.00000
 179.99615    0.03636   23.80804   23.35273    0.03657    0.02018    5.13965   -0.61521   -2.15419   -5.02380    2.00000
 180.16702    0.17634   22.40132   22.12781    0.24288    0.13405   15.23646   -6.88876   -0.44642   -6.85479    2.00000
 180.03706   -0.03403   22.62453   22.33068    0.05033    0.02778   12.82081   -0.36152    1.56973    0.12043    2.00000
 180.04182   -0.00610   22.55206   22.26550    0.04227    0.02333   13.59698    2.69961   -1.45689    0.01114    2.00000
 179.85193   -0.04930   23.01258   22.67673    0.15607    0.08614    9.42994    0.73820    2.20447    3.53054    2.00000
 179.97704    0.05767   22.49581   22.21424    0.06207    0.03426   14.20733    3.32003   -1.90876    0.39757    2.00000
 179.99678    0.07320   23.45044   23.05406    0.07327    0.04044    6.64333   -4.69466   -2.08755   -1.18088    2.00000
 180.06915   -0.00008   22.66365   22.36583    0.06915    0.03816   12.40220    3.76752    2.41410    5.05583    2.00000
 179.95111   -0.02537   21.69008   21.46437    0.05508    0.03040   26.66188   -0.58207    0.06192   -0.89109    2.00000
 179.94055    0.08629   22.79475   22.48317    0.10479    0.05783   11.00504    0.06550   -0.91353   -1.26669    2.00000
 179.93520   -0.02654   20.91014   20.57381    0.07002    0.03865   54.84877   -2.91081   -0.78165   -4.03760    2.00000
 179.98605   -0.03238   23.28462   22.91361    0.03526    0.01946    7.58749   -3.07279    0.76459   -1.76652    2.00000
 180.00667    0.02880   23.59811   23.17866    0.02956    0.01632    6.01603    4.22570    1.15387    6.22754    2.00000
 179.98688   -0.01520   18.17506   17.94775    0.02008    0.01108  294.72400    4.76901    1.19486    5.97871    2.00000
 179.97533    0.00962   22.59062   22.30021    0.02648    0.01462   13.18359    0.13336    2.25592    1.70996    2.00000
 180.02168   -0.01452   21.76946   21.54091    0.02610    0.01441   24.99092    0.00913   -1.32325   -2.62812    2.00000
 180.01807    0.00414   22.16739   21.91262    0.01853    0.01023   18.32539   -1.26733   -1.74709   -4.37218    2.00000
 179.70013   -0.09400   21.74036   21.51284    0.31426    0.17345   25.49422    0.97571    0.06225    0.22475    2.00000
 180.12253   -0.25019   23.00396   22.66917    0.27858    0.15376    9.48874    7.72556   -1.59904    2.54163    2.00000
 180.02216   -0.01120   22.20244   21.94482    0.02482    0.01370   17.74795    1.24850    1.05348    2.81084    2.00000
 179.99092    0.00071   21.03676   20.76327    0.00911    0.00503   47.74842   -2.58983    1.92227   -0.26110    2.00000
 180.02515    0.05104   22.78726   22.47648    0.05690    0.03140   11.08471   -8.19626   -4.67365  -12.09836    2.00000
 179.97855   -0.01789   21.57615   21.35470    0.02793    0.01541   29.54645    2.16564   -2.21340   -0.37089    2.00000
 179.93111   -0.04046   21.18923   20.95076    0.07989    0.04409   40.72191   -2.28054   -4.48502   -7.19454    2.00000
 180.08167    0.17643   23.50990   23.10437    0.19442    0.10730    6.39003    1.00091   -2.04215    5.11484    2.00000
 180.01918    0.00505   23.52071   23.11352    0.01984    0.01095    6.34397   -1.19659    1.72017    3.35681    2.00000
 180.02095   -0.05871   22.93673   22.60980    0.06234    0.03441    9.95052   -2.08499    3.96310    1.75015    2.00000
 180.02769    0.05203   23.81994   23.36256    0.05894    0.03253    5.09017   -1.03957    0.54869   -2.06456    2.00000
 180.04939    0.01819   22.10079   21.85134    0.05263    0.02905   19.42432    3.30334    3.84796    7.58575    2.00000
 180.04543    0.10305   22.07832   21.82996    0.11263    0.06216   19.80763   -5.30627    0.37439   -5.63942    2.00000
 179.95354    0.04586   22.61410   22.32131    0.06528    0.03603   12.93243   -0.06030    1.02210    2.78967    2.00000
 179.94279    0.06708   22.91326   22.58888    0.08816    0.04866   10.11326    0.82021    0.77220    4.97285    2.00000
 180.02058   -0.00604   21.26684   21.03714    0.02145    0.01184   37.89975   -1.19592    2.86546    1.23999    2.00000
 179.73904   -0.04329   22.67148   22.37286    0.26452    0.14599   12.31848   -9.21375   -0.74809  -11.05774    2.00000
 180.04521   -0.02203   22.14547   21.89258    0.05029    0.02776   18.68465   -1.79156    1.81949    0.25929    2.00000
 179.85809    0.03541   23.21810   22.85599    0.14626    0.08072    8.03562    2.31396    0.78723    7.35365    2.00000
 180.20662    0.06903   23.46125   23.06321    0.21784    0.12023    6.59727   -1.11295   -3.38322    2.30684    2.00000
 179.89674   -0.01017   22.59323   22.30256    0.10376    0.05727   13.15569   -0.93365   -0.49593    0.19499    2.00000
 179.91837    0.19818   21.35635   21.13240    0.21433    0.11829   35.39392    9.10013   -0.37105    8.44409    2.00000
 180.04593   -0.13176   23.18153   22.82424    0.13954    0.07701    8.28259    1.70161    0.88726   -0.81371    2.00000
 179.98817   -0.00747   22.27184   22.00861    0.01399    0.00772   16.65595   -2.85322   -1.29054   -4.73026    2.00000
 180.02373    0.03685   21.69008   21.46437    0.04383    0.02419   26.66188    1.51078    0.25146    1.60150    2.00000
 179.95773    0.05140   23.60775   23.18671    0.06655    0.03673    5.97550   -0.74839    0.49304   -5.42241    2.00000
 180.01740   -0.00980   23.36899   22.98509    0.01996    0.01102    7.03151   -5.23237    2.28748   -2.17739    2.00000
 179.95207   -0.04784   23.79375   23.34094    0.06771    0.03737    5.19903    1.78516   -0.16753    4.48738    2.00000
 180.01755   -0.03320   23.69435   23.25873    0.03755    0.02073    5.61289    5.91440   -1.68165    1.74975    2.00000
 179.93314    0.06030   23.16202   22.80731    0.09004    0.04969    8.41431    6.99289   -0.79999    8.92168    2.00000
 179.98747   -0.05900   22.00096   21.75779    0.06032    0.03329   21.10183    1.36195    1.32308    1.74152    2.00000
 179.99141    0.01152   23.72803   23.28663    0.01437    0.00793    5.47245   -0.73956   -3.49765   -2.14053    2.00000
 179.95448   -0.01170   22.60627   22.31427    0.04700    0.02594   13.01615    5.38575    0.19419    4.58364    2.00000
 180.02798    0.01725   22.47003   22.19075    0.03287    0.01814   14.48707    1.07433   -1.55001   -0.77708    2.00000
 180.04660    0.05135   22.80971   22.49655    0.06934    0.03827   10.84570    0.48415   -4.55012   -5.27289    2.00000
 180.05598   -0.01483   23.40165   23.01276    0.05791    0.03196    6.85129    4.41068   -0.37830    3.34322    2.00000
 179.91695    0.03062   22.93934   22.61213    0.08852    0.04885    9.93244   -3.23232    1.78437   -1.43290    2.00000
 179.92049    0.06712   19.34556   18.82448    0.10405    0.05743  181.05585   -0.50926    0.70888    0.17335    2.00000
 179.95769   -0.07607   23.24736   22.88139    0.08704    0.04804    7.83804   -5.61755    1.99704   -2.41874    2.00000
 179.87949   -0.00606   21.74300   21.51540    0.12067    0.06660   25.44846    2.36789    0.42305    3.57447    2.00000
 180.05577   -0.00869   22.23072   21.97081    0.05644    0.03115   17.28194    2.40771    0.11262    3.27605    2.00000
 180.05553   -0.15224   22.96281   22.63305    0.16205    0.08944    9.76970   -3.51868    0.63320    3.74108    2.00000
 179.93561    0.03625   22.86109   22.54239    0.07389    0.04078   10.47490    1.49989    2.40085    2.49184    2.00000
 180.13470   -0.13057   22.98887   22.65594    0.18761    0.10355    9.59164   -1.67656   -0.72397   -1.95235    2.00000
 180.08209    0.07485   23.71867   23.27888    0.11109    0.06131    5.51146    4.84978    1.32077   -0.01890    2.00000
 179.91879   -0.06556   23.76041   23.31342    0.10437    0.05760    5.33757   -1.39877    0.16320   -8.13924    2.00000
 180.01482    0.00233   23.38532   22.99892    0.01499    0.00827    6.92390    3.26295   -2.41037    2.47347    2.00000
 179.89494   -0.28650   21.08577   20.82687    0.30516    0.16842   45.36505    4.44681    0.19055    4.36139    2.00000
 180.04149    0.06002   23.15471   22.80096    0.07297    0.04027    8.46370   -2.15741    1.67577   -1.92265    2.00000
 179.99704    0.05131   23.20835   22.84753    0.05139    0.02836    8.10148    3.49063   -0.89835    1.57446    2.00000
 179.92989   -0.05792   23.30639   22.93205    0.09095    0.05020    7.44401    0.17670    0.18687    4.63658    2.00000
 179.98248   -0.00422   20.20846   19.72905    0.01801    0.00994  101.91268    3.43854    2.14424    5.57412    2.00000
 180.18086    0.19960   23.07061   22.72749    0.26935    0.14866    9.03517   -4.41843    2.54576   -3.92560    2.00000
 179.99706   -0.01584   21.38243   21.15905    0.01611    0.00889   34.69294    5.51327   -1.20451    3.92707    2.00000
 179.93288    0.01924   22.33171   22.06369    0.06983    0.03854   16.00007    4.47774    3.06630    8.89581    2.00000
 180.04642   -0.00210   22.65844   22.36115    0.04647    0.02565   12.45802    1.98178    2.40018    5.64796    2.00000
 179.92947   -0.01388   22.28213   22.01806    0.07188    0.03967   16.54342   -3.08887   -0.89830   -4.68505    2.00000
 180.00645    0.00775   22.35091   22.08138    0.01008    0.00557   15.78942   -1.26482    0.30940   -0.74553    2.00000
 179.98517    0.08590   23.53692   23.12724    0.08717    0.04811    6.27489   -4.61863    1.93110   -2.59505    2.00000
 179.98442   -0.01121   22.95499   22.62608    0.01919    0.01059    9.82395   -2.82141   -2.42450   -7.14059    2.00000
 179.94865   -0.04048   22.58280   22.29318    0.06538    0.03609   13.26732   -1.78776    1.10398   -1.26825    2.00000
 179.99457   -0.05331   23.37987   22.99431    0.05359    0.02958    6.95977   -8.85794    1.32630  -12.59150    2.00000
 179.94650   -0.05953   22.70743   22.40511    0.08003    0.04417   11.93451   -2.02990    1.80577   -0.35230    2.00000
 179.98911   -0.00597   22.15533   21.90160    0.01243    0.00686   18.52298    2.41944   -1.26582    1.37201    2.00000
 180.12672   -0.00686   23.70557   23.26803    0.12692    0.07005    5.56608   -4.11655   -1.27616   -4.56111    2.00000
 180.03745   -0.05973   23.68312   23.24943    0.07049    0.03891    5.65971    2.83269   -0.77868   -7.14974    2.00000
 179.68301   -0.14338   21.01555   20.73532    0.34791    0.19202   48.79601   -0.44899    1.08936    1.73694    2.00000
 180.00217   -0.01011   23.12342   22.77364    0.01034    0.00571    8.67618    2.73194    2.73351    5.95412    2.00000
 180.02898   -0.06611   22.34371   22.07474    0.07218    0.03984   15.86841   -1.90734    0.21765   -2.08070    2.00000
 180.10657   -0.00390   21.71919   21.49243    0.10663    0.05885   25.92361    1.47688    0.21292    0.63114    2.00000
 180.00693   -0.00128   22.02014   21.77565    0.00704    0.00389   20.78155   -0.82701    1.33567    0.23693    2.00000
 180.02916   -0.05193   22.29241   22.02751    0.05956    0.03287   16.43089    1.44808   -0.96831   -1.12444    2.00000
 179.94962    0.03462   22.93412   22.60748    0.06113    0.03374    9.96860    4.08515   -4.29563   -0.60558    2.00000
 179.98668    0.04555   23.36082   22.97817    0.04746    0.02619    7.08531   -0.16583   -1.15541    0.09724    2.00000
 180.02969   -0.18666   23.67002   23.23858    0.18900    0.10432    5.71433    2.03362    2.92754   11.83157    2.00000
 179.94174    0.06325   22.71491   22.41180    0.08599    0.04746   11.85484    0.53936    3.48143    4.25998    2.00000
 179.58191    0.24420   23.14742   22.79462    0.48418    0.26723    8.51300   -6.17462    0.56657   -7.83976    2.00000
 179.97067   -0.03547   23.70744   23.26958    0.04601    0.02540    5.55827    1.41046    1.33926   -0.07783    2.00000
 179.96992   -0.01194   21.98177   21.73993    0.03237    0.01786   21.42210   -3.17193    1.28816   -1.97040    2.00000
 179.85435   -0.07289   22.39412   22.12118    0.16286    0.08989   15.31545   -5.58683    1.25286   -4.38298    2.00000
 179.98370   -0.04073   23.15715   22.80307    0.04387    0.02421    8.44724    0.50930   -5.02849   -4.73042    2.00000
 180.01569    0.03185   22.89239   22.57028    0.03550    0.01959   10.25791    3.51203    1.99000    7.33743    2.00000
 179.98016    0.01238   21.18537   20.94629    0.02339    0.01291   40.88978    1.06422   -3.71737   -2.69452    2.00000
 180.44217   -0.01119   23.19372   22.83482    0.44231    0.24413    8.20027  -10.19161   -2.04389  -14.60320    2.00000
 179.82777    0.23357   21.27493   21.04576    0.29020    0.16017   37.67305   -3.29774   -0.75513   -4.47561    2.00000
 179.98903   -0.00183   23.59169   23.17329    0.01112    0.00614    6.04306   -3.45005    1.73696   -4.37753    2.00000
 179.95607    0.08245   23.12582   22.77574    0.09342    0.05156    8.65986    0.74041    0.18336    2.18146    2.00000
 180.00146    0.08046   21.90246   21.66593    0.08047    0.04442   22.74897    0.84664   -1.73336    0.21685    2.00000
 180.01102    0.00329   22.68191   22.38224    0.01150    0.00635   12.20686    1.97579   -1.76518    0.73653    2.00000
 180.05000   -0.03856   21.28707   21.05869    0.06315    0.03485   37.33300    1.74734   -1.22427    0.76749    2.00000
 180.01009   -0.02815   23.55044   23.13868    0.02991    0.01651    6.21732    1.63536   -1.33019    0.31261    2.00000
 180.04643   -0.03858   23.82471   23.36649    0.06037    0.03332    5.07038   -0.34568   -3.54375  -10.64517    2.00000
 179.99805   -0.13643   20.87996   20.52307    0.13644    0.07531   56.75038   12.75694   -1.42378   11.32540    2.00000
 179.88844   -0.05290   22.59062   22.30021    0.12347    0.06815   13.18359   -0.55827   -1.78314   -1.38636    2.00000
 179.99046    0.05630   21.38504   21.16172    0.05710    0.03151   34.62284    3.88903    1.50747    4.79314    2.00000
 179.99348    0.00865   21.61313   21.39026    0.01083    0.00598   28.61131    0.19511    0.61747    1.43525    2.00000
 179.97745    0.09283   22.69496   22.39396    0.09553    0.05272   12.06724    8.01179   -2.08080    4.75432    2.00000
 179.98685   -0.02974   19.36051   18.84035    0.03252    0.01795  179.30009    0.63494    0.58277    1.19255    2.00000
 180.03314   -0.33380   21.52042   21.30002    0.33544    0.18514   30.98481    1.16152    0.43660    1.45447    2.00000
 180.02792    0.03474   22.81221   22.49878    0.04457    0.02460   10.81914    0.07390   -0.46395   -2.20008    2.00000
 180.34880   -0.10051   21.79632   21.56643    0.36299    0.20034   24.53338    4.15882    4.15209    8.35646    2.00000
 179.93886   -0.00416   23.81518   23.35863    0.06128    0.03382    5.10997    2.59179   -2.82383   -8.92730    2.00000
 180.05222   -0.02281   23.59651   23.17732    0.05699    0.03145    6.02279    2.29895    2.49792    1.82453    2.00000
 179.97809    0.00460   22.72489   22.42072    0.02239    0.01236   11.74862    6.16151    0.14897    7.67345    2.00000
 179.97749   -0.01457   23.02277   22.68567    0.02681    0.01480    9.36039   -1.70077    4.19436    5.21240    2.00000
 180.52849    0.24461   23.68686   23.25253    0.58236    0.32143    5.64410   -3.32507   -1.65798   -9.80905    2.00000
 179.99638   -0.01299   21.49732   21.27644    0.01348    0.00744   31.60526    0.31548   -1.34843   -1.96726    2.00000
 179.99280    0.04464   23.81994   23.36256    0.04522    0.02496    5.09017   -0.94120   -1.23961   -1.92138    2.00000
 179.90956    0.03462   22.43957   22.16298    0.09684    0.05345   14.81768   -2.07549    0.59915    0.71617    2.00000
 179.99680    0.04269   23.44773   23.05177    0.04281    0.02363    6.65484   -1.23974   -0.02036   -6.06775    2.00000
 180.02211    0.01380   21.30122   21.07377    0.02606    0.01439   36.93627    3.63311    2.23877    5.87167    2.00000
 179.98997   -0.03148   21.01555   20.73532    0.03304    0.01824   48.79601    1.73780    3.08852    4.55262    2.00000
 179.91431   -0.28263   21.45025   21.22834    0.29534    0.16301   32.87038    3.01903    3.41533    6.99154    2.00000
 180.04630    0.01141   23.51800   23.11123    0.04768    0.02631    6.35549    4.63860   -2.03848    2.47093    2.00000
 179.98978    0.07603   23.63506   23.20952    0.07672    0.04234    5.86065    1.56985    3.45028    3.62994    2.00000
 180.28603    0.15239   22.83240   22.51682    0.32409    0.17887   10.67380    2.46212    2.11805    4.59363    2.00000
 180.03267   -0.08364   23.51260   23.10666    0.08980    0.04956    6.37852   -4.14994    0.16549   -5.87853    2.00000
 180.04184   -0.08553   22.46066   22.18220    0.09521    0.05255   14.58880    0.72171    4.11248    3.85931    2.00000
 180.21899    0.06290   23.41253   23.02198    0.22785    0.12576    6.80485   -0.00493   -5.12789   -6.40318    2.00000
 180.03226   -0.00370   22.16739   21.91262    0.03247    0.01792   18.32539    0.65521    3.88882    4.26662    2.00000
 180.03853    0.01414   21.60340   21.38090    0.04104    0.02265   28.85740   -0.07927    6.56210    6.36488    2.00000
 179.97092    0.00473   23.67938   23.24633    0.02948    0.01627    5.67531    1.89967   -1.82912   -4.22992    2.00000
 179.51746    0.74500   22.98349   22.65122    0.88761    0.48993    9.62840    6.81172   -0.47377    6.00789    2.00000
 180.02596    0.13664   22.86109   22.54239    0.13908    0.07676   10.47490    1.07043   -0.87963    0.01330    2.00000
 180.03763   -0.00198   23.64955   23.22162    0.03768    0.02080    5.79973   -0.23747    3.03045   -5.89541    2.00000
 179.94835   -0.05796   23.82471   23.36649    0.07763    0.04285    5.07038   -0.09329    1.54206    4.39568    2.00000
 180.01854    0.03496   22.47941   22.19929    0.03957    0.02184   14.38535   -0.85449   -3.30642   -3.62066    2.00000
 180.04443   -0.01143   20.33942   19.86770    0.04589    0.02533   92.43019   -2.90015   -1.08188   -4.07412    2.00000
 180.06361    0.03659   22.71491   22.41180    0.07338    0.04050   11.85484   -6.25982   -0.20977   -8.01866    2.00000
 180.12724   -0.01619   21.24717   21.01618    0.12828    0.07080   38.45117   -0.48118   -0.97046   -1.27654    2.00000
 180.08669    0.01157   23.66441   23.23394    0.08745    0.04827    5.73773   -2.72997    4.84725    1.93058    2.00000
 180.00137    0.00234   22.13670   21.88457    0.00271    0.00150   18.82835    3.48138   -0.36706    2.33533    2.00000
 179.97238    0.04356   22.58541   22.29553    0.05158    0.02847   13.23941   -1.64919    0.62159    2.64902    2.00000
 180.14516   -0.06159   22.27184   22.00861    0.15768    0.08703   16.65595   -3.03480    0.65906   -1.65807    2.00000
 180.04781   -0.00205   21.57031   21.34909    0.04784    0.02640   29.69411   -2.45879    0.20755   -2.85873    2.00000
 179.97774   -0.00112   23.58687   23.16926    0.02228    0.01230    6.06332    1.48944    0.94011    6.97921    2.00000
 179.88528   -0.04049   23.82947   23.37042    0.12164    0.06714    5.05059    5.42793    0.02320    7.28726    2.00000
 179.99307   -0.05594   22.07522   21.82701    0.05636    0.03111   19.86051   -6.23282   -2.22414  -10.04310    2.00000
 180.05486    0.00287   21.84803   21.61490    0.05493    0.03032   23.66405   -0.90937   -1.48735   -3.08162    2.00000
 180.19574   -0.01218   21.03676   20.76327    0.19612    0.10824   47.74842    1.55404    3.14790    5.08085    2.00000
 180.00452    0.01701   20.82190   20.42842    0.01760    0.00972   61.30388    0.60880   -2.35929   -1.72487    2.00000
 179.98651   -0.01482   23.68125   23.24788    0.02004    0.01106    5.66751   -0.04274   -0.32472   -2.50594    2.00000
 180.07111   -0.00341   22.58280   22.29318    0.07119    0.03929   13.26732   -3.55235   -0.32199   -2.34087    2.00000
 179.95320   -0.08801   23.55044   23.13868    0.09968    0.05501    6.21732    3.02290    1.18702   -2.59957    2.00000
 179.99835   -0.03639   23.10901   22.76105    0.03643    0.02010    8.77409    1.98517   -2.36708   -0.03475    2.00000
 180.10442    0.00054   22.81221   22.49878    0.10442    0.05763   10.81914   -1.19631    2.33069    1.03845    2.00000
 180.02167   -0.00501   22.78726   22.47648    0.02223    0.01227   11.08471    3.57911    1.13035    5.96505    2.00000
 179.96042    0.01709   22.36772   22.09686    0.04311    0.02379   15.60510   -1.39282   -0.32368   -2.30677    2.00000
 180.03087   -0.00961   23.19859   22.83906    0.03233    0.01784    8.16734    6.69897   -0.45150   11.38343    2.00000
 179.99190   -0.00290   23.08501   22.74007    0.00860    0.00475    8.93726    0.95107   -1.64226    0.89119    2.00000
 180.01495   -0.00626   23.70183   23.26493    0.01621    0.00895    5.58168    0.78074   -3.33571   -0.27196    2.00000
 180.01231    0.07095   22.19730   21.94009    0.07201    0.03975   17.83268   -0.43953   -0.84613   -1.82129    2.00000
 179.93913   -0.01537   21.70596   21.47967    0.06278    0.03465   26.25919   -0.91499   -1.29186   -1.65504    2.00000
 180.08125    0.01292   23.78422   23.33307    0.08228    0.04541    5.23861    1.15290   -0.53475   -6.41962    2.00000
 180.04630   -0.05760   22.53565   22.25055    0.07390    0.04079   13.77500    0.84652    4.67295    6.98851    2.00000
 180.03491    0.02686   22.65844   22.36115    0.04405    0.02431   12.45802   -0.80493    2.92933    1.69600    2.00000
 180.04904    0.10438   21.98451   21.74248    0.11533    0.06365   21.37635   -0.42877    0.06643    0.75131    2.00000
 180.11241   -0.09322   23.22785   22.86446    0.14603    0.08060    7.96976    1.98879    0.41998   -1.59816    2.00000
 180.39728    0.67452   21.46068   21.23900    0.78282    0.43208   32.58998   -1.81651   -1.09201   -2.45367    2.00000
 180.01300    0.07434   21.46329   21.24166    0.07546    0.04165   32.51989   -2.09096    0.45063   -1.61183    2.00000
 180.06213   -0.08712   21.82082   21.58939    0.10701    0.05906   24.12160    6.70515    1.54670    8.29324    2.00000
 179.93839   -0.09675   23.14022   22.78832    0.11471    0.06331    8.56195   -2.24201   -0.80120    0.05499    2.00000
 180.06554   -0.07943   21.61703   21.39400    0.10297    0.05683   28.51287    1.28443   -1.16854    0.65876    2.00000
 179.97565    0.01601   23.75565   23.30949    0.02915    0.01609    5.35737   -0.54425    2.71880    4.33869    2.00000
 179.99611   -0.07564   22.48409   22.20356    0.07574    0.04180   14.33448    2.33287   -4.34351    0.25383    2.00000
 179.97832   -0.00295   21.79904   21.56898    0.02189    0.01208   24.48763    1.14590    0.62567    0.73612    2.00000
 180.01064    0.03073   23.66254   23.23239    0.03252    0.01795    5.74554    1.00052    1.08888    8.74858    2.00000
 180.13995    0.03065   19.56680   19.05619    0.14328    0.07908  156.69238   -1.78640    1.30997   -0.50484    2.00000
 180.03928    0.06933   21.90791   21.67104    0.07969    0.04398   22.65746    2.39243   -4.88759   -2.47070    2.00000
 180.00011   -0.01512   22.43957   22.16298    0.01512    0.00834   14.81768    0.56558    2.84814    3.46156    2.00000
 180.02106   -0.08823   22.33651   22.06811    0.09071    0.05006   15.94741   -0.99629    0.67934    0.52409    2.00000
 180.05135    0.06030   23.17665   22.82001    0.07919    0.04371    8.31552    3.01310   -0.41674    1.82532    2.00000
 179.97211   -0.05619   22.47472   22.19502    0.06273    0.03462   14.43621   -4.25375   -0.10878   -5.20818    2.00000
 180.08450    0.00276   23.01258   22.67673    0.08456    0.04667    9.42994    4.58548    2.94370    8.75718    2.00000
 179.91252   -0.19177   22.89500   22.57261    0.21078    0.11633   10.23983   -4.71257    5.75512    1.41490    2.00000
 179.98418   -0.02542   22.38212   22.11012    0.02994    0.01653   15.44711    2.47731   -3.37563   -3.97029    2.00000
 179.54282    0.35714   23.20835   22.84753    0.58014    0.32020    8.10148  -11.93087    1.42337  -13.55889    2.00000
 179.97609   -0.22161   22.73737   22.43187    0.22289    0.12302   11.61584    1.64572    0.68586    1.81523    2.00000
 180.05894    0.05700   23.39348   23.00584    0.08200    0.04526    6.88611   -6.35452   -1.23514   -5.92321    2.00000
 180.06978    0.02317   23.59169   23.17329    0.07352    0.04058    6.04306   -3.47141   -0.91330   -4.24258    2.00000
 180.01833    0.05166   22.46535   22.18648    0.05482    0.03025   14.53793    2.56399    2.70442    8.36430    2.00000
 180.07704    0.01160   21.55084   21.33038    0.07791    0.04300   30.18629    6.74821   -3.12727    3.57138    2.00000
 180.02966    0.03866   23.72990   23.28818    0.04873    0.02689    5.46464   -0.26760   -2.24603   -1.30263    2.00000
 179.95563   -0.02761   22.58802   22.29787    0.05225    0.02884   13.21150    0.52219   -4.54946   -3.91704    2.00000
 180.04036   -0.01064   23.43962   23.04491    0.04174    0.02304    6.68938   -5.38326   -1.14844   -4.37815    2.00000
 180.11237    0.12243   23.34994   22.96895    0.16617    0.09172    7.15705   -2.11594   -2.18404   -4.59853    2.00000
 179.96736    0.05523   22.34131   22.07253    0.06415    0.03541   15.89474    2.66307    0.76771    4.52734    2.00000
 179.98125    0.00317   21.18923   20.95076    0.01902    0.01050   40.72191    3.89981   -2.09090    1.62636    2.00000
 179.89278   -0.06648   22.40372   22.13003    0.12616    0.06963   15.21013    2.92276   -0.56280    1.10518    2.00000
 180.17744    0.00335   23.59008   23.17195    0.17747    0.09795    6.04981   -0.52383   -3.15313   -1.35888    2.00000
 180.07048    0.00047   23.33633   22.95742    0.07048    0.03890    7.24673    4.73444   -2.51449   -3.46071    2.00000
 179.93217    0.05277   23.68686   23.25253    0.08594    0.04743    5.64410   -3.93586   -2.48112   -4.33895    2.00000
 179.97905   -0.08057   22.59584   22.30490    0.08325    0.04595   13.12778    2.27492    2.62743    2.05860    2.00000
 180.01851   -0.04551   23.67189   23.24013    0.04913    0.02712    5.70652   -0.39790    0.04471    0.24778    2.00000
 180.04712   -0.05390   22.61149   22.31896    0.07160    0.03952   12.96034   -0.01009   -0.21525    0.85123    2.00000
 180.19556   -0.15628   21.48415   21.26298    0.25033    0.13816   31.95910   -4.59765   -1.17875   -5.55336    2.00000
 179.96747    0.01538   23.08741   22.74217    0.03598    0.01986    8.92095    2.55618    6.41204    7.07020    2.00000
 179.95921   -0.00306   22.22815   21.96844    0.04090    0.02258   17.32430   -0.16544   -2.20913   -2.15518    2.00000
 179.93954   -0.00063   22.89500   22.57261    0.06046    0.03337   10.23983    3.92546    2.69950    5.13877    2.00000
 179.99408   -0.00577   23.63506   23.20952    0.00827    0.00456    5.86065    2.28676   -1.25947   -2.16883    2.00000
 179.91376    0.06005   22.91326   22.58888    0.10509    0.05800   10.11326   -1.61831   -0.83411   -0.13121    2.00000
 180.01408   -0.15011   21.79632   21.56643    0.15076    0.08321   24.53338   -2.81443   -2.12582   -5.22231    2.00000
 179.98381   -0.11269   22.03932   21.79351    0.11384    0.06283   20.46127    1.12368   -0.41806    0.06297    2.00000
 180.00464    0.00732   22.01192   21.76799    0.00866    0.00478   20.91881   -8.17561   -1.52708  -10.11788    2.00000
 180.06343    0.05149   21.38504   21.16172    0.08170    0.04509   34.62284   -2.26121   -1.63971   -3.52008    2.00000
 180.21646   -0.05160   21.40069   21.17771    0.22252    0.12282   34.20225   -0.20954   -0.69657   -0.71409    2.00000
 179.97714   -0.10294   22.04755   21.80116    0.10545    0.05820   20.32401    0.41022   -3.17758   -3.01052    2.00000
 179.98505    0.16009   20.63465   20.19075    0.16078    0.08874   73.55204    4.75574    2.88564    7.71774    2.00000
 179.98235    0.01910   23.40981   23.01967    0.02601    0.01436    6.81646    2.54121    7.29221   12.02224    2.00000
 179.98872    0.05507   22.97595   22.64460    0.05621    0.03102    9.67985   -1.23891    0.96670    1.96578    2.00000
 180.00851    0.06670   21.76153   21.53326    0.06725    0.03711   25.12819    0.48623   -0.92828   -1.04578    2.00000
 179.98726   -0.07322   23.63506   23.20952    0.07432    0.04102    5.86065    1.96305   -2.76221   -4.76615    2.00000
 179.95490   -0.04419   22.69496   22.39396    0.06314    0.03485   12.06724   -3.23460    4.03236    1.95913    2.00000
 179.98099   -0.00525   22.97056   22.63988    0.01972    0.01089    9.71660   -0.90014    1.38147    5.65605    2.00000
 179.99345    0.01321   21.66362   21.43885    0.01474    0.00813   27.33304   -0.61784    0.01088   -0.34555    2.00000
 179.94666    0.12122   22.05029   21.80372    0.13244    0.07309   20.27825   -0.77073    1.02100    0.66760    2.00000
 180.04131    0.07617   23.00503   22.67012    0.08665    0.04782    9.48139    0.74155   -1.68891    1.29653    2.00000
 180.03645    0.00170   22.83240   22.51682    0.03649    0.02014   10.67380   -8.20933    0.48942   -7.44867    2.00000
 180.02937   -0.00476   23.12582   22.77574    0.02975    0.01642    8.65986    3.25397    0.50798    4.86667    2.00000
 180.03252   -0.03091   22.35331   22.08359    0.04486    0.02476   15.76309   -1.43879   -1.33332   -3.33249    2.00000
 179.94868    0.09393   16.30464   15.43109    0.10703    0.05907 1013.42120   -3.11030   -1.01857   -4.11139    2.00000
 180.18451   -0.10272   22.85588   22.53774    0.21117    0.11655   10.51106    7.11414    0.06882    9.87026    2.00000
 180.04767    0.03544   23.20835   22.84753    0.05939    0.03278    8.10148   -3.37126    1.16348   -6.85107    2.00000
 179.97182    0.09595   21.12011   20.86860    0.10001    0.05520   43.80110    2.09658    1.85817    4.01445    2.00000
 179.98262    0.02993   23.77470   23.32521    0.03461    0.01910    5.27820    1.54111    0.94660    0.24041    2.00000
 179.96730    0.10895   23.44503   23.04949    0.11375    0.06278    6.66636   -2.67874   -0.36281   -8.67301    2.00000
 180.16620    0.06846   22.24100   21.98026    0.17974    0.09921   17.11248   -2.43289   -3.50283   -6.45246    2.00000
 179.96451   -0.06495   23.60936   23.18805    0.07402    0.04085    5.96874    0.00393   -0.55190    2.42630    2.00000
 180.01158   -0.01670   22.38212   22.11012    0.02032    0.01121   15.44711    1.08092    4.00529    7.16565    2.00000
 179.96898   -0.05251   21.07293   20.81096    0.06099    0.03366   45.96136   -4.25638    3.18536   -0.93981    2.00000
 179.87488   -0.08755   22.60106   22.30959    0.15270    0.08428   13.07197   -0.81316   -4.72792   -4.64557    2.00000
 180.05341    0.04100   23.03701   22.69811    0.06733    0.03716    9.26362   -3.48079    3.46957    1.80226    2.00000
 180.03537   -0.02855   23.59651   23.17732    0.04546    0.02509    6.02279   -4.88154    1.24505   -4.21464    2.00000
 179.99004    0.08915   22.86370   22.54471    0.08971    0.04951   10.45681    3.53373    1.64985    4.40565    2.00000
 180.01086    0.05101   23.80089   23.34683    0.05215    0.02878    5.16934    1.18971    2.40735   11.38102    2.00000
 180.02786   -0.01762   22.23329   21.97317    0.03298    0.01820   17.23957   -3.10766   -1.57648   -4.62229    2.00000
 180.01277   -0.02742   20.18848   19.70797    0.03025    0.01670  103.35455    0.41378    0.86703    1.39915    2.00000
 179.93640    0.01798   22.43254   22.15657    0.06609    0.03648   14.89402   -5.80215    0.29733   -3.83281    2.00000
 180.00034    0.05303   23.63506   23.20952    0.05303    0.02927    5.86065   -2.97678   -2.71091   -1.99156    2.00000
 179.94826   -0.09486   21.89430   21.65828    0.10806    0.05964   22.88624    3.44579   -0.72454    2.97317    2.00000
 179.94431    0.03141   23.18640   22.82847    0.06394    0.03529    8.24966    2.81231   -1.16393    2.27212    2.00000
 180.00764    0.08119   21.81809   21.58684    0.08155    0.04501   24.16735   -0.56233   -2.60318   -3.91178    2.00000
 179.92458   -0.03535   22.21529   21.95663    0.08330    0.04598   17.53613    4.73077   -0.53629    3.10981    2.00000
 179.99516    0.00108   22.62453   22.33068    0.00495    0.00273   12.82081    4.45123   -0.94924    4.48650    2.00000
 179.96477    0.02540   23.74674   23.30213    0.04344    0.02398    5.39442    3.78510    2.89399    6.42389    2.00000
 179.74414    0.47523   21.97355   21.73227    0.53973    0.29790   21.55937   -1.41624   -0.72246   -1.57098    2.00000
 179.98540   -0.00767   22.67148   22.37286    0.01650    0.00911   12.31848   -1.46032   -2.25175   -4.45628    2.00000
 180.10654    0.07586   22.43488   22.15871    0.13078    0.07218   14.86854    0.71218   -1.07205   -2.84421    2.00000
 179.95740   -0.29242   22.31011   22.04378    0.29550    0.16310   16.23705  -13.94905    2.32479  -10.48445    2.00000
 179.98810   -0.03062   21.15581   20.91194    0.03285    0.01813   42.17677   -5.02257    0.35131   -4.65066    2.00000
 179.92667    0.01440   22.68974   22.38927    0.07473    0.04124   12.12314   -0.44066    1.22132    2.57664    2.00000
 180.38335   -0.06247   23.59972   23.18000    0.38841    0.21437    6.00928    7.71651    5.25152   11.18991    2.00000
 179.93741   -0.06495   22.25385   21.99207    0.09020    0.04978   16.90065    2.75678   -3.96068   -0.29933    2.00000
 179.77811   -0.02557   22.36532   22.09464    0.22336    0.12328   15.63143   -0.22203    1.78649    2.24834    2.00000
 179.93388    0.01531   23.51530   23.10895    0.06787    0.03746    6.36700   -1.29068    2.53723   -0.78964    2.00000
 180.05676   -0.03278   23.38804   23.00123    0.06555    0.03618    6.90933   -1.77379    0.41968   -2.98992    2.00000
 180.04237   -0.04549   22.79225   22.48094    0.06217    0.03431   11.03159   -0.63722   -0.53008   -0.57706    2.00000
 180.00995    0.04270   22.86370   22.54471    0.04385    0.02420   10.45681    2.53775   -1.22020    3.28602    2.00000
 180.10001   -0.08279   23.36354   22.98047    0.12984    0.07166    7.06738   -5.61281   -0.62443   -3.01285    2.00000
 180.04700   -0.05983   23.10421   22.75686    0.07607    0.04199    8.80672    2.27796   -0.96392    2.00248    2.00000
 180.11842   -0.03110   22.65061   22.35412    0.12244    0.06758   12.54174   -3.31809   -0.82585   -3.83573    2.00000
 180.06242    0.03936   22.27184   22.00861    0.07379    0.04073   16.65595   -8.29551   -1.13189  -11.39879    2.00000
 180.09737   -0.02833   22.42292   22.14772    0.10140    0.05597   14.99947   -2.00122    1.42254    0.48144    2.00000
 179.95447   -0.04505   22.86631   22.54704    0.06405    0.03535   10.43873   -2.89574   -0.75129   -4.22960    2.00000
 180.02589   -0.01655   23.56389   23.15006    0.03073    0.01696    6.16001   -1.97537    1.62938   -4.88022    2.00000
 179.86577    0.17559   23.29822   22.92513    0.22102    0.12198    7.49782    5.91903    0.14381   10.67837    2.00000
 179.63785   -0.00345   23.73738   23.29438    0.36217    0.19989    5.43343   -4.38957    0.00411   -3.15932    2.00000
 179.98212   -0.00787   21.80721   21.57663    0.01954    0.01079   24.35037   -2.06289    5.93026    3.82951    2.00000
 180.00040    0.11536   22.38692   22.11455    0.11537    0.06367   15.39445   -1.15312    1.13454   -1.62587    2.00000
 180.00558   -0.00956   20.36017   19.88998    0.01107    0.00611   90.90622   -0.13388   -1.24611   -1.60028    2.00000
 180.02206   -0.04816   22.55440   22.26763    0.05298    0.02924   13.57155    4.29985    0.81682    4.80307    2.00000
 180.03235    0.01630   21.66362   21.43885    0.03622    0.01999   27.33304    2.51034   -0.41704    1.41929    2.00000
 179.94270   -0.03966   22.76231   22.45417    0.06968    0.03846   11.35027   -1.02848   -1.48225   -2.50502    2.00000
 180.12576   -0.05861   23.61096   23.18939    0.13875    0.07658    5.96198   -1.76530    2.37576    3.58899    2.00000
 179.91466   -0.09859   23.42611   23.03348    0.13039    0.07197    6.74695   -2.38759   -0.38693   -3.03857    2.00000
 178.85628   -0.17520   22.35091   22.08138    1.15707    0.63870   15.78942  -12.07376    1.81870   -8.54328    2.00000
 180.01248   -0.78545   22.28984   22.02514    0.78555    0.43359   16.45903   -0.39639    2.04748    1.41528    2.00000
 180.01909    0.06034   22.14766   21.89459    0.06329    0.03493   18.64872   -0.90565   -1.48306   -2.77516    2.00000
 180.01971   -0.02790   23.67751   23.24478    0.03416    0.01885    5.68312    2.92881    0.19653    3.39466    2.00000
 179.98997   -0.00720   22.39892   22.12560    0.01234    0.00681   15.26279   -1.60468    0.83454   -0.20287    2.00000
 179.99554   -0.04691   22.30269   22.03696    0.04712    0.02601   16.31837   -2.72586   -2.92830   -4.74438    2.00000
 180.03589    0.20389   22.94977   22.62143    0.20703    0.11426    9.86011    6.93715    0.74225    7.95145    2.00000
 180.02383    0.03514   17.68300   17.03357    0.04246    0.02344  469.77081    1.21860    1.71662    2.92409    2.00000
 180.02315    0.00875   21.57809   21.35658    0.02474    0.01366   29.49724   -4.70000    0.55315   -3.56131    2.00000
 179.89711   -0.03371   23.54233   23.13182    0.10828    0.05976    6.25187   -4.98196    1.18915   -4.77859    2.00000
 179.99205   -0.00689   23.53152   23.12267    0.01051    0.00580    6.29792    1.65732   -0.91511    0.56886    2.00000
 179.98586   -0.02715   21.61313   21.39026    0.03062    0.01690   28.61131   -0.68381   -0.40596   -1.42264    2.00000
 179.88905   -0.06259   23.00072   22.66634    0.12738    0.07030    9.51079   -4.23738    2.54974   -3.21033    2.00000
 180.05173    0.01730   21.23920   21.00755    0.05455    0.03011   38.67803   -0.27250   -2.34550   -2.24586    2.00000
 180.17560    0.04135   21.46068   21.23900    0.18040    0.09957   32.58998   -8.13376   -1.76969   -9.48979    2.00000
 179.95888   -0.13711   21.41634   21.19370    0.14314    0.07900   33.78166   -0.58704   -0.45204   -0.32763    2.00000
 179.99321    0.03878   20.78415   20.37524    0.03937    0.02173   64.04466   -3.46909   -1.14559   -4.60127    2.00000
 179.98146   -0.07016   22.97595   22.64460    0.07257    0.04005    9.67985    3.07172    4.23559    8.70605    2.00000
 180.13258    0.07074   23.76755   23.31931    0.15028    0.08294    5.30789   -5.05235    0.23122   -7.83293    2.00000
 180.00496   -0.05697   22.87413   22.55401    0.05719    0.03156   10.38449   -1.42002    1.25533   -1.55685    2.00000
 179.95793   -0.05774   22.01192   21.76799    0.07144    0.03943   20.91881    3.90241    1.61345    5.92829    2.00000
 180.06331    0.03547   23.61578   23.19342    0.07257    0.04005    5.94172   -3.00681    2.46723    1.28723    2.00000
 179.97101   -0.06145   23.77470   23.32521    0.06794    0.03750    5.27820   -0.94384   -1.94069   -8.71827    2.00000
 180.15907   -0.18984   23.45314   23.05635    0.24768    0.13670    6.63182   -1.07449   -1.06896   -1.59852    2.00000
 180.08331   -0.04057   23.45314   23.05635    0.09266    0.05114    6.63182   -3.22313   -2.58045   -7.78031    2.00000
 179.98067    0.03604   23.44773   23.05177    0.04090    0.02258    6.65484   -1.85180   -1.25131   -2.82024    2.00000
 179.95459    0.12214   23.43422   23.04034    0.13031    0.07192    6.71241    0.66759    3.35216    7.83900    2.00000
 179.94576    0.05341   23.39348   23.00584    0.07612    0.04201    6.88611   -2.06136    2.18840    1.10198    2.00000
 180.05960    0.03364   23.48827   23.08608    0.06844    0.03777    6.48214    0.62632   -2.57772   -0.00564    2.00000
 180.10907    0.04417   22.96020   22.63073    0.11767    0.06495    9.78778   -6.56333   -0.29617   -6.02798    2.00000
 180.00781    0.05758   23.59169   23.17329    0.05811    0.03207    6.04306   -4.04377    2.09581   -4.47010    2.00000
 180.09341   -0.00800   22.41332   22.13887    0.09377    0.05175   15.10480    4.60902   -0.99273    2.86356    2.00000
 179.98035   -0.05441   20.95642   20.64909    0.05785    0.03193   52.02782    1.04210   -0.68289    0.07012    2.00000
 180.07605    0.23272   22.70992   22.40734    0.24483    0.13513   11.90796    3.41115    2.28469    6.92922    2.00000
 179.86623   -0.09751   22.59323   22.30256    0.16554    0.09137   13.15569   -2.55059    1.53468   -2.22265    2.00000
 180.02795    0.00391   22.66105   22.36349    0.02823    0.01558   12.43011   -0.19338    0.40029   -1.10838    2.00000
 180.07687   -0.02338   23.57080   23.15585    0.08036    0.04435    6.13088   -1.88324   -0.53674   -0.35456    2.00000
 180.00568    0.02696   23.14022   22.78832    0.02755    0.01520    8.56195   -1.61638   -0.39752    1.23496    2.00000
 179.97801   -0.12971   21.85620   21.62256    0.13156    0.07261   23.52679   -0.93990    2.08151    1.94570    2.00000
 179.99030    0.04632   23.12102   22.77154    0.04732    0.02612    8.69250    0.60530   -0.49479    2.58776    2.00000
 180.03371    0.00944   22.92891   22.60283    0.03499    0.01931   10.00477   -0.33109    0.01365   -0.54693    2.00000
 179.73015    0.09982   22.31011   22.04378    0.28772    0.15880   16.23705    5.38642   -1.78219    2.57510    2.00000
 180.05681    0.05552   21.75094   21.52305    0.07943    0.04384   25.31120    7.36153   -4.86609    1.73147    2.00000
 179.90863   -0.07942   23.26686   22.89833    0.12106    0.06682    7.70632   -0.40200   -2.73445   -6.39969    2.00000
 179.93018   -0.05005   23.44503   23.04949    0.08592    0.04742    6.66636   -2.29683    2.38957    0.00690    2.00000
 180.05644    0.04132   22.52628   22.24200    0.06995    0.03861   13.87672    1.43457   -0.04462    5.49056    2.00000
 180.00697   -0.02383   23.75327   23.30752    0.02483    0.01371    5.36726   -6.71747    1.71241  -11.26498    2.00000
 179.44725   -0.21215   22.25128   21.98971    0.59206    0.32678   16.94302    8.50047   -0.26841    8.10937    2.00000
 180.00726   -0.01275   23.60775   23.18671    0.01467    0.00810    5.97550   -0.06717   -2.94377   -8.30736    2.00000
 180.16608    0.04181   23.63988   23.21355    0.17126    0.09452    5.84038    2.10910   -1.36726    0.69082    2.00000
 180.11038   -0.04767   22.92108   22.59586    0.12024    0.06636   10.05901   -0.33108   -0.12825    0.07096    2.00000
 180.01979   -0.02502   21.97903   21.73738    0.03190    0.01761   21.46786   -5.90765    0.66543   -5.43881    2.00000
 180.05849    0.09324   22.86892   22.54936    0.11006    0.06075   10.42065    1.39583   -2.63383   -0.79545    2.00000
 179.94775   -0.01929   23.81518   23.35863    0.05569    0.03074    5.10997   -1.25710   -0.17271    4.54613    2.00000
 179.90936    0.03429   21.73771   21.51029    0.09690    0.05348   25.53997    3.86367   -1.74123    0.50580    2.00000
 180.27634   -0.06995   21.45286   21.23101    0.28505    0.15733   32.80028    2.03299   -0.00972    1.94983    2.00000
 180.04703    0.01341   23.02277   22.68567    0.04891    0.02699    9.36039    3.05503   -0.47889    1.52706    2.00000
 180.02016    0.03142   22.70743   22.40511    0.03733    0.02060   11.93451   -3.27459    3.06990   -0.56477    2.00000
 179.95647    0.00708   23.08021   22.73588    0.04410    0.02434    8.96990    8.12619    0.97270    6.80181    2.00000
 179.93159   -0.01387   23.11862   22.76944    0.06980    0.03852    8.70881    6.64458    0.20238    7.68981    2.00000
 179.92690    0.01231   23.51800   23.11123    0.07413    0.04092    6.35549    3.60302    0.35063    8.01452    2.00000
 179.80219   -0.05742   22.88717   22.56563    0.20599    0.11369   10.29408   -6.81318    1.14265   -7.48732    2.00000
 179.74229    0.00127   20.14023   19.65711    0.25771    0.14224  106.83293    0.07042   -1.42439   -1.32273    2.00000
 179.98479   -0.02389   21.38504   21.16172    0.02832    0.01563   34.62284    3.80111   -0.41671    3.55532    2.00000
 180.01826   -0.02388   22.95238   22.62375    0.03006    0.01659    9.84203   -5.23214   -3.06742   -8.70650    2.00000
 180.02798    0.00904   23.35266   22.97125    0.02940    0.01623    7.13912    2.59247    1.10565    3.25284    2.00000
 180.26834    0.22999   23.21322   22.85176    0.35341    0.19506    8.06855   -1.54456    1.55134   -1.28377    2.00000
 179.94287    0.02104   21.81265   21.58173    0.06088    0.03360   24.25886    0.77235   -1.96194   -0.76836    2.00000
 179.97684    0.03805   23.54773   23.13639    0.04454    0.02458    6.22884   -3.25610   -0.63257    2.31048    2.00000
 180.14677   -0.21049   21.86708   21.63276    0.25660    0.14163   23.34378    2.52319    0.01855    3.20237    2.00000
 179.98444    0.00124   22.51222   22.22919    0.01561    0.00862   14.02931    1.17200   -2.86728   -1.48976    2.00000
 180.02727    0.00376   22.25128   21.98971    0.02752    0.01519   16.94302    0.95514    0.05843    1.02176    2.00000
 179.97667    0.02986   23.08261   22.73797    0.03790    0.02092    8.95358    0.59607    3.59571    3.50699    2.00000
 179.97183    0.00348   21.39287   21.16971    0.02838    0.01567   34.41255    2.32000   -0.78466    0.87040    2.00000
 180.12923   -0.10205   23.07781   22.73378    0.16466    0.09088    8.98622    0.99661   -0.03283   -0.22985    2.00000
 180.05341    0.03263   21.71390   21.48733    0.06259    0.03455   26.05784    1.27677   -3.24227   -2.95690    2.00000
 179.96548    0.04129   22.12245   21.87155    0.05381    0.02970   19.06186    0.60724   -0.47279    1.71018    2.00000
 180.12114    0.04550   21.49377   21.27281    0.12941    0.07142   31.70071   -1.70069    0.44436   -1.35028    2.00000
 179.97523   -0.00766   23.67002   23.23858    0.02592    0.01431    5.71433   -1.43522    1.80778    0.61304    2.00000
 179.92120    0.01404   23.09701   22.75056    0.08004    0.04418    8.85567    2.03365    0.50128    3.45124    2.00000
 180.03551   -0.04161   23.43152   23.03805    0.05470    0.03019    6.72392   -3.60922    3.19101   -1.73960    2.00000
 179.88182    0.04828   23.32272   22.94589    0.12767    0.07046    7.33640    3.36148    0.64526    1.60788    2.00000
 180.03186    0.01075   23.84138   23.38025    0.03362    0.01856    5.00111    0.59222    1.00735    5.70600    2.00000
 179.97495    0.01048   22.78227   22.47202    0.02717    0.01499   11.13782    0.07729    0.06620    2.30452    2.00000
 180.06586   -0.05387   23.67751   23.24478    0.08508    0.04696    5.68312    3.06929    0.48227    9.06391    2.00000
 179.92632    0.07280   21.59756   21.37529    0.10358    0.05717   29.00506   -2.31119   -0.75205   -3.38747    2.00000
 179.99048    0.00288   23.02980   22.69182    0.00994    0.00549    9.31257    2.29003   -0.55738    1.08293    2.00000
 180.13464    0.02492   23.15471   22.80096    0.13694    0.07558    8.46370   -1.29023    0.09697   -4.48634    2.00000
 180.06555   -0.03876   23.21566   22.85388    0.07615    0.04203    8.05208   -3.24239   -2.27155   -4.80581    2.00000
 179.97037    0.01113   23.04661   22.70651    0.03166    0.01747    9.19835   -0.86441   -0.71095    0.67856    2.00000
 179.99715   -0.00772   23.62221   23.19879    0.00823    0.00454    5.91469   -1.70804   -0.66123   -3.08925    2.00000
 180.03053   -0.02953   22.79724   22.48540    0.04248    0.02344   10.97848    1.03935   -1.22118    0.52288    2.00000
 180.01962    0.01631   22.85848   22.54006    0.02552    0.01408   10.49298   -1.10236    2.76433    2.35194    2.00000
 179.98567   -0.04121   18.12996   17.75040    0.04363    0.02408  328.38370    1.51895    0.61964    2.15104    2.00000
 180.01959    0.00303   23.73738   23.29438    0.01982    0.01094    5.43343    7.57453    1.73089    9.37656    2.00000
 180.00488    0.03379   22.93412   22.60748    0.03414    0.01884    9.96860    4.26521   -1.64771    4.09191    2.00000
 180.02583    0.08235   23.29006   22.91822    0.08631    0.04764    7.55162    1.10665    1.11210   -1.44366    2.00000
 179.91521    0.11893   23.69248   23.25718    0.14607    0.08062    5.62070    0.06325   -1.16927   -1.69023    2.00000
 180.10065   -0.12735   21.95985   21.71952    0.16232    0.08959   21.78814    6.13834    0.79306    7.18079    2.00000
 180.03143   -0.08242   23.42070   23.02890    0.08821    0.04869    6.77002    0.61991    2.55875    0.52647    2.00000
 179.98315    0.02848   22.53565   22.25055    0.03309    0.01826   13.77500   -4.77805   -0.26894   -5.07892    2.00000
 180.02780    0.04362   21.59561   21.37342    0.05172    0.02855   29.05427    0.47124   -0.47540    0.51130    2.00000
 179.96344   -0.03510   21.81537   21.58429    0.05068    0.02797   24.21310   -6.35527    2.23728   -4.96750    2.00000
 180.04643    0.01132   21.27493   21.04576    0.04780    0.02638   37.67305   -1.92226   -4.14902   -5.73840    2.00000
 179.97729    0.01534   23.73925   23.29593    0.02741    0.01513    5.42563   -2.34041    0.79091   -1.32908    2.00000
 179.95959    0.05305   22.31971   22.05263    0.06669    0.03681   16.13173   -1.93311   -0.17109   -1.03700    2.00000
 180.02904    0.06968   23.55854   23.14554    0.07549    0.04166    6.18278    2.30572   -4.79801    2.28007    2.00000
 179.46725    0.64939   22.73238   22.42741    0.83995    0.46362   11.66895   -3.73148    0.45764   -3.28220    2.00000
 179.86641   -0.06310   22.30771   22.04157    0.14775    0.08154   16.26338   -0.93738   -1.11794   -1.10660    2.00000
 179.96315   -0.22130   23.39348   23.00584    0.22435    0.12382    6.88611    1.66025   -2.94259    0.67665    2.00000
 179.94958   -0.13102   23.25223   22.88563    0.14039    0.07748    7.80511    0.25616   -1.16928   -5.67593    2.00000
 180.10027    0.07070   22.50050   22.21851    0.12268    0.06771   14.15646    4.88239    1.30097    6.08863    2.00000
 180.02422   -0.04178   21.59367   21.37154    0.04830    0.02666   29.10349    5.36141    0.65370    6.15322    2.00000
 180.25121   -0.05444   21.80721   21.57663    0.25704    0.14186   24.35037   11.63967    3.88227   14.87223    2.00000
 180.04857   -0.06516   23.38259   22.99661    0.08127    0.04486    6.94184    4.78949   -0.63268    1.18818    2.00000
 180.11295    0.00768   22.89761   22.57493    0.11321    0.06248   10.22175   -0.43821   -0.98253   -2.20120    2.00000
 180.00452    0.03087   23.36626   22.98278    0.03120    0.01722    7.04944   -2.24003   -2.15188    0.53588    2.00000
 179.82959   -0.15737   23.75565   23.30949    0.23196    0.12803    5.35737   -2.70088   -1.54909    2.66766    2.00000
 179.91560   -0.00261   22.22301   21.96372    0.08443    0.04660   17.40903   -2.04460   -0.40574   -1.30356    2.00000
 179.96153    0.03849   22.75483   22.44748    0.05441    0.03003   11.42994   -2.43698    2.55747    0.07589    2.00000
 180.02765   -0.01686   23.59651   23.17732    0.03238    0.01787    6.02279    0.01826    0.67429   -0.18664    2.00000
 180.14684   -0.05728   23.42611   23.03348    0.15761    0.08699    6.74695   -0.56159    1.91811    2.92605    2.00000
 179.99837   -0.01425   20.91553   20.58260    0.01434    0.00792   54.51941   -1.23312   -0.77033   -1.32359    2.00000
 180.02344   -0.15870   22.80971   22.49655    0.16042    0.08854   10.84570   -3.60404    1.22507    1.07337    2.00000
 179.98827    0.01374   23.78184   23.33111    0.01807    0.00998    5.24851    0.18469   -1.02459   -0.44113    2.00000
 179.99686    0.01636   22.35091   22.08138    0.01665    0.00919   15.78942    4.20354   -2.34947    2.86880    2.00000
 179.97610    0.13103   23.58847   23.17061    0.13319    0.07351    6.05657   -0.72702    1.22875    2.22035    2.00000
 180.00146    0.07971   21.36418   21.14040    0.07973    0.04400   35.18363   -0.04126   -2.61829   -2.36639    2.00000
 180.02296    0.07599   22.02836   21.78330    0.07938    0.04381   20.64429   -3.22912   -0.89412   -4.42926    2.00000
 179.23305    0.81667   23.81280   23.35666    1.12032    0.61841    5.11986    4.43480    0.57159    3.62707    2.00000
 180.03270   -0.04361   18.18901   17.87924    0.05451    0.03009  306.40851    3.14533    1.04607    4.15837    2.00000
 180.01805   -0.00661   22.85066   22.53309    0.01923    0.01061   10.54722   -4.41419    2.83439    1.06159    2.00000
 179.64536   -0.11885   23.42070   23.02890    0.37404    0.20644    6.77002    7.86240    4.69090   14.03903    2.00000
 180.01677   -0.02188   23.45584   23.05863    0.02757    0.01522    6.62030   -1.70425   -0.22684    0.95415    2.00000
 179.97430    0.04115   21.69008   21.46437    0.04851    0.02678   26.66188   -1.37557   -4.22114   -6.14631    2.00000
 180.01378   -0.03600   22.07522   21.82701    0.03854    0.02127   19.86051    0.12857   -0.63152    0.68396    2.00000
 179.98720   -0.15758   21.16866   20.92688    0.15809    0.08726   41.61721   -4.90151   -2.49617   -7.24319    2.00000
 180.09496    0.00251   22.18188   21.92592    0.09500    0.05243   18.08687    2.63434   -1.73546    1.40603    2.00000
 180.03419   -0.07960   20.43856   19.97416    0.08664    0.04782   85.14899    3.20145   -0.54867    2.49485    2.00000
 180.02113    0.03596   22.18959   21.93301    0.04171    0.02302   17.95978    0.97364    1.33978    1.56715    2.00000
 180.00438   -0.03790   22.77479   22.46533    0.03815    0.02106   11.21749    1.75418   -1.87386    0.02584    2.00000
 179.99094    0.01993   22.10466   21.85502    0.02189    0.01208   19.35823   -0.47361    0.07302   -0.52974    2.00000
 179.87144    0.04282   19.87265   19.37604    0.13549    0.07478  128.50307    3.20109   -1.29071    2.03803    2.00000
 180.00415    0.01093   23.68499   23.25098    0.01169    0.00645    5.65191    4.71851    3.44824   10.11258    2.00000
 179.99512    0.05518   23.03220   22.69392    0.05540    0.03058    9.29626   -0.41027   -0.35847    0.07905    2.00000
 180.02383    0.01551   23.08261   22.73797    0.02844    0.01569    8.95358   -3.25095    2.44200    0.73622    2.00000
 179.95946   -0.05675   22.01740   21.77310    0.06974    0.03849   20.82730   -1.05577    1.14152   -1.49725    2.00000
 179.94566   -0.03264   22.89500   22.57261    0.06339    0.03499   10.23983   -0.03173   -0.71362    2.26579    2.00000
 179.95262    0.04997   23.08981   22.74427    0.06886    0.03800    8.90463    1.25682   -1.96798   -1.22525    2.00000
 180.03937   -0.03800   23.23517   22.87081    0.05471    0.03020    7.92036   -0.33807    1.45015    3.43724    2.00000
 180.02061   -0.06452   20.94246   20.62654    0.06773    0.03738   52.87259   -0.08142    1.27118    1.09139    2.00000
 180.06287   -0.08974   21.04799   20.77807    0.10957    0.06047   47.19382   -6.05210    0.43070   -5.48254    2.00000
 179.95612   -0.02678   23.20347   22.84329    0.05140    0.02837    8.13441   -6.65654    0.03603   -4.47044    2.00000
 179.96393    0.03708   21.65304   21.42864    0.05173    0.02855   27.60150    2.47026    2.52181    4.89756    2.00000
 180.10812   -0.06159   21.10667   20.85227    0.12443    0.06868   44.41308   -4.00865    0.20495   -2.98119    2.00000
 180.10327   -0.03857   22.75233   22.44525    0.11024    0.06084   11.45650    0.10251   -2.82766   -0.34807    2.00000
 180.03331   -0.04162   23.09461   22.74846    0.05331    0.02942    8.87199   -2.48965    0.80215   -3.60879    2.00000
 180.03934   -0.10802   22.06947   21.82158    0.11496    0.06345   19.95797    1.46520    1.01464    2.71237    2.00000
 179.84320   -0.01005   17.49122   16.81996    0.15712    0.08672  524.23029    3.10963   -3.41215   -0.31838    2.00000
 179.74559   -0.03897   20.91445   20.58084    0.25738    0.14205   54.58528   -4.64306   -1.06301   -5.84860    2.00000
 179.90369   -0.06954   21.59951   21.37716    0.11879    0.06556   28.95584    0.87992   -0.77474    0.80560    2.00000
 179.94199    0.02464   22.47238   22.19288    0.06303    0.03479   14.46164    1.33479   -0.65619    1.44725    2.00000
 180.01508    0.02367   22.60627   22.31427    0.02807    0.01549   13.01615   -2.04709    0.22518   -4.57252    2.00000
 179.98895   -0.05293   22.42292   22.14772    0.05407    0.02984   14.99947    2.16558    5.90746    8.78791    2.00000
 180.00330   -0.09437   21.72184   21.49498    0.09443    0.05212   25.85649    1.24860   -0.56593    0.59869    2.00000
 179.99663   -0.01635   23.01042   22.67484    0.01669    0.00921    9.44464   -4.42278   -0.11314   -2.75842    2.00000
 179.74005   -0.07118   21.02429   20.74683    0.26952    0.14875   48.36465   -4.44922   -0.33278   -4.69287    2.00000
 179.96085    0.01094   23.83185   23.37239    0.04066    0.02244    5.04069    4.45569    2.06766    2.89064    2.00000
 179.98775   -0.03414   22.38212   22.11012    0.03627    0.02002   15.44711    6.15794    3.22231    9.65812    2.00000
 180.02657    0.03972   22.98349   22.65122    0.04779    0.02638    9.62840    2.18669   -4.24141   -2.56861    2.00000
 180.04904   -0.02877   20.68551   20.25120    0.05686    0.03138   70.43696   -4.68802    0.76846   -3.71073    2.00000
 180.08768   -0.02688   22.92108   22.59586    0.09170    0.05061   10.05901    4.37754    1.59489    4.37597    2.00000
 179.96426   -0.04172   23.48287   23.08150    0.05493    0.03032    6.50517    0.38873   -0.69030    1.69343    2.00000
 180.06740   -0.03664   22.07987   21.83143    0.07672    0.04234   19.78120    2.45348    2.78143    4.77899    2.00000
 180.07220   -0.09950   20.52282   20.06555    0.12294    0.06785   80.00380   -2.37666    2.17882   -0.33315    2.00000
 180.15051    0.15919   20.87996   20.52307    0.21908    0.12091   56.75038   -7.67416    0.16530   -7.89804    2.00000
 179.89668   -0.03052   21.32145   21.09532    0.10773    0.05946   36.36952   -0.86186    2.99470    1.39804    2.00000
 180.01920   -0.01470   22.10001   21.85060    0.02417    0.01334   19.43754   -0.63512   -0.89005   -2.00121    2.00000
 179.98856    0.01229   21.43721   21.21502    0.01679    0.00927   33.22087   -0.86143   -0.98365   -1.43696    2.00000
 180.10448   -0.02053   23.26686   22.89833    0.10647    0.05877    7.70632    3.16324   -4.97268   -9.42594    2.00000
 179.96156   -0.08049   22.81470   22.50101    0.08920    0.04923   10.79675    1.70946   -0.31544    3.85921    2.00000
 179.96182   -0.02532   21.49732   21.27644    0.04581    0.02528   31.60526   -5.12933   -1.94894   -7.83353    2.00000
 179.97287   -0.03982   23.77470   23.32521    0.04818    0.02659    5.27820    4.99459    2.22639   15.37187    2.00000
 180.04024    0.07617   23.05621   22.71490    0.08614    0.04754    9.13308   -2.73293    1.28902   -6.05975    2.00000
 180.01515   -0.00365   23.43962   23.04491    0.01559    0.00860    6.68938   -1.28026   -0.59487   -3.83825    2.00000
 179.98605    0.04797   22.25128   21.98971    0.04996    0.02757   16.94302    2.17885   -1.56407    1.64683    2.00000
 180.01846   -0.01072   22.51222   22.22919    0.02136    0.01179   14.02931   -2.11841    0.39262   -2.45608    2.00000
 179.85460   -0.11032   23.71493   23.27578    0.18251    0.10073    5.52706    0.22132   -1.49270   -1.14411    2.00000
 180.07841   -0.08119   22.98780   22.65500    0.11288    0.06230    9.59899   -1.71574    0.68677    0.90069    2.00000
 179.98186   -0.08356   23.23273   22.86869    0.08551    0.04719    7.93683    1.60882    2.11000    0.87817    2.00000
 180.04231    0.02223   22.13889   21.88657    0.04780    0.02638   18.79242    2.41266   -1.92133   -1.00772    2.00000
 180.03410   -0.02128   23.38532   22.99892    0.04021    0.02219    6.92390    1.06962    4.06595    5.76225    2.00000
 180.05009    0.09427   22.81470   22.50101    0.10675    0.05892   10.79675   -4.31351    2.23224   -1.73865    2.00000
 180.02325   -0.07734   22.87413   22.55401    0.08077    0.04458   10.38449   -1.02569   -2.65295   -5.53716    2.00000
 179.82475   -0.03642   22.89761   22.57493    0.17898    0.09879   10.22175   -4.10305    1.26259   -1.93767    2.00000
 180.00154    0.01150   22.07832   21.82996    0.01161    0.00641   19.80763    5.77626    1.57544    8.57274    2.00000
 179.96352    0.03749   22.50519   22.22278    0.05232    0.02888   14.10560   -1.64366    0.08712   -1.13146    2.00000
 180.00917    0.00217   22.47706   22.19715    0.00942    0.00520   14.41078    7.68048   -3.80010    2.69624    2.00000
 179.88902   -0.12352   23.82471   23.36649    0.16605    0.09165    5.07038    5.04234    1.63951    3.14916    2.00000
 179.95695    0.00331   23.09461   22.74846    0.04317    0.02383    8.87199   -6.36771    1.11842   -7.75943    2.00000
 180.02049   -0.03289   20.69492   20.26254    0.03876    0.02139   69.85257    5.18570    2.21056    7.32971    2.00000
 179.96475   -0.08734   22.93151   22.60515    0.09418    0.05198    9.98668   -6.45814    0.42844   -5.94542    2.00000
 180.14452    0.01591   23.64955   23.22162    0.14539    0.08024    5.79973   -0.17802   -0.94894    0.47541    2.00000
 180.04131    0.02083   22.16968   21.91471    0.04626    0.02553   18.28787    0.46245    1.74787    1.02538    2.00000
 180.13130    0.05477   23.78184   23.33111    0.14227    0.07852    5.24851   -4.63645    3.04354    5.32502    2.00000
 180.22362   -0.04284   22.43488   22.15871    0.22767    0.12566   14.86854   -4.63535    0.92928   -4.02282    2.00000
 180.01891    0.00747   22.76481   22.45640    0.02033    0.01122   11.32371    2.96853    1.66481    4.30008    2.00000
 180.29071   -0.57347   21.42156   21.19903    0.64295    0.35487   33.64146   -9.09771   -0.23971   -8.26873    2.00000
 180.02921   -0.09447   23.14262   22.79042    0.09888    0.05457    8.54564    3.34541   -2.93389   -2.30643    2.00000
 180.03673   -0.00684   23.03701   22.69811    0.03736    0.02062    9.26362    0.25138    3.30285   -0.31060    2.00000
 180.00604    0.12680   21.23875   21.00706    0.12695    0.07006   38.69096    5.65512   -1.39000    3.74822    2.00000
 179.99731    0.01021   22.34611   22.07695    0.01055    0.00582   15.84208    1.62853   -1.71317   -0.76180    2.00000
 180.09883   -0.04798   23.40981   23.01967    0.10986    0.06063    6.81646   -4.46239   -1.39192   -4.48462    2.00000
 180.00246    0.02974   23.49638   23.09294    0.02984    0.01647    6.44760   -1.10331    1.75788   -1.91217    2.00000
 179.99704    0.02670   22.29498   22.02987    0.02686    0.01483   16.40276   -3.02070   -1.35492   -3.85202    2.00000
 179.93733    0.00630   22.85588   22.53774    0.06298    0.03476   10.51106    3.99479    3.47575    8.23883    2.00000
 179.96205    0.04396   22.48409   22.20356    0.05808    0.03205   14.33448    5.49470   -0.18738    6.67566    2.00000
 179.92662   -0.03956   23.29822   22.92513    0.08337    0.04601    7.49782    1.85079   -5.89418   -5.21126    2.00000
 180.18478    0.20160   22.61149   22.31896    0.27347    0.15094   12.96034   -3.02354   -0.05281   -2.92289    2.00000
 180.02277    0.05324   20.83116   20.44297    0.05790    0.03196   60.55391   -1.64372   -2.54805   -4.34611    2.00000
 179.98643   -0.02870   23.38532   22.99892    0.03175    0.01752    6.92390   -0.42364    2.24709    4.24215    2.00000
 180.04457   -0.10063   23.62864   23.20415    0.11006    0.06075    5.88767   -2.40073   -0.99307   -6.37935    2.00000
 180.00797    0.03552   22.37732   22.10570    0.03640    0.02009   15.49977    1.07019    0.78969    1.81846    2.00000
 179.96007    0.01272   23.45584   23.05863    0.04190    0.02313    6.62030    2.99312    3.52335    6.96109    2.00000
 179.94858    0.09592   21.23830   21.00657    0.10883    0.06007   38.70388    1.34793    2.13974    3.64971    2.00000
 180.08994   -0.03668   23.67189   23.24013    0.09713    0.05361    5.70652    2.59293   -0.25942    1.05753    2.00000
 180.12250    0.00167   23.67377   23.24168    0.12251    0.06761    5.69872   -1.04151   -1.17668   -2.19727    2.00000
 179.97714    0.10202   20.16540   19.68364    0.10455    0.05770  105.01812    2.58239   -1.24468    1.38926    2.00000
 180.04445   -0.18425   23.17178   22.81577    0.18954    0.10461    8.34845    0.41364    3.05795    4.76513    2.00000
 179.97964    0.00706   21.26684   21.03714    0.02155    0.01189   37.89975   -4.99923   -2.03981   -7.11195    2.00000
 179.87505    0.04200   22.32691   22.05926    0.13182    0.07275   16.05273   -0.39181    0.38234    0.92875    2.00000
 180.01775    0.07306   22.82219   22.50770    0.07519    0.04150   10.74471    5.21046    1.88149    3.11618    2.00000
 180.26155   -0.06876   23.64149   23.21489    0.27044    0.14926    5.83362   -6.15023   -1.13998   -4.66571    2.00000
 180.01962    0.07511   22.81470   22.50101    0.07763    0.04285   10.79675    3.07550   -1.91256    3.64414    2.00000
 180.02625   -0.00941   22.17931   21.92356    0.02788    0.01539   18.12924    0.24183   -0.92292   -2.95350    2.00000
 180.41347    0.14043   22.42052   22.14550    0.43667    0.24101   15.02581   -2.37484   -1.05452   -1.94445    2.00000
 179.91891    0.01829   23.41798   23.02659    0.08312    0.04588    6.78163   -4.24713    1.11663   -1.52738    2.00000
 180.05920    0.06797   23.67002   23.23858    0.09014    0.04975    5.71433   -0.34554   -1.67455   -3.23849    2.00000
 179.89548    0.03733   21.83170   21.59960    0.11099    0.06126   23.93858    4.90812    3.20640    8.68136    2.00000
 180.01453    0.03485   23.60132   23.18134    0.03776    0.02084    6.00252    0.54230   -1.67234    3.23278    2.00000
 179.91196    0.09126   21.04799   20.77807    0.12681    0.06999   47.19382   -1.93555   -0.76293   -2.89058    2.00000
 179.96315   -0.03796   22.23586   21.97553    0.05290    0.02920   17.19721   -2.60036    0.17800   -2.02852    2.00000
 180.06438    0.06864   22.36532   22.09464    0.09411    0.05194   15.63143    0.62267   -3.49747   -4.41140    2.00000
 179.88419   -0.07707   23.76755   23.31931    0.13912    0.07678    5.30789   -3.02803   -2.71200   -8.14723    2.00000
 180.02853   -0.01529   23.63667   23.21086    0.03238    0.01787    5.85389    1.18418   -1.17112    0.56172    2.00000
 179.99919   -0.13827   22.31731   22.05042    0.13827    0.07631   16.15806    6.56863   -1.03403    5.01409    2.00000
 179.88373   -0.08556   23.76755   23.31931    0.14436    0.07967    5.30789   -3.34227    3.08758   -1.75654    2.00000
 180.02733    0.03930   22.50284   22.22065    0.04787    0.02642   14.13103   -1.84403    0.14725   -0.77031    2.00000
 179.99165   -0.00330   22.67669   22.37755    0.00898    0.00496   12.26267   -2.82075    0.92016   -2.96887    2.00000
 179.96918   -0.02070   22.15862   21.90460    0.03714    0.02050   18.46909    2.85123    1.11488    3.92856    2.00000
 179.86208    0.05111   23.56125   23.14782    0.14710    0.08119    6.17127   -1.94915   -0.13462   -3.28756    2.00000
 179.98898    0.00029   23.60936   23.18805    0.01101    0.00608    5.96874   -6.79690   -6.56890   -9.74800    2.00000
 180.03445   -0.00133   22.74984   22.44302    0.03447    0.01903   11.48305   -1.41315   -0.53400   -2.34761    2.00000
