#RA        DEC       MAG_G     MAG_I     ANGSEP    RPROJ     SNR       VTRUE       VSYS       VMEAS      VSYSERR    
 180.03929    0.00303   21.56252   21.34161    0.03941    0.02175   29.89098    3.97704   -0.28536    3.96577    2.00000
 180.06195   -0.03758   23.35538   22.97356    0.07246    0.03999    7.12118   -4.26890   -0.13267   -8.24246    2.00000
 180.08319   -0.09927   23.04421   22.70441    0.12952    0.07148    9.21467   -1.92989    0.69197   -3.28375    2.00000
 180.02721   -0.01129   20.96265   20.65827    0.02946    0.01626   51.68359   -3.03731   -2.65521   -5.61820    2.00000
 179.80746    0.04370   21.06919   20.80603    0.19744    0.10897   46.14623    2.82210    0.17384    3.36124    2.00000
 179.93593   -0.03337   23.83661   23.37632    0.07224    0.03987    5.02090    1.24030    0.00618    2.48265    2.00000
 179.97963    0.03541   22.22301   21.96372    0.04085    0.02255   17.40903    1.93125    0.37045    4.39107    2.00000
 179.94096   -0.00337   22.34611   22.07695    0.05913    0.03263   15.84208    0.96175   -1.37498    1.36096    2.00000
 180.01601   -0.02858   23.25223   22.88563    0.03276    0.01808    7.80511   -2.31041   -4.27858   -7.03807    2.00000
 180.03299    0.01930   23.81994   23.36256    0.03823    0.02110    5.09017    0.74323   -1.06729    4.13239    2.00000
 179.98242    0.01398   22.72240   22.41849    0.02246    0.01240   11.77518   -3.70516    4.64673    1.66084    2.00000
 179.98015    0.27344   21.46851   21.24699    0.27416    0.15131   32.37969    5.32698    2.20787    8.04594    2.00000
 180.23071   -0.14879   23.02012   22.68335    0.27453    0.15152    9.37848    3.06656    1.82331    1.04818    2.00000
 179.99455   -0.01334   21.28100   21.05222    0.01441    0.00795   37.50302   -4.84394   -1.68604   -6.53582    2.00000
 179.98537    0.04502   18.00350   17.90340    0.04733    0.02612  302.28870    2.74345    2.77737    5.53338    2.00000
 179.96336    0.05558   23.52611   23.11809    0.06656    0.03674    6.32095    2.79355   -2.13208    0.65701    2.00000
 180.02547    0.00128   17.34717   16.65894    0.02551    0.01408  566.58582    1.57939    0.52012    2.08267    2.00000
 180.00822    0.02966   23.27418   22.90468    0.03078    0.01699    7.65693   -0.21847    0.97872   -0.44387    2.00000
 179.87215    0.07978   17.91493   17.95187    0.15070    0.08318  294.02213   -1.94587    0.73501   -1.21562    2.00000
 180.02373    0.03677   23.61418   23.19208    0.04376    0.02415    5.94847    6.23766    0.55751    5.85263    2.00000
 180.05901   -0.01109   21.64259   21.41857    0.06003    0.03313   27.86649    0.37757    0.58196    1.56485    2.00000
 180.02975   -0.04548   23.27174   22.90256    0.05435    0.03000    7.67339    1.63569    0.29196    1.37895    2.00000
 180.01578   -0.00426   21.88341   21.64807    0.01634    0.00902   23.06925    1.21345   -0.08000    1.50502    2.00000
 179.99315   -0.03259   23.32544   22.94819    0.03331    0.01838    7.31847    4.70069   -0.24198   10.04349    2.00000
 180.04008    0.05525   23.53152   23.12267    0.06826    0.03767    6.29792    4.80749   -0.47334    8.53810    2.00000
 179.78793    0.17678   23.63185   23.20684    0.27609    0.15238    5.87416    6.02785   -0.98486    6.93956    2.00000
 180.00850   -0.00041   22.50519   22.22278    0.00851    0.00470   14.10560    3.84400   -0.79417    5.57362    2.00000
 179.93909    0.12537   20.34172   19.87018    0.13939    0.07693   92.26086    2.41589   -1.94588    0.50785    2.00000
 179.97112   -0.08407   23.42881   23.03577    0.08890    0.04906    6.73544   -1.88416   -1.14433   -0.38193    2.00000
 180.06953    0.01458   22.65061   22.35412    0.07105    0.03921   12.54174    5.81943   -0.32259    6.21642    2.00000
 180.02238    0.01839   22.09614   21.84691    0.02897    0.01599   19.50362   -5.69441    2.03243   -2.78006    2.00000
 179.98315    0.01998   22.79225   22.48094    0.02614    0.01443   11.03159   -3.57495    0.69309   -3.23924    2.00000
 179.99011   -0.00448   23.43962   23.04491    0.01086    0.00599    6.68938    6.20744   -0.18657    7.86197    2.00000
 179.98582   -0.04629   23.15227   22.79884    0.04841    0.02672    8.48017   -6.08200    0.17757   -8.00413    2.00000
 179.94559   -0.04993   23.12102   22.77154    0.07385    0.04076    8.69250   -0.03548    1.11820   -0.73123    2.00000
 180.02467    0.02299   22.37732   22.10570    0.03372    0.01861   15.49977   -4.05774   -2.96601   -6.44693    2.00000
 179.64764    0.15424   23.60775   23.18671    0.38464    0.21229    5.97550    5.38642   -0.14786   -0.30735    2.00000
 180.01166   -0.11503   22.78726   22.47648    0.11562    0.06381   11.08471   -1.06044    0.63955   -1.74249    2.00000
 179.90286    0.07935   21.61703   21.39400    0.12544    0.06923   28.51287    4.39061   -1.57869    3.26315    2.00000
 179.97491    0.00282   23.15958   22.80519    0.02524    0.01393    8.43077   -1.92361   -0.78712   -1.73688    2.00000
 179.93921    0.02966   22.39892   22.12560    0.06764    0.03733   15.26279   -2.57125   -0.81481   -3.43354    2.00000
 179.97330    0.06909   23.33088   22.95280    0.07407    0.04088    7.28260   -1.50584    1.42547    3.72707    2.00000
 180.01320    0.05536   22.32211   22.05484    0.05691    0.03141   16.10540   -4.18639   -1.52481   -7.75158    2.00000
 179.96413   -0.03264   22.62714   22.33302    0.04850    0.02677   12.79290   -1.60430   -2.83031   -4.66361    2.00000
 180.03223    0.00324   23.60293   23.18268    0.03238    0.01787    5.99576    3.12161   -2.29555   -2.86338    2.00000
 179.91942   -0.06367   21.39026   21.16705    0.10269    0.05668   34.48264    2.95919    0.66505    3.49868    2.00000
 179.97058    0.01934   23.07541   22.73168    0.03521    0.01943    9.00254    2.71606   -0.96511    1.29659    2.00000
 179.99081    0.01821   20.81172   20.41241    0.02039    0.01126   62.12885   -0.48536    1.21748    0.78230    2.00000
 180.07076    0.03949   21.66098   21.43630    0.08103    0.04472   27.40015    1.50193   -1.02846    0.68690    2.00000
 179.96777   -0.00380   22.67930   22.37990    0.03244    0.01791   12.23476    5.48458   -1.33137    7.49733    2.00000
 179.98587   -0.03179   23.18884   22.83059    0.03479    0.01920    8.23320    0.65065    1.29726    0.22234    2.00000
 180.03967   -0.00108   19.18294   18.65228    0.03970    0.02191  200.09943    2.76475    0.68310    3.47430    2.00000
 179.97070    0.02260   23.20835   22.84753    0.03700    0.02042    8.10148   -2.60361    1.17972   -2.81622    2.00000
 179.95743    0.07312   23.05861   22.71700    0.08461    0.04670    9.11676    0.25459    3.89070    6.33452    2.00000
 180.04823   -0.09627   21.98177   21.73993    0.10768    0.05943   21.42210   -3.92294    0.15943   -4.56919    2.00000
 179.91978   -0.05765   22.29241   22.02751    0.09879    0.05452   16.43089   -5.64963    0.15275   -6.80486    2.00000
 179.99956    0.02988   22.80971   22.49655    0.02988    0.01649   10.84570    0.74387    0.34282   -1.00114    2.00000
 179.86250    0.04459   22.97487   22.64366    0.14455    0.07978    9.68720    6.24837   -0.67701    8.37457    2.00000
 179.94379    0.03874   22.50284   22.22065    0.06827    0.03768   14.13103   -2.58821   -0.34341   -3.95066    2.00000
 180.27829   -0.22633   21.71654   21.48988    0.35870    0.19798   25.99072    2.66224    1.42947    4.00290    2.00000
 180.05585    0.00541   22.52159   22.23773    0.05610    0.03096   13.92758    1.19648   -1.00089   -0.15175    2.00000
 179.92799   -0.14876   20.81449   20.41678    0.16527    0.09122   61.90386    1.88553    2.46269    4.39400    2.00000
 180.03525    0.05195   22.74236   22.43633    0.06278    0.03465   11.56272    2.31628    0.21996    5.36737    2.00000
 180.01981   -0.03561   22.19730   21.94009    0.04075    0.02249   17.83268    3.62311   -0.07413    2.65751    2.00000
 179.79044    0.96745   21.82354   21.59194    0.98989    0.54640   24.07584    2.77254    1.07788    4.40147    2.00000
 180.01041    0.00937   23.24492   22.87928    0.01400    0.00773    7.85450   -3.07781    0.93536   -3.88889    2.00000
 179.97020   -0.02833   21.84259   21.60980    0.04112    0.02269   23.75556   -0.99484    0.70520    0.23692    2.00000
 179.96352   -0.02835   23.53152   23.12267    0.04620    0.02550    6.29792    1.04093    2.29398    6.17438    2.00000
 180.22508    0.03187   21.31740   21.09101    0.22733    0.12547   36.48287   -0.81636   -0.69901   -1.59705    2.00000
 180.05659    0.05701   21.75623   21.52815    0.08033    0.04434   25.21969   -2.34735    1.46043   -1.61932    2.00000
 179.70667   -0.00822   23.59169   23.17329    0.29345    0.16196    6.04306   -4.90397   -3.24452  -16.16643    2.00000
 180.00389    0.07613   23.42611   23.03348    0.07623    0.04207    6.74695    1.10388   -0.50069    3.78814    2.00000
 180.12726   -0.02127   23.39620   23.00814    0.12903    0.07121    6.87450   -1.55138    0.56472   -1.83347    2.00000
 179.96022   -0.06130   22.72739   22.42295    0.07308    0.04033   11.72206    1.50713   -0.91012    0.49876    2.00000
 180.03844    0.00578   22.41332   22.13887    0.03886    0.02145   15.10480    1.04966   -1.13356   -0.21776    2.00000
 179.94815    0.02194   23.16690   22.81154    0.05630    0.03107    8.38138   -3.66808   -3.32619   -3.28873    2.00000
 179.94978   -0.05828   23.76993   23.32128    0.07694    0.04246    5.29799   -0.57496   -0.14529   -0.18505    2.00000
 180.01508   -0.01732   20.30923   19.83551    0.02297    0.01268   94.63148    2.54125   -0.91108    1.55615    2.00000
 179.84804   -0.16346   23.27918   22.90900    0.22318    0.12318    7.62329   -8.36255    3.55523   -6.33002    2.00000
 180.03020    0.01468   22.29241   22.02751    0.03357    0.01853   16.43089    1.56350   -1.01881    1.90509    2.00000
 179.99710   -0.01129   22.86109   22.54239    0.01166    0.00643   10.47490    5.38115   -1.81265    6.25146    2.00000
 179.98132    0.08476   23.83900   23.37828    0.08679    0.04790    5.01101    3.27567    0.89736    7.19097    2.00000
 180.00845   -0.10689   22.34851   22.07917    0.10722    0.05918   15.81575    3.61043    0.10639    3.35168    2.00000
 179.94884    0.01171   22.31011   22.04378    0.05248    0.02897   16.23705    0.22737    1.73191    3.11168    2.00000
 180.00861    0.02166   23.32816   22.95050    0.02331    0.01287    7.30053   -4.20795    4.01443   -1.89209    2.00000
 179.98265    0.02753   22.38692   22.11455    0.03254    0.01796   15.39445    2.32152   -1.58917   -0.34355    2.00000
 180.03058    0.07009   23.04661   22.70651    0.07647    0.04220    9.19835   -4.72927   -0.86968   -8.54452    2.00000
 179.98315    0.08758   18.07628   17.98257    0.08919    0.04922  288.78476    5.09737   -1.34295    3.80481    2.00000
 180.18602   -0.04198   22.13122   21.87956    0.19070    0.10525   18.91816   -5.85753   -1.16877   -7.13890    2.00000
 180.04018    0.05393   23.03460   22.69602    0.06725    0.03711    9.27994   -0.49404    0.88684    0.81210    2.00000
 179.92290   -0.00743   23.76041   23.31342    0.07747    0.04276    5.33757   -0.44268   -1.08942   -1.10010    2.00000
 180.26495   -0.05743   21.23331   21.00117    0.27110    0.14963   38.84607    7.66456   -2.55408    5.38913    2.00000
 179.98763    0.02974   22.59062   22.30021    0.03222    0.01778   13.18359   -1.43244   -1.13194   -3.32469    2.00000
 180.04799    0.00160   20.18848   19.70797    0.04802    0.02650  103.35455   -0.54892   -4.46765   -5.08818    2.00000
 179.83005    0.05011   23.18640   22.82847    0.17720    0.09780    8.24966    1.24124    3.05599    6.45713    2.00000
 180.00378   -0.06001   23.23273   22.86869    0.06013    0.03319    7.93683   -2.87422   -3.07680   -4.71824    2.00000
 179.91705    0.04575   21.83442   21.60215    0.09473    0.05228   23.89283    1.20973   -1.73306   -2.84144    2.00000
 179.97755    0.01701   21.70331   21.47712    0.02816    0.01554   26.32630   -2.08609    2.57297    1.35939    2.00000
 179.99869    0.00112   23.13782   22.78623    0.00172    0.00095    8.57827    1.39691   -0.29437    1.67861    2.00000
 180.03632    0.02442   23.46395   23.06550    0.04376    0.02415    6.58576   -0.80227    0.87816   -3.96375    2.00000
 180.03497   -0.04999   21.63065   21.40710    0.06101    0.03367   28.16835   -2.32258   -0.19380   -2.38795    2.00000
 179.96602    0.11354   23.41798   23.02659    0.11851    0.06541    6.78163   -5.62675   -0.87459   -8.91451    2.00000
 179.94727    0.01367   21.73771   21.51029    0.05449    0.03007   25.53997   -1.42012   -0.52528   -1.96877    2.00000
 180.05099    0.05216   21.48415   21.26298    0.07294    0.04026   31.95910   -0.48033   -2.95454   -3.97105    2.00000
 180.01161    0.02264   22.13999   21.88758    0.02544    0.01404   18.77446    0.08827    1.16721    2.80384    2.00000
 179.98148    0.13647   23.07781   22.73378    0.13773    0.07601    8.98622    1.90763   -2.06022   -8.12055    2.00000
 179.96365    0.08719   22.56976   22.28146    0.09446    0.05214   13.40685   -2.49382   -0.47077   -3.98485    2.00000
 180.00334   -0.03318   21.80721   21.57663    0.03334    0.01840   24.35037    4.58895   -1.15795    3.21813    2.00000
 179.63045   -0.03208   22.55440   22.26763    0.37094    0.20473   13.57155   -0.82131    0.21596    0.02731    2.00000
 179.98393    0.01906   23.36354   22.98047    0.02493    0.01376    7.06738    6.35891    0.63466   10.72612    2.00000
 180.07112   -0.02800   22.27184   22.00861    0.07643    0.04218   16.65595    3.29531   -1.93403    1.28145    2.00000
 179.99539   -0.03929   23.72616   23.28508    0.03956    0.02183    5.48025    0.31220   -1.13803   -2.25040    2.00000
 179.95491    0.02671   23.12582   22.77574    0.05241    0.02892    8.65986   -0.74547    0.63462   -0.05528    2.00000
 180.02992   -0.04666   23.63185   23.20684    0.05544    0.03060    5.87416    1.34169   -4.41157   -1.96350    2.00000
 179.95341    0.09554   22.57497   22.28615    0.10630    0.05867   13.35104    2.74291   -0.47106    3.98968    2.00000
 179.99522    0.03432   23.24004   22.87504    0.03465    0.01912    7.88743   -2.48440    0.91666   -4.36642    2.00000
 180.00017    0.03078   19.16839   18.63693    0.03078    0.01699  201.79665   -0.70290   -3.97137   -4.71730    2.00000
 180.06866    0.08423   23.55044   23.13868    0.10867    0.05998    6.21732    4.54977   -1.09627    2.68912    2.00000
 179.90044   -0.09057   22.84544   22.52844    0.13461    0.07429   10.58339   -1.97921    1.86503    1.45908    2.00000
 180.01216   -0.02665   23.48287   23.08150    0.02930    0.01617    6.50517    3.71846   -1.62404    0.12860    2.00000
 179.97084    0.00005   23.59651   23.17732    0.02916    0.01609    6.02279    2.00014    1.06775    2.74588    2.00000
 179.99110    0.02686   23.64470   23.21757    0.02830    0.01562    5.82011    0.25174   -0.66087    2.96033    2.00000
 179.90256   -0.02297   23.72803   23.28663    0.10011    0.05525    5.47245   -4.67927    2.19126    3.82607    2.00000
 179.98569   -0.03481   23.61578   23.19342    0.03764    0.02078    5.94172    2.64030   -0.32850    5.31603    2.00000
 180.14873    0.04222   23.79613   23.34290    0.15461    0.08533    5.18913    0.11163   -0.37859   -5.74716    2.00000
 179.94627    0.02644   22.99426   22.66067    0.05988    0.03305    9.55489    6.56054   -0.05916    5.58695    2.00000
 180.00871    0.00209   23.46935   23.07007    0.00897    0.00495    6.56273    3.99945   -0.63064    1.33951    2.00000
 179.98647   -0.01039   23.56598   23.15182    0.01706    0.00942    6.15115   -0.41948   -2.76645   -4.80563    2.00000
 179.99152    0.03210   23.12582   22.77574    0.03320    0.01833    8.65986    2.42504   -0.28011   -1.65757    2.00000
 180.07018    0.10318   23.47206   23.07236    0.12479    0.06887    6.55122   -2.37422   -2.33604   -7.39131    2.00000
 179.97691    0.09199   23.31183   22.93666    0.09484    0.05235    7.40814    0.87029   -2.50195   -4.45503    2.00000
 179.99384    0.02691   23.23029   22.86658    0.02761    0.01524    7.95329   -2.76115    0.00401    1.80820    2.00000
 179.98605    0.01362   23.30095   22.92744    0.01949    0.01076    7.47988   -0.79695    1.98457    3.04348    2.00000
 180.05949    0.05617   23.21322   22.85176    0.08182    0.04516    8.06855    5.73473   -1.38583   -2.91448    2.00000
 180.05408    0.01104   23.69622   23.26028    0.05518    0.03046    5.60509    0.30481   -1.84889   -3.77613    2.00000
 180.00870   -0.01941   21.42938   21.20702    0.02127    0.01174   33.43117   -4.04331    3.08581   -0.07758    2.00000
 180.06606   -0.05907   22.80473   22.49209    0.08862    0.04891   10.89881   -1.54439    0.71427   -3.04472    2.00000
 180.00929   -0.03758   23.35810   22.97586    0.03871    0.02136    7.10325   -1.31643    1.93586    1.58687    2.00000
 179.93668    0.04217   23.82471   23.36649    0.07609    0.04199    5.07038   -2.48114   -3.46747   -4.09803    2.00000
 180.00665   -0.01524   22.55933   22.27209    0.01663    0.00918   13.51848   -1.07535    0.43913   -1.65619    2.00000
 180.60542    0.05596   23.83900   23.37828    0.60802    0.33559    5.01101   -5.23206   -3.61829  -11.90989    2.00000
 180.00195   -0.07949   22.46769   22.18861    0.07951    0.04388   14.51250    2.27625   -0.62736    1.34410    2.00000
 180.01566   -0.00292   22.83240   22.51682    0.01592    0.00879   10.67380   -3.83808   -0.92638   -3.81120    2.00000
 179.95076    0.04817   23.54503   23.13410    0.06888    0.03802    6.24035   -0.21195    4.31331    6.77269    2.00000
 179.99503   -0.10133   22.30269   22.03696    0.10145    0.05599   16.31837    1.00577   -0.62669    0.04485    2.00000
 180.07054    0.05697   22.64800   22.35177    0.09067    0.05004   12.56964   -4.55666    3.27729   -0.55317    2.00000
 179.82146    0.08151   22.25642   21.99443    0.19627    0.10833   16.85829   -3.43434   -0.70698   -5.67261    2.00000
 179.58981   -0.13618   20.62539   20.18016    0.43220    0.23855   74.09747    3.07642   -1.06190    2.20193    2.00000
 180.04695    0.04297   21.83987   21.60725    0.06364    0.03513   23.80132    1.54884   -3.88912   -2.18038    2.00000
 179.91356   -0.02351   21.21108   20.97615    0.08958    0.04944   39.77065   -4.23697    0.73259   -2.89417    2.00000
 179.97008    0.09299   22.37492   22.10349    0.09769    0.05391   15.52610    3.71542    0.97337    3.99689    2.00000
 179.94321   -0.01888   23.56598   23.15182    0.05985    0.03303    6.15115   -6.51763    1.75847   -5.48014    2.00000
 179.93419   -0.14428   23.66628   23.23548    0.15858    0.08752    5.72993   10.01591   -0.05887   12.52275    2.00000
 180.22604   -0.68830   23.34994   22.96895    0.72446    0.39987    7.15705    0.72147    0.46012    0.04102    2.00000
 180.04585    0.01694   23.18640   22.82847    0.04889    0.02699    8.24966   -1.33818    6.29259    7.36170    2.00000
 180.04993   -0.08144   22.81221   22.49878    0.09553    0.05272   10.81914   -3.15943   -0.65170   -2.68895    2.00000
 179.70058   -0.31260   22.23586   21.97553    0.43286    0.23891   17.19721    6.53019   -1.95187    4.55172    2.00000
 180.07484   -0.10583   23.70932   23.27113    0.12962    0.07154    5.55047   -1.64788    0.51123   -4.24040    2.00000
 180.03995    0.01394   23.31183   22.93666    0.04231    0.02335    7.40814    3.38430   -3.06022    2.83578    2.00000
 180.16376   -0.08740   22.27698   22.01333    0.18562    0.10245   16.59969   -2.47865    0.29238   -4.59844    2.00000
 179.83386    0.12207   23.82471   23.36649    0.20616    0.11379    5.07038    3.36387    4.30381    6.81071    2.00000
 179.97057   -0.01320   22.25128   21.98971    0.03225    0.01780   16.94302    0.07112   -0.57579    1.20770    2.00000
 180.06157   -0.04557   23.17421   22.81789    0.07659    0.04227    8.33198   -3.89022    3.46386   -8.92174    2.00000
 180.09550   -0.00216   22.27698   22.01333    0.09553    0.05272   16.59969   -0.97910    0.39896    0.28774    2.00000
 180.02470    0.03472   23.55314   23.14096    0.04262    0.02352    6.20581   -0.97253   -0.24172   -1.86503    2.00000
 179.97893    0.00589   23.61257   23.19074    0.02188    0.01208    5.95523   -0.90475   -0.70407   -0.75881    2.00000
 180.02318    0.03346   23.05381   22.71280    0.04070    0.02246    9.14940   -4.66347    2.27253   -7.13497    2.00000
 180.09167   -0.01083   22.99857   22.66445    0.09231    0.05095    9.52549   -4.31170    0.03366   -4.66196    2.00000
 180.00008   -0.00004   23.81042   23.35469    0.00008    0.00004    5.12976   -0.98142    1.06676    3.35443    2.00000
 179.90852    0.00478   22.01740   21.77310    0.09160    0.05055   20.82730   -1.27505    1.33911   -1.43542    2.00000
 179.71564   -0.07133   22.31491   22.04821    0.29317    0.16181   16.18439   -1.66950    1.90403    1.40948    2.00000
 179.89577    0.04040   22.92108   22.59586    0.11179    0.06170   10.05901   -1.91888    2.64032   -1.11540    2.00000
 179.91327   -0.05210   23.50449   23.09980    0.10117    0.05584    6.41306    1.59103   -1.55250    0.50456    2.00000
 179.95647    0.00669   23.02740   22.68972    0.04405    0.02431    9.32889   -8.72676   -3.67063  -17.76355    2.00000
 179.94341   -0.05156   23.14984   22.79673    0.07657    0.04226    8.49659   -1.34607   -0.55806   -0.44329    2.00000
 179.88806   -0.00610   23.32816   22.95050    0.11211    0.06187    7.30053   -2.29062   -0.75992   -0.22963    2.00000
 180.09840   -0.01690   21.13056   20.88130    0.09985    0.05511   43.32512    2.29208   -0.93592    1.65427    2.00000
 180.27148   -0.42951   23.76279   23.31538    0.50812    0.28045    5.32768   -8.11885   -0.07246   -2.94506    2.00000
 179.87955   -0.02561   22.78477   22.47425    0.12315    0.06797   11.11126   -1.72092   -1.37300   -3.20561    2.00000
 180.05016    0.02289   22.15862   21.90460    0.05513    0.03043   18.46909    2.37243   -0.06496    3.65277    2.00000
 180.12837    0.02964   22.35811   22.08801    0.13175    0.07272   15.71042    2.58646    3.47317    6.48490    2.00000
 179.95279    0.04374   20.79133   20.38459    0.06435    0.03552   63.56253    0.33150   -0.44162   -0.20639    2.00000
 179.92673    0.11418   22.32451   22.05705    0.13567    0.07488   16.07906   -0.69685    0.46523   -0.60504    2.00000
 179.99985    0.03610   23.79375   23.34094    0.03610    0.01992    5.19903    0.16138   -1.68298   -4.52430    2.00000
 179.85921    0.14037   20.00255   19.51239    0.19881    0.10973  116.73021   -6.01190    0.97858   -4.93373    2.00000
 179.95593   -0.00194   22.13780   21.88557    0.04410    0.02434   18.81038    1.99748   -3.00122   -1.13862    2.00000
 180.34088   -0.06527   23.10661   22.75895    0.34707    0.19156    8.79040   -2.98471   -1.93787   -3.76097    2.00000
 179.86295    0.09016   22.79225   22.48094    0.16404    0.09054   11.03159   -1.51192    1.44137    0.45462    2.00000
 179.96233    0.03824   22.58280   22.29318    0.05369    0.02963   13.26732    0.31894   -1.60649   -0.43915    2.00000
 180.03134    0.00450   23.60293   23.18268    0.03166    0.01747    5.99576   -1.05267   -2.98071   -6.77358    2.00000
 180.00230   -0.09603   22.91065   22.58656    0.09606    0.05302   10.13134   -0.65987    2.41879    1.15484    2.00000
 180.01534   -0.00494   23.52071   23.11352    0.01612    0.00890    6.34397   -1.50081   -3.79677   -0.55374    2.00000
 180.02211   -0.09100   23.73551   23.29283    0.09365    0.05169    5.44123   -3.68215   -1.57416   -3.29623    2.00000
 180.00301   -0.10258   20.99904   20.71185    0.10262    0.05664   49.67553    1.37719   -0.26242    1.41407    2.00000
 179.94414    0.03263   22.99103   22.65783    0.06470    0.03571    9.57694   -5.42756    0.53858   -4.88748    2.00000
 180.02589    0.00377   21.35635   21.13240    0.02618    0.01445   35.39392   -0.25798   -0.64292   -0.30108    2.00000
 180.10390   -0.00031   23.28734   22.91591    0.10389    0.05734    7.56956    4.85704   -0.14646    9.90992    2.00000
 179.93172   -0.02797   21.97629   21.73482    0.07379    0.04073   21.51361   -1.92498   -0.39121   -1.98844    2.00000
 179.98038    0.01492   21.93245   21.69400    0.02466    0.01361   22.24568    7.81916   -0.51138    7.29524    2.00000
 179.97362   -0.00116   21.93245   21.69400    0.02642    0.01458   22.24568   -4.09655    1.21643   -3.15529    2.00000
 179.90627   -0.16862   22.35091   22.08138    0.19292    0.10648   15.78942    6.22147   -1.30633    5.46811    2.00000
 180.05667    0.03697   22.20501   21.94718    0.06766    0.03735   17.70559    0.39985   -1.91409   -1.78031    2.00000
 180.03563    0.02897   21.79360   21.56387    0.04593    0.02535   24.57914    1.47003    0.87060    2.52336    2.00000
 179.97438    0.05492   23.44773   23.05177    0.06060    0.03345    6.65484   -0.73200    3.59851    5.60101    2.00000
 180.02686   -0.04313   22.23329   21.97317    0.05081    0.02804   17.23957    0.54568   -1.94566   -0.37306    2.00000
 179.51125    0.21468   23.83900   23.37828    0.53382    0.29464    5.01101   -2.77243    3.62889    6.07240    2.00000
 179.62961   -0.02787   23.12342   22.77364    0.37144    0.20501    8.67618    4.63894    0.48011    1.58342    2.00000
 179.83125   -0.01717   23.21810   22.85599    0.16962    0.09362    8.03562   -1.33877   -1.75989   -1.09570    2.00000
 180.02278    0.07237   23.18397   22.82636    0.07587    0.04187    8.26612   -3.74785   -1.34028   -4.30738    2.00000
 179.80688   -0.05699   22.73986   22.43410    0.20136    0.11113   11.58928    0.72864    2.38425    3.91430    2.00000
 179.98135    0.03391   23.42881   23.03577    0.03870    0.02136    6.73544    4.36095   -3.79374    1.88485    2.00000
 179.97929   -0.06587   22.49113   22.20997    0.06905    0.03811   14.25819   -1.39915   -1.00297   -3.32548    2.00000
 180.10619    0.01271   23.41253   23.02198    0.10694    0.05902    6.80485   -3.73938    0.10599   -4.88594    2.00000
 179.97882   -0.00621   23.02500   22.68763    0.02207    0.01218    9.34521    4.01424    0.13410    3.01658    2.00000
 180.00475   -0.03493   23.28190   22.91130    0.03525    0.01945    7.60543   -0.79007   -1.82921   -0.25227    2.00000
 180.09654   -0.04807   22.23586   21.97553    0.10784    0.05952   17.19721    3.97404    1.16374    5.01875    2.00000
 180.01286   -0.08419   23.22298   22.86023    0.08517    0.04701    8.00269   -4.01046   -1.36885   -3.63000    2.00000
 179.92223    0.02908   21.52220   21.30184    0.08304    0.04583   30.93708    8.02284   -1.44059    5.84269    2.00000
 179.99179    0.14100   20.94785   20.63533    0.14124    0.07795   52.54323   -0.14108   -4.43349   -4.84408    2.00000
 179.97272   -0.07104   22.28727   22.02278    0.07610    0.04200   16.48716   -1.50792   -3.91609   -4.44316    2.00000
 180.03050    0.01639   23.36626   22.98278    0.03462    0.01911    7.04944    3.66793   -0.79531    5.64903    2.00000
 180.16689   -0.10108   23.81280   23.35666    0.19510    0.10768    5.11986   -4.09566   -3.44166   -0.98320    2.00000
 179.96587    0.00935   23.63345   23.20818    0.03540    0.01954    5.86740   -3.81669   -3.09697   -7.71937    2.00000
 179.97380   -0.00636   21.12608   20.87586    0.02696    0.01488   43.52911    3.70258    0.78570    3.96767    2.00000
 179.73761   -0.01253   22.50753   22.22492    0.26269    0.14499   14.08017    1.62560   -0.39846   -2.36124    2.00000
 179.99059   -0.16100   23.30639   22.93205    0.16128    0.08901    7.44401   -0.19473    0.59704    0.85152    2.00000
 179.96571    0.02061   23.52611   23.11809    0.04000    0.02208    6.32095    2.01284    2.11595    5.66573    2.00000
 180.01730    0.03419   20.06250   19.57529    0.03832    0.02115  112.42845   -5.22259   -1.52593   -6.59397    2.00000
 180.06349   -0.01556   21.20208   20.96570    0.06537    0.03608   40.16234    2.65551   -1.76064    0.90617    2.00000
 180.02425    0.02611   22.18702   21.93064    0.03563    0.01966   18.00214   -3.29238   -0.16087   -4.71164    2.00000
 180.02579   -0.00536   22.85327   22.53541    0.02634    0.01454   10.52914    1.78011   -3.86725   -1.50015    2.00000
 180.00241   -0.00279   23.28462   22.91361    0.00369    0.00204    7.58749   -0.40160   -0.13384    2.05894    2.00000
 180.01573    0.00242   22.74485   22.43856    0.01592    0.00879   11.53617   11.96465   -2.21268    8.42012    2.00000
 179.98837   -0.13546   22.56976   22.28146    0.13596    0.07504   13.40685   -0.92053   -1.58175   -1.59945    2.00000
 179.99364   -0.00176   22.91587   22.59121    0.00661    0.00365   10.09518   -1.72965    1.53197   -0.24527    2.00000
 180.01987   -0.00469   22.14766   21.89459    0.02041    0.01126   18.64872   -2.20605   -1.36865   -1.74900    2.00000
 179.97025   -0.01604   22.96841   22.63799    0.03381    0.01866    9.73130    2.97973   -1.44746    3.26954    2.00000
 180.01038    0.04815   23.08741   22.74217    0.04926    0.02719    8.92095    3.27393    1.91342    6.39002    2.00000
 179.91800   -0.03629   20.60026   20.15144    0.08967    0.04949   75.57794   -0.94985    0.15120   -0.80627    2.00000
 179.95035   -0.03642   23.44773   23.05177    0.06158    0.03399    6.65484    3.56082   -1.98945    0.86328    2.00000
 180.01022    0.00541   23.62864   23.20415    0.01157    0.00638    5.88767    2.15381    0.53664   -0.04098    2.00000
 180.08752    0.04701   22.96020   22.63073    0.09935    0.05483    9.78778    6.16223    0.30973    7.37124    2.00000
 179.85374   -0.03356   22.86370   22.54471    0.15005    0.08282   10.45681    6.64494    0.91084    5.51016    2.00000
 179.97055   -0.01697   23.41525   23.02428    0.03399    0.01876    6.79324    0.92821   -1.69916   -3.31453    2.00000
 180.05963   -0.07857   23.44773   23.05177    0.09864    0.05444    6.65484   -0.21413    1.11205    1.03876    2.00000
 179.95444    0.02327   23.69435   23.25873    0.05116    0.02824    5.61289   -0.35390   -2.27983  -11.20558    2.00000
 180.00266   -0.00101   23.70744   23.26958    0.00284    0.00157    5.55827    1.51650   -0.72470   -3.93421    2.00000
 179.97639    0.00117   22.92108   22.59586    0.02364    0.01305   10.05901   -3.05950   -1.16914   -5.22208    2.00000
 179.96770    0.00740   21.89702   21.66083    0.03314    0.01829   22.84048    1.42443   -2.55466   -2.00514    2.00000
 180.08244    0.08946   20.87361   20.51219    0.12166    0.06714   57.15837    0.13004    2.01603    2.50543    2.00000
 179.94801   -0.05856   22.05577   21.80882    0.07831    0.04322   20.18674    1.40988    4.44228    6.31591    2.00000
 180.10139    0.14508   23.56919   23.15450    0.17701    0.09769    6.13764   -4.40298   -1.32958   -5.09204    2.00000
 180.04727   -0.06716   22.70244   22.40065    0.08212    0.04533   11.98763    1.09145   -2.85575   -1.09616    2.00000
 180.01485   -0.00613   21.47372   21.25232    0.01607    0.00887   32.23949    1.34594   -1.74759   -0.98938    2.00000
 179.97830   -0.03126   22.59584   22.30490    0.03805    0.02100   13.12778   -5.10945   -2.33101   -9.18316    2.00000
 180.01096    0.07664   22.86892   22.54936    0.07742    0.04273   10.42065   -0.17992   -0.56685    2.35367    2.00000
 179.86012   -0.04814   22.09149   21.84249    0.14792    0.08164   19.58293    0.63663   -6.90018   -7.09673    2.00000
 180.03976    0.02293   21.53197   21.31182    0.04590    0.02533   30.67459   -8.24850    0.17523   -8.12073    2.00000
 179.97624    0.05452   23.30367   22.92975    0.05947    0.03282    7.46195    1.79329    0.75266    2.47973    2.00000
 179.99387   -0.09573   21.96533   21.72462    0.09592    0.05294   21.69663   -5.86279    0.94185   -5.86170    2.00000
 179.98485   -0.00973   23.24736   22.88139    0.01801    0.00994    7.83804   -2.75978    4.12325    1.39612    2.00000
 180.09312    0.44259   22.92369   22.59818    0.45228    0.24963   10.04093   -0.84996   -2.83308   -6.09465    2.00000
 180.03632    0.03020   21.82898   21.59704    0.04723    0.02607   23.98433    1.47721   -0.62975    1.21236    2.00000
 179.98051   -0.02711   23.06341   22.72119    0.03339    0.01843    9.08412    6.85524   -0.83543    7.46364    2.00000
 180.06296    0.04758   21.48415   21.26298    0.07891    0.04355   31.95910   -1.42157    4.37755    2.24057    2.00000
 179.96529   -0.01594   23.57080   23.15585    0.03820    0.02108    6.13088   -0.83814   -2.02366   -4.10945    2.00000
 180.00581   -0.05869   23.45044   23.05406    0.05898    0.03255    6.64333   -4.61907    0.78442   -6.53223    2.00000
 180.00264    0.02668   23.58687   23.16926    0.02681    0.01480    6.06332   -2.26815    0.63657   -3.42562    2.00000
 180.01115   -0.01130   21.15296   20.90852    0.01588    0.00876   42.30516   -0.81962    1.84752    1.29424    2.00000
 180.01393   -0.05323   22.75982   22.45194    0.05502    0.03037   11.37683   -2.02046    3.17312    0.94716    2.00000
 180.02963    0.04817   21.64510   21.42099    0.05655    0.03121   27.80285   -5.29863    4.46810   -0.38693    2.00000
 179.99393    0.02706   23.04661   22.70651    0.02774    0.01531    9.19835    2.21871   -2.04141   -2.01460    2.00000
 180.00095    0.04677   19.16007   18.62816    0.04678    0.02582  202.76649   -0.66295    1.52091    0.88621    2.00000
 179.95827    0.07381   23.36082   22.97817    0.08479    0.04680    7.08531    2.18588   -2.78637   -5.69458    2.00000
 179.95467    0.02866   18.01938   18.02866    0.05362    0.02960  281.86465   -1.76279    2.26632    0.50759    2.00000
 180.02795   -0.03190   21.13205   20.88312    0.04241    0.02341   43.25712   -2.85766   -1.82337   -4.25727    2.00000
 180.03143   -0.20801   21.07544   20.81426    0.21037    0.11611   45.83775    0.93592    2.16372    3.65865    2.00000
 179.99197   -0.01204   21.85892   21.62511    0.01447    0.00799   23.48104   -4.40970   -2.94040   -7.14430    2.00000
 180.03162   -0.01072   23.42611   23.03348    0.03338    0.01842    6.74695    5.59547    0.22660    2.69647    2.00000
 179.98967    0.11269   23.48827   23.08608    0.11316    0.06245    6.48214    3.13733   -2.66997   -2.00567    2.00000
 179.96738   -0.01981   23.62703   23.20281    0.03816    0.02106    5.89443   -1.87353    2.08631    7.42227    2.00000
 180.04083    0.21199   20.63465   20.19075    0.21589    0.11916   73.55204    5.76732   -1.21896    4.67720    2.00000
 179.99272   -0.09448   22.60888   22.31662    0.09476    0.05230   12.98825   -1.89038   -1.87867   -4.82248    2.00000
 179.99059   -0.27080   22.99642   22.66256    0.27096    0.14955    9.54019   -9.67535    1.18440   -8.34774    2.00000
 180.03899    0.09018   22.74485   22.43856    0.09824    0.05422   11.53617   -0.83344   -2.85655   -6.63787    2.00000
 179.99940   -0.02927   22.92630   22.60050    0.02927    0.01616   10.02285   -2.12126   -2.13262   -4.40008    2.00000
 180.03790    0.04277   22.43722   22.16085    0.05715    0.03154   14.84311   -9.61332    1.75237   -8.88171    2.00000
 180.05377    0.08802   22.28727   22.02278    0.10314    0.05692   16.48716    0.54348   -0.93186   -0.85784    2.00000
 179.99512   -0.02858   20.53608   20.07996    0.02899    0.01600   79.26162   -2.40905    0.97598   -1.61805    2.00000
 179.97691   -0.00097   22.84805   22.53076    0.02311    0.01275   10.56531    4.37187    0.77574    2.32053    2.00000
 180.04524   -0.02449   23.15471   22.80096    0.05144    0.02839    8.46370   -7.89417   -1.05326  -14.43072    2.00000
 179.97621    0.04133   22.34611   22.07695    0.04769    0.02632   15.84208   -3.86252   -1.57253   -4.72199    2.00000
 179.99989    0.05323   23.46935   23.07007    0.05323    0.02938    6.56273   -2.99425   -0.44895   -7.65768    2.00000
 180.00464   -0.00490   21.78543   21.55622    0.00675    0.00372   24.71640   -6.42654    4.28800   -2.94456    2.00000
 179.97250   -0.01380   20.66512   20.22663    0.03077    0.01698   71.70315   -1.69832   -2.14928   -3.69250    2.00000
 179.80699    0.18017   23.09941   22.75266    0.26404    0.14573    8.83936    0.09185   -2.18459   -1.62720    2.00000
 179.94267    0.06753   21.49910   21.27825    0.08858    0.04889   31.55753   -2.34963    2.98336    1.14548    2.00000
 179.92056   -0.01200   21.91335   21.67614    0.08033    0.04434   22.56596    1.47705   -2.10383   -0.62912    2.00000
 180.01334    0.00099   18.06479   18.09685    0.01338    0.00739  272.47189   -4.03675   -0.70182   -4.71237    2.00000
 179.98010    0.02850   23.21078   22.84964    0.03475    0.01918    8.08501    5.06298    1.48526    1.51523    2.00000
 180.11774   -0.02529   21.99822   21.75524    0.12041    0.06646   21.14758    4.29204   -0.83701    3.07101    2.00000
 180.07642    0.00842   23.34177   22.96203    0.07687    0.04243    7.21086   -1.02473    2.93505   -0.73126    2.00000
 179.96992   -0.03941   23.20347   22.84329    0.04958    0.02736    8.13441    1.89561    1.21818    3.44079    2.00000
 180.00787    0.00901   21.69008   21.46437    0.01196    0.00660   26.66188    1.65548    3.69640    6.02734    2.00000
 179.95705   -0.16778   23.69809   23.26183    0.17319    0.09559    5.59729    2.97710   -1.54397    1.32531    2.00000
 180.07494   -0.13936   23.49098   23.08836    0.15823    0.08733    6.47062   -3.50804   -2.13838   -5.66014    2.00000
 179.90636   -0.00338   22.48644   22.20570    0.09370    0.05172   14.30905    0.22195    0.30173    2.25476    2.00000
 179.95625   -0.01125   23.69248   23.25718    0.04516    0.02493    5.62070    3.09453    1.11683    6.62598    2.00000
 179.96434   -0.05493   22.45597   22.17793    0.06550    0.03615   14.63966   -3.32303    2.95660   -0.36862    2.00000
 180.04849    0.06065   22.17417   21.91883    0.07765    0.04285   18.21397    1.47410   -2.90754   -1.01894    2.00000
 179.95349    0.23680   22.02562   21.78075    0.24132    0.13319   20.69004    0.77436    0.82959    1.51536    2.00000
 179.97438    0.02822   23.74674   23.30213    0.03811    0.02104    5.39442   -4.54034    0.71655   -5.10259    2.00000
 179.98518   -0.01983   20.47859   20.01755    0.02474    0.01366   82.47774    2.61511   -2.94859    0.04321    2.00000
 179.97935    0.01680   23.26442   22.89621    0.02662    0.01469    7.72278   -4.53578    2.34211   -1.40395    2.00000
 179.98933    0.14764   21.73771   21.51029    0.14802    0.08170   25.53997   -5.74132    2.55647   -3.19652    2.00000
 180.12633    0.18565   22.15753   21.90360    0.22455    0.12394   18.48706   -0.69597    0.94752    0.02837    2.00000
 179.91721    0.11649   23.73551   23.29283    0.14291    0.07888    5.44123    1.51568    2.97964    0.22533    2.00000
 180.01427    0.00598   22.86631   22.54704    0.01547    0.00854   10.43873    1.69998   -1.66060   -3.21797    2.00000
 179.97316    0.02358   23.38259   22.99661    0.03573    0.01972    6.94184   -0.65290    1.10825    1.12635    2.00000
 179.95602    0.03669   23.18397   22.82636    0.05726    0.03161    8.26612    1.74773   -3.44084   -0.74129    2.00000
 180.06006    0.01571   20.84969   20.47208    0.06208    0.03427   59.05396   -6.05576    1.07340   -4.77700    2.00000
 180.03416   -0.01779   23.11381   22.76525    0.03852    0.02126    8.74145   -1.30624   -1.46629   -2.38051    2.00000
 180.01128    0.00537   23.43422   23.04034    0.01249    0.00690    6.71241    5.70180   -0.35042    2.33666    2.00000
 180.16415    0.11531   21.32549   21.09962    0.20061    0.11072   36.25617   -1.33142   -0.11075   -1.15046    2.00000
 180.04230    0.04893   22.81720   22.50324    0.06467    0.03569   10.77940    0.69448    0.84155    0.44823    2.00000
 179.99226    0.02309   23.00719   22.67201    0.02435    0.01344    9.46669    0.71885    1.08844    1.41699    2.00000
 179.84053   -0.13647   22.27184   22.00861    0.20989    0.11584   16.65595   -5.63247    3.68475   -1.27062    2.00000
 180.30492   -0.22251   21.24864   21.01775    0.37747    0.20834   38.40983   -2.03379    1.28402   -1.00558    2.00000
 180.09206    0.09571   22.93934   22.61213    0.13279    0.07329    9.93244   -5.10548   -0.98031   -2.96529    2.00000
 179.90919   -0.04434   23.55314   23.14096    0.10106    0.05578    6.20581    0.31273    2.50354    4.22747    2.00000
 179.64536    0.12157   22.25385   21.99207    0.37490    0.20692   16.90065    5.57474   -0.58850    4.57779    2.00000
 180.15533    0.00826   21.75359   21.52560    0.15555    0.08585   25.26545   -0.94408   -0.77237   -0.98419    2.00000
 180.02405    0.01562   22.67930   22.37990    0.02868    0.01583   12.23476   -0.01004    2.19925    1.51946    2.00000
 180.17693    0.06528   22.62975   22.33537    0.18858    0.10408   12.76499    1.68098   -1.50829   -1.91865    2.00000
 179.98589    0.08019   21.90246   21.66593    0.08143    0.04494   22.74897   -1.51969    0.40845   -1.96338    2.00000
 179.99194   -0.00476   21.68744   21.46181    0.00936    0.00517   26.72900    0.62094   -0.69172    0.14800    2.00000
 180.02078   -0.01963   22.50753   22.22492    0.02859    0.01578   14.08017    1.23702    0.86785    1.18701    2.00000
 179.99054   -0.05086   23.50719   23.10209    0.05173    0.02855    6.40154   -4.20962    0.30956   -1.71601    2.00000
 179.87285    0.08564   22.50753   22.22492    0.15330    0.08461   14.08017   -4.46092   -4.87721  -10.54833    2.00000
 179.98602    0.04708   22.37252   22.10128    0.04911    0.02710   15.55244    1.29938   -0.42227    1.79862    2.00000
 180.01682    0.12254   22.74236   22.43633    0.12369    0.06826   11.56272   -0.32618   -1.76379   -0.22076    2.00000
 180.19846   -0.10515   22.26413   22.00152    0.22459    0.12396   16.74035   -1.82045    1.80049    0.30620    2.00000
 179.94724    0.03817   23.82709   23.36845    0.06513    0.03595    5.06049    3.05649    1.24773    8.16474    2.00000
 180.17525    0.01324   21.80993   21.57918    0.17575    0.09700   24.30461    2.32003    1.02241    3.80369    2.00000
 180.07803    0.06846   22.85327   22.53541    0.10381    0.05730   10.52914    5.74646   -0.25546    4.31109    2.00000
 180.08617   -0.04726   23.00934   22.67390    0.09828    0.05424    9.45199   -2.69548    1.64510   -2.08319    2.00000
 180.32700   -0.10079   22.44191   22.16512    0.34218    0.18886   14.79225    5.48800   -3.83909    3.07632    2.00000
 179.92340   -0.14485   22.95760   22.62840    0.16385    0.09043    9.80587    0.65016   -4.20462   -2.08143    2.00000
 180.13338    0.06168   22.09536   21.84618    0.14695    0.08110   19.51684   -0.25975    3.57841    2.87930    2.00000
 179.96123   -0.13382   23.51260   23.10666    0.13932    0.07690    6.37852    1.58330   -1.03101    3.98452    2.00000
 179.97932    0.02877   22.32451   22.05705    0.03542    0.01955   16.07906   -2.58728   -4.31177   -6.95255    2.00000
 180.02686   -0.13716   21.34369   21.11902    0.13977    0.07714   35.74609    1.62507    0.37295    2.68598    2.00000
 179.95116   -0.09951   20.00485   19.51481    0.11085    0.06118  116.56476   -0.90296    2.78784    1.95437    2.00000
 179.91962    0.07001   22.67409   22.37521    0.10660    0.05884   12.29058    5.67816   -2.10140    1.58082    2.00000
 179.96277   -0.01988   23.11141   22.76315    0.04221    0.02330    8.75777   -3.80492    0.12460   -2.42344    2.00000
 180.02583   -0.01552   18.01668   18.02707    0.03014    0.01663  282.08438    2.78811   -0.61032    2.13548    2.00000
 180.06535   -0.03477   20.17589   19.69470    0.07403    0.04086  104.26195    2.27758    3.48139    5.96097    2.00000
 179.93347    0.00311   18.91714   18.36947    0.06660    0.03676  234.92017   -1.33125    1.97824    0.68715    2.00000
 180.22984    0.05458   23.74300   23.29903    0.23624    0.13038    5.41002   -2.81297   -3.85013  -14.73824    2.00000
 180.04559   -0.02715   22.46300   22.18434    0.05307    0.02929   14.56336    2.98701   -0.95567    2.79783    2.00000
 179.98288    0.01306   22.36532   22.09464    0.02154    0.01189   15.63143   -1.30944   -0.06266   -0.19316    2.00000
 179.96648   -0.04242   21.33156   21.10609    0.05407    0.02984   36.08614    0.22510   -1.10539   -1.09802    2.00000
 179.95467    0.01942   20.99800   20.71032    0.04932    0.02722   49.73290   -2.80433    0.97261   -1.38127    2.00000
 180.10316   -0.01639   23.68686   23.25253    0.10446    0.05765    5.64410    4.72614   -2.29037    4.68380    2.00000
 179.95367    0.02113   23.23517   22.87081    0.05092    0.02811    7.92036   -0.66459    1.41766   -1.54254    2.00000
 180.11951   -0.03502   22.16630   21.91162    0.12452    0.06873   18.34335   -3.69298   -3.61379   -6.27976    2.00000
 179.93253    0.05898   22.93151   22.60515    0.08962    0.04946    9.98668   -1.02553    1.11388    2.98885    2.00000
 179.88103    0.35976   22.07444   21.82627    0.37892    0.20914   19.87372   -2.85413    2.92939   -1.03903    2.00000
 179.98410    0.02064   22.88457   22.56331    0.02605    0.01438   10.31216   -2.02055   -1.23634   -1.11191    2.00000
 180.02705    0.01125   23.09461   22.74846    0.02930    0.01617    8.87199    2.62985    3.41681    5.60329    2.00000
 180.01479    0.01264   17.11115   16.46277    0.01944    0.01073  620.61993    3.92683   -2.33263    1.60618    2.00000
 179.98599    0.02679   23.58205   23.16524    0.03022    0.01668    6.08359    1.25842    0.09544    5.61308    2.00000
 179.89732    0.02876   23.07781   22.73378    0.10663    0.05885    8.98622    1.27263   -0.39173   -0.15176    2.00000
 179.94821    0.03472   18.25597   17.65914    0.06235    0.03441  343.94724   -2.25118    0.50651   -1.73238    2.00000
 180.01801    0.12041   23.23029   22.86658    0.12174    0.06719    7.95329   -1.95470   -1.29682   -3.74331    2.00000
 179.95889    0.01592   23.16934   22.81366    0.04409    0.02433    8.36491    0.35057    4.50909    0.70163    2.00000
 179.98045   -0.02399   23.04421   22.70441    0.03095    0.01708    9.21467    0.68555   -3.52336    0.57148    2.00000
 180.00542    0.00482   23.39076   23.00353    0.00724    0.00400    6.89772    3.03133    1.05105    4.70181    2.00000
 179.92767    0.11019   23.48557   23.08379    0.13180    0.07274    6.49365    3.30285   -1.12917   -0.78730    2.00000
 180.40363    0.47915   23.09701   22.75056    0.62649    0.34578    8.85567    3.28704   -0.61733   -1.43672    2.00000
 179.95285   -0.04493   23.70932   23.27113    0.06513    0.03595    5.55047    4.73754    0.54700    6.24078    2.00000
 179.98302    0.04900   23.25223   22.88563    0.05186    0.02862    7.80511   -0.51019   -2.25029    1.06172    2.00000
 180.00049   -0.05725   23.67751   23.24478    0.05725    0.03160    5.68312   -3.44348    6.25809   10.25672    2.00000
 179.97826   -0.47901   23.78184   23.33111    0.47950    0.26465    5.24851   10.39567   -0.75942    7.65667    2.00000
 179.98103   -0.06327   20.81079   20.41096    0.06605    0.03646   62.20385   -1.12636    2.62366    1.55345    2.00000
 179.97150    0.16752   22.22044   21.96136    0.16993    0.09379   17.45140    1.71284   -0.48620    2.34147    2.00000
 180.00346   -0.01753   20.95538   20.64755    0.01787    0.00986   52.08529    0.08145   -1.66357   -1.44028    2.00000
 179.99806   -0.03648   21.97081   21.72972    0.03653    0.02016   21.60512   -5.94672    0.64118   -5.87252    2.00000
 180.00647   -0.02934   22.94977   22.62143    0.03005    0.01658    9.86011   -3.19132   -3.75447   -7.89720    2.00000
 179.99599   -0.01388   23.71867   23.27888    0.01445    0.00797    5.51146   -2.51329   -0.72086   -6.69467    2.00000
 179.94257   -0.00012   23.64149   23.21489    0.05744    0.03170    5.83362    0.99088   -0.00871    5.03515    2.00000
 180.03043    0.06209   23.69809   23.26183    0.06915    0.03816    5.59729    0.39969   -4.30850   -5.28210    2.00000
 180.03549    0.05287   22.81969   22.50547    0.06368    0.03515   10.76205   -0.56095    1.46004    2.84569    2.00000
 179.88461   -0.13665   22.97487   22.64366    0.17886    0.09872    9.68720    3.64494   -0.15485    2.72087    2.00000
 180.08733   -0.07914   22.75483   22.44748    0.11785    0.06504   11.42994    3.25773    0.09357    4.01520    2.00000
 180.01244    0.19190   23.78899   23.33700    0.19230    0.10614    5.21882    4.53385   -2.71136    5.17447    2.00000
 180.04495    0.04009   22.09846   21.84912    0.06024    0.03325   19.46397   -3.03339   -2.57416   -4.77858    2.00000
 179.98444    0.03619   21.36157   21.13773    0.03939    0.02174   35.25373    5.08756   -0.16499    4.66435    2.00000
 179.99110    0.01364   22.98564   22.65311    0.01629    0.00899    9.61369    0.17938   -1.29087    4.18835    2.00000
 180.20747    0.12680   22.22301   21.96372    0.24316    0.13421   17.40903    4.70675   -1.47088    2.13996    2.00000
 180.01088    0.03721   23.75327   23.30752    0.03877    0.02140    5.36726    2.42141    1.98331    9.79309    2.00000
 180.09526   -0.17809   22.65844   22.36115    0.20197    0.11147   12.45802    2.13375    3.50734    9.02125    2.00000
 179.98256    0.01654   16.25835   15.37426    0.02403    0.01327 1042.69299    3.55037    0.65447    4.20955    2.00000
 179.95503   -0.05077   23.15471   22.80096    0.06782    0.03743    8.46370   -2.81964    4.22581   -1.53827    2.00000
 179.97220   -0.04376   23.30639   22.93205    0.05185    0.02862    7.44401   -3.94071   -2.37628   -7.76644    2.00000
 180.04584   -0.00371   22.99426   22.66067    0.04598    0.02538    9.55489    3.66678    3.37178    2.29202    2.00000
 180.07983    0.03885   22.35811   22.08801    0.08879    0.04901   15.71042    4.01098    0.32529    5.06920    2.00000
 180.02777    0.10604   23.75565   23.30949    0.10962    0.06050    5.35737   -2.43033   -2.61654   -4.31837    2.00000
 180.06075   -0.09337   20.84320   20.46189    0.11140    0.06148   59.57894    3.78491   -1.04057    2.63052    2.00000
 179.92931   -0.23995   23.26442   22.89621    0.25015    0.13806    7.72278    2.83215   -0.30998   -1.08551    2.00000
 180.01974    0.06890   21.07681   20.81598    0.07167    0.03956   45.77304   -4.79853    1.33606   -3.30683    2.00000
 180.04745   -0.02894   23.03460   22.69602    0.05558    0.03067    9.27994   -4.40707    0.57902   -2.52819    2.00000
 179.98630    0.02350   21.47111   21.24966    0.02721    0.01502   32.30959   -1.40608    0.32151   -1.02536    2.00000
 180.03323    0.08997   22.15095   21.89759    0.09591    0.05293   18.59483    1.86128   -1.03246    1.37489    2.00000
 180.01645   -0.05121   23.68125   23.24788    0.05379    0.02969    5.66751   -1.84259    0.06936    7.07985    2.00000
 180.01591   -0.04258   23.06101   22.71909    0.04546    0.02509    9.10044    2.83255    1.00826    5.18075    2.00000
 179.89679   -0.11725   22.76231   22.45417    0.15620    0.08621   11.35027   -5.42523    0.29792   -5.16680    2.00000
 180.01762    0.00254   23.68873   23.25408    0.01781    0.00983    5.63630   -6.22694    2.04857   -3.53606    2.00000
 179.97626   -0.03829   23.49638   23.09294    0.04505    0.02486    6.44760   -5.15523    2.63874   -6.37855    2.00000
 179.91270   -0.10767   22.81470   22.50101    0.13861    0.07650   10.79675    5.93858    0.46313    8.71520    2.00000
 180.01398    0.02226   21.47894   21.25765    0.02628    0.01450   32.09929   -0.97949    0.47639   -1.34492    2.00000
 180.04124    0.02729   23.49368   23.09065    0.04946    0.02730    6.45911   -6.39703    0.20280   -6.69242    2.00000
 179.99203    0.01879   22.61671   22.32365    0.02041    0.01126   12.90453    2.34864   -0.04820    2.43312    2.00000
 179.78462   -0.01487   22.99318   22.65972    0.21589    0.11916    9.56224    1.19152   -3.04283   -4.93241    2.00000
 179.98158    0.03315   21.53019   21.31000    0.03792    0.02093   30.72231   -2.62394   -0.07429   -2.71368    2.00000
 180.01743   -0.00814   22.81720   22.50324    0.01924    0.01062   10.77940    5.90915   -2.95250   -0.62037    2.00000
 180.02269   -0.06884   23.78422   23.33307    0.07248    0.04001    5.23861   -1.79130   -1.13468   -7.63209    2.00000
 179.99689    0.04648   23.77470   23.32521    0.04658    0.02571    5.27820   -2.42427    0.18658   -1.11466    2.00000
 180.06636    0.00487   23.78899   23.33700    0.06654    0.03672    5.21882   -3.53240   -0.80499   -9.87855    2.00000
 180.02831    0.01606   23.07301   22.72958    0.03254    0.01796    9.01885    0.00261   -2.20092   -2.86360    2.00000
 180.00577    0.00043   23.08981   22.74427    0.00578    0.00319    8.90463    0.81629    1.02388    2.53349    2.00000
 180.02690   -0.01942   21.56057   21.33974    0.03318    0.01831   29.94020    0.28731    1.79371    2.97843    2.00000
 179.97946   -0.05892   22.67930   22.37990    0.06240    0.03444   12.23476    3.41485   -4.23730   -4.31409    2.00000
 179.93652   -0.04788   23.72990   23.28818    0.07951    0.04388    5.46464   -3.64240   -0.21941   -4.45989    2.00000
 180.01207    0.01653   23.41253   23.02198    0.02047    0.01130    6.80485   -3.27800    2.41349   -2.44852    2.00000
 179.84700   -0.14261   22.97595   22.64460    0.20916    0.11544    9.67985    6.98693    1.47214    9.19537    2.00000
 180.00545   -0.04177   22.95238   22.62375    0.04212    0.02325    9.84203   -2.71501   -1.60239   -3.68520    2.00000
 180.02007    0.01974   23.60454   23.18403    0.02814    0.01553    5.98901   -4.93123   -0.79076   -3.70412    2.00000
 180.06139    0.04307   23.78422   23.33307    0.07498    0.04138    5.23861    5.83807    3.23570   10.43965    2.00000
 179.99249   -0.01782   20.15282   19.67038    0.01934    0.01068  105.92553    2.78128    2.13886    4.92638    2.00000
 179.96442   -0.03897   22.87413   22.55401    0.05277    0.02913   10.38449   -2.23837    0.19089   -3.10107    2.00000
 180.02580   -0.02511   22.50050   22.21851    0.03601    0.01987   14.15646   -1.63519    0.32436    0.35054    2.00000
 180.05170   -0.03371   23.56919   23.15450    0.06172    0.03406    6.13764   -0.41601    0.02753   -0.13531    2.00000
 179.98517    0.06299   23.51530   23.10895    0.06471    0.03571    6.36700    1.68698   -0.99455   -2.94145    2.00000
 180.03111   -0.03986   23.38532   22.99892    0.05057    0.02791    6.92390   -2.93022   -2.33816   -4.50079    2.00000
 180.01283   -0.01157   16.78602   16.01344    0.01727    0.00953  768.17090   -1.37427   -2.27538   -3.65110    2.00000
 180.10423   -0.03754   23.57241   23.15719    0.11079    0.06115    6.12413   -1.00397   -0.89338   -0.17207    2.00000
 179.94368    0.01541   21.85620   21.62256    0.05839    0.03223   23.52679    2.49096   -4.77750   -0.72144    2.00000
 180.03424    0.13421   23.83661   23.37632    0.13851    0.07645    5.02090   -0.42315   -2.08814   -1.83550    2.00000
 180.04427    0.11586   23.54503   23.13410    0.12403    0.06845    6.24035   -3.18433   -3.00439   -2.41533    2.00000
 179.96365    0.04807   22.44425   22.16725    0.06026    0.03326   14.76681   -2.47825   -2.74367   -3.45348    2.00000
 180.02689    0.01689   23.13782   22.78623    0.03176    0.01753    8.57827    0.50765   -1.03769    0.22038    2.00000
 179.97639    0.02687   23.40709   23.01737    0.03577    0.01974    6.82807   -1.71786    1.45988    5.11746    2.00000
 180.01176   -0.03956   18.05899   17.80122    0.04127    0.02278  319.71481   -4.82136    0.33009   -4.54276    2.00000
 179.87544    0.04417   20.75830   20.34156    0.13215    0.07293   65.78031   -1.69436   -1.88178   -3.83621    2.00000
 180.07144   -0.04293   23.11381   22.76525    0.08334    0.04600    8.74145    2.40414   -2.15453   -2.85086    2.00000
 179.95088    0.04226   22.54737   22.26123    0.06480    0.03576   13.64784    0.33339   -1.05758    0.90717    2.00000
 180.02141   -0.05649   22.36772   22.09686    0.06041    0.03334   15.60510    4.20791   -2.54517    1.25355    2.00000
 179.93108   -0.05093   23.32272   22.94589    0.08570    0.04730    7.33640   -2.65556    0.33762   -1.79724    2.00000
 180.02740   -0.03477   22.99318   22.65972    0.04428    0.02444    9.56224    2.99705    0.16939    0.30008    2.00000
 180.01538   -0.01677   23.13782   22.78623    0.02275    0.01256    8.57827   -7.69124   -4.07566   -5.73222    2.00000
 180.09213   -0.00335   21.53818   21.31817    0.09221    0.05089   30.50754   -5.66319   -2.43816   -8.35555    2.00000
 180.00778   -0.08491   23.09221   22.74637    0.08527    0.04706    8.88831   -2.63712   -2.19327   -2.77450    2.00000
 180.03014    0.12411   23.23029   22.86658    0.12772    0.07049    7.95329   -7.92096    0.91370   -1.24806    2.00000
 180.01431    0.03607   19.68050   19.17524    0.03881    0.02142  146.19991   -3.45081    0.69357   -2.80244    2.00000
 180.14633    0.08679   22.73238   22.42741    0.17013    0.09390   11.66895    0.03355   -2.20777   -3.09652    2.00000
 179.83736    0.34707   22.47706   22.19715    0.38330    0.21155   14.41078    2.11469   -1.57710    0.72311    2.00000
 180.01830   -0.02794   23.80804   23.35273    0.03339    0.01843    5.13965   -2.75242    0.52066   -0.60521    2.00000
 180.52759    0.97384   22.82468   22.50993    1.10756    0.61136   10.72736    3.29942   -0.02993    4.66543    2.00000
 180.09941    0.11234   23.03220   22.69392    0.15000    0.08279    9.29626    1.19126    0.60959    2.29793    2.00000
 180.11049   -0.08626   22.89500   22.57261    0.14017    0.07736   10.23983   -7.36427    1.64545   -2.68387    2.00000
 180.00737   -0.01641   22.28984   22.02514    0.01798    0.00993   16.45903    4.53157   -4.35257    0.21446    2.00000
 180.00618   -0.07832   22.85588   22.53774    0.07856    0.04336   10.51106   -2.73632   -2.51616   -6.34802    2.00000
 180.04787    0.03847   22.01192   21.76799    0.06141    0.03389   20.91881   -1.04572   -0.76898   -1.87324    2.00000
 179.97404   -0.11187   23.15471   22.80096    0.11485    0.06339    8.46370   11.25474    2.57024   21.66960    2.00000
 180.10342    0.05359   21.02304   20.74519    0.11649    0.06430   48.42628   -0.99428   -0.52701   -1.56968    2.00000
 180.03049    0.00813   22.34851   22.07917    0.03154    0.01741   15.81575   -1.67770    2.45658    0.72037    2.00000
 179.97610   -0.01046   23.78422   23.33307    0.02608    0.01439    5.23861   -3.39701    3.00932    0.53809    2.00000
 179.99997    0.00925   21.83714   21.60470    0.00925    0.00510   23.84707    1.56658   -3.19977   -2.11585    2.00000
 180.02750    0.04808   23.13062   22.77993    0.05539    0.03057    8.62723   -2.55914    2.39680   -1.11910    2.00000
 180.09055   -0.14807   22.71242   22.40957    0.17356    0.09579   11.88140    4.39400   -2.33821    4.52173    2.00000
 179.96552   -0.05066   23.76755   23.31931    0.06128    0.03382    5.30789   -2.26093   -0.93372   -9.30475    2.00000
 179.97964    0.03947   23.77232   23.32325    0.04440    0.02451    5.28809    0.72229    1.26489    5.46564    2.00000
 180.05025    0.10527   18.46340   17.88375    0.11665    0.06438  305.63943    0.08193   -0.64464   -0.56336    2.00000
 179.85959    0.13727   22.08219   21.83365    0.19636    0.10838   19.74155   -0.58997    2.66778    1.07403    2.00000
 180.07101    0.06081   23.57883   23.16256    0.09349    0.05160    6.09710   -6.42807    2.53276    0.80982    2.00000
 180.06688   -0.01366   16.55241   15.73505    0.06826    0.03767  881.39484   -1.25837   -0.64355   -1.89533    2.00000
 180.03119    0.02782   22.73737   22.43187    0.04179    0.02307   11.61584    0.81109    1.49108    1.20557    2.00000
 180.01978    0.02889   21.66892   21.44395    0.03501    0.01932   27.19880   -1.16991   -0.27100   -1.42420    2.00000
 180.01070   -0.04466   23.81518   23.35863    0.04593    0.02535    5.10997    4.64256    0.07243    2.14833    2.00000
 179.98439    0.00382   21.56447   21.34348    0.01607    0.00887   29.84176   -1.52965    2.59767    1.38393    2.00000
 179.94315   -0.02705   21.81809   21.58684    0.06296    0.03475   24.16735   10.45513    0.27183   11.69608    2.00000
 180.04240    0.00727   23.81042   23.35469    0.04302    0.02374    5.12976    2.10327   -2.76862    0.60312    2.00000
 179.96860    0.06206   23.30911   22.93436    0.06955    0.03839    7.42608    0.71382   -0.10558    1.92907    2.00000
 180.00020    0.03417   22.99965   22.66539    0.03417    0.01886    9.51814    2.55838    1.40798    3.59555    2.00000
 180.09019    0.00263   23.39348   23.00584    0.09023    0.04980    6.88611   -3.42878   -0.53762   -2.40757    2.00000
 180.01866    0.05362   21.21236   20.97764    0.05677    0.03133   39.71469   -0.22579    2.86703    2.54676    2.00000
 179.99913    0.00215   21.94341   21.70421    0.00232    0.00128   22.06266    3.44268   -1.07781    3.23394    2.00000
 179.78728   -0.01543   22.97379   22.64271    0.21328    0.11771    9.69455   -2.16881    1.07598   -1.43428    2.00000
 179.81036   -0.05083   23.31728   22.94128    0.19633    0.10836    7.37227   -6.67053   -0.05172  -10.99858    2.00000
 180.01848    0.07139   23.06581   22.72329    0.07374    0.04070    9.06781   -4.68256   -1.57097   -7.12348    2.00000
 180.00652   -0.01721   23.79851   23.34487    0.01840    0.01016    5.17924    1.24537   -1.07786   -1.60011    2.00000
 180.05803    0.37391   22.72240   22.41849    0.37839    0.20884   11.77518    1.28712   -0.73542    1.48879    2.00000
 179.98904    0.03004   21.98177   21.73993    0.03197    0.01765   21.42210   -1.20959   -1.84087   -4.02510    2.00000
 180.05621    0.00554   22.26156   21.99916    0.05648    0.03117   16.77356    3.61881    1.41988    4.55945    2.00000
 179.99487    0.00954   23.05621   22.71490    0.01083    0.00598    9.13308   -7.15923   -0.26182   -3.77882    2.00000
 180.01212   -0.00322   22.83762   22.52146    0.01254    0.00692   10.63763    5.27080    0.76898    3.83721    2.00000
 180.03328   -0.02014   22.53800   22.25268    0.03890    0.02147   13.74957    1.71170   -1.16442    0.22842    2.00000
 179.96925    0.03438   22.22558   21.96608    0.04613    0.02546   17.36667   -4.10605   -0.28300   -3.95924    2.00000
 180.03929   -0.05212   23.30095   22.92744    0.06527    0.03602    7.47988   -6.30342    1.71251   -3.54682    2.00000
 180.05055   -0.08852   23.14742   22.79462    0.10193    0.05626    8.51300   -0.97414    1.92642   -2.73989    2.00000
 180.20757   -0.04376   21.16224   20.91941    0.21212    0.11708   41.89699    0.60665    3.30358    3.80912    2.00000
 180.06538   -0.03277   22.97056   22.63988    0.07314    0.04037    9.71660    0.75959    1.23873    3.55945    2.00000
 180.00066    0.01667   23.44773   23.05177    0.01668    0.00921    6.65484    2.29050    0.36058    4.56777    2.00000
 179.82138    0.07252   19.10800   18.57284    0.19278    0.10640  208.88542   -2.44633   -0.97011   -3.43391    2.00000
 180.00951    0.12768   23.04421   22.70441    0.12804    0.07067    9.21467   -0.76933   -1.43578   -0.30041    2.00000
 180.41763    0.08518   21.16352   20.92090    0.42624    0.23526   41.84103    5.98970   -4.46088    1.71342    2.00000
 180.01868    0.04139   23.81042   23.35469    0.04541    0.02506    5.12976    0.48222   -1.06523    4.46371    2.00000
 179.94649    0.08762   22.51456   22.23133    0.10267    0.05667   14.00388   -2.05863    3.16961    1.13130    2.00000
 180.00929    0.00172   22.14547   21.89258    0.00946    0.00522   18.68465   -2.10050    1.45968    0.28077    2.00000
 180.02225    0.21135   23.47206   23.07236    0.21252    0.11729    6.55122    7.38973    3.98179    5.95028    2.00000
 180.03551    0.02768   23.17909   22.82212    0.04502    0.02485    8.29905    1.46648    1.18858    2.48077    2.00000
 180.02554   -0.11402   22.80722   22.49432    0.11685    0.06449   10.87225    3.48915    1.33273    6.01238    2.00000
 179.99513    0.01835   23.41525   23.02428    0.01899    0.01048    6.79324   -2.05624    0.85539    0.33797    2.00000
 180.00618   -0.04092   20.54051   20.08476    0.04138    0.02284   79.01422    0.74229    3.93138    4.73471    2.00000
 179.99327   -0.01375   23.77946   23.32914    0.01531    0.00845    5.25841   -3.23969    1.54931   -2.88003    2.00000
 179.83388   -0.13504   23.25711   22.88986    0.21409    0.11816    7.77218    1.04009    1.98233    0.89087    2.00000
 179.90884   -0.04780   23.23273   22.86869    0.10292    0.05681    7.93683    1.47106    2.86610    4.21813    2.00000
 180.01279   -0.01700   22.67669   22.37755    0.02127    0.01174   12.26267    1.27440   -3.22288   -2.19756    2.00000
 180.01109   -0.00913   23.80804   23.35273    0.01437    0.00793    5.13965    0.08846   -4.53584   -1.22054    2.00000
 180.00308    0.04876   22.50519   22.22278    0.04886    0.02696   14.10560    3.24347   -1.51609    0.91650    2.00000
 179.91016   -0.15932   22.65061   22.35412    0.18290    0.10095   12.54174   -2.59332   -5.54755   -5.38727    2.00000
 179.99698   -0.04367   23.77470   23.32521    0.04377    0.02416    5.27820    0.36127    0.41904   -4.96012    2.00000
 180.13898   -0.12540   23.81042   23.35469    0.18719    0.10331    5.12976    0.61896   -0.42495    1.61869    2.00000
 179.74030   -0.13352   20.82653   20.43570    0.29202    0.16117   60.92890   -1.86982    0.69443   -1.35884    2.00000
 180.03520    0.00154   23.51800   23.11123    0.03523    0.01945    6.35549   -1.41247    0.77864   -0.40651    2.00000
 180.03630   -0.03959   23.72054   23.28043    0.05371    0.02965    5.50366   -0.81811    0.42861   -5.08229    2.00000
 179.97240   -0.00452   22.33891   22.07032    0.02798    0.01544   15.92108   -3.86888   -1.20913   -5.72714    2.00000
 179.96732   -0.00729   23.75088   23.30555    0.03348    0.01848    5.37716   -0.58515    0.67973   -1.09434    2.00000
 179.87535   -0.02986   23.32000   22.94358    0.12818    0.07074    7.35434   -4.13554   -0.19460   -4.33691    2.00000
 179.98836   -0.01816   21.77476   21.54601    0.02157    0.01191   24.89941    4.97276    0.10180    5.73135    2.00000
 180.00697    0.03053   21.41113   21.18837    0.03131    0.01728   33.92186   -2.27551    1.87283   -0.85565    2.00000
 180.01752   -0.01345   23.51530   23.10895    0.02208    0.01219    6.36700    5.39187   -0.84518    1.52126    2.00000
 180.15204    0.01850   18.08945   18.12321    0.15316    0.08453  268.84082    1.00720    1.69154    2.68127    2.00000
 180.11115    0.09627   22.84544   22.52844    0.14704    0.08115   10.58339   -3.54300   -2.95014   -8.08350    2.00000
 180.10947    0.07228   23.04901   22.70860    0.13118    0.07240    9.18203    0.24699   -1.47211   -1.19851    2.00000
 180.01952   -0.00411   22.43722   22.16085    0.01994    0.01100   14.84311   -3.19482   -1.30686   -4.64401    2.00000
 179.85204   -0.08953   23.72241   23.28198    0.17295    0.09545    5.49585    1.66930   -2.29593    0.49990    2.00000
 180.01624   -0.07215   22.92369   22.59818    0.07396    0.04082   10.04093    0.13011   -3.21442   -4.40982    2.00000
 180.76941   -0.14520   23.52071   23.11352    0.78299    0.43218    6.34397   -3.16008    2.20916   -2.41497    2.00000
 179.94022   -0.01339   23.36354   22.98047    0.06127    0.03382    7.06738   -2.28764   -0.48859    2.09760    2.00000
 179.97572    0.01070   22.96733   22.63704    0.02652    0.01464    9.73865   -0.96612   -1.23661   -4.62469    2.00000
 179.96600   -0.02186   23.50179   23.09751    0.04042    0.02231    6.42457   -2.43179   -1.55453   -1.48341    2.00000
 179.93736    0.00671   23.55044   23.13868    0.06300    0.03477    6.21732    0.12991   -0.15142    3.20608    2.00000
 180.02580   -0.00158   23.53152   23.12267    0.02585    0.01427    6.29792   -4.67043   -4.08615   -6.80108    2.00000
 179.94595   -0.08031   23.57241   23.15719    0.09681    0.05343    6.12413   -7.72017    2.32815  -11.62916    2.00000
 179.99516    0.01158   22.89239   22.57028    0.01254    0.00692   10.25791    8.43484   -2.57079    5.22060    2.00000
 179.96196    0.07007   23.14022   22.78832    0.07973    0.04400    8.56195    0.94568   -2.56216    3.18058    2.00000
 179.98164    0.01458   22.87674   22.55634    0.02344    0.01294   10.36640   -2.25035   -0.73487   -2.55695    2.00000
 179.96469    0.01855   23.22785   22.86446    0.03989    0.02202    7.96976   -2.33305    1.28948    0.00952    2.00000
 180.00339    0.01545   23.35538   22.97356    0.01582    0.00873    7.12118   -1.53103    0.47752   -0.12196    2.00000
 179.98810   -0.02586   23.23517   22.87081    0.02846    0.01571    7.92036   -2.75919   -2.58944   -2.76225    2.00000
 180.03922    0.00078   22.54268   22.25695    0.03922    0.02164   13.69870    2.38672    3.86471    5.20349    2.00000
 180.01057    0.17652   22.82468   22.50993    0.17684    0.09760   10.72736    1.76612    0.63998    1.98296    2.00000
 179.95860   -0.03095   23.07301   22.72958    0.05170    0.02853    9.01885    0.58739   -0.66817    0.96389    2.00000
 179.96628   -0.03957   23.36082   22.97817    0.05199    0.02869    7.08531   -2.96563   -0.87905   -6.26806    2.00000
 179.94135   -0.06120   22.45363   22.17580    0.08477    0.04679   14.66509    5.61622   -0.13248    6.27981    2.00000
 180.01736   -0.00984   22.39652   22.12339    0.01996    0.01102   15.28912    7.49102    0.54882    8.88904    2.00000
 180.00050    0.00586   23.14502   22.79252    0.00588    0.00325    8.52932    0.64821   -0.58919   -1.39953    2.00000
 179.97852   -0.04730   21.93245   21.69400    0.05195    0.02867   22.24568    3.19719    0.66319    2.48772    2.00000
 179.88318   -0.09135   23.16446   22.80942    0.14829    0.08184    8.39784    6.70657   -2.64051    6.48646    2.00000
 180.01068    0.03084   22.93412   22.60748    0.03263    0.01801    9.96860    3.77176    0.86665    4.29389    2.00000
 180.01767    0.09959   23.36082   22.97817    0.10115    0.05583    7.08531    7.25898   -1.27322    4.78058    2.00000
 179.96178    0.03924   23.58044   23.16390    0.05478    0.03023    6.09035   -3.18528    2.44324   -2.15752    2.00000
 179.96655    0.00096   22.45363   22.17580    0.03346    0.01847   14.66509   -5.53582    0.82798   -5.06529    2.00000
 179.98518    0.03280   23.78422   23.33307    0.03599    0.01987    5.23861   -3.16978   -0.68112    2.65041    2.00000
 180.03738    0.01393   22.73986   22.43410    0.03990    0.02202   11.58928    2.32553    1.69906    3.91699    2.00000
 180.03793   -0.01412   22.45128   22.17366    0.04048    0.02234   14.69052   -2.20866    1.14688   -0.99802    2.00000
 179.98952    0.03704   23.54233   23.13182    0.03849    0.02125    6.25187   -3.29705   -1.07842    1.54085    2.00000
 179.89479   -0.03845   21.15146   20.90670    0.11202    0.06182   42.37315   -0.27604    3.04714    2.36981    2.00000
 180.00813    0.01891   21.69273   21.46692    0.02058    0.01136   26.59476    4.61127    2.08274    6.81102    2.00000
 179.97440    0.07962   21.91335   21.67614    0.08363    0.04616   22.56596   -4.34068   -0.49049   -5.55604    2.00000
 180.07703    0.01628   22.72240   22.41849    0.07872    0.04345   11.77518   -1.24712   -2.93118   -3.88285    2.00000
 180.05692   -0.02876   23.26686   22.89833    0.06377    0.03520    7.70632    3.19544    1.10812   -0.10029    2.00000
 180.07190   -0.06143   23.54503   23.13410    0.09457    0.05219    6.24035    2.45862   -0.28545    4.80777    2.00000
 180.03400    0.01722   21.61508   21.39213    0.03811    0.02104   28.56209    1.93254    1.14560    2.76260    2.00000
 179.88638   -0.04381   22.82979   22.51449    0.12177    0.06721   10.69188    2.79283    0.32468    0.36562    2.00000
 179.93846    0.07351   23.77232   23.32325    0.09587    0.05291    5.28809   -2.69867   -2.26599   -3.14408    2.00000
 180.00832    0.01006   22.91587   22.59121    0.01305    0.00720   10.09518   -2.92780    0.27956   -2.80278    2.00000
 180.01540   -0.03244   23.27418   22.90468    0.03591    0.01982    7.65693   -0.17533    5.28863    6.89030    2.00000
 180.19208   -0.04309   23.58205   23.16524    0.19685    0.10865    6.08359    4.73229    1.53916    7.99279    2.00000
 180.00974   -0.00410   23.14022   22.78832    0.01057    0.00583    8.56195   -0.74190    1.67906    3.33931    2.00000
 179.85371    0.01003   22.97379   22.64271    0.14663    0.08093    9.69455   -3.46243    0.32667   -3.07438    2.00000
 179.98923   -0.05175   23.37987   22.99431    0.05286    0.02918    6.95977   -4.79040   -0.00666   -4.36811    2.00000
 179.94072   -0.09722   21.27493   21.04576    0.11387    0.06285   37.67305    1.68546   -1.79790    0.55043    2.00000
 180.01515    0.00289   23.83423   23.37435    0.01542    0.00851    5.03080    0.94671   -2.96178    6.73603    2.00000
 179.97971    0.03390   23.36354   22.98047    0.03951    0.02181    7.06738    0.60214   -0.31836    2.33655    2.00000
 179.92667    0.04389   23.20103   22.84118    0.08546    0.04717    8.15087    0.01080   -2.67643   -6.61933    2.00000
 180.02675   -0.08334   22.84805   22.53076    0.08753    0.04831   10.56531   -1.59860   -0.82706   -3.30440    2.00000
 179.98608   -0.03625   23.70183   23.26493    0.03884    0.02143    5.58168   -0.05853   -1.38967    8.40496    2.00000
 180.07004   -0.04176   23.17421   22.81789    0.08154    0.04500    8.33198   -2.68875   -3.08719   -7.48048    2.00000
 180.06705   -0.00038   21.30527   21.07808    0.06706    0.03701   36.82292   -0.98130   -0.31401   -1.54057    2.00000
 179.96642   -0.00497   23.05141   22.71070    0.03395    0.01874    9.16571   -5.17033    1.34805   -4.01716    2.00000
 180.02045   -0.02265   22.58541   22.29553    0.03052    0.01684   13.23941    3.56101   -0.05732    3.59675    2.00000
 180.00793   -0.03406   22.02836   21.78330    0.03497    0.01930   20.64429    1.30107   -0.96289    0.22688    2.00000
 179.98418   -0.00944   23.73738   23.29438    0.01843    0.01017    5.43343   -3.36611    0.18775   -2.63832    2.00000
 180.21564    0.36574   22.80722   22.49432    0.42458    0.23434   10.87225   -2.62889    4.74461   -0.56051    2.00000
 180.03535   -0.22322   17.92736   17.94509    0.22600    0.12473  295.17706    6.56559    0.36124    6.93822    2.00000
 179.96828   -0.00164   23.82233   23.36452    0.03177    0.01754    5.08028   -3.81573    0.35982   -1.80729    2.00000
 180.04379   -0.08144   22.22815   21.96844    0.09247    0.05104   17.32430    0.10687    0.28577    1.45603    2.00000
 179.53070    0.27564   23.22541   22.86234    0.54426    0.30040    7.98622    3.14077   -3.15774    0.16660    2.00000
 179.99828    0.03717   23.10661   22.75895    0.03721    0.02054    8.79040    4.42115    0.78455    6.13401    2.00000
 179.92642   -0.03064   23.68499   23.25098    0.07970    0.04399    5.65191   -3.93575    0.26333  -11.26262    2.00000
 179.75613    0.05716   23.74674   23.30213    0.25048    0.13825    5.39442   -0.83651    2.79543   -3.16555    2.00000
 180.00848    0.02026   21.83987   21.60725    0.02197    0.01212   23.80132    2.95743    3.33121    6.07394    2.00000
 180.01926    0.02365   22.72489   22.42072    0.03050    0.01684   11.74862   -2.96892    1.24375   -2.64166    2.00000
 180.17284   -0.20612   23.78660   23.33504    0.26900    0.14847    5.22872   -2.80810    0.74269   -5.79632    2.00000
 179.98116    0.00975   22.59323   22.30256    0.02122    0.01171   13.15569    1.59990   -1.62742   -0.50551    2.00000
 179.94522    0.02747   21.35635   21.13240    0.06128    0.03382   35.39392    0.61749   -1.87961   -0.32923    2.00000
 179.88782   -0.07642   23.44503   23.04949    0.13575    0.07492    6.66636   -0.01176    1.42929    4.45091    2.00000
 180.01260    0.05063   20.03944   19.55110    0.05218    0.02880  114.08297    1.08015   -3.91681   -2.97357    2.00000
 179.93900   -0.00878   22.86892   22.54936    0.06163    0.03401   10.42065    1.47442   -4.63980   -3.41561    2.00000
 180.09740    0.09383   23.32816   22.95050    0.13524    0.07464    7.30053   -0.54748   -1.90413   -3.65880    2.00000
 180.04108    0.08285   21.59561   21.37342    0.09247    0.05104   29.05427    1.13305   -1.84329   -2.02044    2.00000
 179.99991   -0.04603   23.10421   22.75686    0.04603    0.02540    8.80672    1.36755    3.39515    8.53852    2.00000
 180.07562    0.03993   22.94456   22.61678    0.08551    0.04719    9.89627   -0.60960   -2.89845   -3.62252    2.00000
 180.02324    0.01631   23.79851   23.34487    0.02840    0.01567    5.17924   -3.67204    0.26434   -0.24661    2.00000
 179.76332   -0.00646   23.24492   22.87928    0.23677    0.13068    7.85450   -2.18026    2.66990   -2.38648    2.00000
 180.17833    0.06352   22.22815   21.96844    0.18931    0.10448   17.32430   -1.09278    0.85865   -0.66728    2.00000
 179.91515   -0.07310   23.45314   23.05635    0.11200    0.06182    6.63182    8.11690    0.45255    8.16113    2.00000
 179.95584    0.00961   23.41253   23.02198    0.04519    0.02494    6.80485    0.17329   -1.57152   -2.69092    2.00000
 179.95821    0.06725   23.70932   23.27113    0.07918    0.04370    5.55047    2.18824   -0.75193   -2.72976    2.00000
 180.02896    0.03714   21.28100   21.05222    0.04709    0.02599   37.50302   -1.27293    0.51931   -0.95699    2.00000
 180.01363   -0.01381   23.25955   22.89198    0.01941    0.01071    7.75571    2.73457    0.79742    3.43443    2.00000
 179.94572   -0.21155   22.97271   22.64177    0.21840    0.12054    9.70190   -0.58330   -5.59720   -0.64313    2.00000
 179.98988   -0.01472   21.15838   20.91493    0.01786    0.00986   42.06486   -2.66672   -0.13121   -2.79533    2.00000
 179.87788    0.00955   21.87797   21.64297    0.12249    0.06761   23.16076    4.31381    2.35211    7.03129    2.00000
 180.00813   -0.07706   23.01150   22.67579    0.07749    0.04277    9.43729   -7.47390    1.19266   -3.75847    2.00000
 180.06744   -0.02446   23.83423   23.37435    0.07174    0.03959    5.03080    0.99995    3.21596    4.73999    2.00000
 180.03342   -0.01132   23.38259   22.99661    0.03528    0.01947    6.94184   -0.05449    0.84843    1.57924    2.00000
 180.11102   -0.02134   21.59367   21.37154    0.11306    0.06240   29.10349    3.34174    0.86134    3.08062    2.00000
 180.01810    0.13342   23.13302   22.78203    0.13464    0.07431    8.61091   -1.32219   -3.37388   -5.17839    2.00000
 179.96623    0.01359   17.90684   17.91805    0.03640    0.02009  299.78882   -0.08646    1.49345    1.43267    2.00000
 180.02216   -0.11571   22.71741   22.41403    0.11781    0.06502   11.82829   -0.21878    2.91533    0.15206    2.00000
 180.04607    0.00316   21.72448   21.49754    0.04618    0.02549   25.78938    5.12561   -1.42458    2.75650    2.00000
 180.10661   -0.06774   23.19616   22.83694    0.12631    0.06971    8.18380   -2.59641    0.58406   -5.11829    2.00000
 179.96672    0.08942   21.33560   21.11040    0.09541    0.05266   35.97279    2.82004    2.46200    5.52635    2.00000
 180.00916   -0.02897   23.29006   22.91822    0.03039    0.01677    7.55162    4.76500    2.65171    9.81301    2.00000
 179.94939    0.04800   23.54503   23.13410    0.06976    0.03850    6.24035   -8.01162    1.11275   -7.40613    2.00000
 179.97937    0.06011   21.58199   21.36032    0.06355    0.03508   29.39880   -1.70525   -0.06763   -1.48895    2.00000
 179.98112    0.07018   21.75623   21.52815    0.07267    0.04011   25.21969    1.77874    3.52233    5.62790    2.00000
 179.91570    0.00528   23.68686   23.25253    0.08447    0.04662    5.64410    4.01820    1.09393    9.18162    2.00000
 179.92564    0.00048   23.22541   22.86234    0.07436    0.04104    7.98622   -0.08725    4.26755    7.13106    2.00000
 180.01617    0.03061   23.67189   23.24013    0.03462    0.01911    5.70652    5.42421   -4.27929    2.33682    2.00000
 180.06682   -0.02788   23.08261   22.73797    0.07241    0.03996    8.95358    4.90464    0.87275    7.00874    2.00000
 180.33217   -0.42408   21.08577   20.82687    0.53868    0.29732   45.36505   -2.60680    2.26529    0.00722    2.00000
 180.01746   -0.00034   23.36354   22.98047    0.01746    0.00964    7.06738    3.74720    5.29529    4.81819    2.00000
 180.05997   -0.00038   23.42611   23.03348    0.05997    0.03310    6.74695    0.89708    4.21523   12.21773    2.00000
 180.00519   -0.07745   22.65061   22.35412    0.07762    0.04284   12.54174   -7.85538   -4.17022  -10.88858    2.00000
 180.01527   -0.00701   22.48409   22.20356    0.01681    0.00928   14.33448   -0.59847    4.56685    4.19825    2.00000
 180.00266    0.04826   22.38692   22.11455    0.04834    0.02668   15.39445   -1.32046   -5.05647   -7.21727    2.00000
 180.02692    0.02547   21.58393   21.36219    0.03706    0.02045   29.34958    2.18365    0.25002    2.95275    2.00000
 179.96515    0.02571   22.54503   22.25909    0.04331    0.02391   13.67327    2.02166    3.37252    4.59618    2.00000
 179.99239   -0.02458   23.59972   23.18000    0.02573    0.01420    6.00928   -2.87380   -0.48233   -5.65777    2.00000
 180.05132   -0.04145   18.03333   17.77847    0.06596    0.03641  323.59506   -0.91302   -1.46749   -2.47046    2.00000
 179.88654   -0.04942   23.45314   23.05635    0.12376    0.06831    6.63182   -0.47294    1.87165    0.67030    2.00000
 179.93155   -0.13988   23.63667   23.21086    0.15574    0.08595    5.85389   -0.39799   -0.47164   -1.34461    2.00000
 180.04770    0.00574   22.84544   22.52844    0.04804    0.02652   10.58339   -1.20517   -2.95951   -2.52242    2.00000
 180.01147   -0.03746   23.39620   23.00814    0.03918    0.02162    6.87450   -1.27957   -0.72755    0.82801    2.00000
 179.98949   -0.05295   21.59367   21.37154    0.05398    0.02979   29.10349    3.66180    0.05247    2.80652    2.00000
 180.02679    0.08148   23.14742   22.79462    0.08578    0.04734    8.51300   -1.42607    0.85290    0.98849    2.00000
 180.05360   -0.08011   21.97355   21.73227    0.09639    0.05320   21.55937   -1.91982    0.69035    0.49072    2.00000
 180.00980    0.00888   21.23966   21.00805    0.01322    0.00729   38.66510   -4.10171    0.32678   -4.18691    2.00000
 179.99289    0.01169   22.89239   22.57028    0.01369    0.00755   10.25791    1.94583    2.43308    6.83069    2.00000
 179.99911   -0.06120   22.89239   22.57028    0.06121    0.03378   10.25791   -4.90296    0.78649   -0.75898    2.00000
 180.08447   -0.14007   21.77740   21.54857    0.16357    0.09028   24.85366   -8.87611    2.87315   -5.93389    2.00000
 179.64674    0.22016   22.66365   22.36583    0.41625    0.22974   12.40220    3.04010    0.60777    3.53670    2.00000
 180.11053    0.00195   23.82947   23.37042    0.11056    0.06102    5.05059   -0.03592   -0.15672    5.22767    2.00000
 180.01613   -0.00171   22.95760   22.62840    0.01622    0.00895    9.80587    3.65187    0.64949    7.02127    2.00000
 179.99568   -0.04327   22.55440   22.26763    0.04349    0.02400   13.57155    5.50630   -2.18113    3.03995    2.00000
 179.94000    0.01246   21.41373   21.19103    0.06127    0.03382   33.85176    0.07725   -0.83150   -0.97585    2.00000
 179.90794    0.01515   23.54233   23.13182    0.09330    0.05149    6.25187    4.91714    2.74343    2.51424    2.00000
 180.02327    0.00510   22.40612   22.13224    0.02382    0.01315   15.18380    0.61600    1.13663    2.23211    2.00000
 179.98718    0.00324   23.26442   22.89621    0.01322    0.00729    7.72278    9.33772   -1.15131    6.01332    2.00000
 180.06146   -0.03096   23.82947   23.37042    0.06882    0.03798    5.05059   -0.00452    1.37020   -3.89463    2.00000
 180.00874   -0.02659   23.27661   22.90680    0.02799    0.01545    7.64046    0.31850    0.55705   -0.40268    2.00000
 179.99155    0.13098   23.73177   23.28973    0.13126    0.07244    5.45684    6.23535   -2.75598   -5.41101    2.00000
 179.98163   -0.02185   22.32931   22.06148    0.02855    0.01576   16.02640   -0.92434    1.17908   -0.26637    2.00000
 180.04344   -0.00513   23.80089   23.34683    0.04374    0.02414    5.16934   -4.15214   -2.39743   -8.47057    2.00000
 179.99261   -0.04443   23.81518   23.35863    0.04504    0.02486    5.10997    3.67053    4.81563    9.22314    2.00000
 180.07072   -0.04879   20.29517   19.82066    0.08593    0.04743   95.64747    1.56899    1.48130    2.82389    2.00000
 180.01007    0.03354   23.68686   23.25253    0.03502    0.01933    5.64410   -9.18742    1.08963   -4.00479    2.00000
 179.98581   -0.15837   23.47206   23.07236    0.15901    0.08776    6.55122   -1.17224   -1.01164   -4.23374    2.00000
 179.96715   -0.03157   21.99822   21.75524    0.04556    0.02514   21.14758    0.29743   -1.99640   -2.32168    2.00000
