#RA        DEC       MAG_G     MAG_I     ANGSEP    RPROJ     SNR       VTRUE       VSYS       VMEAS      VSYSERR    
 179.87907    0.18224   19.70794   19.20405    0.21871    0.12071  143.66133   -5.86277   -2.45573   -8.24650    2.00000
 179.95921   -0.07409   23.23273   22.86869    0.08457    0.04668    7.93683   -2.44404   -2.10571   -6.09787    2.00000
 180.03751   -0.02833   21.51953   21.29912    0.04700    0.02594   31.00867    0.62712   -2.34932   -1.93005    2.00000
 179.98792    0.01526   22.65061   22.35412    0.01947    0.01075   12.54174    2.34591   -2.11244   -2.97632    2.00000
 179.97672    0.00263   22.88457   22.56331    0.02344    0.01294   10.31216   -3.77520    0.78023   -4.23192    2.00000
 180.07404   -0.04897   23.00072   22.66634    0.08877    0.04899    9.51079   -1.50542    0.83099   -3.38820    2.00000
 179.88472   -0.13519   23.36899   22.98509    0.17766    0.09806    7.03151    2.33052   -3.24424    0.50982    2.00000
 180.15721    0.04680   23.56389   23.15006    0.16403    0.09053    6.16001    1.67328   -2.12763    3.68310    2.00000
 179.99673   -0.07510   22.56193   22.27443    0.07517    0.04149   13.49057   -5.94593    0.88845   -4.11769    2.00000
 180.01349    0.03555   22.14547   21.89258    0.03802    0.02099   18.68465   -1.09309   -2.28563   -5.25477    2.00000
 179.77435   -0.29410   23.74674   23.30213    0.37069    0.20459    5.39442    4.22960    0.94252    0.28127    2.00000
 179.91013   -0.02698   23.51260   23.10666    0.09384    0.05179    6.37852    1.85445   -0.36283    4.79907    2.00000
 180.01448   -0.01288   23.33905   22.95972    0.01938    0.01070    7.22879   -7.41368   -2.09722   -5.83971    2.00000
 180.02045    0.02469   23.67938   23.24633    0.03206    0.01770    5.67531   -0.68400   -1.29607   -8.20594    2.00000
 180.00447   -0.05386   22.69496   22.39396    0.05404    0.02983   12.06724   -1.64482    0.28762   -2.07286    2.00000
 179.94405    0.04433   23.60614   23.18537    0.07139    0.03940    5.98225   -1.96635   -0.97189   -2.91275    2.00000
 180.01086    0.06266   23.77232   23.32325    0.06359    0.03510    5.28809   -8.11945   -0.90590    0.84347    2.00000
 180.00330   -0.16646   21.91335   21.67614    0.16649    0.09189   22.56596  -13.25110    1.75681  -12.12216    2.00000
 179.95468   -0.03828   23.74112   23.29748    0.05932    0.03274    5.41783    1.26152    1.75361   -0.64985    2.00000
 179.83691   -0.02606   23.49908   23.09523    0.16516    0.09116    6.43608    0.09710   -3.53244   -7.03179    2.00000
 180.46613   -0.13054   21.17252   20.93135    0.48406    0.26717   41.44934   -0.13468    3.12311    2.53096    2.00000
 180.05400    0.05180   23.62542   23.20147    0.07483    0.04130    5.90118    5.03630   -2.81916   -2.49373    2.00000
 179.95612   -0.06540   23.66067   23.23084    0.07876    0.04347    5.75334   -1.55525   -0.59859   -4.75982    2.00000
 179.93935    0.06493   22.16739   21.91262    0.08885    0.04904   18.32539   -5.51315   -1.33265   -8.10196    2.00000
 179.99368   -0.01611   22.07832   21.82996    0.01730    0.00955   19.80763    1.82176    1.65620    3.72023    2.00000
 180.15622    0.16405   23.06341   22.72119    0.22653    0.12503    9.08412    0.70036    2.91024    3.29372    2.00000
 180.22600    0.45198   22.38932   22.11676    0.50533    0.27891   15.36812   -0.55994    1.68132   -0.78026    2.00000
 180.11061    0.13288   21.47633   21.25499    0.17290    0.09543   32.16939   -1.93302   -0.59969   -2.35094    2.00000
 180.02272    0.05126   23.67002   23.23858    0.05607    0.03095    5.71433    7.17279    1.25951    5.38181    2.00000
 179.59563    0.23705   21.46851   21.24699    0.46874    0.25871   32.37969    0.76526    0.00851    0.72057    2.00000
 179.97424   -0.09294   23.67002   23.23858    0.09644    0.05323    5.71433   -0.51183   -2.25724   -9.51758    2.00000
 179.93640   -0.00430   23.38259   22.99661    0.06375    0.03518    6.94184    4.42875   -3.24202   -4.97816    2.00000
 179.60031   -0.28098   23.69996   23.26338    0.48857    0.26966    5.58948    4.53011    0.95397    4.62117    2.00000
 180.00006    0.00761   22.99211   22.65878    0.00761    0.00420    9.56959    1.63231   -3.24272   -0.84552    2.00000
 179.96065   -0.01729   23.32272   22.94589    0.04298    0.02372    7.33640    2.08328   -0.98603   -0.34752    2.00000
 180.02075    0.00928   23.58365   23.16658    0.02273    0.01254    6.07684   -2.88994    2.40775    6.78776    2.00000
 179.98300   -0.01935   20.93600   20.61600    0.02576    0.01422   53.26783   -3.51752    2.71313   -0.85884    2.00000
 180.09106    0.08579   21.83170   21.59960    0.12512    0.06906   23.93858   -0.34653    1.08995    0.49658    2.00000
 179.99727   -0.04957   23.19859   22.83906    0.04964    0.02740    8.16734    4.12318    2.87392    8.25203    2.00000
 180.09210   -0.11790   22.27184   22.00861    0.14961    0.08257   16.65595   -2.52439   -1.97185   -4.05762    2.00000
 180.03282    0.01080   22.34131   22.07253    0.03455    0.01907   15.89474   -6.28485   -2.69709   -8.26414    2.00000
 179.90526   -0.07930   22.88717   22.56563    0.12355    0.06819   10.29408  -12.09476   -2.58206  -13.99943    2.00000
 179.97122    0.03745   22.98887   22.65594    0.04723    0.02607    9.59164    4.17292    0.26980    1.34511    2.00000
 179.93790   -0.01711   21.97355   21.73227    0.06442    0.03555   21.55937    3.69961   -0.69823    3.22602    2.00000
 180.16159   -0.28112   23.61900   23.19610    0.32426    0.17897    5.92821    2.47020   -0.54841    0.08102    2.00000
 179.81404   -0.10295   23.71306   23.27423    0.21256    0.11731    5.53487   -5.03043   -2.44079   -2.94819    2.00000
 179.97549    0.00518   22.02014   21.77565    0.02505    0.01383   20.78155    2.58188    1.81833    4.67074    2.00000
 179.95078   -0.06042   23.34449   22.96433    0.07794    0.04302    7.19292   -3.51958    0.18371   -3.37990    2.00000
 179.98801   -0.01066   22.71741   22.41403    0.01604    0.00886   11.82829   -0.64342    1.55704    0.50163    2.00000
 179.95638   -0.04546   17.55140   16.88700    0.06301    0.03478  506.59766    1.34835    0.24037    1.62571    2.00000
 179.95126   -0.05774   23.32544   22.94819    0.07555    0.04170    7.31847    2.35855    0.76868    6.22286    2.00000
 180.03677    0.01410   23.43422   23.04034    0.03939    0.02174    6.71241   -0.25620   -1.59463   -7.24294    2.00000
 179.92024   -0.16668   21.56057   21.33974    0.18478    0.10198   29.94020   -2.30856   -1.27421   -2.89341    2.00000
 179.98315   -0.00633   21.13205   20.88312    0.01800    0.00993   43.25712   -1.31433    4.24298    2.63125    2.00000
 180.02429   -0.01086   23.81042   23.35469    0.02661    0.01469    5.12976   -4.24175    0.79528  -12.79405    2.00000
 179.94502    0.01434   23.59008   23.17195    0.05681    0.03135    6.04981    0.75472   -1.96964    0.77210    2.00000
 179.95557    0.02940   23.22785   22.86446    0.05328    0.02941    7.96976    0.10705    1.76446   -0.88903    2.00000
 179.88132   -0.00344   20.96057   20.65521    0.11874    0.06553   51.79833   -0.40602   -2.99779   -3.08300    2.00000
 179.99249    0.05663   18.08314   18.09300    0.05712    0.03153  273.00232   -3.91019   -1.04400   -5.00618    2.00000
 179.99059    0.00792   22.40612   22.13224    0.01230    0.00679   15.18380    1.51136   -1.12038   -0.20844    2.00000
 180.02524   -0.04821   22.90022   22.57726    0.05442    0.03004   10.20367    6.24659    0.93925    7.82445    2.00000
 179.92116    0.04570   23.69248   23.25718    0.09113    0.05030    5.62070   -2.00124    0.63113   -3.93898    2.00000
 180.03662   -0.06604   21.64510   21.42099    0.07552    0.04168   27.80285   -1.44746    2.41109    1.81523    2.00000
 179.97618    0.01477   23.08741   22.74217    0.02803    0.01547    8.92095    2.59942    1.32316    4.75088    2.00000
 179.94017   -0.04360   22.85588   22.53774    0.07403    0.04086   10.51106    0.81723    0.24934   -1.20223    2.00000
 180.02831    0.04752   23.75088   23.30555    0.05531    0.03053    5.37716   -3.81856    0.54427   -6.16806    2.00000
 179.92058    0.00250   22.73737   22.43187    0.07946    0.04386   11.61584    0.09698   -0.83328    2.94262    2.00000
 179.91600    0.09018   20.59496   20.14539    0.12324    0.06802   75.88961    1.64318   -1.93353   -0.13955    2.00000
 180.07481   -0.11638   22.61410   22.32131    0.13836    0.07636   12.93243   -3.63981   -3.06608   -4.69099    2.00000
 180.05971    0.01437   18.40188   17.81754    0.06141    0.03389  316.93127    4.93473   -1.66721    3.24464    2.00000
 180.04706    0.00119   22.83762   22.52146    0.04708    0.02598   10.63763    1.33929   -0.16965   -0.69146    2.00000
 180.02258    0.00296   21.55668   21.33599    0.02278    0.01257   30.03864   -1.83771   -3.94082   -6.66176    2.00000
 179.89882   -0.04374   23.77232   23.32325    0.11023    0.06084    5.28809    7.26660   -3.01557    6.30076    2.00000
 179.96452    0.15086   23.16690   22.81154    0.15497    0.08553    8.38138    0.69280    1.84735    6.86428    2.00000
 179.98871    0.04096   23.10181   22.75476    0.04249    0.02345    8.82304    5.99605    1.91795    6.96835    2.00000
 179.98450   -0.05092   22.80971   22.49655    0.05323    0.02938   10.84570   -1.19696    0.66039    1.49642    2.00000
 179.97850   -0.03672   23.28190   22.91130    0.04255    0.02349    7.60543   -6.66576    0.21894   -8.52050    2.00000
 179.99319    0.01823   21.93245   21.69400    0.01946    0.01074   22.24568    2.58513   -0.12905    2.16797    2.00000
 180.05095    0.02463   23.71119   23.27268    0.05659    0.03123    5.54267   -6.47716    3.22786    5.28330    2.00000
 179.96312   -0.03106   22.19730   21.94009    0.04822    0.02661   17.83268   -0.06659    0.80630    0.69110    2.00000
 180.13416    0.20144   21.95163   21.71186    0.24203    0.13358   21.92540    1.05571    1.36018    1.67401    2.00000
 179.91878    0.05382   20.83302   20.44588    0.09744    0.05378   60.40391   -1.95129   -0.27229   -2.57387    2.00000
 180.02948   -0.00305   22.46300   22.18434    0.02964    0.01636   14.56336    5.64771   -1.56832    2.48810    2.00000
 180.04453    0.01732   23.00396   22.66917    0.04778    0.02637    9.48874   -2.10999   -1.11315   -4.11498    2.00000
 180.04073    0.00279   23.76993   23.32128    0.04083    0.02253    5.29799   -1.99958    1.97280   -0.38145    2.00000
 180.04214   -0.02207   21.30324   21.07592    0.04757    0.02626   36.87959   10.63191    0.44433   10.77983    2.00000
 180.06271   -0.04264   23.31183   22.93666    0.07583    0.04185    7.40814   -0.63025    1.44323    0.60730    2.00000
 180.04774    0.01913   23.45584   23.05863    0.05144    0.02839    6.62030   -5.76094    0.73298   -6.50618    2.00000
 180.02238    0.05191   22.70244   22.40065    0.05653    0.03120   11.98763   -1.77693   -4.39737   -6.03452    2.00000
 179.96367    0.00980   23.32272   22.94589    0.03763    0.02077    7.33640    3.10260    0.96825    2.94465    2.00000
 179.94394    0.08945   21.62481   21.40148    0.10556    0.05826   28.31600   -6.45326   -1.87804   -8.24535    2.00000
 179.98116   -0.04827   20.99280   20.70267    0.05182    0.02860   50.01977   -1.77480    1.99911    0.17382    2.00000
 180.04718   -0.01946   22.39892   22.12560    0.05104    0.02817   15.26279   -0.71686    1.62269    0.97625    2.00000
 180.01447   -0.01534   21.24864   21.01775    0.02109    0.01164   38.40983   -5.83302    4.97802   -0.94740    2.00000
 179.05116    0.39609   21.98177   21.73993    1.02818    0.56753   21.42210    4.66142   -1.69624    3.11905    2.00000
 179.94727   -0.09696   23.51260   23.10666    0.11037    0.06091    6.37852   -2.75551    2.20051   -6.71982    2.00000
 180.07533   -0.05092   22.51925   22.23560    0.09093    0.05018   13.95302   -0.36885    1.58842    1.70223    2.00000
 180.00493   -0.00923   23.53152   23.12267    0.01046    0.00578    6.29792    2.84119   -2.55429    4.01386    2.00000
 180.05138   -0.00031   23.20347   22.84329    0.05138    0.02836    8.13441    1.94315   -1.09551    2.69677    2.00000
 179.99077    0.02183   23.78660   23.33504    0.02370    0.01308    5.22872   -4.92460   -2.86362  -10.84142    2.00000
 180.02087    0.02735   23.00072   22.66634    0.03441    0.01899    9.51079   -2.84686    2.38934    2.14123    2.00000
 180.02814    0.00531   23.13542   22.78413    0.02863    0.01580    8.59459    5.05513   -0.36884    5.19661    2.00000
 180.02284    0.01976   19.86585   19.36889    0.03020    0.01667  129.13272   -6.30845    0.95909   -5.50355    2.00000
 179.94498   -0.07808   23.13062   22.77993    0.09552    0.05272    8.62723    3.87101    2.46847    3.69638    2.00000
 180.03912    0.01656   21.47372   21.25232    0.04249    0.02345   32.23949   -2.81808    0.42252   -2.29790    2.00000
 179.92812   -0.00447   23.76517   23.31735    0.07201    0.03975    5.31778   -2.29633    0.73185   -7.09627    2.00000
 179.99060   -0.05925   21.28504   21.05653    0.05999    0.03311   37.38967   -4.50302    2.73427   -1.19716    2.00000
 179.95708    0.01188   22.83240   22.51682    0.04454    0.02458   10.67380   -2.72426    3.41526   -0.28304    2.00000
 179.90994    0.01025   18.58948   18.01964    0.09063    0.05002  283.10739    2.15327    1.24455    3.38782    2.00000
 179.98689    0.05898   23.72428   23.28353    0.06042    0.03335    5.48805    4.95113    0.41652   -2.55306    2.00000
 179.99664   -0.06766   23.16202   22.80731    0.06774    0.03739    8.41431    0.70822    1.91314    3.06961    2.00000
 179.96861    0.06579   23.22541   22.86234    0.07289    0.04023    7.98622    3.20053    1.16045    5.79868    2.00000
 179.83311   -0.13589   22.88717   22.56563    0.21522    0.11878   10.29408    1.10166   -2.71261   -0.87071    2.00000
 179.87587    0.19663   23.59651   23.17732    0.23253    0.12834    6.02279    8.69758   -1.10718    7.88403    2.00000
 180.08501   -0.00172   21.77740   21.54857    0.08501    0.04692   24.85366   -4.76927   -0.69924   -5.49511    2.00000
 180.03027   -0.02759   23.65131   23.22309    0.04097    0.02261    5.79235   -1.78392   -0.35956   -8.75550    2.00000
 179.93205   -0.00302   23.56759   23.15316    0.06802    0.03754    6.14439   -4.49985   -3.04516   -8.62326    2.00000
 179.92947    0.00273   23.10181   22.75476    0.07058    0.03896    8.82304    2.89015   -0.10864   -2.62194    2.00000
 180.01079   -0.04130   22.68191   22.38224    0.04269    0.02356   12.20686   -5.27473    0.81212   -4.11686    2.00000
 180.06372    0.00185   22.19730   21.94009    0.06375    0.03518   17.83268    1.59409   -0.01816    2.61250    2.00000
 180.04529   -0.04733   22.98026   22.64838    0.06551    0.03616    9.65045   -3.96949    0.92382   -2.89266    2.00000
 180.03835    0.04574   20.71375   20.28522    0.05969    0.03294   68.68378    1.96694    1.53935    3.45761    2.00000
 180.03998   -0.00178   22.22815   21.96844    0.04002    0.02209   17.32430   -1.62141    4.46843    2.64550    2.00000
 179.96643   -0.05022   23.25711   22.88986    0.06041    0.03334    7.77218   -0.03411   -0.34638    5.04314    2.00000
 179.75909    0.31474   21.83987   21.60725    0.39636    0.21876   23.80132   -3.64115   -2.11948   -5.00748    2.00000
 180.02194   -0.02467   22.77229   22.46309    0.03301    0.01822   11.24404   -3.07357    0.22445   -6.46111    2.00000
 179.99989   -0.00992   22.53800   22.25268    0.00992    0.00547   13.74957    3.59956   -1.53951    2.23416    2.00000
 180.07460    0.18912   23.01581   22.67957    0.20330    0.11220    9.40788    3.95109    1.82009    3.91829    2.00000
 179.99481   -0.01876   21.53374   21.31363    0.01947    0.01075   30.62686    1.72010    2.80858    5.02756    2.00000
 179.96992   -0.00393   23.79137   23.33897    0.03033    0.01674    5.20893   -0.35851   -1.68274    2.28670    2.00000
 180.03346   -0.03267   22.83762   22.52146    0.04676    0.02581   10.63763   -2.54729    5.58778    5.92846    2.00000
 180.01295    0.03270   23.81756   23.36059    0.03517    0.01941    5.10007    1.15395   -3.30057    2.91066    2.00000
 180.14682    0.01764   23.09461   22.74846    0.14787    0.08161    8.87199   -5.75601   -0.63576   -4.33037    2.00000
 180.02144   -0.01271   23.17421   22.81789    0.02492    0.01376    8.33198    4.63316    1.56374    5.68167    2.00000
 180.07584    0.05372   23.19372   22.83482    0.09293    0.05129    8.20027    1.83214   -0.51533    1.94325    2.00000
 179.91330    0.00888   23.03460   22.69602    0.08716    0.04810    9.27994    4.03267   -0.13428    4.86934    2.00000
 179.99832   -0.16520   21.62676   21.40335    0.16521    0.09118   28.26678    6.25158    2.75899    9.20138    2.00000
 180.00262    0.01573   22.72988   22.42518    0.01594    0.00880   11.69551   -0.90273    0.43661   -2.44876    2.00000
 179.99197    0.00257   23.39348   23.00584    0.00843    0.00466    6.88611    1.28280    0.94125   -0.82930    2.00000
 180.04321    0.06097   23.09941   22.75266    0.07473    0.04124    8.83936    0.45352   -1.55250    2.23887    2.00000
 179.98003   -0.00580   22.90804   22.58423    0.02080    0.01148   10.14942   -0.70050   -3.72609   -4.74664    2.00000
 179.98820    0.01337   21.79632   21.56643    0.01783    0.00984   24.53338   -2.51958   -0.88481   -3.85320    2.00000
 180.04211    0.05621   21.90246   21.66593    0.07024    0.03877   22.74897   -1.92891   -3.81797   -5.77649    2.00000
 180.03560   -0.03409   23.29278   22.92052    0.04929    0.02720    7.53369   -1.58591    2.48081    0.53619    2.00000
 180.11797   -0.00133   22.21015   21.95191    0.11798    0.06511   17.62086   -4.81367    0.50152   -4.19150    2.00000
 179.68007   -0.00446   23.27661   22.90680    0.31996    0.17659    7.64046   -1.98992    1.34267   -4.90075    2.00000
 180.05618    0.03334   23.72054   23.28043    0.06533    0.03606    5.50366   -2.37492   -0.68153  -10.57501    2.00000
 180.03423    0.07102   23.51260   23.10666    0.07884    0.04351    6.37852    0.48523    2.99448   -0.66102    2.00000
 180.02254    0.02886   22.62453   22.33068    0.03662    0.02021   12.82081   -1.25054    0.02557    0.76371    2.00000
 179.97758    0.00839   22.71990   22.41626    0.02393    0.01321   11.80173   -4.55887   -0.47186   -2.38729    2.00000
 179.95387    0.11247   22.23329   21.97317    0.12155    0.06709   17.23957   -1.25447    3.18710    3.04050    2.00000
 180.05707    0.01805   23.32816   22.95050    0.05985    0.03303    7.30053    1.21830   -0.96231    4.51580    2.00000
 179.97668   -0.00256   23.76517   23.31735    0.02346    0.01295    5.31778    1.71138    0.00831   -3.54029    2.00000
 179.99548    0.00231   21.61703   21.39400    0.00507    0.00280   28.51287    5.19040    1.12301    6.15087    2.00000
 179.98997    0.06762   23.10901   22.76105    0.06836    0.03773    8.77409   -0.72778   -0.34949   -2.11190    2.00000
 180.45766   -0.32071   21.43199   21.20969    0.55884    0.30845   33.36107    8.54028    0.99032    9.47083    2.00000
 180.03894   -0.09187   23.34177   22.96203    0.09978    0.05507    7.21086   -0.95964   -3.27259   -3.86466    2.00000
 180.00354    0.01523   23.61900   23.19610    0.01564    0.00863    5.92821    0.01070    0.78819    3.20962    2.00000
 179.99353    0.12187   23.46125   23.06321    0.12204    0.06735    6.59727   -0.65921    3.26293    1.63616    2.00000
 179.82872    0.12823   22.56976   22.28146    0.21396    0.11809   13.40685   -3.69741   -0.23577   -4.02404    2.00000
 180.02101    0.06607   20.68237   20.24742    0.06933    0.03826   70.63176   -0.69403    0.83306    0.36885    2.00000
 180.00630   -0.03375   23.19616   22.83694    0.03433    0.01895    8.18380    2.32908   -0.21786   -0.85743    2.00000
 179.99419   -0.02952   18.63068   18.06349    0.03008    0.01660  277.06757    3.20537    2.84409    6.05083    2.00000
 180.00357   -0.01655   23.27661   22.90680    0.01693    0.00935    7.64046   -2.80932    0.59085   -0.88752    2.00000
 180.01241    0.03177   23.38804   23.00123    0.03410    0.01882    6.90933    1.43640    1.21986    3.95376    2.00000
 179.86584   -0.03976   22.42292   22.14772    0.13992    0.07722   14.99947    3.73318    3.29744    8.04417    2.00000
 179.99487   -0.20902   21.18923   20.95076    0.20908    0.11540   40.72191    0.91359   -1.76730   -0.41226    2.00000
 179.99077    0.11320   23.72803   23.28663    0.11358    0.06269    5.47245    3.95669    1.45611   10.94143    2.00000
 180.23621   -0.05953   23.52611   23.11809    0.24359    0.13444    6.32095    0.20288   -2.09054   -4.84797    2.00000
 179.99019    0.00310   22.44425   22.16725    0.01029    0.00568   14.76681    2.67466   -0.14109    4.31876    2.00000
 180.05534   -0.01441   23.83661   23.37632    0.05719    0.03156    5.02090    3.59320   -1.77577   -0.22740    2.00000
 179.99739   -0.00362   21.10966   20.85590    0.00446    0.00246   44.27709    2.38175   -1.05528    0.97154    2.00000
 180.05194    0.09079   23.10901   22.76105    0.10460    0.05773    8.77409    2.24197    0.12426    5.02558    2.00000
 179.86278    0.07586   22.25128   21.98971    0.15679    0.08654   16.94302   -1.67280   -0.68912   -0.95367    2.00000
 180.03491   -0.05805   23.47206   23.07236    0.06774    0.03739    6.55122   -1.86422    0.38471   -3.15987    2.00000
 180.08839   -0.06739   22.80473   22.49209    0.11115    0.06135   10.89881   -2.96450    1.21469    1.49668    2.00000
 179.95541   -0.00055   21.89158   21.65573    0.04458    0.02461   22.93199   -0.84522   -0.27193   -1.43852    2.00000
 179.96487    0.04035   23.18153   22.82424    0.05350    0.02953    8.28259   -4.14827    0.69096   -5.43773    2.00000
 180.09445   -0.17556   20.53830   20.08236    0.19935    0.11003   79.13792    3.33195   -1.58591    1.25368    2.00000
 179.91515   -0.00584   22.73238   22.42741    0.08505    0.04694   11.66895    0.96003    2.44821    3.16261    2.00000
 179.99873   -0.01588   22.95499   22.62608    0.01593    0.00879    9.82395    5.64193    1.54142   10.41701    2.00000
 179.96333    0.02445   21.01680   20.73697    0.04407    0.02433   48.73439   -3.78864   -1.25924   -4.88418    2.00000
 179.95145   -0.05521   22.70493   22.40288    0.07352    0.04058   11.96107    0.33883    2.09684    3.92122    2.00000
 179.93234    0.01194   22.76481   22.45640    0.06869    0.03791   11.32371    4.29334   -3.47501   -1.11465    2.00000
 179.73741    0.12017   21.26280   21.03283    0.28878    0.15939   38.01310   -1.21616   -3.00930   -4.73617    2.00000
 180.07938   -0.05217   23.15958   22.80519    0.09498    0.05242    8.43077    1.36011   -2.15945   -1.84790    2.00000
 179.98981    0.02347   21.01805   20.73861    0.02559    0.01413   48.67277    3.99939    1.58399    5.37078    2.00000
 179.98361    0.01413   23.15471   22.80096    0.02164    0.01194    8.46370    4.13462   -0.22963    4.11537    2.00000
 179.52171    0.14693   21.97903   21.73738    0.50034    0.27615   21.46786   -3.11766   -0.38069   -3.13636    2.00000
 179.91876   -0.00950   22.68713   22.38693    0.08179    0.04514   12.15104    1.21077    1.50017   -0.11072    2.00000
 180.03062   -0.09592   22.87935   22.55866    0.10069    0.05557   10.34832    1.61341    1.46335    2.72218    2.00000
 180.03773   -0.05484   21.60924   21.38651    0.06657    0.03674   28.70975   -2.53306    3.88328    1.20928    2.00000
 179.99147    0.08499   23.25223   22.88563    0.08542    0.04715    7.80511   -1.05627    1.63070    0.72388    2.00000
 179.99210    0.01553   22.57758   22.28849    0.01743    0.00962   13.32313   -4.75891    2.32834   -2.15203    2.00000
 179.95567   -0.00172   23.70370   23.26648    0.04435    0.02448    5.57388    1.71331    3.04470    7.28973    2.00000
 179.97397    0.08726   23.49908   23.09523    0.09106    0.05026    6.43608    4.98179    0.79028    2.33012    2.00000
 179.98685   -0.03576   20.81264   20.41387    0.03810    0.02103   62.05386    2.61309    1.61885    4.20311    2.00000
 180.20988    0.21621   22.59845   22.30724    0.30133    0.16631   13.09987   -5.73993   -0.52311   -4.78938    2.00000
 179.88197   -0.05055   22.15862   21.90460    0.12840    0.07087   18.46909   -4.49187   -1.66969   -7.57326    2.00000
 179.98895   -0.04318   22.45831   22.18007    0.04457    0.02460   14.61423   -3.45396   -1.88989   -4.96819    2.00000
 179.98978   -0.02950   23.74300   23.29903    0.03123    0.01723    5.41002    2.39172    1.37929    6.09416    2.00000
 180.00018   -0.02274   21.29920   21.07161    0.02274    0.01255   36.99295   -3.27180    1.55240   -1.87948    2.00000
 180.04276    0.03001   23.53152   23.12267    0.05224    0.02883    6.29792    2.20931    2.49588    8.17713    2.00000
 180.17195   -0.03025   23.70183   23.26493    0.17460    0.09636    5.58168    0.44444    0.82853   -0.61874    2.00000
 180.01198   -0.00849   21.20208   20.96570    0.01469    0.00811   40.16234   -6.52199    2.02784   -4.21786    2.00000
 179.91992   -0.11277   23.33905   22.95972    0.13831    0.07634    7.22879   -2.14436   -0.84948   -1.06661    2.00000
 180.16187    0.18326   23.61257   23.19074    0.24450    0.13495    5.95523    0.16124    1.08410   -4.63581    2.00000
 180.03526   -0.02903   22.40852   22.13445    0.04567    0.02521   15.15746    2.33327   -1.26788    1.51407    2.00000
 179.94299    0.04118   22.74236   22.43633    0.07033    0.03882   11.56272   -4.55612    4.83882    1.48176    2.00000
 179.98750    0.03652   21.11115   20.85772    0.03859    0.02130   44.20909   -3.84361    0.23239   -3.59675    2.00000
 180.02596    0.06406   22.42292   22.14772    0.06912    0.03815   14.99947   -6.80586    2.17106   -4.57594    2.00000
 180.00285    0.00282   22.84805   22.53076    0.00402    0.00222   10.56531   -3.20826   -1.62980   -6.62236    2.00000
 179.94942    0.06749   22.81969   22.50547    0.08434    0.04655   10.76205    2.99256    1.45906    5.07065    2.00000
 179.94514    0.00838   23.78660   23.33504    0.05549    0.03063    5.22872   -1.88471    2.87861    2.82071    2.00000
 180.04912    0.10238   23.09221   22.74637    0.11355    0.06267    8.88831   -2.38802   -2.22543   -4.31244    2.00000
 179.95284    0.03682   21.56057   21.33974    0.05984    0.03303   29.94020   -4.17430   -0.29560   -4.53988    2.00000
 179.92828   -0.00792   23.31183   22.93666    0.07215    0.03982    7.40814    2.47083   -1.15285    0.48065    2.00000
 180.05956   -0.06510   23.62221   23.19879    0.08822    0.04869    5.91469   -0.47093   -0.11265    3.51310    2.00000
 180.06660   -0.12511   23.02119   22.68429    0.14173    0.07823    9.37113    3.93974    2.23522    6.05414    2.00000
 179.96284   -0.08415   22.95760   22.62840    0.09199    0.05077    9.80587   -0.71680    3.05723   -0.75803    2.00000
 180.14371    0.02963   22.51690   22.23346    0.14673    0.08098   13.97845   -2.64414   -1.14065   -5.00307    2.00000
 179.99559    0.02427   23.08501   22.74007    0.02467    0.01362    8.93726   -0.82485    1.72044    0.91503    2.00000
 179.97194    0.00821   22.78976   22.47871    0.02923    0.01614   11.05815   -3.85543   -3.38046   -8.91810    2.00000
 179.94772    0.03615   22.31731   22.05042    0.06355    0.03508   16.15806    0.28868   -2.15940   -1.81064    2.00000
 180.22246    0.07861   22.07987   21.83143    0.23594    0.13022   19.78120   -1.50337    0.08818   -1.29294    2.00000
 179.85767   -0.03696   20.94569   20.63182    0.14705    0.08116   52.67497    0.27123    2.44902    2.90571    2.00000
 180.17520   -0.02170   23.39892   23.01045    0.17654    0.09743    6.86289   -4.02492   -2.38178   -6.55166    2.00000
 179.98566   -0.00007   22.97918   22.64744    0.01434    0.00792    9.65780    2.53423    0.00498    3.27386    2.00000
 180.00534    0.00399   23.56389   23.15006    0.00667    0.00368    6.16001   -1.75395    3.48365    6.42475    2.00000
 180.00810    0.00677   22.52159   22.23773    0.01057    0.00583   13.92758   -3.60187    0.21868   -1.10231    2.00000
 179.99297    0.04640   23.80566   23.35076    0.04693    0.02590    5.14955   -1.17560   -2.79970  -10.01676    2.00000
 180.01468    0.04977   22.65583   22.35880    0.05189    0.02864   12.48592    2.25231   -1.44173    1.43870    2.00000
 180.04453   -0.04492   23.05141   22.71070    0.06325    0.03491    9.16571    0.01060    1.18473   -0.78576    2.00000
 179.97624   -0.03291   23.76993   23.32128    0.04059    0.02240    5.29799   -0.53919    0.24021    2.90622    2.00000
 179.86385   -0.05700   23.16690   22.81154    0.14761    0.08147    8.38138   -1.66744   -0.08661   -4.16302    2.00000
 180.06619    0.17493   21.54500   21.32477    0.18704    0.10323   30.33394   -9.45325    1.14562   -7.16504    2.00000
 180.06180    0.11791   22.77479   22.46533    0.13312    0.07347   11.21749   -3.42965   -0.69026   -2.68616    2.00000
 180.01157    0.01741   22.68713   22.38693    0.02090    0.01154   12.15104    1.44766    0.71422    1.03712    2.00000
 180.10324    0.03912   22.39172   22.11897    0.11041    0.06094   15.34178   -1.64596    0.56195   -0.04687    2.00000
 180.34048    0.00966   23.22785   22.86446    0.34062    0.18800    7.96976    4.29929   -2.73867   -3.62928    2.00000
 179.97997   -0.10637   23.57401   23.15853    0.10824    0.05974    6.11737   -2.65591    1.61754   -0.57719    2.00000
 179.99101   -0.04541   23.52071   23.11352    0.04629    0.02555    6.34397   -0.36113    2.05808    1.17772    2.00000
 180.06102   -0.00619   22.07987   21.83143    0.06134    0.03385   19.78120    2.40363   -1.32541    0.79137    2.00000
 179.97617    0.02263   21.43982   21.21768    0.03287    0.01814   33.15077    1.26574   -0.58781    0.38784    2.00000
 179.97366    0.03717   23.74674   23.30213    0.04556    0.02514    5.39442   -3.46264   -3.19246  -10.54443    2.00000
 180.03931    0.09453   23.57080   23.15585    0.10238    0.05650    6.13088    4.06143    1.84117    8.22396    2.00000
 180.02110   -0.16592   22.37492   22.10349    0.16725    0.09231   15.52610    3.45732   -2.02627    1.78363    2.00000
 180.03426    0.03461   23.59972   23.18000    0.04869    0.02687    6.00928    2.13110    0.59044    0.90153    2.00000
 179.99864   -0.00032   23.14022   22.78832    0.00140    0.00077    8.56195   -3.41182   -2.06239   -5.12531    2.00000
 179.95879   -0.01650   23.14742   22.79462    0.04440    0.02451    8.51300   -0.54019   -3.08453   -3.47425    2.00000
 179.92180   -0.01596   23.09221   22.74637    0.07981    0.04405    8.88831   -0.47925   -0.33024   -0.97474    2.00000
 180.11971   -0.36286   23.77470   23.32521    0.38209    0.21089    5.27820   -5.85021   -2.33711   -2.17075    2.00000
 179.99089    0.06233   22.35091   22.08138    0.06300    0.03477   15.78942   -2.84441    0.31737   -2.90811    2.00000
 180.01865    0.03596   23.81518   23.35863    0.04051    0.02236    5.10997    0.50506   -1.58960  -17.92660    2.00000
 179.97075    0.00873   23.23760   22.87293    0.03053    0.01685    7.90390   -1.24708    2.24530    0.90480    2.00000
 180.00793   -0.01429   21.77740   21.54857    0.01635    0.00902   24.85366   -3.65199    2.97710   -1.89226    2.00000
 180.05617   -0.00638   22.13122   21.87956    0.05652    0.03119   18.91816   -1.06177    0.35153   -0.58962    2.00000
 179.96165    0.04374   23.02500   22.68763    0.05816    0.03210    9.34521   -3.62266   -1.03329   -2.63457    2.00000
 179.98634   -0.04095   23.76755   23.31931    0.04316    0.02382    5.30789   -1.31569   -1.37413   -0.86912    2.00000
 180.02960   -0.03902   22.88196   22.56098    0.04898    0.02703   10.33024   -1.86322   -1.70952   -7.67279    2.00000
 180.06419   -0.05675   23.60454   23.18403    0.08569    0.04729    5.98901    4.95493    1.68319    2.87173    2.00000
 180.03249   -0.00710   22.19987   21.94246    0.03326    0.01835   17.79032    2.51225   -0.35964    0.88752    2.00000
 179.98244   -0.03262   23.29006   22.91822    0.03705    0.02045    7.55162    0.72177   -0.56981   -3.12872    2.00000
 179.99232   -0.01565   23.33905   22.95972    0.01743    0.00962    7.22879    2.92516    0.40306   -0.09506    2.00000
 180.00710    0.00590   22.12354   21.87255    0.00922    0.00509   19.04390   -1.63499    0.43076   -2.96582    2.00000
 179.99353    0.00083   21.29516   21.06731    0.00652    0.00360   37.10630   -0.96845   -0.47773   -1.29855    2.00000
 179.98607   -0.02437   23.61578   23.19342    0.02807    0.01549    5.94172   -0.79637    1.99943    1.36770    2.00000
 180.09203   -0.01853   20.86329   20.49450    0.09387    0.05181   57.89872    0.36951   -5.58980   -4.77106    2.00000
 179.92928    0.01078   23.36082   22.97817    0.07155    0.03949    7.08531    1.68224    2.98365    1.44094    2.00000
 179.92220    0.03916   18.04066   18.06837    0.08711    0.04808  276.39450    1.89161    0.64923    2.53727    2.00000
 180.00186    0.00301   22.49113   22.20997    0.00354    0.00195   14.25819    4.79919   -4.99187    1.95176    2.00000
 180.02165    0.11354   23.54503   23.13410    0.11558    0.06379    6.24035    2.13033   -0.06574   -2.94166    2.00000
 179.97919    0.08022   23.82709   23.36845    0.08287    0.04574    5.06049   -0.05581    3.02454   -3.25147    2.00000
 180.04196    0.01826   23.52881   23.12038    0.04576    0.02526    6.30943    3.00312    0.70782    1.43560    2.00000
 179.99104    0.00434   22.15972   21.90561    0.00996    0.00550   18.45113   -5.63667    2.82773   -2.16273    2.00000
 179.98457    0.01651   22.41092   22.13666    0.02260    0.01247   15.13113   -3.82836    1.30744   -3.50985    2.00000
 180.00520    0.01066   22.68452   22.38458    0.01186    0.00655   12.17895    0.50531    0.67598   -0.05097    2.00000
 180.21240   -0.03627   22.43722   22.16085    0.21547    0.11892   14.84311   -3.89602    1.31772   -3.03551    2.00000
 179.97015    0.07613   22.28470   22.02042    0.08177    0.04513   16.51529    1.43935    2.88897    4.02702    2.00000
 179.99274   -0.00875   23.71306   23.27423    0.01138    0.00628    5.53487    2.38376    1.97184   10.57715    2.00000
 179.96249    0.01104   19.28789   18.76324    0.03909    0.02157  187.82803   -0.95240   -0.23090   -1.20207    2.00000
 179.89735   -0.02720   23.75565   23.30949    0.10618    0.05860    5.35737    2.11429   -1.55172    3.51674    2.00000
 180.18192    0.11019   21.26482   21.03499    0.21268    0.11738   37.95643   -3.59098    0.16188   -3.45741    2.00000
 179.96223    0.07350   22.92369   22.59818    0.08263    0.04561   10.04093    0.75918   -0.43530    2.85643    2.00000
 179.96506    0.00107   22.40612   22.13224    0.03497    0.01930   15.18380    1.94218   -4.76592   -1.78056    2.00000
 180.05670   -0.01147   23.29822   22.92513    0.05785    0.03193    7.49782   -2.82913   -0.17225   -2.93754    2.00000
 180.06821    0.02321   21.68744   21.46181    0.07204    0.03976   26.72900   -1.60664    0.18678   -2.32080    2.00000
 180.03052    0.02054   23.29278   22.92052    0.03678    0.02030    7.53369   -0.05143    3.62587    4.13746    2.00000
 180.09396    0.17680   23.30095   22.92744    0.20022    0.11050    7.47988   -2.79505    1.01974   -0.61736    2.00000
 180.07639   -0.05319   23.04661   22.70651    0.09308    0.05137    9.19835    4.52613   -2.19923    0.75928    2.00000
 179.74863   -0.07947   22.62975   22.33537    0.26364    0.14551   12.76499   -0.01614   -0.18670   -0.39989    2.00000
 179.95541   -0.02048   21.40330   21.18037    0.04907    0.02708   34.13215   -1.09423    2.59359    1.31617    2.00000
 180.10484   -0.09668   21.65304   21.42864    0.14262    0.07872   27.60150   -1.11713   -1.74028   -2.82589    2.00000
 179.95224   -0.03050   22.47472   22.19502    0.05667    0.03128   14.43621   -1.13384    3.85442    3.99641    2.00000
 180.05669    0.01919   23.36899   22.98509    0.05985    0.03303    7.03151    1.90071    0.37816    0.84292    2.00000
 179.93701    0.03930   21.71125   21.48478    0.07425    0.04098   26.12496    6.25201    0.56079    6.72418    2.00000
 180.06937    0.00608   22.40372   22.13003    0.06963    0.03843   15.21013   -1.30748    0.16303   -1.96951    2.00000
 179.91612   -0.03607   22.35811   22.08801    0.09131    0.05039   15.71042   -4.52918   -2.21998   -5.78174    2.00000
 179.97862   -0.06160   21.55473   21.33412    0.06520    0.03599   30.08785   -0.49594    0.13450    0.89062    2.00000
 180.12260   -0.02671   21.47633   21.25499    0.12549    0.06926   32.16939   -5.07948    1.13790   -4.76091    2.00000
 179.97610    0.12143   22.70743   22.40511    0.12376    0.06831   11.93451    2.20973    3.18311    5.31855    2.00000
 179.92950    0.03733   23.15958   22.80519    0.07976    0.04402    8.43077    6.33006    0.39665    3.65372    2.00000
 179.96979   -0.01487   21.21108   20.97615    0.03367    0.01859   39.77065   -4.09338    0.82347   -3.04652    2.00000
 179.98906   -0.01423   20.83302   20.44588    0.01795    0.00991   60.40391    3.12812   -2.15219    0.57825    2.00000
 180.02206    0.01068   21.48937   21.26831    0.02450    0.01352   31.81890    0.36619   -2.16758   -1.92568    2.00000
 179.97050   -0.01667   22.52394   22.23987    0.03388    0.01870   13.90215    2.71232    0.13928    4.26854    2.00000
 180.00648    0.00403   23.62221   23.19879    0.00764    0.00421    5.91469   -2.71271   -0.20361    2.09794    2.00000
 179.96339    0.06017   23.59329   23.17463    0.07043    0.03887    6.03630   -7.91152   -1.45546   -5.15877    2.00000
 180.02513   -0.03146   21.07980   20.81961    0.04027    0.02223   45.63704   -2.23854    2.41889   -0.10683    2.00000
 180.03816   -0.03324   16.78511   16.07415    0.05061    0.02793  748.23407   -4.84813   -0.93333   -5.78653    2.00000
 179.59470    0.46913   22.10079   21.85134    0.61997    0.34219   19.42432    1.22321   -2.19551   -1.43344    2.00000
 179.96313   -0.00371   23.17178   22.81577    0.03706    0.02045    8.34845    0.13694    0.68410    0.46983    2.00000
 180.02435   -0.05198   23.29822   22.92513    0.05740    0.03168    7.49782    2.56764    0.00060    2.46218    2.00000
 180.08682   -0.01543   21.94341   21.70421    0.08819    0.04867   22.06266   -0.47333    2.68728    3.03517    2.00000
 179.96236    0.02777   22.09536   21.84618    0.04678    0.02582   19.51684   -5.55033    2.76410   -3.89699    2.00000
 179.95430   -0.02960   23.53692   23.12724    0.05445    0.03005    6.27489    1.79616   -1.09238   -0.49388    2.00000
 179.99326   -0.14449   19.39516   18.87673    0.14465    0.07984  175.27756   -1.99374    1.54292   -0.41028    2.00000
 180.03940    0.04855   23.68499   23.25098    0.06253    0.03451    5.65191    1.82172   -1.45054    0.69331    2.00000
 179.97916    0.03621   21.82354   21.59194    0.04178    0.02306   24.07584    1.43463    0.10153    1.08887    2.00000
 180.10362    0.02242   22.51456   22.23133    0.10602    0.05851   14.00388    1.23159    2.69779    2.65260    2.00000
 179.86198   -0.06767   23.69996   23.26338    0.15372    0.08484    5.58948    2.54612   -1.89930   -5.01076    2.00000
 179.81493    0.08701   23.21810   22.85599    0.20450    0.11287    8.03562    3.56959   -3.00439   -0.61672    2.00000
 180.09596    0.01760   22.10466   21.85502    0.09757    0.05385   19.35823    5.86041   -0.87420    4.98180    2.00000
 179.97208   -0.00924   23.31728   22.94128    0.02941    0.01623    7.37227    5.62145    1.87815    7.45245    2.00000
 180.01601    0.02549   17.90264   17.91990    0.03010    0.01661  299.47314    0.82837    3.88415    4.75214    2.00000
 180.00633   -0.01690   23.50990   23.10437    0.01805    0.00996    6.39003    0.79884    0.11073   -4.07462    2.00000
 179.94669   -0.05926   22.51456   22.23133    0.07971    0.04400   14.00388    2.85080   -1.56235    1.10897    2.00000
 179.97400    0.03343   22.86892   22.54936    0.04235    0.02337   10.42065    3.18897    3.11289    5.15294    2.00000
 179.97739    0.02980   23.10421   22.75686    0.03740    0.02064    8.80672    2.92230    3.10119    2.55507    2.00000
 180.04050    0.00892   23.47206   23.07236    0.04147    0.02289    6.55122   -1.40668    2.27921   -2.75654    2.00000
 180.10326   -0.03049   23.58044   23.16390    0.10765    0.05942    6.09035   -4.60166    0.01765   -2.36034    2.00000
 179.97366    0.04170   21.55279   21.33225    0.04932    0.02722   30.13707   -2.77436   -0.69641   -4.12555    2.00000
 180.06750    0.02478   23.19128   22.83271    0.07191    0.03969    8.21673   -2.44652   -0.24375   -0.99657    2.00000
 179.94394    0.01503   22.48644   22.20570    0.05804    0.03203   14.30905    2.88530    1.75655    7.07396    2.00000
 179.96645    0.11256   23.01581   22.67957    0.11746    0.06483    9.40788    2.78069   -0.66844    0.73403    2.00000
 179.90897    0.03796   23.15715   22.80307    0.09864    0.05444    8.44724    2.57195   -1.15137    3.04658    2.00000
 180.00169    0.06124   23.62542   23.20147    0.06126    0.03381    5.90118   -1.17000   -2.97913   -1.86117    2.00000
 180.02809   -0.05681   22.50284   22.22065    0.06338    0.03498   14.13103    0.69617    0.39987   -0.63578    2.00000
 179.94818   -0.01291   22.62975   22.33537    0.05341    0.02948   12.76499    6.93415    1.80645    9.38834    2.00000
 180.05223   -0.01295   20.81264   20.41387    0.05381    0.02970   62.05386   -2.48902   -1.95554   -5.08961    2.00000
 179.91525   -0.01871   23.22298   22.86023    0.08679    0.04790    8.00269    1.04852   -1.64279   -1.19435    2.00000
 180.01039    0.03381   22.66626   22.36818    0.03537    0.01952   12.37430   -4.32036   -0.81941   -6.55266    2.00000
 180.04134   -0.03091   22.75483   22.44748    0.05161    0.02848   11.42994   -3.55049    0.76916   -5.84920    2.00000
 179.98390    0.03847   22.34371   22.07474    0.04170    0.02302   15.86841   -0.43100    2.28399    1.42526    2.00000
 179.87535   -0.05958   22.69745   22.39619    0.13816    0.07625   12.04074    4.45879   -2.14609    3.20433    2.00000
 180.08618    0.05008   23.06101   22.71909    0.09968    0.05501    9.10044   -1.26706    2.57307    1.96055    2.00000
 180.02101   -0.04356   23.29006   22.91822    0.04836    0.02669    7.55162   -2.94394    1.77749   -3.62491    2.00000
 180.04424    0.06932   22.96948   22.63893    0.08224    0.04539    9.72395    0.71321    2.10823    1.99546    2.00000
 179.99442    0.05044   22.55933   22.27209    0.05075    0.02801   13.51848   -2.36671    1.69252    1.33309    2.00000
 180.03264    0.01580   22.52628   22.24200    0.03626    0.02001   13.87672    0.80600   -0.49053    0.12476    2.00000
 180.00233    0.09908   22.61671   22.32365    0.09911    0.05470   12.90453   -1.88470    2.40439    0.63696    2.00000
 180.09433    0.00324   21.49999   21.27916    0.09439    0.05209   31.53367   -2.19848   -0.12917   -2.38249    2.00000
 179.99207    0.02528   23.79375   23.34094    0.02649    0.01462    5.19903   -2.37521    0.91893   -3.36183    2.00000
 180.02052    0.15303   21.99822   21.75524    0.15440    0.08522   21.14758   -0.49142   -3.77411   -4.41656    2.00000
 179.98112   -0.05066   23.33361   22.95511    0.05406    0.02983    7.26466    5.70696   -4.15419    0.63195    2.00000
 180.18440    0.05721   23.50179   23.09751    0.19307    0.10656    6.42457    1.23074   -2.41340    3.74964    2.00000
 179.99353   -0.01897   22.16739   21.91262    0.02004    0.01106   18.32539    3.76804    0.56527    5.02194    2.00000
 179.97963   -0.00481   23.68873   23.25408    0.02093    0.01155    5.63630   -2.99005   -1.70924  -10.09786    2.00000
 179.99425    0.01530   20.88234   20.52715    0.01635    0.00902   56.59739   -0.18548    0.25175    0.32788    2.00000
 179.98994    0.06205   23.58847   23.17061    0.06286    0.03469    6.05657   -9.16924    1.51000  -10.67059    2.00000
 179.97182    0.01795   22.39412   22.12118    0.03341    0.01844   15.31545    0.55349    2.22064    4.24634    2.00000
 179.91351   -0.15148   21.76417   21.53581    0.17443    0.09627   25.08243   -0.25188    0.05584    0.24665    2.00000
 180.01566    0.04393   23.23760   22.87293    0.04664    0.02574    7.90390    0.20369    0.59331   -0.13552    2.00000
 179.88226   -0.05996   23.79375   23.34094    0.13213    0.07293    5.19903   -1.60299    3.41128    7.56052    2.00000
 179.97346    0.00120   21.11862   20.86679    0.02656    0.01466   43.86910   -0.76574   -0.12741   -0.81553    2.00000
 179.99054    0.05841   23.79613   23.34290    0.05917    0.03266    5.18913   -1.65172   -1.48238   -0.70623    2.00000
 180.08548   -0.04430   23.81994   23.36256    0.09628    0.05314    5.09017    0.01689    1.03204    3.16211    2.00000
 180.35764   -0.07726   21.81265   21.58173    0.36589    0.20195   24.25886    0.01413    1.00146    1.31022    2.00000
 179.98917   -0.00287   22.22044   21.96136    0.01121    0.00619   17.45140   -1.15447   -0.87494   -1.18913    2.00000
 180.03850    0.04882   22.38452   22.11234    0.06217    0.03431   15.42078    1.35010    1.82313    3.52667    2.00000
 179.92076   -0.01908   23.62221   23.19879    0.08150    0.04498    5.91469    1.81730    2.23903   10.20902    2.00000
 180.04097   -0.10107   23.60293   23.18268    0.10906    0.06019    5.99576    4.27269   -0.73547    3.05835    2.00000
 179.97668    0.09756   22.79475   22.48317    0.10031    0.05536   11.00504    0.71512   -0.41782    1.10175    2.00000
 179.96333    0.06315   22.72739   22.42295    0.07303    0.04031   11.72206    5.93878   -3.00025    3.10022    2.00000
 179.95660    0.03538   23.10421   22.75686    0.05598    0.03090    8.80672   -3.16790   -0.83959   -5.34842    2.00000
 179.90038   -0.03047   23.07541   22.73168    0.10418    0.05750    9.00254    3.25805    1.41611    7.60709    2.00000
 179.92038    0.01082   22.40852   22.13445    0.08035    0.04435   15.15746   -4.25365   -2.49180   -5.46993    2.00000
 179.99713    0.05390   20.83209   20.44443    0.05398    0.02979   60.47891    1.15266    2.70192    4.25243    2.00000
 179.98662    0.00671   22.68974   22.38927    0.01497    0.00826   12.12314   -2.40826   -1.90035   -4.66400    2.00000
 180.00169   -0.04204   23.63506   23.20952    0.04207    0.02322    5.86065    6.17772   -3.95616    7.36889    2.00000
 179.99271   -0.03385   23.66815   23.23703    0.03462    0.01911    5.72213   -2.33077    1.41275   -7.74095    2.00000
 179.95798    0.09779   23.80804   23.35273    0.10644    0.05874    5.13965    3.40457   -2.56399    4.31135    2.00000
 179.86627    0.01071   23.10421   22.75686    0.13416    0.07405    8.80672    1.92704    1.97063    5.40723    2.00000
 179.95686    0.04892   22.17417   21.91883    0.06522    0.03599   18.21397    1.30413   -1.74300   -1.05072    2.00000
 179.97823    0.00123   21.88613   21.65063    0.02181    0.01204   23.02350   -4.06807    2.46385   -0.83518    2.00000
 179.97899    0.09411   23.81994   23.36256    0.09643    0.05322    5.09017    2.30169    0.45793   -1.59036    2.00000
 180.04742    0.04371   22.45363   22.17580    0.06449    0.03560   14.66509    3.32972   -2.09768    0.35475    2.00000
 179.98013   -0.01874   20.92199   20.59315    0.02731    0.01507   54.12417    5.28413    0.63622    6.14828    2.00000
 179.84154    0.00313   22.64279   22.34708    0.15850    0.08748   12.62546   -5.81083   -0.09306   -5.52410    2.00000
 180.01884    0.00809   18.05474   18.06875    0.02051    0.01132  276.34222   -0.03417   -0.09747   -0.11938    2.00000
 180.15057   -0.17961   16.80484   16.03567    0.23438    0.12936  760.87213   -2.31991    3.53311    1.23348    2.00000
 179.94341   -0.03314   21.92970   21.69145    0.06558    0.03620   22.29143    1.43153   -0.78606    0.97523    2.00000
 179.82687    0.00934   21.09473   20.83776    0.17338    0.09569   44.95706   -7.89192   -3.03467  -11.00746    2.00000
 180.01534   -0.01175   21.31942   21.09316    0.01932    0.01066   36.42619    2.02515   -2.22365   -0.32745    2.00000
 179.99249    0.01531   18.07086   17.75400    0.01705    0.00941  327.76889    2.68031   -0.11429    2.52847    2.00000
 180.00755    0.00831   23.22541   22.86234    0.01122    0.00620    7.98622    3.78610   -1.51457    3.83331    2.00000
 180.01761   -0.09119   23.21322   22.85176    0.09288    0.05126    8.06855   -2.70456   -0.43962    0.12246    2.00000
 180.01991    0.02900   23.07301   22.72958    0.03518    0.01942    9.01885    0.77234    1.22845    4.30865    2.00000
 179.99432    0.00116   21.45025   21.22834    0.00578    0.00319   32.87038    2.85539    3.19826    6.32044    2.00000
 180.00385   -0.11035   23.27918   22.90900    0.11042    0.06094    7.62329    5.08457   -1.63983    2.07153    2.00000
 179.78236    0.16406   21.14699   20.90126    0.27255    0.15043   42.57715   -7.33155    3.16819   -3.79098    2.00000
 180.02879    0.00251   23.19372   22.83482    0.02890    0.01595    8.20027   -0.05558    0.55241   -0.99584    2.00000
 180.00539    0.00351   23.20347   22.84329    0.00643    0.00355    8.13441    0.62984   -1.01379    3.22918    2.00000
 180.03783   -0.02435   20.57666   20.12450    0.04499    0.02483   76.96606    0.58941    0.19434    0.21124    2.00000
 180.06317    0.03967   22.87153   22.55169    0.07459    0.04117   10.40257    1.39709   -3.10893   -1.94673    2.00000
 180.07576   -0.04752   20.86646   20.49994    0.08943    0.04936   57.61821   -1.85129   -2.24785   -4.04901    2.00000
 179.97980   -0.05276   23.72990   23.28818    0.05650    0.03119    5.46464   -0.87404    0.01711    3.96888    2.00000
 179.99277    0.03042   22.67930   22.37990    0.03126    0.01726   12.23476   -3.94186    0.39084   -3.62483    2.00000
 179.99423    0.07545   21.93793   21.69910    0.07567    0.04176   22.15417    3.77493   -3.42392    0.50810    2.00000
 179.83678   -0.00245   23.15227   22.79884    0.16324    0.09010    8.48017   -4.22393    1.16348   -6.04406    2.00000
 179.95570    0.15110   21.08428   20.82506    0.15746    0.08691   45.43305   -3.82131   -0.12674   -3.83621    2.00000
 179.98212    0.10456   23.66067   23.23084    0.10608    0.05855    5.75334   -3.20396    4.43299   -1.66566    2.00000
 179.54608    0.28551   22.55682   22.26984    0.53624    0.29597   13.54530   -3.08840    0.42776   -3.69132    2.00000
 179.91766   -0.01650   23.54773   23.13639    0.08397    0.04635    6.22884    2.30408    1.48685    1.62855    2.00000
 180.00172   -0.01610   23.57080   23.15585    0.01620    0.00894    6.13088   -2.00225    0.70925  -11.50701    2.00000
 180.27206   -0.16711   23.68312   23.24943    0.31930    0.17623    5.65971   -3.88421   -1.57963    1.07243    2.00000
 179.96338   -0.01980   23.35810   22.97586    0.04163    0.02297    7.10325   -0.60596   -1.34718   -3.37879    2.00000
 179.90697    0.02281   22.71491   22.41180    0.09578    0.05286   11.85484   -1.83562    0.96297    0.00065    2.00000
 180.15640   -0.00553   22.54268   22.25695    0.15651    0.08638   13.69870   -5.85537   -1.88319   -6.23801    2.00000
 179.54657    0.71630   23.30911   22.93436    0.84775    0.46792    7.42608   -4.69533   -2.30015   -7.40012    2.00000
 179.96570   -0.04104   21.51598   21.29549    0.05348    0.02952   31.10413   -0.21039    0.47969    0.29874    2.00000
 179.97778    0.08944   21.00839   20.72563    0.09216    0.05086   49.15917   -0.34217   -0.20547   -0.25850    2.00000
 179.95251   -0.15049   23.09221   22.74637    0.15780    0.08710    8.88831    1.16526    1.07558   -0.99804    2.00000
 179.97911    0.01850   22.28984   22.02514    0.02790    0.01540   16.45903   -2.23673   -0.43452   -2.85143    2.00000
 179.98981    0.01282   23.47206   23.07236    0.01637    0.00904    6.55122   -0.29601    2.92546    4.11367    2.00000
 180.02377   -0.04848   23.26686   22.89833    0.05399    0.02980    7.70632    0.88003   -0.24515    1.83734    2.00000
 179.99135    0.00093   21.82354   21.59194    0.00870    0.00480   24.07584   -3.05145   -1.84944   -4.45526    2.00000
 179.98749    0.10171   23.75803   23.31145    0.10248    0.05656    5.34747   -4.81733   -0.06717   -2.94103    2.00000
 180.10931   -0.06133   23.17178   22.81577    0.12535    0.06918    8.34845   -0.45376    1.13200    7.05123    2.00000
 180.03970   -0.01151   22.49816   22.21638    0.04135    0.02282   14.18190    4.75688   -3.23322    0.60813    2.00000
 179.92680   -0.03697   23.15227   22.79884    0.08201    0.04526    8.48017    0.70349    2.51482    4.96177    2.00000
 179.88516    0.05464   23.33361   22.95511    0.12717    0.07019    7.26466    0.88295    1.76511    0.61629    2.00000
 180.07605    0.10764   21.76682   21.53836    0.13179    0.07274   25.03668   -2.73684    0.39443   -2.65942    2.00000
 180.08672   -0.03107   22.88978   22.56796    0.09210    0.05083   10.27600    4.55484   -1.39765    7.47733    2.00000
 180.06242   -0.03786   23.35538   22.97356    0.07300    0.04029    7.12118   -0.35303   -0.58190   -6.23314    2.00000
 179.93030    0.03348   23.56759   23.15316    0.07733    0.04268    6.14439    1.90136    0.30702   -6.03557    2.00000
 179.98584    0.04301   22.06673   21.81902    0.04528    0.02499   20.00373    1.74196    2.02245    5.19524    2.00000
 179.94267    0.05713   23.05861   22.71700    0.08093    0.04467    9.11676   -3.68309   -1.56114  -10.69162    2.00000
 180.22168    0.12612   23.78184   23.33111    0.25504    0.14077    5.24851   -4.65832   -2.36883   -1.56585    2.00000
 179.97929    0.08507   21.91607   21.67869    0.08755    0.04832   22.52020   -6.87966   -0.34679   -6.84832    2.00000
 180.00220    0.11009   23.20103   22.84118    0.11011    0.06077    8.15087    2.43902   -0.86409   -1.65619    2.00000
 179.91859    0.23316   22.11164   21.86166    0.24697    0.13631   19.23918    6.42636   -2.94654    3.45311    2.00000
 179.91605   -0.06855   22.56715   22.27912    0.10839    0.05982   13.43476   -1.12914   -2.70610   -4.76347    2.00000
 180.05869    0.05000   22.00096   21.75779    0.07710    0.04255   21.10183    3.20127   -0.65912    1.40842    2.00000
 180.60068    0.84681   21.18023   20.94031    1.03821    0.57307   41.11360   -0.05876    3.19276    3.39338    2.00000
 180.02477   -0.00603   22.26670   22.00388    0.02548    0.01406   16.71221    5.39946   -2.43102    1.06151    2.00000
 180.01523   -0.00690   23.25955   22.89198    0.01672    0.00923    7.75571    0.80649    0.26656    4.74043    2.00000
 179.92715    0.03466   22.98780   22.65500    0.08068    0.04453    9.59899   -3.29277   -2.24454   -4.70553    2.00000
 179.79671    0.38778   23.20347   22.84329    0.43783    0.24165    8.13441    4.42335    0.62002    1.36994    2.00000
 180.05598    0.02920   22.21529   21.95663    0.06314    0.03485   17.53613   -0.56840   -0.32757   -0.20874    2.00000
 180.06770   -0.01718   22.88717   22.56563    0.06986    0.03856   10.29408   -1.19684   -0.84409   -2.99572    2.00000
 179.97615   -0.08653   22.35811   22.08801    0.08976    0.04954   15.71042   -5.50070    3.15004   -4.75688    2.00000
 179.90955    0.19347   23.66628   23.23548    0.21357    0.11787    5.72993   -3.57139    0.70182   -2.84594    2.00000
 179.94760   -0.08154   21.12608   20.87586    0.09692    0.05349   43.52911    0.05650    6.47596    6.66031    2.00000
 180.00253   -0.02076   21.92970   21.69145    0.02091    0.01154   22.29143   -5.59984    0.38637   -5.70592    2.00000
 179.99580    0.04485   21.62092   21.39774    0.04505    0.02486   28.41444   -4.87843    1.60506   -3.55692    2.00000
 179.95627    0.02633   21.63455   21.41084    0.05105    0.02818   28.06991    1.08966    1.87803    3.04990    2.00000
 179.91711   -0.01896   22.82723   22.51221    0.08503    0.04693   10.70962    0.05592   -0.87318   -2.17186    2.00000
 179.95454    0.00299   22.20244   21.94482    0.04556    0.02514   17.74795   -3.07650   -0.51883   -4.52907    2.00000
 180.01424   -0.00861   23.69996   23.26338    0.01664    0.00918    5.58948   -3.09133    3.57248    3.66572    2.00000
 180.05356    0.01147   23.36354   22.98047    0.05478    0.03023    7.06738    2.49527   -0.28086   -1.49274    2.00000
 179.99075    0.00893   23.38804   23.00123    0.01286    0.00710    6.90933   -5.32236   -0.91298   -7.36430    2.00000
 179.99370    0.01901   23.48557   23.08379    0.02003    0.01105    6.49365    0.34828    1.69620   -1.47718    2.00000
 179.99557   -0.00438   23.63988   23.21355    0.00623    0.00344    5.84038    0.34507   -2.19848   -1.28993    2.00000
 180.00284   -0.01791   22.83762   22.52146    0.01814    0.01001   10.63763   -0.88120   -4.48315   -5.33705    2.00000
 179.94865   -0.07355   21.42938   21.20702    0.08969    0.04950   33.43117    0.29423   -0.71463   -1.05984    2.00000
 180.24416    0.06928   23.68499   23.25098    0.25380    0.14008    5.65191    0.25228    3.57328    3.30300    2.00000
 179.99820    0.01288   23.24736   22.88139    0.01300    0.00718    7.83804    2.09765    1.79444    5.87912    2.00000
 179.93448    0.05916   21.77476   21.54601    0.08827    0.04872   24.89941   -6.83863   -2.24390  -10.33596    2.00000
 180.00240   -0.20384   23.39076   23.00353    0.20386    0.11251    6.89772    7.24439   -2.85620    9.74017    2.00000
 180.07034    0.06797   23.55584   23.14325    0.09781    0.05398    6.19430   -0.62313    2.69522    0.73261    2.00000
 180.05080    0.20415   22.93934   22.61213    0.21037    0.11611    9.93244    0.67660    3.18762    2.43877    2.00000
 180.05054   -0.06609   23.53962   23.12953    0.08320    0.04592    6.26338    3.49324    0.11435    0.67406    2.00000
 179.81647   -0.05289   21.69802   21.47202    0.19099    0.10541   26.46053   -3.00135    2.76975   -0.51505    2.00000
 180.02968   -0.13214   21.83170   21.59960    0.13543    0.07475   23.93858   -2.86675   -1.96900   -4.42673    2.00000
 180.04327    0.04280   21.48937   21.26831    0.06087    0.03359   31.81890   -7.18355    0.18040   -7.16243    2.00000
 180.22876   -0.07397   23.15227   22.79884    0.24042    0.13269    8.48017    0.08248   -0.81283   -0.77623    2.00000
 179.99831    0.10666   22.47472   22.19502    0.10668    0.05888   14.43621   -1.16307    2.18704    1.22550    2.00000
 180.16714   -0.09937   22.73238   22.42741    0.19446    0.10733   11.66895    0.26684    1.35155    3.29801    2.00000
 180.07518    0.02972   21.73507   21.50774    0.08084    0.04462   25.58573   -0.42768    2.67786    1.69617    2.00000
 179.95595    0.06392   23.10661   22.75895    0.07763    0.04285    8.79040    3.32337   -1.63138    2.61218    2.00000
 179.54379   -0.71410   23.22541   22.86234    0.84738    0.46772    7.98622   -4.67941   -1.95960  -10.39729    2.00000
 179.93900   -0.17682   23.21810   22.85599    0.18705    0.10324    8.03562   -1.67572   -2.31029   -3.05941    2.00000
 179.95468    0.09800   22.36772   22.09686    0.10797    0.05959   15.60510    1.79513   -3.29804   -1.03044    2.00000
 179.95264   -0.04769   22.88457   22.56331    0.06722    0.03710   10.31216   -1.19224    1.70037   -1.43027    2.00000
 180.12637   -0.05882   23.80327   23.34880    0.13940    0.07694    5.15945   -2.09104   -1.21390   -7.92389    2.00000
 180.00766    0.02406   22.94716   22.61910    0.02525    0.01394    9.87819   -0.23127   -2.06366   -0.27820    2.00000
 179.98953   -0.02611   23.69622   23.26028    0.02813    0.01553    5.60509   -3.30461   -2.70934   -3.00852    2.00000
 180.10870    0.02100   23.10661   22.75895    0.11071    0.06110    8.79040   -1.03515   -2.27850   -6.20731    2.00000
 179.98303    0.02929   23.00934   22.67390    0.03385    0.01868    9.45199   -0.01036   -1.87961   -2.89378    2.00000
 179.97655    0.06705   21.97629   21.73482    0.07104    0.03921   21.51361   -1.01242    2.03739    1.45680    2.00000
 179.98068   -0.01252   22.62714   22.33302    0.02302    0.01271   12.79290   -4.59464   -1.40310   -6.63974    2.00000
 180.06801   -0.11389   22.83501   22.51914    0.13265    0.07321   10.65572    4.45964   -0.64732    5.56732    2.00000
 179.99263    0.00354   22.93673   22.60980    0.00818    0.00452    9.95052    6.95719   -0.43601    9.55802    2.00000
 180.15446   -0.17831   21.25673   21.02637    0.23591    0.13020   38.18313   -0.25443    0.77424    0.48040    2.00000
 179.86259   -0.12789   23.39076   23.00353    0.18771    0.10360    6.89772   -4.20078    2.62692   -6.73456    2.00000
 179.93271    0.00047   23.47746   23.07693    0.06730    0.03714    6.52819   -2.39102   -1.74891   -2.53951    2.00000
 179.96581    0.05529   23.57723   23.16121    0.06501    0.03588    6.10386   -1.76039   -3.66742   -4.25595    2.00000
 179.93971   -0.02159   20.03713   19.54868    0.06404    0.03534  114.24842    0.76740   -2.04417   -1.23851    2.00000
 180.00179    0.06944   19.70794   19.20405    0.06947    0.03834  143.66133   -0.59054   -1.59684   -2.19853    2.00000
 180.00047   -0.00529   23.12342   22.77364    0.00531    0.00293    8.67618   -2.83470   -0.44720   -4.41786    2.00000
 180.00633   -0.01017   23.55584   23.14325    0.01197    0.00661    6.19430   -1.87089   -1.67626    2.79797    2.00000
 179.99643   -0.03489   22.87153   22.55169    0.03507    0.01936   10.40257    4.47947   -1.72625    2.23608    2.00000
 179.99919    0.00132   22.50753   22.22492    0.00155    0.00085   14.08017    8.79958    0.20728   12.67654    2.00000
 180.02299   -0.00099   23.59329   23.17463    0.02301    0.01270    6.03630   -3.55403    0.53790    1.16405    2.00000
 180.02211   -0.06824   22.24614   21.98498    0.07174    0.03959   17.02775   -5.92878    0.36558   -6.52547    2.00000
 179.96030    0.03628   22.22301   21.96372    0.05379    0.02969   17.40903    3.19910   -0.50334    1.78550    2.00000
 180.05254   -0.03878   23.82709   23.36845    0.06531    0.03604    5.06049   -0.31321    2.30125   -1.11450    2.00000
 180.00105   -0.07381   22.61931   22.32599    0.07382    0.04074   12.87662   -1.70500    0.60818   -1.38463    2.00000
 179.99754    0.11875   22.39892   22.12560    0.11878    0.06556   15.26279    0.01874   -1.31395   -2.90329    2.00000
 179.93657    0.03260   20.98552   20.69195    0.07132    0.03936   50.42138    3.72776    2.16544    5.94122    2.00000
 179.99680    0.04269   23.25955   22.89198    0.04281    0.02363    7.75571   -1.72051    0.65546    2.59251    2.00000
 180.00595   -0.01782   21.91607   21.67869    0.01878    0.01037   22.52020   -0.33432   -2.66236   -2.75234    2.00000
 180.03397    0.03450   22.02014   21.77565    0.04841    0.02672   20.78155    2.04940   -1.83925    1.90029    2.00000
 179.68987   -0.18948   21.08278   20.82324    0.36343    0.20059   45.50104   -2.99547   -4.45650   -7.39647    2.00000
 180.08597   -0.03336   23.62382   23.20013    0.09222    0.05090    5.90794   -1.17271   -1.00104    0.62783    2.00000
 179.99573   -0.01279   22.27441   22.01097    0.01348    0.00744   16.62782   -3.37460    2.25045   -2.05931    2.00000
 180.04431   -0.05084   23.67938   23.24633    0.06744    0.03722    5.67531    0.15141    5.04981    2.73652    2.00000
 180.03618   -0.03386   23.82709   23.36845    0.04955    0.02735    5.06049    3.38655   -2.34320    6.33276    2.00000
 180.11639    0.13972   23.06821   22.72539    0.18185    0.10037    9.05149   -0.59280    1.49009    2.46669    2.00000
 180.02324    0.02274   18.91922   18.37168    0.03252    0.01795  234.61559    2.35617   -1.29927    1.11169    2.00000
 180.02081   -0.00917   23.36899   22.98509    0.02274    0.01255    7.03151    0.45042   -3.27856   -1.24984    2.00000
 180.04207   -0.01949   21.60729   21.38464    0.04637    0.02559   28.75897   -2.17535    0.50311   -2.31050    2.00000
 180.01192    0.02145   23.69060   23.25563    0.02454    0.01355    5.62850    1.38120   -3.73197    1.48418    2.00000
 180.02266   -0.07044   23.01258   22.67673    0.07399    0.04084    9.42994    1.22648   -3.28760   -3.28375    2.00000
 179.98785    0.27526   22.79974   22.48763    0.27553    0.15207   10.95192    5.33084    0.07118    6.07599    2.00000
 180.02492   -0.01764   23.81756   23.36059    0.03053    0.01685    5.10007   -5.97955   -1.55914   -8.74637    2.00000
 179.95363   -0.00145   22.57497   22.28615    0.04639    0.02561   13.35104    6.70787   -0.07524    6.39189    2.00000
 180.02505    0.03270   23.62864   23.20415    0.04119    0.02274    5.88767   -1.83280    1.10304   -6.09296    2.00000
 179.99474    0.02139   23.51260   23.10666    0.02203    0.01216    6.37852   -0.41271    3.15393    0.89752    2.00000
 179.97647   -0.05336   23.07061   22.72749    0.05832    0.03219    9.03517   -5.58360    1.74976   -3.18984    2.00000
 180.06084   -0.05408   22.49113   22.20997    0.08140    0.04493   14.25819    4.62135    2.80656    6.36447    2.00000
 179.78583    0.04687   21.25471   21.02421    0.21924    0.12100   38.23980   -2.74969   -2.95531   -5.20360    2.00000
 179.96481    0.00058   23.08501   22.74007    0.03520    0.01943    8.93726  -12.89380   -0.45405  -14.13147    2.00000
 180.03574   -0.02790   22.05303   21.80627    0.04534    0.02503   20.23250    2.11131    0.24550    1.39394    2.00000
 180.02281    0.01438   23.34994   22.96895    0.02696    0.01488    7.15705   -5.84942   -0.57130   -4.31293    2.00000
 180.08209   -0.73809   22.77229   22.46309    0.74264    0.40990   11.24404   -0.55169    3.05316    1.33888    2.00000
 179.89722   -0.04337   22.64279   22.34708    0.11156    0.06157   12.62546    1.47840    0.22107    1.65768    2.00000
 179.97720    0.02111   22.66365   22.36583    0.03107    0.01715   12.40220   -0.49024    2.17449    2.56656    2.00000
 180.01904    0.01132   22.50519   22.22278    0.02216    0.01223   14.10560   -0.38684   -2.27523    0.16520    2.00000
 179.92114   -0.03762   23.14502   22.79252    0.08736    0.04822    8.52932   -1.15562   -1.48287   -0.37776    2.00000
 180.00911    0.30342   20.28111   19.80580    0.30356    0.16754   96.66345    7.05229    3.55786   10.64006    2.00000
 180.06470   -0.02535   23.57723   23.16121    0.06949    0.03835    6.10386    2.95801   -1.81576    5.60655    2.00000
 180.00273   -0.00268   23.30639   22.93205    0.00383    0.00211    7.44401    1.05361    1.06489    1.30356    2.00000
 180.04356   -0.17037   22.71491   22.41180    0.17585    0.09706   11.85484    1.48674    1.07432    2.91769    2.00000
 180.08986    0.48560   21.70596   21.47967    0.49384    0.27257   26.25919   -3.42799   -0.22733   -3.46621    2.00000
 180.20914   -0.01241   22.70992   22.40734    0.20950    0.11563   11.90796   -2.29323   -0.24222   -3.12204    2.00000
 179.97800    0.02073   23.65880   23.22929    0.03024    0.01669    5.76114    1.43189    0.24226    4.79032    2.00000
 179.84204    0.17399   23.58847   23.17061    0.23499    0.12970    6.05657    1.30901   -0.68940   -3.24870    2.00000
 180.07590   -0.02403   20.67924   20.24364    0.07961    0.04394   70.82656   -0.86176    0.24250   -0.33439    2.00000
 180.01341   -0.02159   22.09614   21.84691    0.02542    0.01403   19.50362   -6.53139    0.05145   -5.52278    2.00000
 179.96465    0.02258   21.69008   21.46437    0.04194    0.02315   26.66188    1.12713    0.70557    1.50540    2.00000
 179.99121    0.00171   22.95499   22.62608    0.00895    0.00494    9.82395    5.93155    3.22151    7.92659    2.00000
 179.98933    0.00634   22.92369   22.59818    0.01240    0.00685   10.04093   -1.38065   -2.29748   -5.00101    2.00000
 179.93352    0.02115   22.72240   22.41849    0.06977    0.03851   11.77518    5.76382   -4.32055    3.59459    2.00000
 180.07164   -0.07248   23.02500   22.68763    0.10191    0.05625    9.34521    0.50897   -0.10619   -2.40791    2.00000
 180.03781   -0.08632   21.34167   21.11686    0.09424    0.05201   35.80276   -0.18288    3.41853    3.26552    2.00000
 180.02666    0.05094   22.08142   21.83291    0.05749    0.03173   19.75476   -1.75197   -1.72627   -3.52778    2.00000
 179.84979   -0.22563   23.68125   23.24788    0.27105    0.14960    5.66751    0.29527   -0.73930   -3.01562    2.00000
 180.03687   -0.03381   23.16446   22.80942    0.05002    0.02761    8.39784   -0.24937   -0.80625    0.37651    2.00000
 180.02390    0.08081   23.67189   23.24013    0.08427    0.04651    5.70652    1.47719    4.00217    9.77363    2.00000
 180.03677    0.03655   23.48557   23.08379    0.05185    0.02862    6.49365    2.86360   -0.40382    0.95943    2.00000
 179.98112    0.02851   22.31011   22.04378    0.03419    0.01887   16.23705   -1.96437    0.89976   -2.40381    2.00000
 179.99062   -0.01050   23.10901   22.76105    0.01409    0.00778    8.77409    1.28471   -1.84492   -0.36562    2.00000
 179.98566   -0.01943   23.63024   23.20550    0.02415    0.01333    5.88091   -4.35641   -2.57170   -4.64118    2.00000
 180.03920   -0.02533   23.08261   22.73797    0.04667    0.02576    8.95358   -2.91444   -0.66269   -0.94261    2.00000
 179.98866   -0.04531   21.85347   21.62001    0.04671    0.02578   23.57255    1.84662    4.31574    7.06965    2.00000
 180.03065   -0.02220   22.64018   22.34474    0.03785    0.02089   12.65337   -0.54073    0.29087    1.58327    2.00000
 180.01134   -0.08125   22.34371   22.07474    0.08203    0.04528   15.86841   -0.12180   -3.14348   -4.35071    2.00000
 179.95840   -0.02769   23.39620   23.00814    0.04997    0.02758    6.87450   -2.14449    0.59387   -8.86503    2.00000
 180.13364    0.12989   21.83714   21.60470    0.18637    0.10286   23.84707    4.66305    0.62537    5.18792    2.00000
 180.02446    0.03466   22.34131   22.07253    0.04242    0.02342   15.89474    1.45981   -4.28954   -2.06903    2.00000
 180.04497    0.02919   18.61626   18.04814    0.05361    0.02959  279.18152   -1.37422    0.74675   -0.57909    2.00000
 179.95644   -0.01887   23.01904   22.68240    0.04749    0.02621    9.38583   -4.71878    1.40103   -2.29250    2.00000
 180.14117   -0.29943   23.33361   22.95511    0.33104    0.18271    7.26466    5.20990    1.15976   10.33711    2.00000
 180.05806   -0.11106   23.70557   23.26803    0.12532    0.06917    5.56608    3.87165   -1.34933    6.54268    2.00000
 180.05383   -0.09230   23.35266   22.97125    0.10685    0.05898    7.13912   -0.67039    0.54590    2.94348    2.00000
 179.98309   -0.01313   22.41332   22.13887    0.02140    0.01181   15.10480    1.16208   -2.69607   -2.79607    2.00000
 179.94800   -0.08469   19.98179   19.49062    0.09938    0.05485  118.40448   -0.82167    0.33635   -0.35491    2.00000
 179.97903    0.01730   23.34449   22.96433    0.02718    0.01500    7.19292    0.63196   -0.01724    1.15177    2.00000
 180.33096   -0.04803   23.64791   23.22026    0.33444    0.18459    5.80660   -3.23077    0.79523    0.49474    2.00000
 180.04816    0.07532   23.25955   22.89198    0.08940    0.04934    7.75571    2.73544   -1.98574    2.54042    2.00000
 180.00917   -0.00274   22.34131   22.07253    0.00958    0.00529   15.89474    1.72332   -3.55386   -2.26560    2.00000
 179.96001    0.32121   22.51690   22.23346    0.32369    0.17865   13.97845   -1.04171    0.35858   -2.33120    2.00000
 180.00204    0.01857   16.86320   16.10369    0.01868    0.01031  738.53461   -2.66360   -0.15825   -2.81343    2.00000
 179.98331    0.01616   22.85588   22.53774    0.02324    0.01282   10.51106   -0.22099    0.13542   -1.55992    2.00000
 179.97169   -0.02076   17.55140   16.88700    0.03511    0.01938  506.59766    1.06570   -0.85868    0.23150    2.00000
 179.80922   -0.01279   23.47476   23.07464    0.19121    0.10553    6.53971    5.19818   -0.86570    5.47462    2.00000
 179.99178   -0.00172   22.49347   22.21210    0.00840    0.00463   14.23276    3.43127   -2.52212    0.96831    2.00000
 180.03708    0.10627   21.16995   20.92837    0.11255    0.06212   41.56125   -0.74845    1.97471    1.32992    2.00000
 179.92622   -0.04548   23.23273   22.86869    0.08666    0.04783    7.93683    3.16770   -1.21050    2.71648    2.00000
 179.98520    0.10731   23.53422   23.12495    0.10833    0.05979    6.28641    8.62273   -1.62978    6.94002    2.00000
 179.97180    0.01185   22.10466   21.85502    0.03059    0.01688   19.35823   -1.85610   -5.99631   -7.66923    2.00000
 179.99252   -0.00501   22.81470   22.50101    0.00900    0.00497   10.79675    1.80818    0.11781    2.53184    2.00000
 180.01270   -0.00469   22.79475   22.48317    0.01353    0.00747   11.00504    0.75377    1.40771    2.62219    2.00000
 179.92940   -0.02282   22.55682   22.26984    0.07421    0.04096   13.54530    3.60965   -1.75931    1.71858    2.00000
 179.99326    0.00154   23.28190   22.91130    0.00691    0.00382    7.60543   -2.19497    1.56484   11.58769    2.00000
 180.04849   -0.03965   19.87265   19.37604    0.06264    0.03457  128.50307    0.97837   -0.53739    0.52966    2.00000
 179.64101   -0.05530   22.58802   22.29787    0.36323    0.20048   13.21150   -0.77422    1.60582   -0.28879    2.00000
 179.96693   -0.02174   23.69435   23.25873    0.03957    0.02184    5.61289   -1.93294   -3.74520   -7.39040    2.00000
 180.02670   -0.04326   23.49638   23.09294    0.05085    0.02806    6.44760    3.07632   -0.85365    2.81885    2.00000
 180.15456   -0.03132   21.37461   21.15106    0.15769    0.08703   34.90323    5.96552   -1.67871    4.77097    2.00000
 179.98067   -0.02866   23.48827   23.08608    0.03457    0.01908    6.48214    2.71675    1.36355    9.02559    2.00000
 179.96825   -0.02513   21.19822   20.96122    0.04050    0.02235   40.33021    0.21002   -0.28396    0.23423    2.00000
 180.12662    0.10676   22.90543   22.58191    0.16562    0.09141   10.16750   -4.12852   -0.99219   -6.39648    2.00000
 180.05276    0.00014   21.06171   20.79616    0.05277    0.02913   46.51597   -0.14266    0.61651    0.24314    2.00000
 180.02600   -0.02517   21.00215   20.71645    0.03618    0.01997   49.50341   -2.64280   -1.13756   -3.79252    2.00000
 180.52379    0.71163   22.38212   22.11012    0.88360    0.48772   15.44711   -1.06788    0.54383   -0.46261    2.00000
 180.09003   -0.02643   22.08607   21.83733    0.09382    0.05178   19.67546    1.22167    2.24148    3.68844    2.00000
 180.02013    0.00792   21.98451   21.74248    0.02162    0.01194   21.37635    1.00309   -2.45109   -1.74824    2.00000
 180.01627   -0.05529   21.70331   21.47712    0.05763    0.03181   26.32630    3.82205    0.45711    5.18842    2.00000
 179.95755    0.01301   23.72241   23.28198    0.04440    0.02451    5.49585   -1.21771   -0.09496   -0.73636    2.00000
 180.03452    0.09429   23.04901   22.70860    0.10041    0.05542    9.18203    5.04848   -2.20794    8.70603    2.00000
 180.03223   -0.01768   21.80993   21.57918    0.03676    0.02029   24.30461   -1.61799    0.70111   -1.08092    2.00000
 179.99181    0.04634   22.17417   21.91883    0.04705    0.02597   18.21397   -3.33079   -0.14627   -4.17395    2.00000
 180.01637    0.23494   22.69234   22.39161    0.23551    0.12999   12.09523   -1.78270    0.62609   -1.97517    2.00000
 180.07822    0.05749   23.23760   22.87293    0.09708    0.05358    7.90390    6.28252    1.37591    5.96545    2.00000
 179.92793    0.21115   23.15471   22.80096    0.22311    0.12314    8.46370    0.12674   -0.31725   -2.02022    2.00000
 179.97929    0.01146   20.74680   20.32659    0.02367    0.01306   66.55171    7.40712   -2.75215    4.95632    2.00000
 179.99245   -0.01560   22.59845   22.30724    0.01734    0.00957   13.09987   -2.68577   -1.11253   -4.01458    2.00000
 180.13289   -0.00597   23.62542   23.20147    0.13302    0.07342    5.90118    3.37741   -0.67795    2.88362    2.00000
 180.01199   -0.05087   22.35091   22.08138    0.05227    0.02885   15.78942    0.10604    2.93364    3.84029    2.00000
 180.02061   -0.01770   23.37715   22.99200    0.02717    0.01499    6.97770   -3.29882    1.67793   -1.50604    2.00000
 179.94420    0.05747   23.76041   23.31342    0.08011    0.04421    5.33757   -3.70595   -1.53272   -1.73495    2.00000
 180.05646   -0.04189   23.61578   23.19342    0.07029    0.03879    5.94172   -1.88395    2.83777   -2.12117    2.00000
 179.99139    0.02483   23.42070   23.02890    0.02628    0.01450    6.77002   -2.54112   -2.49529   -2.50968    2.00000
 179.97746    0.03346   23.71306   23.27423    0.04034    0.02227    5.53487   -1.86158   -0.56464    1.36615    2.00000
 179.96075   -0.01744   21.90791   21.67104    0.04294    0.02370   22.65746    4.98689   -0.42319    5.02266    2.00000
 180.02534    0.05642   23.00180   22.66728    0.06186    0.03414    9.50344   -2.03840   -1.55177   -4.34788    2.00000
 179.93324   -0.06064   23.12102   22.77154    0.09019    0.04978    8.69250    2.03987    1.16882    3.07246    2.00000
 179.97951   -0.03906   21.95985   21.71952    0.04411    0.02435   21.78814   -1.11040   -0.56085   -3.09761    2.00000
 179.97269    0.02665   23.76993   23.32128    0.03816    0.02106    5.29799    2.38129    0.53344   10.90469    2.00000
 179.86288   -0.03592   22.44894   22.17153    0.14173    0.07823   14.71595   -5.35863    1.79283   -4.39723    2.00000
 179.94315   -0.01106   23.45854   23.06092    0.05792    0.03197    6.60879    1.45069   -2.20099   -2.44926    2.00000
 180.03784   -0.07222   22.62975   22.33537    0.08153    0.04500   12.76499   -0.75734   -1.66818   -2.67087    2.00000
 180.09760    0.05792   22.29498   22.02987    0.11349    0.06264   16.40276    1.29800    1.87550    5.48157    2.00000
 180.02373    0.05177   23.58365   23.16658    0.05695    0.03143    6.07684   -9.52607    0.23483   -6.06527    2.00000
