#RA        DEC       MAG_G     MAG_I     ANGSEP    RPROJ     SNR       VTRUE       VSYS       VMEAS      VSYSERR    
 179.83896   -0.09440   23.45584   23.05863    0.18667    0.10303    6.62030   -3.26322    1.29800    1.41273    2.00000
 180.08107   -0.10984   23.55044   23.13868    0.13652    0.07535    6.21732    3.25764    0.35893   -1.17111    2.00000
 179.98676    0.03724   17.09253   16.36818    0.03952    0.02181  651.68219    0.29031   -3.57769   -3.28664    2.00000
 179.94698    0.00444   21.23149   20.99920    0.05321    0.02937   38.90671   -0.94692    0.95507   -0.33468    2.00000
 180.00761    0.02313   22.64540   22.34943    0.02435    0.01344   12.59755   -3.86659    0.13833   -4.89612    2.00000
 179.99940   -0.07937   23.69996   23.26338    0.07937    0.04381    5.58948   -1.45928    1.56976    0.35807    2.00000
 180.00531    0.03524   23.67751   23.24478    0.03564    0.01967    5.68312    6.04166   -1.23531    2.38279    2.00000
 179.97935    0.11104   22.96948   22.63893    0.11294    0.06234    9.72395   -3.14997   -0.49720   -3.17533    2.00000
 180.01581    0.02022   22.75483   22.44748    0.02567    0.01417   11.42994   -3.23091    2.20209   -3.92150    2.00000
 180.01665    0.02213   23.82947   23.37042    0.02769    0.01528    5.05059    4.02111   -0.07191   -2.41196    2.00000
 180.02531   -0.01958   23.27918   22.90900    0.03200    0.01766    7.62329   -5.00881   -0.73360   -7.40573    2.00000
 180.06714   -0.06454   23.31728   22.94128    0.09313    0.05140    7.37227   -1.58713   -0.03569   -2.10943    2.00000
 180.01004   -0.01452   21.22378   20.99085    0.01765    0.00974   39.21978    1.06833   -0.01525    0.71798    2.00000
 180.06972    0.03692   22.52862   22.24414    0.07889    0.04354   13.85129    1.81125   -0.88901    0.69421    2.00000
 180.13504   -0.05442   23.55044   23.13868    0.14559    0.08035    6.21732    4.66619    0.90934   -0.97378    2.00000
 179.76463   -0.31714   22.92630   22.60050    0.39494    0.21798   10.02285    4.85815   -2.64784   -0.08559    2.00000
 180.05547   -0.05827   23.64955   23.22162    0.08045    0.04440    5.79973    1.72539   -1.54681    6.84147    2.00000
 179.87074   -0.07184   21.95163   21.71186    0.14788    0.08162   21.92540   -0.50697    1.30165    0.74501    2.00000
 179.98924   -0.04828   21.06296   20.79780    0.04946    0.02730   46.45434   -6.76096    1.86483   -4.97980    2.00000
 180.01463    0.01034   23.06101   22.71909    0.01792    0.00989    9.10044   -2.27562   -2.81444   -7.09122    2.00000
 179.99025   -0.01801   22.80223   22.48986    0.02048    0.01131   10.92537    0.99240   -2.32041   -3.60103    2.00000
 179.97644   -0.01612   23.69996   23.26338    0.02855    0.01576    5.58948    0.14091    1.03330    0.63577    2.00000
 179.88934   -0.15758   22.82723   22.51221    0.19255    0.10628   10.70962   -5.29441    1.60569   -3.33801    2.00000
 179.99666    0.00193   22.49816   22.21638    0.00386    0.00213   14.18190    4.99113   -0.69940    4.69660    2.00000
 180.04770    0.00306   22.56454   22.27678    0.04780    0.02638   13.46266   -4.42175   -0.46624   -5.34027    2.00000
 179.94901    0.09415   17.89153   17.91332    0.10707    0.05909  300.59659   -2.05837   -2.33866   -4.40500    2.00000
 179.95927    0.02440   23.74674   23.30213    0.04747    0.02620    5.39442   -3.08558    0.95753   -4.11821    2.00000
 180.06400   -0.00930   23.61257   23.19074    0.06467    0.03569    5.95523   -2.21234   -1.12049   -7.66906    2.00000
 179.98294   -0.04566   22.74984   22.44302    0.04874    0.02690   11.48305    5.90612    1.36272    5.95330    2.00000
 179.95000    0.01944   19.35410   18.83355    0.05365    0.02961  180.05257   -3.82681    0.70078   -3.07201    2.00000
 179.98521    0.06529   23.07061   22.72749    0.06694    0.03695    9.03517    1.08690    0.37207    0.18308    2.00000
 180.06084   -0.01705   23.18884   22.83059    0.06319    0.03487    8.23320    1.77958   -1.02311   -2.41808    2.00000
 180.04533    0.01580   23.75803   23.31145    0.04801    0.02650    5.34747   -3.52766    0.13385   -1.67640    2.00000
 180.01447   -0.00959   18.96080   18.41591    0.01736    0.00958  228.52370   -3.21027    1.05035   -2.15337    2.00000
 180.02248    0.07480   23.81756   23.36059    0.07810    0.04311    5.10007    3.99278   -1.73478   -2.72474    2.00000
 180.05228   -0.03063   23.23029   22.86658    0.06059    0.03344    7.95329   -3.58247   -2.30008   -5.45317    2.00000
 180.03151    0.00628   22.59062   22.30021    0.03213    0.01773   13.18359   -2.98106   -1.31559   -4.71143    2.00000
 180.02180   -0.06447   22.29755   22.03223    0.06806    0.03756   16.37463   -1.18448   -1.58036   -3.67025    2.00000
 180.29333   -0.60080   23.31455   22.93897    0.66858    0.36902    7.39021    0.39468    4.89824    8.41926    2.00000
 179.83768    0.07126   23.42881   23.03577    0.17728    0.09785    6.73544   -1.44400   -0.34834   -6.71724    2.00000
 180.14665    0.03685   23.60775   23.18671    0.15121    0.08346    5.97550   -5.73344    0.33173  -10.98680    2.00000
 179.95522   -0.06841   22.89239   22.57028    0.08177    0.04513   10.25791   -0.04559    0.27327    2.43478    2.00000
 180.05888    0.00972   23.39076   23.00353    0.05967    0.03294    6.89772    1.64746   -1.23557   -1.51958    2.00000
 179.95882   -0.06189   21.61313   21.39026    0.07434    0.04103   28.61131    0.48441    1.20673    1.68096    2.00000
 180.01378   -0.01473   22.65583   22.35880    0.02017    0.01113   12.48592   -4.96833   -4.83966  -10.47933    2.00000
 179.96901   -0.24852   21.90518   21.66849    0.25044    0.13822   22.70322    5.15625    2.61174    8.12484    2.00000
 179.81111    0.02994   21.98451   21.74248    0.19125    0.10555   21.37635   -3.04246   -1.09160   -3.40717    2.00000
 179.95207   -0.00214   22.91065   22.58656    0.04798    0.02648   10.13134   -5.39339   -0.40246   -4.70600    2.00000
 180.00337   -0.01079   22.06125   21.81392    0.01130    0.00624   20.09524   -2.18138   -4.35190   -5.97014    2.00000
 179.98447    0.03856   22.16849   21.91362    0.04158    0.02295   18.30743   -2.84683    0.54161   -0.80324    2.00000
 180.07487   -0.00718   23.78660   23.33504    0.07522    0.04152    5.22872   -1.39446   -2.41356   -4.76069    2.00000
 180.02705   -0.02194   23.54233   23.13182    0.03483    0.01922    6.25187    3.16373   -1.81317    3.03415    2.00000
 179.82779   -0.00774   21.15445   20.91033    0.17239    0.09515   42.23740    5.47836   -1.61949    4.23086    2.00000
 179.96288    0.03209   21.14848   20.90308    0.04907    0.02708   42.50915   -3.58084   -1.14352   -5.35421    2.00000
 180.01521   -0.16909   20.77841   20.36775    0.16978    0.09370   64.43036   -0.37284    2.14778    1.61191    2.00000
 180.54520   -0.56622   21.96259   21.72207    0.78602    0.43385   21.74238   -0.39869   -0.73906   -1.55443    2.00000
 180.02393   -0.02610   20.24361   19.76619    0.03541    0.01954   99.37273    0.99638    1.74720    2.77187    2.00000
 179.93715   -0.08213   23.83185   23.37239    0.10342    0.05708    5.04069    1.08944   -1.14480   -8.73614    2.00000
 180.03911    0.02008   23.10421   22.75686    0.04396    0.02426    8.80672    3.84607   -5.54146    0.57862    2.00000
 179.98709    0.02448   22.86892   22.54936    0.02767    0.01527   10.42065    2.07458   -3.60496   -1.90188    2.00000
 180.00340    0.02289   22.53097   22.24628    0.02315    0.01278   13.82586    3.49295   -1.52414    5.75651    2.00000
 180.02010   -0.02625   22.94977   22.62143    0.03306    0.01825    9.86011   -5.41546    0.63982   -6.16791    2.00000
 180.03986   -0.03207   23.14022   22.78832    0.05115    0.02823    8.56195    0.75883   -3.20802   -2.69377    2.00000
 180.05017    0.00369   23.71119   23.27268    0.05030    0.02776    5.54267    0.94253   -2.09228    2.87809    2.00000
 180.02357   -0.02773   23.78899   23.33700    0.03639    0.02008    5.21882   -4.34459    1.86761    0.84672    2.00000
 180.02805   -0.05914   23.81042   23.35469    0.06546    0.03613    5.12976   -0.10743    0.16155   -0.58937    2.00000
 179.97345   -0.03708   21.81265   21.58173    0.04561    0.02517   24.25886   -1.04496   -0.00943   -1.12693    2.00000
 180.01353    0.01359   22.61931   22.32599    0.01918    0.01058   12.87662    0.46572   -1.85350   -0.59037    2.00000
 179.94122   -0.00266   22.08684   21.83807    0.05884    0.03247   19.66224    2.37629   -1.85160    0.79224    2.00000
 180.01704   -0.01621   23.55584   23.14325    0.02353    0.01299    6.19430    1.06146   -0.07575   -0.23695    2.00000
 180.04002    0.05825   22.31011   22.04378    0.07067    0.03900   16.23705    3.84306   -3.05652    1.96713    2.00000
 180.00636   -0.16675   23.04901   22.70860    0.16687    0.09210    9.18203    3.67123    3.02439    7.39363    2.00000
 180.02625   -0.03882   21.45025   21.22834    0.04686    0.02587   32.87038    1.39450    0.03262    0.99418    2.00000
 180.04918   -0.01455   22.51222   22.22919    0.05129    0.02831   14.02931    1.62317    0.03445    2.31115    2.00000
 180.01390   -0.07150   23.47476   23.07464    0.07284    0.04020    6.53971    3.30334   -1.89661    0.88471    2.00000
 180.06427    0.05253   21.29516   21.06731    0.08301    0.04582   37.10630   -1.59771    1.62290    0.24962    2.00000
 179.95926    0.06689   23.55044   23.13868    0.07832    0.04323    6.21732   -0.45327   -1.63792   -2.14758    2.00000
 180.01852    0.02959   21.40069   21.17771    0.03490    0.01926   34.20225    1.27827   -0.91048    0.05300    2.00000
 180.03584    0.00219   23.01796   22.68146    0.03591    0.01982    9.39318   -0.76525   -0.75969   -1.60303    2.00000
 180.11452    0.04063   22.46066   22.18220    0.12152    0.06707   14.58880    1.34424   -1.49108   -0.57699    2.00000
 179.99471    0.01725   22.87674   22.55634    0.01805    0.00996   10.36640   -1.26569    2.04441   -0.15113    2.00000
 179.87679    0.12579   23.72241   23.28198    0.17608    0.09718    5.49585    1.14040   -0.74338    6.34873    2.00000
 179.98495   -0.04655   22.74734   22.44079    0.04892    0.02700   11.50961    2.19551   -2.28011   -1.38244    2.00000
 180.04228   -0.12291   23.66254   23.23239    0.12998    0.07174    5.74554    1.40871    1.01165    0.34987    2.00000
 180.06087    0.08143   22.68452   22.38458    0.10165    0.05611   12.17895    5.56224   -2.10728    3.36572    2.00000
 179.93835    0.05246   23.77232   23.32325    0.08094    0.04467    5.28809   -2.31011   -3.82992   -5.86124    2.00000
 180.01842    0.04601   23.75088   23.30555    0.04955    0.02735    5.37716   -2.01468    0.07521   -3.74986    2.00000
 179.97055    0.04676   22.17931   21.92356    0.05526    0.03050   18.12924   -2.16333    1.92914   -0.42998    2.00000
 180.07352   -0.01149   22.71242   22.40957    0.07441    0.04107   11.88140    2.22762    0.92191    3.05502    2.00000
 179.93967    0.02642   22.14328   21.89058    0.06588    0.03636   18.72057   -0.39992   -2.10193   -2.34783    2.00000
 180.03201    0.03834   23.03460   22.69602    0.04995    0.02757    9.27994   -2.03579   -3.95973   -3.70733    2.00000
 180.01485    0.01976   23.53422   23.12495    0.02471    0.01364    6.28641    0.99829    2.71162    5.99454    2.00000
 179.99599    0.00219   21.25066   21.01990    0.00457    0.00252   38.35315    3.77460    0.15341    3.78010    2.00000
 180.01636   -0.00445   23.46395   23.06550    0.01696    0.00936    6.58576   -5.84434   -0.82068   -6.02638    2.00000
 179.92267    0.01793   22.86370   22.54471    0.07938    0.04381   10.45681   -1.29641   -5.12342   -9.28475    2.00000
 180.01312    0.03536   22.11164   21.86166    0.03772    0.02082   19.23918    2.83617    1.94851    4.68119    2.00000
 179.99335    0.00160   22.16968   21.91471    0.00684    0.00377   18.28787   -2.07175    0.17238   -1.80059    2.00000
 179.99687    0.02420   23.71867   23.27888    0.02440    0.01347    5.51146   -2.16287   -3.56255   -5.65645    2.00000
 179.89372    0.01437   22.02836   21.78330    0.10725    0.05919   20.64429    2.36101    0.22640    3.04187    2.00000
 180.04163    0.02574   23.14502   22.79252    0.04894    0.02701    8.52932   -5.75442   -2.22327   -8.09749    2.00000
 180.09814    0.05754   23.37171   22.98739    0.11377    0.06279    7.01357   -0.78996    3.70915    4.51309    2.00000
 180.02710   -0.03765   23.81280   23.35666    0.04639    0.02561    5.11986   -3.41723    3.83247    8.64722    2.00000
 179.68542   -0.02163   20.82931   20.44006    0.31531    0.17403   60.70390    2.57111    0.63029    3.34870    2.00000
 179.95506   -0.03632   23.20103   22.84118    0.05778    0.03189    8.15087    3.61473    1.55877    8.29962    2.00000
 180.47218   -0.02234   20.95108   20.64061    0.47271    0.26091   52.34561   -8.55188    1.41657   -7.38758    2.00000
 179.94389   -0.05060   23.48287   23.08150    0.07555    0.04170    6.50517    0.31973    0.49243    2.54123    2.00000
 179.98424    0.00193   23.55584   23.14325    0.01588    0.00876    6.19430   -1.94108    0.66999   -4.79195    2.00000
 180.06253    0.02313   23.21078   22.84964    0.06667    0.03680    8.08501   -0.39629   -0.53698   -8.05923    2.00000
 180.01157    0.01343   22.80473   22.49209    0.01772    0.00978   10.89881    3.12409    2.98214    6.34882    2.00000
 179.97739    0.03702   23.19372   22.83482    0.04338    0.02394    8.20027    1.02664    4.33713    3.29457    2.00000
 179.93610    0.01973   23.33361   22.95511    0.06688    0.03691    7.26466   -4.81767    0.73786   -5.03568    2.00000
 179.95868   -0.00956   23.58526   23.16792    0.04241    0.02341    6.07008    1.00729   -0.69171    6.47820    2.00000
 180.00536    0.06591   20.81635   20.41969    0.06613    0.03650   61.75387   -0.16914   -3.70678   -3.71729    2.00000
 179.92543    0.02654   22.10466   21.85502    0.07916    0.04369   19.35823   -5.53197    0.38968   -5.87870    2.00000
 180.02428   -0.06372   17.89967   17.88599    0.06818    0.03763  305.25797    1.92535   -3.80724   -1.86786    2.00000
 179.93799    0.36619   22.40852   22.13445    0.37140    0.20499   15.15746   -1.62070    0.96504   -0.31826    2.00000
 180.08209    0.05415   23.65505   23.22619    0.09834    0.05428    5.77675   -0.37995   -0.52871   -5.07319    2.00000
 179.99222    0.06406   23.23517   22.87081    0.06453    0.03562    7.92036   -3.91415   -1.67575   -7.13815    2.00000
 179.89555    0.26846   23.49098   23.08836    0.28806    0.15899    6.47062    0.60302   -0.88276    3.35775    2.00000
 180.01215    0.02401   22.53097   22.24628    0.02691    0.01485   13.82586   -1.60902    0.64510   -1.19348    2.00000
 180.02502    0.01654   20.80139   20.39769    0.03000    0.01656   62.88756   -4.36462    1.79400   -2.56966    2.00000
 180.01587   -0.04304   22.68191   22.38224    0.04587    0.02532   12.20686    3.26085   -2.60890    1.72864    2.00000
 180.00021    0.00914   21.12310   20.87223    0.00914    0.00505   43.66511    3.24867    1.47203    4.77175    2.00000
 179.99384   -0.01517   23.14022   22.78832    0.01637    0.00904    8.56195   -3.54539    1.12303   -1.51467    2.00000
 180.01704    0.02879   22.29755   22.03223    0.03346    0.01847   16.37463   -0.79430   -0.99341   -2.12118    2.00000
 180.01239   -0.00097   23.14984   22.79673    0.01243    0.00686    8.49659   -2.20416   -2.15833   -7.07355    2.00000
 179.97778    0.13433   23.50449   23.09980    0.13615    0.07515    6.41306   -3.02806   -0.23717   -2.05006    2.00000
 179.88319    0.00255   23.78184   23.33111    0.11682    0.06448    5.24851   -4.99126   -0.91400    2.13881    2.00000
 179.96379    0.00272   22.50519   22.22278    0.03631    0.02004   14.10560   -2.40573   -0.26341   -2.04209    2.00000
 180.01740    0.00475   23.42611   23.03348    0.01804    0.00995    6.74695    3.17245    0.75306    0.26180    2.00000
 179.99207    0.03513   23.77232   23.32325    0.03602    0.01988    5.28809    5.88694   -0.81258    8.52381    2.00000
 179.98669    0.01485   22.14108   21.88858    0.01994    0.01100   18.75650    0.49267    0.54600    2.49265    2.00000
 179.97401    0.05168   23.30367   22.92975    0.05785    0.03193    7.46195    0.17919    0.93555    4.92168    2.00000
 180.10216   -0.13253   23.63345   23.20818    0.16733    0.09235    5.86740   -3.13707    1.14407   -3.94281    2.00000
 179.94078   -0.04257   23.82709   23.36845    0.07293    0.04025    5.06049   -0.47769   -0.76867   -6.67106    2.00000
 179.94978   -0.05406   21.61119   21.38838    0.07379    0.04073   28.66053   -1.72161    0.94538    0.46997    2.00000
 180.07764   -0.00011   21.81809   21.58684    0.07763    0.04285   24.16735    5.99740    1.64048    7.25226    2.00000
 179.92409   -0.07019   22.84023   22.52379    0.10339    0.05706   10.61955    0.61562    1.78286   -1.51964    2.00000
 180.05446    0.03791   22.92630   22.60050    0.06636    0.03662   10.02285   -1.72345   -2.87934   -6.47895    2.00000
 179.99635    0.01652   23.43152   23.03805    0.01692    0.00934    6.72392   -4.68792   -0.87186   -3.25653    2.00000
 179.97549   -0.01089   21.90246   21.66593    0.02681    0.01480   22.74897   -2.46243    0.69416   -0.75364    2.00000
 179.89938   -0.00347   23.26686   22.89833    0.10068    0.05557    7.70632    3.63866    1.80178    8.13471    2.00000
 179.99225   -0.00774   23.81042   23.35469    0.01096    0.00605    5.12976   -6.23572   -0.22838   -9.62375    2.00000
 180.03615    0.03845   22.76231   22.45417    0.05277    0.02913   11.35027    3.04975    0.90963    2.51939    2.00000
 180.03535    0.10860   23.79851   23.34487    0.11421    0.06304    5.17924   -1.67159    3.00780    3.00704    2.00000
 179.90678    0.12010   23.72054   23.28043    0.15203    0.08391    5.50366   -0.80103    1.21092    1.54104    2.00000
 180.06264    0.22067   22.99426   22.66067    0.22939    0.12660    9.55489    4.26639   -1.36231    1.64225    2.00000
 179.95024   -0.04461   22.89500   22.57261    0.06683    0.03688   10.23983    6.45519    2.58681    6.38325    2.00000
 180.04231    0.04565   21.45807   21.23634    0.06225    0.03436   32.66008    0.22692   -3.31511   -2.92175    2.00000
 179.82111   -0.32021   21.90518   21.66849    0.36680    0.20245   22.70322    0.12603    0.05274    0.56801    2.00000
 180.00214    0.03842   22.16301   21.90861    0.03848    0.02124   18.39724    1.14059    2.57797    2.00988    2.00000
 180.48154   -0.49459   23.28734   22.91591    0.69028    0.38100    7.56956   -3.42436    1.33746   -6.10569    2.00000
 179.91318   -0.11522   22.00370   21.76034    0.14427    0.07963   21.05607   -4.70502   -2.47756   -7.25294    2.00000
 180.00761    0.02107   23.55314   23.14096    0.02241    0.01237    6.20581    1.48767   -1.50759    0.75955    2.00000
 180.00070   -0.05812   21.73771   21.51029    0.05813    0.03208   25.53997   -3.57387    0.48973   -2.55635    2.00000
 179.98750    0.04653   23.72616   23.28508    0.04818    0.02659    5.48025   -0.32725    3.10123    3.71743    2.00000
 179.74918    0.02083   22.90543   22.58191    0.25170    0.13892   10.16750    2.90658   -0.12229    3.45766    2.00000
 179.85475    0.19591   22.71990   22.41626    0.24388    0.13461   11.80173   -0.96400    0.99530    2.12045    2.00000
 179.66483    0.14192   23.09941   22.75266    0.36398    0.20089    8.83936   -7.57956    3.68339   -5.66264    2.00000
 180.05859   -0.02981   23.33361   22.95511    0.06575    0.03629    7.26466    0.78563    0.43631   -3.68625    2.00000
 180.03856    0.10436   21.59367   21.37154    0.11126    0.06140   29.10349   -2.68197    0.41275   -1.70266    2.00000
 179.97816   -0.05101   23.79851   23.34487    0.05549    0.03063    5.17924    3.96912    0.95542    7.19703    2.00000
 179.95694   -0.03073   22.41812   22.14329    0.05290    0.02920   15.05214   -1.68483    0.16924   -2.09990    2.00000
 179.97070    0.09105   23.48017   23.07922    0.09564    0.05279    6.51668   -0.37162    2.14289   -0.16186    2.00000
 180.00172    0.01224   23.55314   23.14096    0.01237    0.00683    6.20581   -5.74771    1.70130   -3.33372    2.00000
 180.02328   -0.02068   23.77946   23.32914    0.03114    0.01719    5.25841   -1.41914    5.86137    7.25407    2.00000
 180.00551    0.01684   23.57883   23.16256    0.01772    0.00978    6.09710   -1.09954   -0.44475   -0.74453    2.00000
 180.05183    0.02338   21.35635   21.13240    0.05687    0.03139   35.39392   -0.65597   -1.76770   -2.79404    2.00000
 179.99660    0.01032   23.30639   22.93205    0.01087    0.00600    7.44401    1.22270    0.97426    3.42476    2.00000
 179.87401   -0.02857   23.27174   22.90256    0.12919    0.07130    7.67339    4.46696    3.06056   12.31885    2.00000
 180.00743   -0.02546   22.98780   22.65500    0.02652    0.01464    9.59899    4.31210    0.80818    5.47347    2.00000
 179.97952    0.02061   22.63235   22.33771    0.02906    0.01604   12.73709   -0.44987    0.66865    1.36606    2.00000
 179.99409   -0.00407   23.04421   22.70441    0.00718    0.00396    9.21467   -0.85068   -0.18470   -0.68046    2.00000
 179.99486   -0.02392   23.13542   22.78413    0.02447    0.01350    8.59459   -4.08648   -0.85748   -6.76015    2.00000
 179.98248    0.07733   22.82468   22.50993    0.07928    0.04376   10.72736    0.73886    0.94407    1.32774    2.00000
 179.91544   -0.02163   23.00719   22.67201    0.08730    0.04818    9.46669    0.29571    3.34388    2.66197    2.00000
 180.13213    0.00453   22.96948   22.63893    0.13220    0.07296    9.72395   -0.29277   -0.35264   -1.68671    2.00000
 180.02129   -0.01961   21.98177   21.73993    0.02894    0.01597   21.42210    5.66628    0.83598    6.62247    2.00000
 180.02892    0.02524   21.03676   20.76327    0.03838    0.02118   47.74842   -2.35654    1.07933   -0.83809    2.00000
 180.02480    0.14493   23.46125   23.06321    0.14704    0.08115    6.59727   -4.32031    1.08150   -3.33579    2.00000
 180.04088   -0.02443   23.74868   23.30374    0.04762    0.02629    5.38631    1.71211    1.97678    4.20764    2.00000
 179.97839   -0.00036   23.30367   22.92975    0.02160    0.01192    7.46195   -1.63323   -1.30154    0.31901    2.00000
 180.02663    0.02240   23.53692   23.12724    0.03480    0.01921    6.27489    3.69703   -1.23093   -7.23497    2.00000
 180.01079   -0.03096   21.76946   21.54091    0.03279    0.01810   24.99092    0.25139   -2.16907   -1.80144    2.00000
 180.04849   -0.06053   23.70183   23.26493    0.07757    0.04281    5.58168    2.15076    1.11653   -2.87932    2.00000
 179.99104   -0.01178   23.13782   22.78623    0.01480    0.00817    8.57827   -2.49360   -0.28710   -2.46373    2.00000
 179.97316   -0.03030   22.71990   22.41626    0.04048    0.02234   11.80173    5.19169   -2.00295    1.51984    2.00000
 179.99480    0.00429   23.67377   23.24168    0.00675    0.00372    5.69872    4.24768    2.45793   10.12083    2.00000
 179.97615   -0.03461   21.81809   21.58684    0.04203    0.02320   24.16735   -0.20538   -1.26000   -1.97050    2.00000
 180.01414   -0.01189   21.01555   20.73532    0.01848    0.01020   48.79601   10.07013    0.12576   10.18314    2.00000
 180.07570    0.03282   22.60888   22.31662    0.08250    0.04554   12.98825    0.56811   -2.84812   -4.31555    2.00000
 179.31911   -0.60433   23.24736   22.88139    0.91039    0.50251    7.83804    3.55449    0.13801    8.89739    2.00000
 179.99086   -0.74517   21.32953   21.10393    0.74523    0.41133   36.14281   -3.86509    0.58665   -2.96549    2.00000
 180.01292    0.00596   23.64631   23.21892    0.01424    0.00786    5.81335   -2.43376   -2.83686   -4.28254    2.00000
 180.04652   -0.09945   23.43152   23.03805    0.10980    0.06060    6.72392    0.56108    0.35056    2.30103    2.00000
 179.96034   -0.01698   21.35178   21.12763    0.04314    0.02381   35.51938    1.39318    0.02350    0.94017    2.00000
 179.91415    0.00808   23.33088   22.95280    0.08622    0.04759    7.28260   -0.51938    4.18243    3.16095    2.00000
 179.98959   -0.05613   22.24100   21.98026    0.05709    0.03151   17.11248   -5.06842    1.92605   -3.19983    2.00000
 179.97116    0.01950   18.08921   17.75069    0.03482    0.01922  328.33411   -3.29185   -0.61506   -3.85038    2.00000
 179.88058    0.05966   21.84259   21.60980    0.13349    0.07368   23.75556    6.82526   -1.21812    5.40592    2.00000
 179.86487    0.03989   22.69234   22.39161    0.14090    0.07776   12.09523   -7.34082    0.66514   -7.90597    2.00000
 179.99451   -0.01222   22.89500   22.57261    0.01339    0.00739   10.23983   -2.47556   -2.53098   -4.24537    2.00000
 180.00400   -0.04092   22.86892   22.54936    0.04112    0.02269   10.42065    3.20689    0.45775    5.93495    2.00000
 179.98842    0.04045   23.68686   23.25253    0.04207    0.02322    5.64410    2.52726   -0.33464    4.10707    2.00000
 179.95256   -0.02229   23.81280   23.35666    0.05242    0.02893    5.11986   -0.50504   -0.53562   -2.38839    2.00000
 180.03587    0.11729   22.76481   22.45640    0.12266    0.06770   11.32371    4.04844    0.58563    1.92852    2.00000
 180.11342   -0.00341   18.29796   17.70465    0.11348    0.06263  336.18530    1.14969    2.16921    3.31168    2.00000
 180.03941    0.20386   23.28734   22.91591    0.20763    0.11460    7.56956   -6.58816    1.36226   -8.14558    2.00000
 179.96278    0.02896   23.34449   22.96433    0.04716    0.02603    7.19292    4.57042   -2.52699    1.03568    2.00000
 179.90034   -0.04037   22.88978   22.56796    0.10751    0.05934   10.27600    2.59120    2.23205    5.29129    2.00000
 180.00397    0.22301   22.03932   21.79351    0.22304    0.12310   20.46127    3.01657   -3.56480   -1.27923    2.00000
 180.02992   -0.03669   22.06673   21.81902    0.04735    0.02613   20.00373   -2.19573    1.59640   -1.03248    2.00000
 180.04420   -0.08543   21.46590   21.24433    0.09619    0.05309   32.44979   -5.07759   -1.55256   -7.12516    2.00000
 180.08292   -0.07234   22.59845   22.30724    0.11004    0.06073   13.09987   -0.01444   -2.07234   -3.28584    2.00000
 180.00557    0.13207   23.69435   23.25873    0.13218    0.07295    5.61289    0.98181    0.54357   -0.56080    2.00000
 180.04460    0.06710   23.37171   22.98739    0.08058    0.04447    7.01357   -1.93360   -1.74902   -2.08896    2.00000
 180.00218   -0.04024   23.53422   23.12495    0.04029    0.02224    6.28641    2.77634    2.55551    6.01238    2.00000
 179.99290    0.07565   22.86892   22.54936    0.07598    0.04194   10.42065   -0.69326   -0.85293   -5.67259    2.00000
 179.96201   -0.00679   23.83900   23.37828    0.03859    0.02130    5.01101   -3.11769    2.23794    5.04578    2.00000
 179.63231    0.09833   21.18666   20.94778    0.38061    0.21007   40.83382    1.83203   -1.44118    0.05008    2.00000
 180.01970   -0.02235   22.84805   22.53076    0.02979    0.01644   10.56531   -6.42852   -1.12201   -8.26142    2.00000
 180.04466    0.01748   21.40852   21.18570    0.04795    0.02647   33.99195    0.36826    1.71745    2.08508    2.00000
 179.97281    0.01742   23.45314   23.05635    0.03229    0.01782    6.63182    2.26507   -0.14377    0.55428    2.00000
 180.01834    0.10220   22.31251   22.04600    0.10384    0.05731   16.21072   -4.33507   -1.67399   -5.17548    2.00000
 180.05292   -0.06073   23.59329   23.17463    0.08055    0.04446    6.03630    2.72049   -1.82052   -0.10589    2.00000
 179.77477   -0.28609   22.66105   22.36349    0.36411    0.20096   12.43011   -0.78927   -0.50998   -0.32411    2.00000
 179.93048    0.06559   22.29498   22.02987    0.09558    0.05275   16.40276    0.07365   -1.81318   -2.15435    2.00000
 180.00272   -0.05403   22.16968   21.91471    0.05409    0.02986   18.28787   -2.04256   -3.55535   -3.45705    2.00000
 180.01331   -0.00589   23.82233   23.36452    0.01455    0.00803    5.08028   -2.08348    2.58245   10.23027    2.00000
 179.97821   -0.02190   23.24979   22.88351    0.03090    0.01705    7.82157   -4.96304    0.45655   -8.67105    2.00000
 179.95804    0.02488   23.52341   23.11581    0.04878    0.02692    6.33246    1.98286    0.89263    0.57755    2.00000
 180.02364    0.00026   23.26442   22.89621    0.02363    0.01304    7.72278   -0.94954   -1.46684   -0.78049    2.00000
 180.01810    0.04302   21.41895   21.19636    0.04667    0.02576   33.71156   -2.45471   -1.59092   -4.71685    2.00000
 180.01495   -0.04795   22.49347   22.21210    0.05023    0.02772   14.23276   -1.18490    1.20273    0.35753    2.00000
 180.00720   -0.01499   22.66105   22.36349    0.01663    0.00918   12.43011   -1.09983    0.25177    0.90234    2.00000
 180.37067   -0.38516   22.67930   22.37990    0.53454    0.29503   12.23476    0.97999   -1.19121    0.91857    2.00000
 180.07036    0.03950   23.80327   23.34880    0.08069    0.04453    5.15945    0.19099    0.14998   -5.35061    2.00000
 180.01720    0.07834   21.86708   21.63276    0.08021    0.04427   23.34378    1.07198   -0.38493    1.76525    2.00000
 180.05188    0.01272   23.44773   23.05177    0.05342    0.02948    6.65484    4.07258    2.05984    4.94757    2.00000
 179.95087    0.13175   21.40069   21.17771    0.14062    0.07761   34.20225   -6.00154   -2.06987   -8.41631    2.00000
 179.90173   -0.01537   21.73242   21.50519    0.09946    0.05489   25.63148   -2.13376    1.82793   -0.62825    2.00000
 180.01947   -0.00065   21.09473   20.83776    0.01948    0.01075   44.95706   -6.74292    0.66456   -5.64677    2.00000
 180.08551   -0.01980   20.89833   20.55454    0.08777    0.04844   55.57107   -6.45874    0.19137   -6.52198    2.00000
 180.00226    0.00828   22.05029   21.80372    0.00859    0.00474   20.27825    1.01868   -1.94752   -3.01370    2.00000
 179.98436   -0.03478   22.07129   21.82328    0.03814    0.02105   19.92747   -6.33359    4.60511   -1.39557    2.00000
 179.96974    0.07520   21.88613   21.65063    0.08106    0.04474   23.02350   -2.56307   -0.05706   -2.07013    2.00000
 179.97775   -0.06398   22.27441   22.01097    0.06774    0.03739   16.62782   -2.53272   -0.04566   -2.64317    2.00000
 180.21326   -0.03358   23.30639   22.93205    0.21588    0.11915    7.44401    2.54885    2.34772    3.39904    2.00000
 179.99768    0.03657   21.32347   21.09747    0.03664    0.02022   36.31284   -3.01361   -0.30064   -3.58880    2.00000
 180.02258   -0.02643   23.64149   23.21489    0.03476    0.01919    5.83362   -4.52589   -1.25907   -4.97419    2.00000
 179.80856   -0.19980   20.92630   20.60018    0.27671    0.15272   53.86068   -2.39521    0.25349   -2.10493    2.00000
 180.02252   -0.16995   22.59323   22.30256    0.17144    0.09462   13.15569    1.30740   -2.00624   -1.64073    2.00000
 180.10172   -0.02729   23.72803   23.28663    0.10532    0.05813    5.47245   -8.12668   -2.44819  -11.46371    2.00000
 180.11655    0.02581   23.44503   23.04949    0.11936    0.06588    6.66636    3.84577    0.46798    9.17533    2.00000
 179.98656   -0.02761   22.54268   22.25695    0.03071    0.01695   13.69870   -3.26039   -1.00779   -3.77072    2.00000
 180.05699   -0.00328   22.40852   22.13445    0.05709    0.03151   15.15746   -0.31596    3.30714    2.67502    2.00000
 180.01131    0.05273   22.73986   22.43410    0.05393    0.02976   11.58928    1.45255    1.64114    2.32463    2.00000
 179.96835    0.01881   22.65322   22.35646    0.03682    0.02032   12.51383    0.47270   -3.79004   -2.73170    2.00000
 180.04231    0.00685   22.52159   22.23773    0.04287    0.02366   13.92758    2.09004   -0.76286    1.28283    2.00000
 179.99921   -0.00109   23.34721   22.96664    0.00136    0.00075    7.17499    4.24880   -0.89399    1.38848    2.00000
 179.90021    0.04345   23.26930   22.90045    0.10885    0.06007    7.68986    1.75333    2.35186    5.13135    2.00000
 179.97861   -0.00424   22.76730   22.45863    0.02181    0.01204   11.29716   -0.03654    0.88133   -1.78264    2.00000
 179.98250    0.01653   21.54500   21.32477    0.02407    0.01329   30.33394    1.55175   -2.24764   -1.28109    2.00000
 179.92563    0.01664   23.03460   22.69602    0.07621    0.04206    9.27994   -2.36192    2.02903   -4.49276    2.00000
 180.06667   -0.06291   23.78184   23.33111    0.09166    0.05059    5.24851   -2.75563   -0.60841   -5.98112    2.00000
 179.99316    0.02613   22.50519   22.22278    0.02701    0.01491   14.10560   -5.78697    1.23920   -5.28071    2.00000
 179.97499    0.02128   23.04661   22.70651    0.03284    0.01812    9.19835   -3.91827    0.21131   -5.06087    2.00000
 179.87862    0.04528   21.49732   21.27644    0.12956    0.07151   31.60526   -1.29477   -0.54206   -0.60424    2.00000
 180.08827   -0.28990   23.58044   23.16390    0.30304    0.16725    6.09035   -2.51719    0.70697   -0.59262    2.00000
 179.98067    0.03651   23.67377   23.24168    0.04132    0.02281    5.69872    1.54033    0.48081    6.10024    2.00000
 179.93158    0.20452   22.52159   22.23773    0.21566    0.11903   13.92758   -0.99999    1.82329    1.83057    2.00000
 179.99350   -0.08073   23.65131   23.22309    0.08099    0.04470    5.79235   -2.21713   -1.04115   -4.05046    2.00000
 180.08083   -0.03035   23.67564   23.24323    0.08633    0.04765    5.69092   -1.48921    0.64363    3.12571    2.00000
 180.03348   -0.00117   22.12574   21.87455    0.03350    0.01849   19.00797   -1.88578    2.23552    1.38422    2.00000
 180.07686   -0.03868   22.75982   22.45194    0.08604    0.04749   11.37683   -1.12868   -0.68895    2.63144    2.00000
 180.04620   -0.03908   23.22541   22.86234    0.06051    0.03340    7.98622   -1.53157    5.38640   -0.82925    2.00000
 179.98595    0.08399   22.85327   22.53541    0.08515    0.04700   10.52914   -3.82278   -1.28079   -4.90269    2.00000
 180.13568    0.35604   20.98448   20.69042    0.38101    0.21029   50.47875   -2.89379   -1.82761   -4.75371    2.00000
 180.00935    0.09943   22.77479   22.46533    0.09987    0.05512   11.21749   -0.50046   -2.49828    0.79940    2.00000
 180.01569    0.06611   22.87935   22.55866    0.06794    0.03750   10.34832   -2.81774   -0.06838   -0.07961    2.00000
 180.05211   -0.07984   23.06581   22.72329    0.09534    0.05262    9.06781   -1.50337   -3.26585   -6.13168    2.00000
 180.04079    0.01373   22.58802   22.29787    0.04303    0.02375   13.21150   -2.51909    3.13946   -0.21838    2.00000
 179.98769   -0.05957   22.36772   22.09686    0.06083    0.03357   15.60510   -0.02788    0.68177   -0.42770    2.00000
 180.00107   -0.08565   23.68873   23.25408    0.08566    0.04728    5.63630   -3.49269    1.80888    2.11036    2.00000
 179.96391   -0.06372   21.90518   21.66849    0.07323    0.04042   22.70322    4.47194   -0.66757    4.32179    2.00000
 180.00368   -0.06336   23.67938   23.24633    0.06347    0.03503    5.67531   -1.90952   -0.85342   -7.88325    2.00000
 180.01147    0.10779   22.04207   21.79606    0.10840    0.05983   20.41551    0.82520    1.14517    1.16983    2.00000
 179.94751    0.00974   21.41895   21.19636    0.05338    0.02946   33.71156   -3.25774   -1.52745   -5.43234    2.00000
 180.05353   -0.02214   22.43722   22.16085    0.05792    0.03197   14.84311    3.23013    3.86748    9.34182    2.00000
 179.96017    0.09445   23.14984   22.79673    0.10250    0.05657    8.49659    3.62047    3.13823    2.62795    2.00000
 179.98930    0.00950   22.61931   22.32599    0.01431    0.00790   12.87662   -3.79652   -2.01970   -3.58091    2.00000
 180.00739    0.03959   20.97929   20.68277    0.04027    0.02223   50.76562    2.61979    1.87958    4.96056    2.00000
 179.99928   -0.05583   23.78184   23.33111    0.05583    0.03081    5.24851    2.02193    0.71101    9.18681    2.00000
 180.03697    0.09691   22.01466   21.77055    0.10372    0.05725   20.87306    0.88429    4.47278    3.95992    2.00000
 180.02032    0.04363   22.55440   22.26763    0.04813    0.02657   13.57155   -2.20333    0.14915   -3.30531    2.00000
 180.03426    0.00611   22.63235   22.33771    0.03480    0.01921   12.73709   -0.12950    1.83533    2.77212    2.00000
 180.17064    0.09961   22.64018   22.34474    0.19759    0.10905   12.65337   -0.60473    2.40319    2.53332    2.00000
 179.94838    0.06577   21.02553   20.74848    0.08361    0.04614   48.30303    7.35198    2.66763    9.61524    2.00000
 180.02023   -0.02690   21.31740   21.09101    0.03366    0.01858   36.48287   -3.20816    2.72320   -0.42449    2.00000
 179.94127   -0.03262   23.71867   23.27888    0.06718    0.03708    5.51146    1.91208    0.61874    2.46224    2.00000
 179.97240    0.05407   21.13803   20.89037    0.06071    0.03351   42.98513    2.16775   -1.42985    0.27673    2.00000
 180.00142   -0.12236   22.18702   21.93064    0.12237    0.06754   18.00214   -3.49658    2.49202   -1.97777    2.00000
 180.01468   -0.00434   23.64149   23.21489    0.01531    0.00845    5.83362   -2.64395   -1.59161   -1.96564    2.00000
 180.19501   -0.07221   23.64631   23.21892    0.20795    0.11477    5.81335   -1.10721    1.40833    2.05046    2.00000
 180.05096   -0.02272   23.63024   23.20550    0.05581    0.03080    5.88091   -2.37675    2.08854   -0.53189    2.00000
 179.95332   -0.05535   23.46395   23.06550    0.07241    0.03996    6.58576   -0.86316    1.11386    5.19129    2.00000
 180.09341    0.08637   21.81537   21.58429    0.12722    0.07022   24.21310    7.57920    2.29233   10.44224    2.00000
 180.01019   -0.04494   21.54111   21.32102    0.04608    0.02543   30.43238   -1.33127    4.97015    4.20434    2.00000
 180.00851   -0.03806   23.24736   22.88139    0.03900    0.02153    7.83804   -6.68374    2.27456   -1.34187    2.00000
 179.98064   -0.00659   23.40981   23.01967    0.02046    0.01129    6.81646   -4.49661    0.80927   -5.23771    2.00000
 180.02014    0.01615   23.00396   22.66917    0.02581    0.01425    9.48874    0.79055   -0.03869    4.90256    2.00000
 180.01817   -0.03491   23.75803   23.31145    0.03936    0.02172    5.34747    4.19504    0.03834    0.60569    2.00000
 179.98447   -0.01330   22.03658   21.79096    0.02045    0.01128   20.50702   -1.28219   -3.89448   -4.10979    2.00000
 179.98860   -0.00671   21.36157   21.13773    0.01323    0.00730   35.25373   -0.21888    5.35136    4.80519    2.00000
 180.06171    0.05334   22.34371   22.07474    0.08156    0.04502   15.86841   -1.38336   -1.53984   -3.63256    2.00000
 179.98196    0.03552   23.08981   22.74427    0.03984    0.02199    8.90463   -4.47027    2.44350   -1.90612    2.00000
 179.96359   -0.07776   23.80089   23.34683    0.08586    0.04739    5.16934   -1.97718   -0.15542   -5.20454    2.00000
 179.93484   -0.10938   21.85620   21.62256    0.12731    0.07027   23.52679   -2.13895   -1.31814   -3.72508    2.00000
 179.89648    0.01937   23.27918   22.90900    0.10532    0.05813    7.62329    0.21269   -2.69305   -0.29318    2.00000
 180.02411    0.03597   22.91587   22.59121    0.04330    0.02390   10.09518    0.16642    1.65090   -0.76439    2.00000
 179.98566    0.01597   23.52071   23.11352    0.02146    0.01184    6.34397    1.65563    1.65830   -1.17948    2.00000
 180.09665    0.06816   22.56976   22.28146    0.11827    0.06528   13.40685    1.90006   -2.03359   -0.03519    2.00000
 180.03802    0.09781   22.42292   22.14772    0.10494    0.05792   14.99947   -0.27858   -1.38711   -1.32487    2.00000
 179.96849   -0.00845   21.68215   21.45671    0.03262    0.01800   26.86323    1.04373    2.54020    4.01110    2.00000
 180.02402    0.05698   22.68713   22.38693    0.06183    0.03413   12.15104   -4.01990    2.22775   -1.59798    2.00000
 179.99568    0.02487   20.92307   20.59491    0.02524    0.01393   54.05830   -2.89430   -0.94771   -3.76421    2.00000
 179.97798   -0.01549   21.36939   21.14573    0.02693    0.01486   35.04343   -6.84367    1.92590   -5.08890    2.00000
 180.02487   -0.12529   23.83423   23.37435    0.12773    0.07050    5.03080    8.06020    1.99543   11.23221    2.00000
 179.86632    0.00026   21.58783   21.36593    0.13368    0.07378   29.25115    2.21559    0.21970    2.28246    2.00000
 179.94580    0.06530   23.67751   23.24478    0.08486    0.04684    5.68312   -1.50334   -1.68951    1.31892    2.00000
 180.00706   -0.09564   21.57225   21.35096    0.09590    0.05293   29.64489   -1.20159    0.76108   -0.14279    2.00000
 180.43983    0.24500   23.02500   22.68763    0.50347    0.27788    9.34521   -4.57512   -0.22926   -7.16465    2.00000
 180.03523    0.11097   21.61897   21.39587    0.11643    0.06426   28.46366    7.35832    4.09680   11.11570    2.00000
 180.06859    0.11816   22.18702   21.93064    0.13662    0.07540   18.00214    1.37380   -1.01886    0.31418    2.00000
 180.10126    0.00397   23.73177   23.28973    0.10133    0.05592    5.45684   -2.86959   -1.38136    0.07025    2.00000
 180.05202   -0.06915   21.31942   21.09316    0.08654    0.04776   36.42619   -4.45102   -4.44914   -7.88232    2.00000
 179.97092    0.04346   22.32451   22.05705    0.05229    0.02886   16.07906   -2.40557    2.34063   -2.27561    2.00000
 180.04539   -0.01942   23.63506   23.20952    0.04938    0.02725    5.86065    0.12851   -0.92772   -0.61344    2.00000
 180.01666    0.02133   23.44233   23.04720    0.02707    0.01494    6.67787    7.21008    2.25150   14.53124    2.00000
 180.06172    0.22933   22.69994   22.39842    0.23749    0.13108   12.01418   -0.48535    0.36428    0.51236    2.00000
 180.00082   -0.00716   23.32272   22.94589    0.00720    0.00398    7.33640    1.43685    2.22223    0.70191    2.00000
 180.14651    0.07074   23.58365   23.16658    0.16270    0.08980    6.07684   -0.00274   -2.22932   -2.94903    2.00000
 180.05872   -0.00942   21.72713   21.50009    0.05947    0.03282   25.72299    0.46464   -2.44834   -2.03828    2.00000
 180.05449    0.00290   22.29241   22.02751    0.05456    0.03011   16.43089    0.42341   -1.68734   -1.89383    2.00000
 179.95959   -0.03813   20.84969   20.47208    0.05555    0.03066   59.05396    0.13135    1.24244    1.90283    2.00000
 180.00749   -0.03115   21.55084   21.33038    0.03204    0.01768   30.18629    0.13501    2.28072    3.77059    2.00000
 179.90912    0.02996   20.62936   20.18470    0.09569    0.05282   73.86371   -4.57527   -1.28788   -5.72210    2.00000
 179.96092   -0.10020   16.44632   15.65997    0.10755    0.05936  912.23267   -1.41102   -1.68589   -3.08841    2.00000
 180.00339   -0.00522   23.15715   22.80307    0.00623    0.00344    8.44724   -0.35403    2.15880    3.55274    2.00000
 180.04250    0.00928   17.97838   17.99441    0.04350    0.02401  286.76541   -1.87890    1.68240   -0.21180    2.00000
 179.96893    0.09102   23.19372   22.83482    0.09618    0.05308    8.20027   -4.72822   -0.31410   -5.22185    2.00000
 179.90385   -0.00548   22.34611   22.07695    0.09630    0.05315   15.84208   -0.91478    1.13290   -1.10386    2.00000
 180.05106   -0.00154   17.27166   16.57384    0.05109    0.02820  588.97131   -1.82555    1.97159    0.18032    2.00000
 179.96594   -0.02982   21.25269   21.02206    0.04527    0.02498   38.29648    0.49019   -0.80172   -0.29585    2.00000
 180.03355    0.10158   22.37012   22.09907    0.10698    0.05905   15.57877   -1.77187    1.28802   -0.33723    2.00000
 179.97591    0.01278   22.37492   22.10349    0.02727    0.01505   15.52610    0.64067   -1.26351   -1.33531    2.00000
 180.01607   -0.01210   22.78227   22.47202    0.02012    0.01110   11.13782    1.23043   -2.73328   -1.05969    2.00000
 179.55112    0.03728   23.75327   23.30752    0.45043    0.24861    5.36726   10.37435    2.03057    8.82480    2.00000
 179.99580   -0.07077   22.45831   22.18007    0.07090    0.03913   14.61423    3.01059    4.46654    7.15311    2.00000
 179.97951   -0.00512   20.94354   20.62830    0.02113    0.01166   52.80672   -5.37809   -2.29530   -7.49997    2.00000
 179.91086   -0.05742   21.78816   21.55877    0.10603    0.05852   24.67064    4.28901   -1.20602    3.82715    2.00000
 179.93771   -0.01905   22.90022   22.57726    0.06513    0.03595   10.20367    0.75219    1.04955    2.41827    2.00000
 180.05762   -0.03367   23.60454   23.18403    0.06674    0.03683    5.98901    7.61257    2.74231   17.30031    2.00000
 180.05013    0.09763   22.44425   22.16725    0.10975    0.06057   14.76681   -1.35061   -2.78640   -4.51037    2.00000
 180.11870   -0.00972   17.99105   18.02800    0.11909    0.06573  281.95572    6.12381   -0.50714    5.64908    2.00000
 180.07904   -0.03075   23.55584   23.14325    0.08481    0.04681    6.19430   -5.84095   -3.73510  -11.85046    2.00000
 180.02773   -0.06315   21.03925   20.76656    0.06897    0.03807   47.62518    0.43305   -1.29995   -0.70737    2.00000
 180.02769   -0.02407   22.96733   22.63704    0.03669    0.02025    9.73865   -3.83669   -2.03801   -6.51507    2.00000
 180.01628   -0.01205   23.06101   22.71909    0.02025    0.01118    9.10044    3.19016    0.74150    4.16551    2.00000
 180.05724   -0.02401   21.52575   21.30547    0.06206    0.03425   30.84163   -3.72112   -0.23598   -4.25173    2.00000
 179.99808    0.05815   20.71375   20.28522    0.05818    0.03211   68.68378    0.09129    2.71110    2.92300    2.00000
 179.94814    0.01283   21.89702   21.66083    0.05342    0.02948   22.84048    0.91144    1.06304    2.25369    2.00000
 179.99380    0.03457   23.30911   22.93436    0.03512    0.01938    7.42608    2.97542    0.23815    3.41522    2.00000
 179.90770   -0.09556   23.47476   23.07464    0.13286    0.07333    6.53971    2.78591    0.13162    2.46622    2.00000
 180.13339   -0.28197   23.73925   23.29593    0.31193    0.17216    5.42563   -1.50270   -2.58606  -11.04451    2.00000
 179.95251   -0.02224   21.96807   21.72717    0.05243    0.02894   21.65088   -4.42010   -1.25194   -5.48496    2.00000
 179.97925    0.07340   22.33171   22.06369    0.07628    0.04210   16.00007    3.54206   -2.27904    2.04663    2.00000
 180.07188    0.04895   22.79724   22.48540    0.08697    0.04800   10.97848    6.11125    1.44276    5.32167    2.00000
 180.04324   -0.04515   22.33651   22.06811    0.06251    0.03450   15.94741   -0.52458   -3.45338   -4.06975    2.00000
 179.93582   -0.00214   22.41332   22.13887    0.06421    0.03544   15.10480   -4.99338   -3.91443   -8.09645    2.00000
 179.93855   -0.02224   23.11622   22.76735    0.06534    0.03606    8.72513    4.36085    1.98402    2.98758    2.00000
 179.96028   -0.01534   22.50050   22.21851    0.04258    0.02350   14.15646    1.08788    0.71849   -1.31723    2.00000
 180.03052    0.00966   23.80566   23.35076    0.03201    0.01767    5.14955    1.56375    1.40914    5.35347    2.00000
 180.01894    0.00548   23.81280   23.35666    0.01971    0.01088    5.11986   -3.72677    3.88669   -1.00674    2.00000
 179.97665    0.03550   21.50798   21.28732    0.04249    0.02345   31.31890   -3.19195   -0.72652   -4.45035    2.00000
 179.97719    0.01677   23.72803   23.28663    0.02831    0.01562    5.47245    3.13004    4.05907   -0.64824    2.00000
 179.91994    0.02194   21.88341   21.64807    0.08302    0.04582   23.06925   -0.69528   -0.46822   -1.97641    2.00000
 179.97804   -0.02566   22.50050   22.21851    0.03378    0.01864   14.15646   -3.25669   -3.14704   -5.27264    2.00000
 180.04102    0.01631   23.44233   23.04720    0.04415    0.02437    6.67787   -2.05628    0.94478   -2.88037    2.00000
 180.00763    0.00665   22.74734   22.44079    0.01012    0.00559   11.50961   -2.52236   -0.19480   -3.44777    2.00000
 179.97102   -0.01215   23.57401   23.15853    0.03142    0.01734    6.11737   -0.54085   -3.89858   -2.98981    2.00000
 179.99287    0.13644   23.23273   22.86869    0.13662    0.07540    7.93683   -2.67504    1.77882    2.12683    2.00000
 180.00874    0.04804   22.89761   22.57493    0.04883    0.02695   10.22175   -0.35609    0.62352    3.07039    2.00000
 180.04578    0.06243   23.57562   23.15987    0.07742    0.04273    6.11062    1.32035   -0.76747   -2.59890    2.00000
 180.02646    0.03695   22.75233   22.44525    0.04544    0.02508   11.45650   -0.64857   -3.21212   -2.34120    2.00000
 180.04959    0.00818   23.70557   23.26803    0.05026    0.02774    5.56608   -3.00751   -1.39347   -3.69987    2.00000
 180.02393   -0.01025   23.78660   23.33504    0.02604    0.01437    5.22872    4.21752   -0.07580    0.42980    2.00000
 179.77489   -0.03940   16.82230   16.11861    0.22854    0.12613  733.63660    8.45479   -0.84613    7.61118    2.00000
 180.00679    0.02091   23.72616   23.28508    0.02198    0.01213    5.48025    7.84519   -1.72204   13.45896    2.00000
 180.20544   -0.00005   23.08981   22.74427    0.20544    0.11339    8.90463   -2.81014   -2.16555   -1.02194    2.00000
 180.05194    0.07654   23.83185   23.37239    0.09250    0.05105    5.04069   -1.41421    0.68046    1.53055    2.00000
 180.13377    0.16323   23.28462   22.91361    0.21105    0.11648    7.58749    0.81367   -0.99843    1.47484    2.00000
 180.04179    0.01307   21.68744   21.46181    0.04379    0.02417   26.72900   -4.11058    0.11181   -4.96737    2.00000
 180.16972    0.14610   23.51530   23.10895    0.22395    0.12360    6.36700   -0.49975   -0.04430    2.81344    2.00000
 179.94664   -0.09382   21.96259   21.72207    0.10793    0.05957   21.74238    1.31038    0.44477    2.32333    2.00000
 179.96056    0.04559   20.75111   20.33220    0.06028    0.03327   66.26244   -1.44202   -1.58540   -3.11634    2.00000
 180.03687    0.05471   23.16446   22.80942    0.06596    0.03641    8.39784    1.83415    0.00098    4.88490    2.00000
 180.05641   -0.07404   23.00934   22.67390    0.09308    0.05137    9.45199   -4.23834    1.46887   -2.74456    2.00000
 180.01897   -0.06099   21.66098   21.43630    0.06387    0.03525   27.40015    8.99691   -0.89367    7.67743    2.00000
 179.91904   -0.07243   23.00934   22.67390    0.10864    0.05996    9.45199    4.57538    1.85747    7.10163    2.00000
 180.02827    0.01657   23.60454   23.18403    0.03277    0.01809    5.98901   -0.84255   -0.57391    0.75004    2.00000
 179.93852    0.29217   23.34449   22.96433    0.29857    0.16479    7.19292   -0.79044    0.01193    0.82090    2.00000
 180.02766   -0.21446   23.47746   23.07693    0.21623    0.11934    6.52819   -6.10765   -1.22721   -4.80780    2.00000
 179.98557   -0.02244   23.80566   23.35076    0.02669    0.01473    5.14955   -2.51944   -1.02138    0.30982    2.00000
 179.53651    0.13323   23.07781   22.73378    0.48225    0.26617    8.98622    2.02858   -0.21393    3.09340    2.00000
 180.03618    0.11119   18.00128   17.90757    0.11693    0.06453  301.57632   -0.59045    0.30572   -0.22680    2.00000
 180.00349   -0.03833   20.92092   20.59139    0.03849    0.02125   54.19004    3.86090   -1.05614    2.70493    2.00000
 179.99464   -0.01230   23.52611   23.11809    0.01342    0.00741    6.32095    3.99667    1.34554    9.22720    2.00000
 180.05368    0.00808   23.40437   23.01506    0.05428    0.02996    6.83968   -0.32371    2.51036   -0.76636    2.00000
 179.93243   -0.08786   23.60936   23.18805    0.11084    0.06117    5.96874    2.48831    1.64039    9.48792    2.00000
 180.03059    0.02265   23.02500   22.68763    0.03807    0.02101    9.34521    3.06844    0.35719    4.04365    2.00000
 180.02505   -0.01605   22.50519   22.22278    0.02975    0.01642   14.10560   -1.60255    0.68181   -1.39850    2.00000
 180.13187    0.24481   23.63988   23.21355    0.27806    0.15347    5.84038    6.12706   -0.21550    1.00598    2.00000
 180.03703   -0.08061   23.66441   23.23394    0.08871    0.04896    5.73773   -1.38584   -0.45209   -7.30023    2.00000
 180.02901    0.00078   23.22054   22.85811    0.02902    0.01602    8.01915   -6.11257   -1.06979   -8.20767    2.00000
 179.87811    0.05403   22.55682   22.26984    0.13332    0.07358   13.54530   -3.07707   -1.16929   -5.63674    2.00000
 180.09940   -0.18062   21.82626   21.59449    0.20616    0.11379   24.03009   -3.50292    1.08940   -4.39177    2.00000
 180.08244    0.00855   23.43422   23.04034    0.08288    0.04575    6.71241   -4.30907   -0.65382   -0.39786    2.00000
 180.02318   -0.01995   22.80223   22.48986    0.03058    0.01688   10.92537   -3.01140   -2.61162   -6.77932    2.00000
 180.08083   -0.23375   18.89664   18.34764    0.24733    0.13651  237.92693   -3.06896    0.71974   -2.33270    2.00000
 179.94669   -0.00482   22.53097   22.24628    0.05352    0.02954   13.82586    0.29995   -0.95747   -4.38896    2.00000
 180.00710   -0.01945   22.84023   22.52379    0.02070    0.01142   10.61955   -1.93638    0.90627   -3.49498    2.00000
 180.00079   -0.00506   23.50179   23.09751    0.00512    0.00283    6.42457   -2.70173    1.48087   -7.38885    2.00000
 179.99312    0.02933   21.95437   21.71441    0.03012    0.01663   21.87965    0.88295    0.26982    2.63450    2.00000
 180.06770    0.09506   22.13451   21.88257    0.11671    0.06441   18.86427   -5.40105    0.54529   -5.73409    2.00000
 179.99887   -0.00746   23.46395   23.06550    0.00755    0.00417    6.58576    5.58810   -2.07206    5.24152    2.00000
 179.92529   -0.01460   23.57241   23.15719    0.07612    0.04201    6.12413   -3.55561    3.85899   -8.95497    2.00000
 179.85193    0.06745   23.28462   22.91361    0.16271    0.08980    7.58749   -1.40748   -0.94084   -6.09570    2.00000
 180.00053    0.03570   22.75233   22.44525    0.03570    0.01971   11.45650    2.34383    3.04920    6.98644    2.00000
 179.36694   -0.20932   22.37732   22.10570    0.66676    0.36802   15.49977   -1.61917   -2.44213   -5.15555    2.00000
 179.94170    0.20680   23.71306   23.27423    0.21486    0.11859    5.53487    1.73174   -0.66879    3.72413    2.00000
 179.98253   -0.02800   23.70370   23.26648    0.03300    0.01821    5.57388   -2.43532    2.32015   -9.13041    2.00000
 179.94019   -0.03924   23.07541   22.73168    0.07153    0.03948    9.00254   -0.83564    2.27410   -1.05938    2.00000
 179.99777    0.04318   23.03941   22.70021    0.04324    0.02386    9.24730   -0.54248   -2.10484   -5.18684    2.00000
 180.08826   -0.02862   17.87936   17.24962    0.09279    0.05121  424.06094    1.81504   -0.30360    1.49237    2.00000
 179.97952   -0.03879   23.40437   23.01506    0.04386    0.02421    6.83968   -2.63453    4.09100    0.62164    2.00000
 180.03328   -0.00230   23.22054   22.85811    0.03336    0.01841    8.01915   -3.81675   -2.74472    0.52459    2.00000
 180.03795    0.05734   23.22785   22.86446    0.06875    0.03795    7.96976   -0.18857    2.20157   -3.41963    2.00000
 179.86449    0.04540   22.15095   21.89759    0.14293    0.07888   18.59483    4.96212    2.47705    6.73736    2.00000
 180.05086    0.03900   22.78976   22.47871    0.06409    0.03537   11.05815    0.42651    2.60479    3.84989    2.00000
 179.97984    0.03423   22.83501   22.51914    0.03972    0.02192   10.65572    1.32161    0.78512    1.77257    2.00000
 180.12228    0.06740   23.03460   22.69602    0.13963    0.07706    9.27994    7.93178    1.17385    8.96111    2.00000
 180.01259    0.00714   21.53939   21.31938    0.01447    0.00799   30.47575   -1.52115    4.14831    2.65417    2.00000
 179.92471    0.13114   21.70067   21.47457    0.15122    0.08346   26.39342   -4.95223    1.41071   -4.15347    2.00000
 180.06287    0.16617   22.72489   22.42072    0.17766    0.09806   11.74862   -5.32832    4.38269    1.11020    2.00000
 179.99435    0.05179   23.56598   23.15182    0.05210    0.02876    6.15115    0.49912    0.79603    1.91077    2.00000
 180.02190   -0.10960   22.61931   22.32599    0.11176    0.06168   12.87662    1.32793    3.52706    5.83937    2.00000
 179.95618    0.01014   21.56836   21.34722    0.04499    0.02483   29.74333    1.54208    2.10195    2.87058    2.00000
 180.00714    0.02191   23.29550   22.92283    0.02305    0.01272    7.51575   -1.36570    2.11077   -0.27475    2.00000
 180.04762    0.06523   23.68312   23.24943    0.08077    0.04458    5.65971   -5.17288   -3.31233   -8.07074    2.00000
 180.08902   -0.14599   22.70992   22.40734    0.17099    0.09438   11.90796   -0.94418   -2.48567   -4.74251    2.00000
 179.98953   -0.03802   23.07301   22.72958    0.03943    0.02176    9.01885   -1.32583    1.59644    4.73931    2.00000
 179.95360    0.02450   23.39892   23.01045    0.05247    0.02896    6.86289    3.70764   -2.10582    0.87690    2.00000
 180.01164   -0.03755   23.38804   23.00123    0.03932    0.02170    6.90933    1.42759   -0.89423    0.08962    2.00000
 180.00412   -0.05607   21.79632   21.56643    0.05622    0.03103   24.53338   -5.82080    0.76333   -4.73203    2.00000
 180.05330   -0.03482   22.64018   22.34474    0.06367    0.03514   12.65337   -0.69302   -0.97386   -0.90465    2.00000
 180.07204    0.03852   23.63185   23.20684    0.08168    0.04508    5.87416   -4.51839   -1.92289   -7.94928    2.00000
 180.07195    0.01634   22.78477   22.47425    0.07378    0.04072   11.11126   -0.07192   -4.21111   -5.72054    2.00000
 180.01418   -0.03126   22.15095   21.89759    0.03432    0.01894   18.59483    7.37457   -0.36797    7.54758    2.00000
 180.03217    0.01277   22.57237   22.28381    0.03461    0.01910   13.37894    0.71409    2.05551    1.19625    2.00000
 179.96828   -0.08388   23.42611   23.03348    0.08968    0.04950    6.74695    0.75263   -1.23594   -1.74713    2.00000
 179.99355    0.00428   23.04901   22.70860    0.00775    0.00428    9.18203   -0.19268   -1.04708   -3.71741    2.00000
 180.05725   -0.05981   23.81280   23.35666    0.08280    0.04570    5.11986   -1.82240   -1.95153   -5.21791    2.00000
 179.96553    0.02604   22.86370   22.54471    0.04320    0.02384   10.45681    1.20745    0.70090   -1.28883    2.00000
 180.08929   -0.03295   23.60775   23.18671    0.09519    0.05254    5.97550    1.28496    2.42482    1.71158    2.00000
 180.10139   -0.02683   22.09381   21.84470    0.10489    0.05789   19.54328   -0.58171   -0.50112   -0.72007    2.00000
 180.01857   -0.09651   20.69963   20.26821    0.09828    0.05424   69.56037   -5.47866   -2.63825   -7.84826    2.00000
 180.07784   -0.03493   21.66362   21.43885    0.08532    0.04709   27.33304    2.60207    0.83524    3.46596    2.00000
 180.02010   -0.01654   18.09035   18.11958    0.02603    0.01436  269.34067    1.81026    3.60807    5.38719    2.00000
 180.06976   -0.05520   22.88978   22.56796    0.08896    0.04910   10.27600   -0.51134   -0.44426   -3.45156    2.00000
 179.80290    0.02852   23.38259   22.99661    0.19915    0.10992    6.94184    5.29525   -1.08385    8.80239    2.00000
 180.01292    0.03251   22.81969   22.50547    0.03498    0.01931   10.76205    6.60916   -2.99265    4.33178    2.00000
 179.99274    0.00386   23.58044   23.16390    0.00823    0.00454    6.09035   -5.61609    0.17024    0.13546    2.00000
 179.97298   -0.04562   21.47372   21.25232    0.05303    0.02927   32.23949    0.39385   -1.62818   -0.91680    2.00000
 180.03326    0.01139   23.43962   23.04491    0.03516    0.01940    6.68938    7.07908    0.61159    9.47203    2.00000
 180.01881    0.04028   23.69809   23.26183    0.04445    0.02454    5.59729    0.15639    4.78881   14.06926    2.00000
 179.96429    0.01593   18.01486   17.72125    0.03910    0.02158  333.35437    1.79878   -1.16983    0.62482    2.00000
 179.99519   -0.00990   23.34994   22.96895    0.01101    0.00608    7.15705   -5.33365    0.26301   -5.28983    2.00000
 180.01129    0.04642   22.14766   21.89459    0.04778    0.02637   18.64872   -3.78078   -0.28264   -3.44599    2.00000
 179.94302    0.02996   23.61739   23.19476    0.06437    0.03553    5.93496    1.94670    0.88851    3.00155    2.00000
 179.98956   -0.08955   22.62453   22.33068    0.09015    0.04976   12.82081   -1.91967    1.53387   -0.50062    2.00000
 179.98227    0.00010   21.25471   21.02421    0.01773    0.00979   38.23980   -3.15753    1.82188   -1.49777    2.00000
 180.09280    0.19369   23.45584   23.05863    0.21478    0.11854    6.62030   -5.66527    1.91621   -4.67350    2.00000
 179.92744    0.13951   22.69994   22.39842    0.15724    0.08679   12.01418   -0.52137    2.51823    4.22025    2.00000
 179.95947   -0.01040   23.36354   22.98047    0.04184    0.02309    7.06738    0.20530    2.50129    4.36998    2.00000
 180.03786    0.02470   21.97903   21.73738    0.04520    0.02495   21.46786   -6.50072   -0.63516   -6.33379    2.00000
 180.00027   -0.03470   22.41332   22.13887    0.03470    0.01915   15.10480    0.12908    0.84258    1.42981    2.00000
 179.81575   -0.02634   22.89500   22.57261    0.18612    0.10273   10.23983    0.11274    0.92998    2.84270    2.00000
 179.89276    0.32336   21.98177   21.73993    0.34068    0.18803   21.42210   -0.26606    3.33531    2.40536    2.00000
 179.94731   -0.04464   23.18397   22.82636    0.06906    0.03812    8.26612    0.13843   -0.92060    0.54227    2.00000
 180.05695    0.04650   23.02740   22.68972    0.07352    0.04058    9.32889   -1.32380    2.57206   -0.19890    2.00000
 179.99942   -0.00070   23.37443   22.98970    0.00091    0.00050    6.99564    2.35199   -3.69887   -3.98648    2.00000
 180.01302   -0.00247   23.06581   22.72329    0.01325    0.00732    9.06781    3.77333   -1.14399    4.47689    2.00000
 180.05696   -0.05035   23.67002   23.23858    0.07602    0.04196    5.71433    1.53097   -1.61724   -3.99150    2.00000
 180.04361   -0.06876   23.14984   22.79673    0.08143    0.04494    8.49659   -1.40300   -2.61237   -2.77876    2.00000
 179.99286   -0.03295   23.21566   22.85388    0.03371    0.01861    8.05208   -0.37636    1.54791    1.73629    2.00000
 179.98708    0.02503   18.02594   18.04604    0.02817    0.01555  279.47098   -5.67685    3.66673   -2.02393    2.00000
 180.01579    0.00675   23.74674   23.30213    0.01717    0.00948    5.39442    3.42458   -2.44455    1.06483    2.00000
 180.00093    0.01259   19.67821   19.17284    0.01262    0.00697  146.41145   -0.76139    0.38359   -0.35933    2.00000
 179.86758    0.11215   23.11622   22.76735    0.17353    0.09578    8.72513   -1.46616   -1.87231   -1.04804    2.00000
 180.03342   -0.10648   22.22558   21.96608    0.11160    0.06159   17.36667   -3.64603    1.58547   -2.96527    2.00000
 180.03745   -0.00630   23.63185   23.20684    0.03797    0.02096    5.87416    0.46077   -0.97031    2.18564    2.00000
 179.92404   -0.13698   23.72616   23.28508    0.15664    0.08645    5.48025   -3.49060   -3.65025   -7.83470    2.00000
 179.93835    0.04960   23.57241   23.15719    0.07913    0.04367    6.12413   -0.16198    0.25283   -1.60034    2.00000
 180.14101    0.14350   23.61257   23.19074    0.20119    0.11104    5.95523   -6.89706   -0.29152   -0.14280    2.00000
 179.87790    0.15227   23.27661   22.90680    0.19518    0.10772    7.64046    4.11966   -7.24783   -1.76244    2.00000
 179.98451   -0.02313   23.14262   22.79042    0.02784    0.01537    8.54564   -0.00674    0.98449    2.26324    2.00000
 180.12294   -0.06649   20.70277   20.27199    0.13977    0.07714   69.36557    2.90358    2.75978    5.54976    2.00000
 180.01711    0.04789   16.12536   15.20564    0.05085    0.02806 1129.53979    2.24583    1.81822    4.06042    2.00000
 180.04413    0.15572   22.46769   22.18861    0.16185    0.08933   14.51250    3.36763    1.85710    5.90477    2.00000
 180.00414    0.06561   22.93934   22.61213    0.06574    0.03628    9.93244    1.64439    0.39474    4.22132    2.00000
 179.96700    0.04047   22.61671   22.32365    0.05222    0.02882   12.90453    0.20256   -1.25119   -0.84381    2.00000
 179.95705   -0.03731   22.94456   22.61678    0.05690    0.03140    9.89627    4.08392   -0.59289    0.80169    2.00000
 180.00633   -0.05732   23.26198   22.89410    0.05767    0.03183    7.73925    1.72087   -0.42602    1.16202    2.00000
 180.26822    0.05566   23.33905   22.95972    0.27393    0.15119    7.22879    0.80870   -0.30209    2.59217    2.00000
 180.19286   -0.04651   22.34371   22.07474    0.19839    0.10950   15.86841    5.65369   -0.17190    5.49924    2.00000
 179.96716   -0.03677   23.40437   23.01506    0.04930    0.02721    6.83968   -0.07430   -1.70284    0.10186    2.00000
 180.04488   -0.01549   21.50265   21.28188    0.04747    0.02620   31.46208    7.03208    2.77097   10.16337    2.00000
 180.00218    0.01849   20.72473   20.29845    0.01862    0.01028   68.00198    5.44282    3.19452    8.55873    2.00000
 179.86401   -0.16935   23.32544   22.94819    0.21719    0.11987    7.31847   -8.23780   -1.71939   -9.34699    2.00000
 180.10059   -0.05926   23.26930   22.90045    0.11675    0.06444    7.68986   -3.21050   -0.81309   -3.41922    2.00000
 180.09998    0.12421   20.88075   20.52443    0.15944    0.08800   56.69939   -5.54344   -2.28398   -8.03712    2.00000
 180.02220   -0.06065   23.25223   22.88563    0.06458    0.03564    7.80511    1.29896    0.37103    1.14982    2.00000
 179.98503   -0.01168   23.71493   23.27578    0.01899    0.01048    5.52706    2.63980    1.96700   -2.58884    2.00000
 179.96567    0.00158   23.24736   22.88139    0.03437    0.01897    7.83804    3.85676   -0.17494    4.62526    2.00000
 180.05603    0.00327   23.46935   23.07007    0.05612    0.03098    6.56273    2.55665   -0.94309    4.19297    2.00000
 180.01234   -0.01136   23.02012   22.68335    0.01678    0.00926    9.37848   -4.18452   -1.65859   -1.56060    2.00000
 179.96341    0.01893   23.10181   22.75476    0.04119    0.02274    8.82304    4.24655    2.56413    6.63658    2.00000
 180.03462   -0.05393   23.53962   23.12953    0.06409    0.03537    6.26338   -1.22124   -0.57766   -0.36841    2.00000
 180.03934   -0.01515   20.03252   19.54384    0.04215    0.02326  114.57933   -0.78292   -5.66808   -6.56196    2.00000
 180.03389   -0.04445   21.85620   21.62256    0.05589    0.03085   23.52679    0.87994   -1.79166   -0.75493    2.00000
 180.01968    0.02957   23.33361   22.95511    0.03553    0.01961    7.26466    0.70056   -0.87481   -6.43632    2.00000
 180.00343    0.02856   20.95953   20.65368    0.02877    0.01588   51.85571   -0.77167   -0.31497   -0.91701    2.00000
 179.98914   -0.01451   22.53331   22.24841    0.01812    0.01000   13.80043   -2.01093   -4.06847   -5.64447    2.00000
 179.92395    0.07916   23.45584   23.05863    0.10977    0.06059    6.62030   -2.25252   -0.39993    4.57262    2.00000
 179.95247    0.03902   22.10776   21.85797    0.06150    0.03394   19.30536    2.02641    1.19460    2.76327    2.00000
 180.31819   -0.73989   23.17178   22.81577    0.80541    0.44455    8.34845    4.79079    4.74863    5.34208    2.00000
 179.96516   -0.00403   23.37715   22.99200    0.03507    0.01936    6.97770    1.04173    0.32073    7.66951    2.00000
 180.02628    0.03073   22.35331   22.08359    0.04043    0.02232   15.76309    1.95857    2.17705    4.31838    2.00000
 179.95583   -0.05649   20.98136   20.68583    0.07171    0.03958   50.65087    1.83044   -1.88051   -0.17007    2.00000
 180.03526    0.25576   23.02119   22.68429    0.25818    0.14249    9.37113   -5.47277    4.66137   -1.91565    2.00000
 180.08665   -0.15690   22.01192   21.76799    0.17924    0.09893   20.91881    1.34562   -3.25799   -2.51817    2.00000
 179.98653   -0.00441   23.01904   22.68240    0.01418    0.00783    9.38583    2.69345    4.22686    9.74989    2.00000
 180.03423   -0.00309   22.34131   22.07253    0.03437    0.01897   15.89474    2.07729   -2.18401    1.09509    2.00000
 180.03569   -0.16548   20.72159   20.29467    0.16928    0.09343   68.19678   -1.43421    1.16344   -0.16409    2.00000
 180.00336    0.02970   23.04901   22.70860    0.02989    0.01650    9.18203   -0.58558   -3.35228   -2.09333    2.00000
 179.99460   -0.07035   22.77229   22.46309    0.07056    0.03894   11.24404    0.11135   -3.48830   -2.74404    2.00000
 180.05844    0.12156   21.38765   21.16438    0.13487    0.07444   34.55274   -2.94170   -0.22743   -3.61135    2.00000
 179.99004    0.02312   18.10429   17.86375    0.02518    0.01390  309.04993    0.86405    0.71858    1.51925    2.00000
 179.99910    0.08030   23.44773   23.05177    0.08031    0.04432    6.65484   -1.31130    2.46417   -4.03564    2.00000
 179.93349    0.05998   23.43692   23.04263    0.08956    0.04943    6.70090    0.79448   -0.73652    2.41618    2.00000
 179.99550    0.02090   23.81994   23.36256    0.02138    0.01180    5.09017   -4.38971    3.50134    4.00980    2.00000
 179.98776    0.00808   22.42052   22.14550    0.01466    0.00809   15.02581    0.61510    3.21856    5.56066    2.00000
 180.04945    0.00716   23.71680   23.27733    0.04997    0.02758    5.51926    4.99167   -1.75971    2.39304    2.00000
 180.04222   -0.01027   22.93673   22.60980    0.04345    0.02398    9.95052    2.25011    3.79520    5.17562    2.00000
 179.95592    0.00544   21.88886   21.65318    0.04443    0.02452   22.97774   -6.79992   -2.31067   -9.63806    2.00000
 179.95000   -0.02826   23.32544   22.94819    0.05744    0.03170    7.31847   -1.94519   -0.97206   -5.14274    2.00000
 180.03413   -0.05414   22.85848   22.54006    0.06400    0.03532   10.49298    0.98966    2.31351    4.13460    2.00000
 179.96178    0.00968   22.49113   22.20997    0.03943    0.02176   14.25819   -0.52938    1.38446   -1.22900    2.00000
 180.01691   -0.03421   22.59584   22.30490    0.03816    0.02106   13.12778    3.17363    1.63028    5.21050    2.00000
 180.03928    0.13059   21.73242   21.50519    0.13637    0.07526   25.63148   -4.33059   -0.74717   -4.57773    2.00000
 179.99359    0.01304   23.28462   22.91361    0.01453    0.00802    7.58749   -2.43483   -0.26547    0.83227    2.00000
 179.97832    0.06451   23.59811   23.17866    0.06806    0.03756    6.01603   -7.46244   -0.44679  -15.23103    2.00000
 179.92487    0.01873   23.77708   23.32718    0.07743    0.04274    5.26830    0.07072    0.36491   -1.43330    2.00000
 180.02626   -0.07498   22.94195   22.61445    0.07945    0.04385    9.91436    6.39962   -0.59243    5.42721    2.00000
 180.02127    0.01165   22.91065   22.58656    0.02425    0.01338   10.13134   -2.66632    2.11080    1.90966    2.00000
 179.99106    0.04089   23.56389   23.15006    0.04185    0.02310    6.16001    8.92834   -4.13687    6.56922    2.00000
 180.13319    0.09613   23.68686   23.25253    0.16426    0.09066    5.64410    1.98171    0.04582    0.77218    2.00000
 180.00101   -0.00337   20.56348   20.10978    0.00351    0.00194   77.72480   -4.85540    3.84737   -0.88032    2.00000
 180.00343   -0.06834   23.57401   23.15853    0.06843    0.03777    6.11737   -0.76263   -0.93354    4.86137    2.00000
 180.14432   -0.07933   22.91847   22.59353    0.16468    0.09089   10.07709   -0.46906    2.13391    2.39048    2.00000
 179.98508   -0.00735   21.88886   21.65318    0.01664    0.00918   22.97774   -4.20292   -3.56694   -6.16456    2.00000
 180.00130    0.10376   22.15643   21.90260    0.10377    0.05727   18.50502    0.13960    2.19527    1.90137    2.00000
 180.06358    0.00029   23.27174   22.90256    0.06359    0.03510    7.67339   -0.25910    3.41086    6.78688    2.00000
 180.00916    0.05267   21.90791   21.67104    0.05346    0.02951   22.65746    0.96647   -1.35644   -0.94202    2.00000
 179.97469    0.02980   23.25955   22.89198    0.03910    0.02158    7.75571    0.83749    2.12001    6.61924    2.00000
 180.02385   -0.02805   23.20347   22.84329    0.03682    0.02032    8.13441    0.25212   -0.18000   -1.22177    2.00000
 180.02547    0.00369   21.55279   21.33225    0.02573    0.01420   30.13707    0.94903    3.71191    4.83236    2.00000
 179.96558    0.02248   22.25642   21.99443    0.04112    0.02269   16.85829   -5.96533    1.20079   -2.91961    2.00000
 179.97166    0.00656   23.61900   23.19610    0.02908    0.01605    5.92821   -0.03270   -2.46546   -1.70357    2.00000
 180.06464   -0.06918   22.15643   21.90260    0.09468    0.05226   18.50502   -0.35174    0.39832   -0.98177    2.00000
 180.01833    0.00917   22.95238   22.62375    0.02048    0.01131    9.84203    3.99993   -2.25421    1.75936    2.00000
 180.08711    0.07439   22.82723   22.51221    0.11455    0.06322   10.70962   -3.92493   -0.19101   -2.13472    2.00000
 180.07419   -0.05426   21.72977   21.50264    0.09191    0.05073   25.67723   -3.18320    2.03756   -1.48249    2.00000
 179.85478    0.01220   22.95499   22.62608    0.14573    0.08043    9.82395    5.47253   -2.27692   -0.69188    2.00000
 180.05553   -0.00419   22.22815   21.96844    0.05569    0.03074   17.32430    2.25155    3.08528    4.31996    2.00000
 180.00829   -0.07795   21.32751   21.10178    0.07839    0.04327   36.19949   -2.21758   -3.37076   -5.36469    2.00000
 179.91249   -0.06012   22.84544   22.52844    0.10617    0.05860   10.58339   -1.81965   -2.32476   -5.81760    2.00000
 179.90111    0.07454   23.47206   23.07236    0.12384    0.06835    6.55122   -5.32716    2.91989   -0.14977    2.00000
 180.03838    0.03951   23.05381   22.71280    0.05508    0.03040    9.14940    2.73009    1.58975    1.30696    2.00000
 180.01451   -0.02862   20.87202   20.50946    0.03209    0.01771   57.26037   -4.07572    0.98602   -3.10686    2.00000
 179.97768    0.05665   20.70590   20.27577    0.06089    0.03361   69.17077   -5.76048   -0.63651   -6.66608    2.00000
 180.06009    0.03026   22.34131   22.07253    0.06728    0.03714   15.89474    0.55666    0.84355    1.81653    2.00000
 179.95695    0.30649   23.57241   23.15719    0.30949    0.17082    6.12413   -0.80388   -0.31332   -3.35332    2.00000
 179.98701    0.01786   21.43982   21.21768    0.02208    0.01219   33.15077   -4.03165    0.88309   -3.41408    2.00000
 180.00081   -0.04678   21.82898   21.59704    0.04679    0.02582   23.98433    0.52555    0.58927    1.54769    2.00000
 179.90741   -0.28545   21.62481   21.40148    0.30009    0.16563   28.31600   -2.80701    0.12000   -3.17300    2.00000
 179.99673    0.02957   19.75772   19.25605    0.02975    0.01642  139.07776   -0.38239    3.41049    3.05488    2.00000
 179.98682    0.00932   22.71990   22.41626    0.01615    0.00891   11.80173    0.66929   -0.74957   -3.99638    2.00000
 180.07768    0.02558   21.54111   21.32102    0.08179    0.04514   30.43238   -1.01286   -0.43921   -0.86607    2.00000
 179.99135   -0.04183   23.56125   23.14782    0.04272    0.02358    6.17127   -6.61983   -0.01340   -9.01163    2.00000
 179.88589    0.03876   23.42611   23.03348    0.12051    0.06651    6.74695   -0.08690    1.87932    1.21572    2.00000
 180.25034   -0.05938   23.68125   23.24788    0.25728    0.14200    5.66751    5.30654   -0.46533    7.92507    2.00000
 179.97090   -0.00041   22.73238   22.42741    0.02911    0.01607   11.66895   -2.12765    1.85625   -1.23654    2.00000
 179.91263   -0.01120   21.91335   21.67614    0.08808    0.04862   22.56596   -0.21885    0.00435   -0.77881    2.00000
 179.97285   -0.04392   22.24357   21.98262    0.05163    0.02850   17.07011    5.84760   -0.44036    5.01388    2.00000
 180.01848   -0.32912   22.55440   22.26763    0.32963    0.18193   13.57155    2.17725    4.01057    5.29132    2.00000
 179.97151   -0.00515   21.23784   21.00608    0.02896    0.01598   38.71681    3.72129   -0.07320    3.89565    2.00000
 179.95271    0.03254   23.08261   22.73797    0.05740    0.03168    8.95358   -1.91818    2.34019    0.51865    2.00000
 179.94928   -0.12884   22.37732   22.10570    0.13846    0.07642   15.49977   -3.40802   -0.26730   -4.23410    2.00000
 180.04507   -0.02531   23.44773   23.05177    0.05170    0.02853    6.65484   -6.68437   -0.54167   -7.48426    2.00000
 180.02899    0.04277   21.91335   21.67614    0.05167    0.02852   22.56596    2.45197   -0.55041    1.16696    2.00000
 179.98143   -0.05481   23.37987   22.99431    0.05787    0.03194    6.95977    0.70821    2.05075    3.52327    2.00000
 180.08017    0.10248   23.08981   22.74427    0.13012    0.07181    8.90463   -1.61329   -5.79029   -8.23981    2.00000
 180.00864   -0.04484   23.75327   23.30752    0.04566    0.02520    5.36726    4.93254   -1.62061   -5.75230    2.00000
 179.98505    0.05031   22.36532   22.09464    0.05248    0.02897   15.63143    0.97114   -0.53401    0.48364    2.00000
 180.02325   -0.03963   23.62221   23.19879    0.04595    0.02536    5.91469   -2.24913    2.15130    4.06421    2.00000
 180.00880   -0.07244   22.60106   22.30959    0.07298    0.04028   13.07197    0.00008   -4.93176   -7.64439    2.00000
 180.06538   -0.04730   23.37987   22.99431    0.08070    0.04454    6.95977   -5.69712   -3.14234  -12.98171    2.00000
 179.94901    0.02810   21.43199   21.20969    0.05823    0.03214   33.36107    1.57294   -4.18658   -2.76678    2.00000
 179.99580   -0.03465   21.80721   21.57663    0.03490    0.01926   24.35037   -4.41433    0.57574   -2.90515    2.00000
 179.90990   -0.03020   21.89430   21.65828    0.09502    0.05244   22.88624    6.09490   -1.16752    4.34786    2.00000
 180.03311   -0.02179   23.42341   23.03119    0.03963    0.02188    6.75847    0.43992   -1.47534    1.10389    2.00000
 179.99826    0.00394   23.18397   22.82636    0.00431    0.00238    8.26612   -3.81458   -0.52855   -6.26086    2.00000
 179.90878    0.08233   23.79375   23.34094    0.12287    0.06782    5.19903    1.67377    0.71479    4.91689    2.00000
 179.99019    0.06947   23.50449   23.09980    0.07016    0.03872    6.41306   -2.38919    0.26583    0.78515    2.00000
 180.09016   -0.02870   23.76993   23.32128    0.09462    0.05222    5.29799   -2.40268    3.76542    1.94163    2.00000
 179.97569   -0.07050   21.44503   21.22301    0.07458    0.04116   33.01057    0.20400   -1.17308   -0.33902    2.00000
 179.96561   -0.00364   22.39652   22.12339    0.03459    0.01909   15.28912    1.26252    0.17933    4.88050    2.00000
 180.08156    0.24294   21.49377   21.27281    0.25626    0.14144   31.70071   -2.27166    0.06894   -1.95596    2.00000
 180.03368   -0.01023   22.04481   21.79861    0.03520    0.01943   20.36976    0.60289    0.61075    0.53153    2.00000
 180.01407   -0.18925   21.11712   20.86497    0.18978    0.10474   43.93710    1.51773   -0.15331    1.32000    2.00000
 180.00398    0.01678   23.34449   22.96433    0.01725    0.00952    7.19292    4.18088   -3.41690   -1.75855    2.00000
 179.97606   -0.03646   23.52071   23.11352    0.04362    0.02407    6.34397   -8.30747    3.52463   -0.42838    2.00000
 179.97952   -0.09166   23.83661   23.37632    0.09392    0.05184    5.02090   -3.97139   -2.44822   -1.75994    2.00000
 179.99146   -0.00035   21.72448   21.49754    0.00855    0.00472   25.78938   -1.91384   -0.66851   -2.32557    2.00000
 179.97670    0.07691   23.69809   23.26183    0.08036    0.04435    5.59729    3.32251    2.48508    3.12866    2.00000
 180.08308    0.11105   23.57562   23.15987    0.13869    0.07655    6.11062    5.78612   -3.83167    2.93716    2.00000
 179.86003   -0.51549   22.66626   22.36818    0.53415    0.29482   12.37430    1.23667   -1.50555   -1.67016    2.00000
 179.99484   -0.07512   23.29550   22.92283    0.07530    0.04156    7.51575   -0.90188   -4.25141   -5.61081    2.00000
 180.03111    0.01109   23.58847   23.17061    0.03303    0.01823    6.05657   -1.17128   -0.73284   -4.74710    2.00000
 179.95729   -0.10097   23.05621   22.71490    0.10963    0.06051    9.13308    0.51086    0.36448   -0.09070    2.00000
 179.96535    0.01572   21.98726   21.74503    0.03806    0.02101   21.33060    0.76156    0.76664    1.08768    2.00000
 180.04752    0.02041   23.05381   22.71280    0.05172    0.02855    9.14940    4.22450   -3.78252   -2.76615    2.00000
 179.91524   -0.08449   22.92369   22.59818    0.11969    0.06606   10.04093    1.51104    1.78719    0.49350    2.00000
 179.98277   -0.02135   23.07061   22.72749    0.02743    0.01514    9.03517    0.34944    1.24635    2.98355    2.00000
 179.96828    0.07502   22.02288   21.77820    0.08145    0.04495   20.73579   -0.47004   -1.33531   -2.15544    2.00000
 180.04095   -0.00760   22.95238   22.62375    0.04165    0.02299    9.84203   -4.72282   -1.29567   -4.83879    2.00000
 180.00023    0.04147   23.55044   23.13868    0.04147    0.02289    6.21732   -0.55296    2.56496    4.13117    2.00000
 180.05183   -0.13546   23.21078   22.84964    0.14504    0.08005    8.08501    0.92050    1.39415    1.27069    2.00000
 180.07838   -0.00093   23.21566   22.85388    0.07839    0.04327    8.05208   -3.80013   -1.20563   -3.67249    2.00000
 180.11127   -0.28665   23.08741   22.74217    0.30749    0.16971    8.92095   -1.51928    3.62601    3.20572    2.00000
 179.99254   -0.04268   20.96889   20.66746    0.04333    0.02391   51.33935    2.67707    3.67085    6.00933    2.00000
 179.92448    0.04694   22.90543   22.58191    0.08892    0.04908   10.16750    3.88259    3.04619    9.93138    2.00000
 179.99446    0.02570   22.76481   22.45640    0.02629    0.01451   11.32371    1.39028    1.70189    0.83173    2.00000
 179.99229   -0.00101   22.69234   22.39161    0.00776    0.00428   12.09523    6.50692   -0.63885    3.23253    2.00000
 179.86346    0.09433   23.46395   23.06550    0.16596    0.09160    6.58576    1.47229    1.61881    6.37066    2.00000
 180.02666    0.04309   20.98552   20.69195    0.05067    0.02797   50.42138    3.16783    0.42857    3.60138    2.00000
