#RA        DEC       MAG_G     MAG_I     ANGSEP    RPROJ     SNR       VTRUE       VSYS       VMEAS      VSYSERR    
 180.46259   -0.23168   21.54500   21.32477    0.51736    0.28555   30.33394    2.89368    1.98999    5.52034    2.00000
 180.02847    0.02007   22.21787   21.95899    0.03483    0.01922   17.49376   -0.86854   -2.28628   -2.21086    2.00000
 180.18613    0.21293   22.31251   22.04600    0.28281    0.15609   16.21072    1.76100    1.08473    2.06112    2.00000
 179.97250   -0.00064   23.55044   23.13868    0.02750    0.01518    6.21732    0.52117    0.40130    4.80902    2.00000
 180.01717   -0.08489   21.43199   21.20969    0.08661    0.04780   33.36107   -0.94853   -1.97112   -2.96617    2.00000
 180.17943   -0.07376   22.56976   22.28146    0.19400    0.10707   13.40685   -2.32997   -3.51522   -5.52181    2.00000
 180.43948   -0.49309   23.79375   23.34094    0.66051    0.36457    5.19903   -1.55212   -3.34616    0.20081    2.00000
 179.94569   -0.02629   22.54503   22.25909    0.06033    0.03330   13.67327   -3.30683    1.76323   -0.19627    2.00000
 179.99290   -0.02335   23.37987   22.99431    0.02440    0.01347    6.95977    4.14139   -3.31376   -2.72008    2.00000
 180.05446    0.01561   23.61739   23.19476    0.05666    0.03127    5.93496   -0.71447   -2.40727   -3.18491    2.00000
 179.66193    0.26056   23.09941   22.75266    0.42684    0.23559    8.83936   -4.36614    0.11912   -4.13638    2.00000
 180.04935    0.03954   23.14262   22.79042    0.06324    0.03490    8.54564   -5.88560   -1.35655   -6.12079    2.00000
 180.04099   -0.01198   22.14766   21.89459    0.04270    0.02357   18.64872   -0.18249   -3.33178   -3.71963    2.00000
 179.94838   -0.03045   21.25066   21.01990    0.05993    0.03308   38.35315   -0.89823    3.62936    3.05196    2.00000
 179.98215   -0.01029   23.81280   23.35666    0.02061    0.01138    5.11986    0.74064   -1.47328    6.52810    2.00000
 179.99643   -0.00751   21.16609   20.92389    0.00832    0.00459   41.72912   -1.35743    0.77756   -0.30525    2.00000
 179.99976   -0.03068   22.76481   22.45640    0.03068    0.01693   11.32371    0.25936   -0.96234   -3.53674    2.00000
 180.05501   -0.08452   23.19372   22.83482    0.10084    0.05566    8.20027    2.67259    1.63897    5.00028    2.00000
 180.01872   -0.02839   22.86109   22.54239    0.03402    0.01877   10.47490   -2.33528   -2.55909   -0.64106    2.00000
 179.92320    0.10104   23.38259   22.99661    0.12691    0.07004    6.94184    0.60389    4.80268    1.69897    2.00000
 179.98396   -0.00599   22.90804   22.58423    0.01712    0.00945   10.14942   -3.25397   -1.36192   -2.87254    2.00000
 179.96970    0.80635   22.05303   21.80627    0.80692    0.44538   20.23250   -3.57847   -0.55722   -3.42247    2.00000
 180.00812    0.06054   21.89430   21.65828    0.06108    0.03371   22.88624   -3.61076    0.81023   -2.00290    2.00000
 180.04002    0.02248   23.33361   22.95511    0.04590    0.02533    7.26466   -6.33749    0.45375    1.88764    2.00000
 180.01413   -0.03368   23.32000   22.94358    0.03653    0.02016    7.35434   -1.87672   -1.69631   -3.01894    2.00000
 179.85629   -0.06011   22.38932   22.11676    0.15576    0.08597   15.36812   -0.82762    0.43549   -0.68225    2.00000
 179.91435   -0.09588   22.79475   22.48317    0.12856    0.07095   11.00504    2.14739   -0.89231    1.57972    2.00000
 179.98820    0.02990   21.68479   21.45926    0.03214    0.01774   26.79611    3.41975   -2.48553    1.37095    2.00000
 180.00755    0.06481   22.24614   21.98498    0.06525    0.03602   17.02775   -0.92059    2.29200    1.03003    2.00000
 180.05000   -0.02436   22.95238   22.62375    0.05563    0.03070    9.84203    0.23336   -1.03586    4.83584    2.00000
 179.97160    0.03159   16.39115   15.53923    0.04248    0.02344  961.81616   -4.68253   -1.67993   -6.35769    2.00000
 179.80594   -0.04484   22.79225   22.48094    0.19918    0.10993   11.03159    6.84160   -0.67996    8.86419    2.00000
 179.98367    0.05683   23.28190   22.91130    0.05913    0.03263    7.60543   -2.13951   -0.25561   -5.18111    2.00000
 180.13261   -0.03697   22.15314   21.89960    0.13766    0.07598   18.55891   -2.61663   -4.53343   -6.56819    2.00000
 179.76503   -0.21940   23.59329   23.17463    0.32148    0.17743    6.03630   11.08844    2.58230   13.67947    2.00000
 179.98283    0.00261   21.87253   21.63787    0.01736    0.00958   23.25227    5.74415    4.01358   10.44015    2.00000
 179.95859    0.07787   21.50176   21.28097    0.08820    0.04868   31.48594   -4.16325    2.16393   -1.74892    2.00000
 179.92941   -0.05300   23.34721   22.96664    0.08826    0.04871    7.17499   -3.70531   -1.47795   -0.48461    2.00000
 180.05037    0.04605   21.85620   21.62256    0.06825    0.03767   23.52679   -0.26334   -2.08093   -2.08963    2.00000
 179.99883   -0.05397   23.83661   23.37632    0.05398    0.02979    5.02090    4.27390   -2.99568   10.01777    2.00000
 180.01408    0.01701   22.73986   22.43410    0.02208    0.01219   11.58928   -3.77321   -1.03145   -3.48510    2.00000
 180.01357    0.06821   22.78726   22.47648    0.06954    0.03838   11.08471   -1.81864    1.07672    0.02422    2.00000
 179.94916    0.03064   23.00611   22.67106    0.05936    0.03276    9.47404    3.83895   -4.35028    0.35107    2.00000
 180.00710    0.04445   23.59651   23.17732    0.04501    0.02484    6.02279    2.25171   -2.41897    4.01874    2.00000
 180.07184    0.07391   22.39412   22.12118    0.10308    0.05689   15.31545   -5.11450    1.26699   -2.65615    2.00000
 180.01952    0.01901   22.01740   21.77310    0.02724    0.01504   20.82730    1.61659   -2.25541   -0.48681    2.00000
 179.92995   -0.06777   21.62092   21.39774    0.09747    0.05380   28.41444   -2.26201   -2.11513   -5.22700    2.00000
 179.97604   -0.01556   23.45584   23.05863    0.02856    0.01576    6.62030    5.98299    0.67372    6.96345    2.00000
 180.01982    0.10216   21.07681   20.81598    0.10406    0.05744   45.77304    3.21252    1.15969    4.46336    2.00000
 180.01517    0.03873   21.11115   20.85772    0.04160    0.02296   44.20909   -0.19873   -3.48241   -3.28933    2.00000
 179.98232   -0.17093   23.25467   22.88774    0.17184    0.09484    7.78864   -5.62542    1.00340   -3.64501    2.00000
 179.96019   -0.08011   22.90282   22.57958    0.08945    0.04937   10.18559    2.68628   -0.99589    2.73510    2.00000
 179.92374   -0.10182   22.05851   21.81137    0.12722    0.07022   20.14099    2.57193    3.55395    5.71035    2.00000
 180.02509    0.00768   22.95499   22.62608    0.02623    0.01448    9.82395   -0.84645    0.03472   -0.20853    2.00000
 179.92688   -0.00652   20.90476   20.56503    0.07341    0.04052   55.17813   -4.20822    2.23065   -2.04980    2.00000
 180.03281   -0.03140   22.90282   22.57958    0.04541    0.02506   10.18559   -7.41107   -2.15369  -10.33956    2.00000
 180.14532    0.11672   22.97379   22.64271    0.18639    0.10287    9.69455    2.35266   -2.40717   -0.84769    2.00000
 179.97702    0.01598   22.84544   22.52844    0.02799    0.01545   10.58339   -3.03452   -3.11888   -8.16710    2.00000
 180.15083   -0.02033   22.29241   22.02751    0.15220    0.08400   16.43089    5.84793   -2.90576    4.55731    2.00000
 179.83347    0.22629   21.03551   20.76163    0.28097    0.15507   47.81005    3.68414   -0.96357    2.95608    2.00000
 179.79649    0.13462   23.38532   22.99892    0.24400    0.13467    6.92390   -1.53274   -1.95058   -7.44505    2.00000
 179.95982    0.00633   22.96841   22.63799    0.04067    0.02245    9.73130    0.24845    2.22581    5.58588    2.00000
 179.97011   -0.03768   23.82233   23.36452    0.04809    0.02654    5.08028   -0.45689   -0.82655    6.42439    2.00000
 179.92661   -0.04284   21.78274   21.55369    0.08499    0.04691   24.76178    1.91264   -4.25498   -1.87681    2.00000
 180.05464    0.00516   23.32000   22.94358    0.05488    0.03029    7.35434   -2.64767    1.38959    4.96384    2.00000
 179.88326   -0.17170   23.13782   22.78623    0.20763    0.11460    8.57827   -3.91667   -1.79134   -5.78524    2.00000
 179.97005   -0.02845   21.93245   21.69400    0.04132    0.02281   22.24568   -3.20380   -1.15093   -3.20998    2.00000
 179.97083    0.03035   23.19128   22.83271    0.04210    0.02323    8.21673   -1.04507    0.47756   -6.06784    2.00000
 180.01199    0.00706   23.74868   23.30374    0.01391    0.00768    5.38631   -0.18356    0.19418    0.58385    2.00000
 180.15565    0.03855   18.87418   18.32373    0.16035    0.08850  241.22018    4.98256    5.34281   10.35433    2.00000
 179.99423    0.02936   23.77946   23.32914    0.02992    0.01651    5.25841   -1.12526   -3.55036  -10.34049    2.00000
 179.97298   -0.01909   22.62975   22.33537    0.03309    0.01826   12.76499    3.61669   -2.46666    0.23680    2.00000
 179.86298    0.15236   23.21810   22.85599    0.20491    0.11309    8.03562    6.44053   -2.08651    2.48758    2.00000
 179.98489    0.01719   22.47941   22.19929    0.02288    0.01263   14.38535    1.61967   -0.29918    1.82079    2.00000
 180.05788    0.08221   21.82626   21.59449    0.10054    0.05549   24.03009   -0.02651   -0.21832   -0.39920    2.00000
 180.12627    0.22352   21.74565   21.51795    0.25672    0.14169   25.40271   -0.58352    0.41935   -1.11717    2.00000
 179.91206   -0.00505   23.71306   23.27423    0.08807    0.04861    5.53487   -1.32893    1.35644   -1.96135    2.00000
 179.98039    0.08499   23.59651   23.17732    0.08722    0.04814    6.02279  -11.36043    4.30573   -9.71559    2.00000
 180.00267    0.06298   21.85892   21.62511    0.06303    0.03479   23.48104    0.99283   -1.83523   -1.35566    2.00000
 179.92706    0.02084   22.96493   22.63494    0.07586    0.04187    9.75504   -1.94188   -1.17215    0.62007    2.00000
 179.97151   -0.00883   23.58847   23.17061    0.02983    0.01646    6.05657    2.47868    1.29880    0.93997    2.00000
 180.02017    0.09707   23.72803   23.28663    0.09914    0.05472    5.47245   -1.08349    2.39402    5.38357    2.00000
 180.01346    0.03530   23.54233   23.13182    0.03778    0.02085    6.25187    2.50131    0.37669    2.34273    2.00000
 179.94649   -0.03625   23.84138   23.38025    0.06463    0.03567    5.00111   -0.22321    0.09668   -1.77753    2.00000
 180.03148    0.00193   23.15471   22.80096    0.03154    0.01741    8.46370   -6.33716    3.72728    1.16366    2.00000
 179.90912   -0.02231   23.78899   23.33700    0.09358    0.05165    5.21882   -0.63596    2.03541   -4.04627    2.00000
 180.03003    0.06035   23.67564   23.24323    0.06741    0.03721    5.69092   -0.80265   -0.79351   -0.36551    2.00000
 180.06949   -0.02742   21.44764   21.22568    0.07470    0.04123   32.94048    2.08885   -2.36484   -0.18850    2.00000
 179.99985   -0.01320   22.26156   21.99916    0.01320    0.00729   16.77356    2.30584    0.44812    3.30094    2.00000
 180.00392   -0.05653   22.16739   21.91262    0.05667    0.03128   18.32539   -0.63206   -0.54866   -2.17308    2.00000
 180.02544   -0.12262   19.92482   19.43081    0.12523    0.06912  123.67579   -6.10161   -1.65444   -7.69788    2.00000
 179.94994   -0.05996   23.45854   23.06092    0.07812    0.04311    6.60879    0.22586    1.24295    5.82275    2.00000
 180.00110   -0.03364   22.92891   22.60283    0.03366    0.01858   10.00477    1.17466    0.34305    3.30201    2.00000
 180.02538    0.00603   20.74106   20.31910    0.02609    0.01440   66.93741   -1.85600   -1.37758   -3.39437    2.00000
 180.00909    0.01566   19.44630   18.93037    0.01811    0.01000  169.34563   -3.13308   -1.66226   -4.84232    2.00000
 179.98953    0.04318   22.88717   22.56563    0.04443    0.02452   10.29408    7.33501    2.07795   11.17015    2.00000
 180.00677   -0.02480   17.94975   17.97183    0.02571    0.01419  290.61664    2.21487    2.83377    5.00503    2.00000
 180.04315    0.02280   21.42156   21.19903    0.04880    0.02694   33.64146    5.21743    1.43430    6.72541    2.00000
 180.06256   -0.10403   23.82471   23.36649    0.12139    0.06700    5.07038   -4.98669   -0.42173    2.45507    2.00000
 179.96535   -0.01439   22.13012   21.87856    0.03752    0.02071   18.93612   -0.02338   -1.74495   -1.70830    2.00000
 180.04994    0.06218   23.66815   23.23703    0.07975    0.04402    5.72213   -0.16345   -1.11372    2.93723    2.00000
 179.96014   -0.04150   21.31336   21.08670    0.05754    0.03176   36.59622   -1.92103   -1.92474   -3.08245    2.00000
 180.01149    0.01387   23.39348   23.00584    0.01801    0.00994    6.88611   -1.77131   -0.37187    1.42361    2.00000
 180.09686   -0.11047   22.16082   21.90661    0.14692    0.08109   18.43317   -4.82891    1.19420   -5.22885    2.00000
 179.84882   -0.10043   23.26442   22.89621    0.18151    0.10018    7.72278   -0.75970   -2.62405   -2.56502    2.00000
 180.09343    0.13907   23.23517   22.87081    0.16754    0.09247    7.92036    6.40656    0.49459    9.48326    2.00000
 180.33646    0.21145   22.79225   22.48094    0.39739    0.21933   11.03159   -8.43186   -1.48996   -9.02991    2.00000
 180.07242   -0.00813   23.50449   23.09980    0.07288    0.04022    6.41306   -4.73473   -0.54048  -10.42950    2.00000
 179.99011   -0.09452   23.48287   23.08150    0.09503    0.05245    6.50517    1.76475   -2.64182   -2.70910    2.00000
 180.00114   -0.04046   23.03220   22.69392    0.04047    0.02234    9.29626    0.69207    1.59002    1.72174    2.00000
 179.95818    0.02557   22.44894   22.17153    0.04902    0.02706   14.71595    1.37244   -0.53809    0.49392    2.00000
 180.09917    0.07192   20.98136   20.68583    0.12249    0.06761   50.65087   -1.51992   -3.80385   -5.16524    2.00000
 179.96584    0.03190   23.19128   22.83271    0.04674    0.02580    8.21673   -0.13558   -2.04089   -3.88547    2.00000
 179.81953   -0.16602   23.77470   23.32521    0.24521    0.13534    5.27820    3.43443   -5.25873   -0.95844    2.00000
 180.01321    0.02077   23.67564   23.24323    0.02462    0.01359    5.69092   -4.25047   -3.41871   -4.40646    2.00000
 180.04826    0.00159   22.78976   22.47871    0.04830    0.02666   11.05815    4.71179    1.61177    3.93734    2.00000
 179.90392   -0.00966   22.71242   22.40957    0.09657    0.05330   11.88140   -4.70492    4.07083    1.61471    2.00000
 180.03922   -0.03033   23.43152   23.03805    0.04957    0.02736    6.72392    2.15603   -3.43683   -1.49256    2.00000
 180.02812   -0.03432   22.39172   22.11897    0.04437    0.02449   15.34178   -1.14128    1.76669    2.87261    2.00000
 179.50009   -0.14217   23.43692   23.04263    0.51973    0.28686    6.70090    7.10516   -0.17647    6.79378    2.00000
 180.10825   -0.04601   23.40981   23.01967    0.11762    0.06492    6.81646    3.10440   -2.10280    0.35614    2.00000
 180.09953    0.07323   22.64018   22.34474    0.12357    0.06820   12.65337   -5.25452    0.41245   -6.27060    2.00000
 179.98932   -0.00241   21.25471   21.02421    0.01095    0.00604   38.23980    1.05100   -0.99493   -0.14256    2.00000
 179.93846   -0.03810   23.31183   22.93666    0.07238    0.03995    7.40814    2.93126   -0.06305   -2.91629    2.00000
 180.01804   -0.03290   23.00934   22.67390    0.03752    0.02071    9.45199    4.81143   -1.05112    5.23407    2.00000
 179.98990   -0.18537   22.62453   22.33068    0.18564    0.10246   12.82081   -8.33036   -0.28529   -8.58686    2.00000
 179.96344    0.00948   22.54737   22.26123    0.03777    0.02085   13.64784   -3.57441   -2.48285   -5.84340    2.00000
 180.13376   -0.19239   20.83116   20.44297    0.23432    0.12933   60.55391    1.42158   -0.89250    0.55945    2.00000
 180.00203   -0.05810   23.17665   22.82001    0.05814    0.03209    8.31552   -3.55345   -2.12057   -5.40373    2.00000
 179.95531    0.05329   22.61410   22.32131    0.06955    0.03839   12.93243    0.20315   -0.65406   -3.91489    2.00000
 179.99635   -0.13981   22.37252   22.10128    0.13986    0.07719   15.55244   -3.16982   -1.49757   -5.61507    2.00000
 180.01514   -0.00434   23.26442   22.89621    0.01575    0.00869    7.72278    0.09118    1.38986    0.62240    2.00000
 179.92110    0.04168   21.45286   21.23101    0.08924    0.04925   32.80028   -4.41501    3.72230   -0.95073    2.00000
 180.09673   -0.00160   22.23586   21.97553    0.09675    0.05340   17.19721    6.77757    3.48370   11.18427    2.00000
 179.90245   -0.19512   23.51530   23.10895    0.21815    0.12040    6.36700    0.53183   -3.41273   -5.27698    2.00000
 179.97182    0.02372   23.14984   22.79673    0.03684    0.02034    8.49659    0.44526   -1.75735   -1.13528    2.00000
 179.93488   -0.04629   23.07061   22.72749    0.07990    0.04410    9.03517    1.08026   -1.47449    0.34250    2.00000
 179.97125    0.01895   22.40612   22.13224    0.03442    0.01900   15.18380   -2.20835   -1.62809   -2.06975    2.00000
 180.01405   -0.01181   23.35810   22.97586    0.01835    0.01013    7.10325    3.63267   -0.71459   -0.35142    2.00000
 179.98807   -0.01174   22.87413   22.55401    0.01674    0.00924   10.38449    3.14803   -1.03538    7.75562    2.00000
 180.02454   -0.02120   22.60106   22.30959    0.03243    0.01790   13.07197   -1.03594    0.11714    0.31258    2.00000
 180.04964   -0.09048   20.29752   19.82313    0.10320    0.05696   95.47814   -0.10542    1.89956    1.82550    2.00000
 179.98569   -0.02848   22.19216   21.93537    0.03187    0.01759   17.91741    4.25022    2.20499    6.30601    2.00000
 180.00104   -0.04532   23.44503   23.04949    0.04533    0.02502    6.66636   -3.77222    1.35812   -1.62317    2.00000
 180.23582   -0.02969   23.14262   22.79042    0.23769    0.13119    8.54564    0.36829    2.55256    5.29664    2.00000
 179.98318   -0.02694   22.31491   22.04821    0.03176    0.01753   16.18439   -2.93132   -2.31660   -4.76680    2.00000
 179.97319   -0.00601   22.24100   21.98026    0.02747    0.01516   17.11248   -0.98004   -0.97507   -0.88737    2.00000
 179.98457    0.04610   23.40981   23.01967    0.04861    0.02683    6.81646   -1.09095    3.16153   -2.34553    2.00000
 180.04141    0.00133   22.19987   21.94246    0.04144    0.02287   17.79032   -4.01104    0.85816   -3.47465    2.00000
 179.94664   -0.00968   23.72054   23.28043    0.05423    0.02993    5.50366    5.60022    3.26430   10.02949    2.00000
 180.07600   -0.04868   23.50990   23.10437    0.09025    0.04981    6.39003    4.99641   -2.13495    6.85480    2.00000
 180.00291   -0.03291   23.29822   22.92513    0.03304    0.01824    7.49782    0.18100   -0.14389   -5.09387    2.00000
 180.04327   -0.03943   23.18397   22.82636    0.05855    0.03231    8.26612   -6.03070    0.52369   -3.48648    2.00000
 180.08987    0.01396   23.66067   23.23084    0.09095    0.05020    5.75334   -3.16045    1.09154   -4.03402    2.00000
 179.90231    0.06609   22.12683   21.87555    0.11794    0.06509   18.99001    0.11060   -1.18435   -0.94010    2.00000
 180.00114    0.09940   22.16520   21.91061    0.09941    0.05487   18.36132   -1.63718    0.81847   -1.28772    2.00000
 179.89653   -0.13923   23.33633   22.95742    0.17347    0.09574    7.24673    3.51523    0.76176    7.65141    2.00000
 180.07060   -0.11917   23.78660   23.33504    0.13851    0.07645    5.22872   -0.31217    3.43141    5.66720    2.00000
 180.08969   -0.02289   22.67930   22.37990    0.09256    0.05109   12.23476    6.36498   -5.37687    1.98132    2.00000
 180.02103    0.02001   20.95108   20.64061    0.02903    0.01602   52.34561   -0.35703    0.29447   -0.13901    2.00000
 180.06848   -0.01445   23.57241   23.15719    0.06999    0.03863    6.12413    5.95826   -2.53248   -2.07350    2.00000
 180.00520    0.01658   22.28470   22.02042    0.01738    0.00959   16.51529    0.33573    0.83322   -1.12557    2.00000
 180.05705    0.22496   23.62060   23.19744    0.23209    0.12810    5.92145    5.76597    4.40673    8.94697    2.00000
 179.99702   -0.18988   21.67421   21.44906    0.18990    0.10481   27.06457   -2.96052    2.14757   -1.40342    2.00000
 179.96741    0.06361   22.05577   21.80882    0.07147    0.03945   20.18674    3.37221    3.30542    7.50429    2.00000
 179.96167   -0.02203   20.32096   19.84790    0.04421    0.02440   93.78450    3.81017   -0.32164    3.38201    2.00000
 180.05716    0.17327   22.52159   22.23773    0.18246    0.10070   13.92758    0.08431   -4.90164   -4.42122    2.00000
 180.13458   -0.11591   22.20501   21.94718    0.17761    0.09803   17.70559    1.91582   -1.25305   -0.67561    2.00000
 180.00317   -0.00855   23.20835   22.84753    0.00912    0.00503    8.10148    0.03873    2.61136   -0.13653    2.00000
 179.93541   -0.03261   23.46935   23.07007    0.07236    0.03994    6.56273    2.14057    1.61959    7.29476    2.00000
 180.05360   -0.03358   23.33905   22.95972    0.06325    0.03491    7.22879   -0.18729    2.06944    0.36948    2.00000
 180.00110   -0.02773   23.82947   23.37042    0.02775    0.01532    5.05059    1.89178    0.97646    7.51938    2.00000
 179.98344    0.01621   23.26930   22.90045    0.02317    0.01279    7.68986    4.85713    1.45269    6.81475    2.00000
 179.95979    0.05610   22.08762   21.83880    0.06902    0.03809   19.64902    1.23467    0.99763    2.97109    2.00000
 179.97879   -0.00306   20.18848   19.70797    0.02143    0.01183  103.35455    0.10110    2.47957    2.58337    2.00000
 180.23434   -0.00254   23.82471   23.36649    0.23436    0.12935    5.07038  -11.36658   -0.02606   -7.82165    2.00000
 179.93945   -0.02858   22.88717   22.56563    0.06695    0.03695   10.29408   -1.16662    4.34456    6.82787    2.00000
 180.02107    0.05779   22.63496   22.34005    0.06151    0.03395   12.70918    1.03511    0.66850    1.59442    2.00000
 180.00752    0.20538   23.08021   22.73588    0.20552    0.11343    8.96990   -0.24061   -0.74147   -2.72815    2.00000
 179.97383    0.08268   22.35331   22.08359    0.08673    0.04787   15.76309    0.54084    1.03644    1.48726    2.00000
 180.03979    0.01543   23.30095   22.92744    0.04268    0.02356    7.47988   -2.05183   -1.87128   -2.27538    2.00000
 179.99165   -0.09077   20.48301   20.02235    0.09115    0.05031   82.23034    6.52783    1.90364    8.14661    2.00000
 180.10938    0.03696   23.23273   22.86869    0.11545    0.06372    7.93683   -1.58194   -2.28026   -2.89648    2.00000
 179.91135   -0.05545   23.52341   23.11581    0.10457    0.05772    6.33246   -1.73441    0.27929   -3.45923    2.00000
 179.97002   -0.02266   23.04661   22.70651    0.03758    0.02074    9.19835    0.01524   -2.70746   -4.53763    2.00000
 180.08749   -0.09794   22.65583   22.35880    0.13133    0.07249   12.48592    0.33433    1.32430    2.42666    2.00000
 179.99634   -0.02214   23.63024   23.20550    0.02244    0.01238    5.88091    2.53712   -1.58809   -0.76921    2.00000
 180.06108   -0.02731   23.03220   22.69392    0.06690    0.03693    9.29626    1.61177    0.14352   -0.53477    2.00000
 180.05235   -0.06899   23.73925   23.29593    0.08661    0.04780    5.42563   -3.96768    0.07893   -0.72553    2.00000
 180.06282   -0.04127   22.83240   22.51682    0.07516    0.04148   10.67380   -4.88539   -0.53119   -7.50385    2.00000
 179.98770   -0.00325   22.50753   22.22492    0.01272    0.00702   14.08017   -1.63677   -1.11556   -1.66092    2.00000
 179.99858    0.03540   23.13302   22.78203    0.03542    0.01955    8.61091    1.55227   -0.71146   -4.03553    2.00000
 179.87920    0.04899   23.19128   22.83271    0.13036    0.07195    8.21673    4.21311    2.17901    9.07175    2.00000
 179.99614    0.12252   22.20501   21.94718    0.12258    0.06766   17.70559    2.25849   -0.01783    2.98879    2.00000
 180.07896   -0.08853   22.63235   22.33771    0.11862    0.06547   12.73709    2.21172   -4.85869   -3.32149    2.00000
 180.13507   -0.08191   22.04207   21.79606    0.15797    0.08719   20.41551   -7.95901   -0.71986  -10.30356    2.00000
 180.01077   -0.07417   22.46769   22.18861    0.07494    0.04136   14.51250   -5.97583    2.19138   -3.99272    2.00000
 179.98608    0.02940   23.80804   23.35273    0.03253    0.01796    5.13965   -2.66409    2.15139   -1.19626    2.00000
 179.77609    0.28010   20.63995   20.19680    0.35859    0.19792   73.24036    0.13697   -3.50432   -3.46726    2.00000
 180.09673   -0.01039   21.19951   20.96271    0.09728    0.05369   40.27426   -7.16985    2.93850   -4.28264    2.00000
 179.99896   -0.00627   22.97056   22.63988    0.00635    0.00351    9.71660   -2.77558   -3.46273   -5.53715    2.00000
 179.96654   -0.02175   22.34131   22.07253    0.03991    0.02203   15.89474   -0.56922   -0.63259   -1.19712    2.00000
 179.92200    0.08954   22.29498   22.02987    0.11875    0.06554   16.40276   -1.23374   -2.26223   -2.33700    2.00000
 180.05476   -0.02417   21.09622   20.83957    0.05986    0.03304   44.88907    3.78566   -3.42913    0.52397    2.00000
 180.01961   -0.02032   18.99199   18.44908    0.02823    0.01558  223.95477   -2.27518    4.52082    2.18410    2.00000
 180.01585   -0.01593   22.36532   22.09464    0.02247    0.01240   15.63143    0.37535   -0.02369   -0.08887    2.00000
 179.98874   -0.00937   23.06341   22.72119    0.01465    0.00809    9.08412  -10.21812   -0.26696  -11.81246    2.00000
 179.97160    0.02304   21.99000   21.74758    0.03657    0.02018   21.28484   -3.11748   -1.40808   -5.53367    2.00000
 179.97488    0.01390   23.00611   22.67106    0.02871    0.01585    9.47404   -4.46724    0.24169   -7.80273    2.00000
 179.95503    0.10406   22.87935   22.55866    0.11336    0.06257   10.34832   -0.67037    1.19707    1.13159    2.00000
 179.99915   -0.02948   23.37715   22.99200    0.02949    0.01628    6.97770   -4.92839   -4.92415   -9.46889    2.00000
 180.03806   -0.06055   22.01192   21.76799    0.07151    0.03947   20.91881    2.29570   -1.66325    0.55048    2.00000
 180.03804    0.00525   22.69745   22.39619    0.03840    0.02120   12.04074   -2.05244   -0.06046   -5.67121    2.00000
 179.93237    0.02805   23.12342   22.77364    0.07321    0.04040    8.67618   -1.64183   -1.51117   -1.10752    2.00000
 179.87169   -0.04740   23.83423   23.37435    0.13679    0.07550    5.03080   -4.43584   -1.95510   -8.43124    2.00000
 179.97446   -0.04781   23.35810   22.97586    0.05421    0.02992    7.10325    1.19951   -1.80853    2.65697    2.00000
 179.90240   -0.04129   21.25875   21.02852    0.10597    0.05849   38.12645    2.64540    1.26038    4.24193    2.00000
 180.03442    0.04564   23.80089   23.34683    0.05716    0.03155    5.16934   -0.19999    2.55642   -3.12492    2.00000
 180.00452    0.02362   21.28504   21.05653    0.02405    0.01327   37.38967    1.99329   -2.13535    0.20072    2.00000
 179.98560    0.05677   23.84138   23.38025    0.05857    0.03233    5.00111   -1.20882    1.00001    0.64452    2.00000
 179.96877   -0.10210   23.53962   23.12953    0.10677    0.05893    6.26338    0.37855    0.28405   -2.38487    2.00000
 180.06329   -0.07850   22.04207   21.79606    0.10083    0.05565   20.41551    2.04484   -1.01369   -0.36348    2.00000
 180.02711    0.04321   21.74565   21.51795    0.05101    0.02815   25.40271   -0.50017   -1.59224   -1.85094    2.00000
 180.03662   -0.02695   23.06101   22.71909    0.04547    0.02510    9.10044    0.58907    1.65436    2.85773    2.00000
 180.03680   -0.00302   22.93151   22.60515    0.03693    0.02038    9.98668    0.75240   -0.30973    3.74582    2.00000
 179.96277    0.01940   21.54889   21.32851    0.04198    0.02317   30.23551    3.62559   -1.01057    2.92201    2.00000
 180.02528   -0.14173   22.91065   22.58656    0.14397    0.07946   10.13134   -0.75018   -0.16185   -4.09528    2.00000
 180.00133    0.13536   23.27174   22.90256    0.13537    0.07471    7.67339    0.92889   -3.33488   -4.40996    2.00000
 180.01418    0.03346   22.93934   22.61213    0.03634    0.02006    9.93244    0.51288    1.76204    1.93061    2.00000
 179.88249    0.04803   22.38452   22.11234    0.12694    0.07006   15.42078   -4.58563   -1.52295   -4.42495    2.00000
 179.96326    0.01621   21.22256   20.98948    0.04017    0.02217   39.27087   -2.08191    3.71504    1.81202    2.00000
 180.22346    0.03127   23.59008   23.17195    0.22564    0.12454    6.04981    0.64640   -0.57867    1.27047    2.00000
 179.94945   -0.01281   18.07128   17.75139    0.05215    0.02878  328.21402   -0.82636    0.91443    0.12330    2.00000
 179.96259    0.01853   23.36082   22.97817    0.04175    0.02304    7.08531   -0.47159   -2.03850    1.47181    2.00000
 179.97565   -0.01208   22.80473   22.49209    0.02718    0.01500   10.89881    4.50620    0.74779    6.11171    2.00000
 179.98027    0.02489   22.10776   21.85797    0.03176    0.01753   19.30536    0.20842   -0.65756   -1.81713    2.00000
 179.98759    0.05676   22.72988   22.42518    0.05810    0.03207   11.69551   -5.08049   -0.17199   -4.87672    2.00000
 179.86928    0.01378   21.11563   20.86316    0.13145    0.07255   44.00510    2.71332    3.09142    5.58089    2.00000
 180.05846   -0.13849   22.16191   21.90761    0.15032    0.08297   18.41520   -5.53255    0.37511   -6.62572    2.00000
 180.03726    0.03109   21.36157   21.13773    0.04853    0.02678   35.25373   -0.92086   -0.63010   -1.82978    2.00000
 180.00087    0.08989   23.05141   22.71070    0.08990    0.04962    9.16571    4.91721    0.94127    4.21661    2.00000
 179.95894   -0.01865   23.60614   23.18537    0.04510    0.02489    5.98225   -3.83377   -3.27221   -6.87454    2.00000
 179.98511   -0.08855   22.88196   22.56098    0.08980    0.04956   10.33024    0.95220    1.16546    4.99919    2.00000
 179.93381   -0.00491   22.42052   22.14550    0.06637    0.03663   15.02581   -0.77747    1.71500   -0.60591    2.00000
 180.02895    0.00138   22.73986   22.43410    0.02897    0.01599   11.58928    2.82753    2.38693    5.27481    2.00000
 180.00394    0.00681   22.85327   22.53541    0.00786    0.00434   10.52914    2.88815   -0.52432    3.91295    2.00000
 180.00684    0.07220   23.27661   22.90680    0.07252    0.04003    7.64046   -2.98151    1.54163    1.40507    2.00000
 179.97800   -0.02474   21.99822   21.75524    0.03312    0.01828   21.14758   -6.09665    0.31630   -6.11926    2.00000
 179.97055    0.01112   23.38259   22.99661    0.03148    0.01737    6.94184   -1.09378   -0.06295    1.29315    2.00000
 179.96581   -0.02866   23.24979   22.88351    0.04462    0.02463    7.82157   -4.12338    1.77719   -8.04218    2.00000
 180.04356   -0.08872   20.57602   20.12378    0.09884    0.05455   77.00307    3.31290   -3.16311    0.24175    2.00000
 179.86272   -0.03135   23.68312   23.24943    0.14082    0.07772    5.65971   -5.00225    3.79429   -6.51740    2.00000
 179.98944    0.01398   23.06101   22.71909    0.01752    0.00967    9.10044    2.84264   -2.52551   -2.60027    2.00000
 180.02115   -0.03955   23.24979   22.88351    0.04485    0.02475    7.82157   -0.67179   -1.83218   -4.56247    2.00000
 179.87238   -0.06188   22.82468   22.50993    0.14183    0.07828   10.72736   -0.46322    0.75141   -2.19871    2.00000
 180.04245   -0.01007   21.00008   20.71338    0.04363    0.02408   49.61816    2.55245    2.14205    4.43926    2.00000
 179.89342    0.01362   23.48287   23.08150    0.10745    0.05930    6.50517   -3.43678   -0.92068   -5.35347    2.00000
 180.12169   -0.03853   22.39412   22.12118    0.12764    0.07045   15.31545    4.58172    3.44990    6.99102    2.00000
 180.19453    0.12349   21.33358   21.10824    0.23043    0.12718   36.02946    8.86384    1.92766   11.29772    2.00000
 180.00008   -0.01055   22.88196   22.56098    0.01055    0.00582   10.33024    3.31158   -1.54678    3.14904    2.00000
 180.03033    0.00295   22.60627   22.31427    0.03048    0.01682   13.01615   -1.71967   -1.94169   -5.69800    2.00000
 179.89378    0.09067   22.19216   21.93537    0.13965    0.07708   17.91741   14.82481    0.10561   15.22648    2.00000
 180.02255    0.09455   23.56919   23.15450    0.09720    0.05365    6.13764   -3.19319   -2.47791   -3.29579    2.00000
 180.04668   -0.02081   22.58019   22.29084    0.05110    0.02820   13.29522    0.23161    3.70796    4.05817    2.00000
 179.99992   -0.00902   21.01680   20.73697    0.00902    0.00498   48.73439    1.99417   -2.03039   -0.56511    2.00000
 179.90833    0.09097   22.07212   21.82406    0.12915    0.07128   19.91338    2.01154    1.91287    3.01183    2.00000
 180.02643   -0.07908   22.77728   22.46756    0.08338    0.04602   11.19093   -4.36441   -1.06691   -4.27300    2.00000
 179.97910   -0.03690   20.99696   20.70879    0.04241    0.02341   49.79028    3.40750    0.13292    3.19726    2.00000
 180.00143   -0.02541   22.12903   21.87756    0.02545    0.01405   18.95409   -1.56225   -1.47150   -2.45498    2.00000
 179.97720   -0.01965   23.69996   23.26338    0.03010    0.01661    5.58948   -2.03471   -2.07842   -6.31988    2.00000
 179.99078    0.11908   22.17674   21.92119    0.11944    0.06592   18.17160   -4.49693    1.08400   -4.43639    2.00000
 180.01492    0.00101   23.82709   23.36845    0.01497    0.00826    5.06049   -2.12941   -0.82959  -10.68004    2.00000
 180.29720    0.32829   21.14699   20.90126    0.44283    0.24441   42.57715   -5.24299    0.72380   -4.81019    2.00000
 180.15221    0.00208   21.95163   21.71186    0.15221    0.08401   21.92540    0.83433   -1.23196    0.33355    2.00000
 179.87344    0.06031   22.11478   21.86454    0.14020    0.07738   19.18760    0.47639   -1.51316    0.22311    2.00000
 179.96899    0.04702   22.59062   22.30021    0.05633    0.03109   13.18359   -0.98268    3.42500    3.54309    2.00000
 179.94200    0.05813   22.69994   22.39842    0.08211    0.04532   12.01418   -5.98953    0.65072   -5.81560    2.00000
 179.97453   -0.00738   21.56252   21.34161    0.02652    0.01464   29.89098    3.81433   -0.03476    3.81020    2.00000
 180.00192    0.00858   22.96020   22.63073    0.00879    0.00485    9.78778   -0.78690   -2.84927   -6.83088    2.00000
 179.82880   -0.02200   23.23517   22.87081    0.17260    0.09526    7.92036    2.37733   -4.01855   -2.20141    2.00000
 179.93483    0.02592   23.54503   23.13410    0.07014    0.03871    6.24035    2.32450    0.30703    1.30704    2.00000
 179.96214    0.04008   23.02980   22.69182    0.05513    0.03043    9.31257    2.50145   -1.60470    2.43543    2.00000
 180.14224    0.06076   22.56976   22.28146    0.15467    0.08537   13.40685   -2.70583   -1.55453   -3.99219    2.00000
 179.89665   -0.02665   23.52071   23.11352    0.10673    0.05891    6.34397    0.48964   -0.64973    3.24836    2.00000
 179.98187    0.09856   22.70493   22.40288    0.10021    0.05531   11.96107   -2.27706    1.00235   -2.47045    2.00000
 179.96567   -0.04141   21.17509   20.93434    0.05379    0.02969   41.33743    5.46951   -1.33022    4.18533    2.00000
 179.97774    0.05094   23.29278   22.92052    0.05559    0.03068    7.53369    4.48015   -2.45576    2.05276    2.00000
 179.84993    0.06013   22.59584   22.30490    0.16167    0.08923   13.12778   -6.30188   -0.77333   -6.01145    2.00000
 179.97868   -0.03532   22.79225   22.48094    0.04126    0.02277   11.03159   -4.51129   -2.52462   -9.93479    2.00000
 179.98920    0.00169   23.74487   23.30058    0.01093    0.00603    5.40222    0.11445    0.04061    3.34116    2.00000
 180.02315   -0.01316   21.88886   21.65318    0.02663    0.01470   22.97774   -4.30441   -1.17329   -4.68132    2.00000
 180.04172    0.05041   23.38259   22.99661    0.06543    0.03611    6.94184    0.72258   -0.03086    5.78432    2.00000
 180.01950    0.02123   22.23586   21.97553    0.02883    0.01591   17.19721    0.57096   -0.24326    0.63902    2.00000
 179.99677    0.06261   22.49113   22.20997    0.06269    0.03460   14.25819    9.13850   -1.13406    8.44645    2.00000
 180.00478    0.01091   23.41253   23.02198    0.01191    0.00657    6.80485    0.45849    1.39214   -1.93665    2.00000
 179.98860   -0.06587   23.15471   22.80096    0.06685    0.03690    8.46370   -0.56298    1.21454   -0.88529    2.00000
 179.97586   -0.05186   22.86370   22.54471    0.05720    0.03157   10.45681    1.12256   -3.37905   -4.61110    2.00000
 180.02190    0.00868   23.76041   23.31342    0.02355    0.01300    5.33757   -0.30338   -0.02808   -6.53072    2.00000
 180.00079   -0.00057   23.76041   23.31342    0.00098    0.00054    5.33757   -1.15168   -2.61332   -8.88090    2.00000
 179.97395    0.01672   22.65844   22.36115    0.03096    0.01709   12.45802    1.80779    1.24169    2.73689    2.00000
 179.99683   -0.01804   23.34177   22.96203    0.01831    0.01011    7.21086    1.59265    3.25079    6.15644    2.00000
 180.03563    0.07145   23.79851   23.34487    0.07984    0.04407    5.17924    1.88416   -0.89501    2.69787    2.00000
 179.96268   -0.02478   23.49098   23.08836    0.04481    0.02473    6.47062   -0.37816    0.39735   -1.05288    2.00000
 180.02800    0.03220   23.71867   23.27888    0.04267    0.02355    5.51146   -4.69380    1.47613    7.65704    2.00000
 179.98381   -0.12362   23.10181   22.75476    0.12467    0.06881    8.82304   -4.77820   -1.28322   -3.35082    2.00000
 179.98811   -0.00414   22.74236   22.43633    0.01258    0.00694   11.56272    2.20769    3.90691    7.84785    2.00000
 179.99377   -0.03419   22.22558   21.96608    0.03475    0.01918   17.36667    1.40080   -2.31253   -0.27497    2.00000
 179.99680   -0.00754   22.74236   22.43633    0.00819    0.00452   11.56272   -0.53257   -1.14914   -4.50745    2.00000
 180.02464   -0.05849   23.65880   23.22929    0.06347    0.03503    5.76114    2.80520    1.38759   -0.50354    2.00000
 179.91833   -0.21136   22.56454   22.27678    0.22658    0.12506   13.46266    1.26677    3.10072    1.82774    2.00000
 180.02229   -0.01031   21.14101   20.89400    0.02455    0.01355   42.84914   -3.48159    1.39601   -1.97993    2.00000
 180.05362   -0.05568   23.06341   22.72119    0.07730    0.04267    9.08412    0.99450   -1.51589    0.18135    2.00000
 180.00929    0.05783   23.82709   23.36845    0.05857    0.03233    5.06049   -1.10110   -0.26428   -0.32898    2.00000
 179.96187   -0.06139   23.21566   22.85388    0.07227    0.03989    8.05208    4.26159   -0.37361    2.79014    2.00000
 180.00240    0.02075   17.93347   17.30858    0.02089    0.01153  411.58725    5.27679    0.33805    5.61652    2.00000
 179.99471   -0.02815   22.99426   22.66067    0.02864    0.01581    9.55489   -2.44350    3.48340    0.07538    2.00000
 179.95956    0.05792   22.52159   22.23773    0.07063    0.03898   13.92758   -0.63040   -0.29839    0.49835    2.00000
 180.01479    0.12584   23.65505   23.22619    0.12670    0.06993    5.77675   -0.42239   -2.59743    0.24427    2.00000
 180.26051   -0.31092   23.48287   23.08150    0.40563    0.22388    6.50517   -6.54509   -3.51403  -16.87734    2.00000
 180.13097    0.22855   23.77946   23.32914    0.26342    0.14539    5.25841   -0.85928   -2.16735   -2.07062    2.00000
 180.16357   -0.38837   23.57080   23.15585    0.42141    0.23259    6.13088   -3.91913    2.85526   -1.49416    2.00000
 180.04752   -0.00397   20.67139   20.23419    0.04769    0.02632   71.31356    2.16357   -2.10142    0.13491    2.00000
 179.88551    0.20829   22.72489   22.42072    0.23768    0.13118   11.74862    8.38955    0.31435    6.13193    2.00000
 179.99536    0.01794   23.08261   22.73797    0.01853    0.01023    8.95358    0.77372    1.96152   -0.30645    2.00000
 180.07610    0.06215   23.16446   22.80942    0.09826    0.05423    8.39784   -5.35182   -0.63061   -5.42245    2.00000
 180.06650    0.00433   23.23029   22.86658    0.06664    0.03678    7.95329   -1.13317    2.97770    2.67940    2.00000
 179.91489    0.13206   21.15445   20.91033    0.15712    0.08672   42.23740    1.09933   -0.18042    0.31739    2.00000
 180.00607    0.07559   23.63988   23.21355    0.07583    0.04185    5.84038    4.08257    1.68699    6.99183    2.00000
 179.99399    0.01901   22.41572   22.14108    0.01994    0.01100   15.07847   -2.01194   -2.89169   -5.05975    2.00000
 179.93918    0.00747   22.62453   22.33068    0.06127    0.03382   12.82081   -3.51108    1.53685   -1.90705    2.00000
 180.05801   -0.00325   21.15146   20.90670    0.05811    0.03207   42.37315    0.66409   -2.70340   -1.14893    2.00000
 179.95563    0.31982   23.74868   23.30374    0.32289    0.17821    5.38631    8.66370   -1.80155    4.83768    2.00000
 179.94051    0.02165   22.82979   22.51449    0.06331    0.03494   10.69188   -1.16052    1.99606    3.75274    2.00000
 179.94102    0.12517   22.84544   22.52844    0.13836    0.07636   10.58339   -3.35540    1.20903   -2.13896    2.00000
 179.95804   -0.08595   23.01258   22.67673    0.09564    0.05279    9.42994    1.45167   -1.05091   -0.14963    2.00000
 179.99733   -0.02742   20.82283   20.42987    0.02755    0.01520   61.22889   -3.04032    0.32857   -2.44867    2.00000
 179.98303   -0.04329   21.47372   21.25232    0.04650    0.02566   32.23949   -0.85897    3.07591    1.90489    2.00000
 180.00771    0.01843   20.76260   20.34717    0.01998    0.01103   65.49104    2.87213    0.15767    3.30060    2.00000
 179.94215    0.10071   23.48557   23.08379    0.11614    0.06410    6.49365   -1.03485   -0.05052   -1.85835    2.00000
 179.99779    0.02953   23.62542   23.20147    0.02961    0.01635    5.90118    3.67978   -0.71171    8.15179    2.00000
 180.12939    0.01303   21.39808   21.17504    0.13004    0.07177   34.27235   -2.16135    0.73264   -1.47145    2.00000
 179.92268    0.01649   23.30639   22.93205    0.07905    0.04363    7.44401    0.94556   -1.70241   -3.15534    2.00000
 180.02225   -0.04141   23.61739   23.19476    0.04700    0.02594    5.93496   -2.79424    0.30449   -4.03752    2.00000
 180.01402   -0.02780   23.21078   22.84964    0.03114    0.01719    8.08501    6.08371   -2.50253    2.13112    2.00000
 179.93025   -0.12200   23.56759   23.15316    0.14053    0.07756    6.14439    3.08584    2.58687    7.60353    2.00000
 179.99677   -0.04791   22.51690   22.23346    0.04802    0.02650   13.97845   -2.23858    1.99282   -1.62885    2.00000
 179.89349    0.25038   22.69496   22.39396    0.27209    0.15017   12.06724   -3.06688   -2.51098   -7.86287    2.00000
 180.02751   -0.01285   23.06101   22.71909    0.03036    0.01676    9.10044   -0.50884   -3.16359   -3.53324    2.00000
 180.01682    0.02183   23.00934   22.67390    0.02756    0.01521    9.45199    0.92662    1.08766    0.20694    2.00000
 180.04178   -0.00255   23.02980   22.69182    0.04185    0.02310    9.31257    0.32199    0.52890   -0.21595    2.00000
 179.97552    0.66864   23.68499   23.25098    0.66909    0.36930    5.65191   -2.36421    3.53266    4.24382    2.00000
 179.99348    0.01405   22.98564   22.65311    0.01549    0.00855    9.61369    2.22082   -1.58171    2.48040    2.00000
 180.16838    0.12019   23.55314   23.14096    0.20687    0.11418    6.20581    3.12897    1.14962    4.68128    2.00000
 180.06017   -0.00068   22.89500   22.57261    0.06017    0.03321   10.23983    0.34010   -0.42468    0.92308    2.00000
 179.88751    0.14154   23.03701   22.69811    0.18080    0.09979    9.26362    1.42154    1.15748    3.91152    2.00000
 179.97423   -0.02341   20.72002   20.29278    0.03482    0.01922   68.29418    4.53032    4.01301    8.38565    2.00000
 179.87125    0.18686   22.42292   22.14772    0.22693    0.12525   14.99947   -8.14057   -1.28493  -10.29567    2.00000
 180.00166    0.03307   22.39892   22.12560    0.03312    0.01828   15.26279   -1.13776    1.36011   -0.02247    2.00000
 180.02199   -0.03536   22.73238   22.42741    0.04164    0.02298   11.66895    4.16698    1.39055    4.63985    2.00000
 180.05814   -0.00832   23.48827   23.08608    0.05872    0.03241    6.48214   -5.28064    0.28975   -4.30320    2.00000
 179.92368   -0.05380   23.11141   22.76315    0.09337    0.05153    8.75777   -0.42171    1.47776   -1.73055    2.00000
 179.86482   -0.03740   23.27918   22.90900    0.14025    0.07741    7.62329    1.82139    2.09863    1.99675    2.00000
 179.71764   -0.00993   22.87413   22.55401    0.28254    0.15594   10.38449    5.53198    0.10356    3.68512    2.00000
 179.96819    0.07065   22.86631   22.54704    0.07748    0.04276   10.43873    0.30616    1.99846    5.22009    2.00000
 180.02200   -0.02452   21.98177   21.73993    0.03295    0.01819   21.42210    5.29452   -1.62016    3.41493    2.00000
 180.04829   -0.03106   23.25711   22.88986    0.05743    0.03170    7.77218   -5.40552   -3.33607  -10.58090    2.00000
 180.09816   -0.00995   21.57420   21.35283    0.09866    0.05445   29.59567   -0.81962    1.26581    0.74203    2.00000
 179.84993    0.36131   21.04674   20.77643    0.39124    0.21593   47.25544    1.00331   -0.99573    0.05689    2.00000
 180.02435   -0.03377   23.66254   23.23239    0.04164    0.02298    5.74554    0.35134   -1.10627   -7.81607    2.00000
 179.95107    0.07657   23.32272   22.94589    0.09087    0.05016    7.33640    1.17295    1.00309   -2.53377    2.00000
 180.00642    0.01258   22.45363   22.17580    0.01413    0.00780   14.66509   -1.30810    3.28381    0.35462    2.00000
 180.02138   -0.05364   21.89430   21.65828    0.05775    0.03187   22.88624    0.39593    1.83020    2.71871    2.00000
 180.00523    0.00025   23.19859   22.83906    0.00525    0.00290    8.16734    3.16419    1.32455    4.54048    2.00000
 180.01118   -0.00331   21.97903   21.73738    0.01167    0.00644   21.46786   -6.60811    3.42753   -4.04921    2.00000
 179.99736   -0.02553   23.18397   22.82636    0.02567    0.01417    8.26612  -10.21027   -0.32787   -8.58655    2.00000
 180.04530    0.03617   21.24864   21.01775    0.05797    0.03200   38.40983    0.24254    2.41608    2.30619    2.00000
 180.03957   -0.04034   21.42677   21.20436    0.05650    0.03119   33.50126   -4.02415    2.24275   -1.36122    2.00000
 179.99973    0.00116   23.56389   23.15006    0.00119    0.00066    6.16001    1.98167   -3.70833    2.99436    2.00000
 179.94049   -0.13595   22.13670   21.88457    0.14840    0.08191   18.82835    3.14095    0.43089    3.46582    2.00000
 179.92831    0.02678   22.00644   21.76289    0.07652    0.04223   21.01032    0.34092    2.12443    3.43477    2.00000
 180.01025    0.04222   22.70493   22.40288    0.04345    0.02398   11.96107   -4.74540    0.11424   -4.78498    2.00000
 179.98740    0.02175   22.47706   22.19715    0.02514    0.01387   14.41078   -3.73695   -1.58969   -4.17521    2.00000
 180.06448   -0.00109   22.61671   22.32365    0.06449    0.03560   12.90453   -0.59159   -1.84037   -2.10417    2.00000
 179.93201    0.04928   23.21810   22.85599    0.08397    0.04635    8.03562    4.75100   -0.63468    0.38319    2.00000
 179.99460    0.06201   21.79088   21.56132    0.06225    0.03436   24.62489    3.87563    0.07133    4.23606    2.00000
 179.98322   -0.01095   19.10800   18.57284    0.02004    0.01106  208.88542   -0.80773   -3.94684   -4.74975    2.00000
 179.98492   -0.02193   21.27898   21.05007    0.02661    0.01469   37.55970    2.03788    4.03445    5.78341    2.00000
 179.99065    0.01082   19.69879   19.19444    0.01431    0.00790  144.50752   -4.08865   -5.14669   -9.20414    2.00000
 179.93658    0.04999   23.47746   23.07693    0.08075    0.04457    6.52819   -7.34882    0.76086  -11.45298    2.00000
 180.06784   -0.12892   22.16520   21.91061    0.14568    0.08040   18.36132   -1.20676    0.82331    0.29754    2.00000
 180.02272   -0.04994   21.26887   21.03930    0.05487    0.03028   37.84308   -4.82957   -0.42766   -5.95871    2.00000
 180.02640    0.07590   20.74968   20.33033    0.08036    0.04435   66.35886    1.54649    2.23251    3.66088    2.00000
 179.96681   -0.09494   23.37443   22.98970    0.10058    0.05551    6.99564    1.04060   -0.48791    0.44132    2.00000
 180.04045   -0.04659   23.83185   23.37239    0.06170    0.03406    5.04069   -0.99879   -0.14520    0.88718    2.00000
 180.00598   -0.39118   22.64018   22.34474    0.39122    0.21593   12.65337    0.32019    3.06759    2.72319    2.00000
 180.06348   -0.00282   23.24004   22.87504    0.06354    0.03507    7.88743   -0.21620   -3.49806   -3.34901    2.00000
 180.01791    0.00830   23.13302   22.78203    0.01975    0.01090    8.61091   -2.40398   -4.05649   -6.85607    2.00000
 180.04980   -0.03574   21.89702   21.66083    0.06130    0.03383   22.84048   -1.56519   -2.40756   -3.39818    2.00000
 179.92142   -0.07265   23.42341   23.03119    0.10702    0.05907    6.75847   -1.25201   -4.25718  -10.20429    2.00000
 180.11903   -0.24372   20.97305   20.67358    0.27123    0.14970   51.10986   -2.23671    1.35122   -1.00444    2.00000
 179.99687   -0.05182   23.72428   23.28353    0.05191    0.02865    5.48805    5.14338   -2.82041   -3.71149    2.00000
 180.02238    0.01125   22.65583   22.35880    0.02505    0.01383   12.48592    0.17946    1.19137    1.78129    2.00000
 180.02850    0.15634   23.19372   22.83482    0.15892    0.08771    8.20027    0.48906   -1.85605    0.01485    2.00000
 180.02435   -0.05835   21.99548   21.75269    0.06323    0.03490   21.19333   -1.28867   -2.31057   -3.92975    2.00000
 180.00749    0.26592   23.06821   22.72539    0.26603    0.14683    9.05149   -3.65292    0.79706   -4.22806    2.00000
 180.08939    0.08486   23.29550   22.92283    0.12325    0.06803    7.51575    2.89836    1.48103    2.74102    2.00000
 179.95720   -0.02168   23.59008   23.17195    0.04798    0.02648    6.04981    1.68987   -1.65031    3.80517    2.00000
 180.01604    0.04290   22.02836   21.78330    0.04580    0.02528   20.64429    1.44628   -0.20598    1.24476    2.00000
 179.94693    0.02513   23.16446   22.80942    0.05872    0.03241    8.39784   -4.07497   -0.85009   -3.20996    2.00000
 180.23228   -0.06078   21.86436   21.63021    0.24010    0.13252   23.38953    5.04985    0.88659    5.72826    2.00000
 180.07375   -0.04121   23.18884   22.83059    0.08448    0.04663    8.23320    4.11874   -1.37089    3.87862    2.00000
 180.06944   -0.01626   21.96259   21.72207    0.07132    0.03936   21.74238   -0.04620   -0.03961   -0.85390    2.00000
 179.91414    0.02983   23.16202   22.80731    0.09090    0.05017    8.41431   -4.27946   -0.04570   -4.68897    2.00000
 179.98355    0.03346   23.18640   22.82847    0.03729    0.02058    8.24966   -4.54239   -1.27687   -6.88921    2.00000
 179.97923    0.05607   23.52881   23.12038    0.05979    0.03300    6.30943   -0.13130   -1.80249    0.60744    2.00000
 179.92587   -0.03130   20.96161   20.65674    0.08046    0.04441   51.74096   -5.22915    0.61600   -4.47281    2.00000
 179.98367   -0.00944   23.31728   22.94128    0.01886    0.01041    7.37227    0.01331   -0.80467   -0.42644    2.00000
 179.96353   -0.05269   22.79225   22.48094    0.06407    0.03536   11.03159   -2.17018   -0.45037   -3.91717    2.00000
 180.00099   -0.07284   23.00072   22.66634    0.07285    0.04021    9.51079    0.03901    0.86897   -0.76032    2.00000
 179.95338    0.00232   22.89761   22.57493    0.04667    0.02576   10.22175   -1.30895    0.41354    0.12783    2.00000
 179.94658    0.00660   21.74036   21.51284    0.05383    0.02971   25.49422    2.27305    1.86320    4.35763    2.00000
 179.96548   -0.06449   22.40132   22.12781    0.07314    0.04037   15.23646    2.87779    2.64678    4.52545    2.00000
 180.02519    0.01953   23.08501   22.74007    0.03187    0.01759    8.93726    0.32870    0.38007    2.24764    2.00000
 180.01588    0.02277   21.62092   21.39774    0.02776    0.01532   28.41444    3.57398    0.25843    4.10814    2.00000
 180.11066   -0.00782   23.70932   23.27113    0.11094    0.06123    5.55047   -6.20704    1.72522   -2.00586    2.00000
 179.99222    0.02294   23.72616   23.28508    0.02422    0.01337    5.48025   -3.78147   -5.09857  -11.56871    2.00000
 180.01692    0.03263   21.54500   21.32477    0.03676    0.02029   30.33394   -0.54032    1.09738    0.19381    2.00000
 179.90468    0.14812   21.41113   21.18837    0.17614    0.09722   33.92186   -2.21555   -3.27834   -5.22742    2.00000
 179.91595    0.06305   21.95711   21.71696    0.10507    0.05799   21.83389   -1.98223   -0.61385   -2.32313    2.00000
 179.96284    0.06213   23.06101   22.71909    0.07240    0.03996    9.10044    3.96783    1.52595    6.14795    2.00000
 179.95528   -0.02306   22.69496   22.39396    0.05031    0.02777   12.06724   -3.07698    0.01885   -1.13820    2.00000
 180.03740   -0.01325   21.80721   21.57663    0.03967    0.02190   24.35037   -2.79122   -1.28045   -4.90456    2.00000
 179.98210   -0.00799   21.59951   21.37716    0.01961    0.01082   28.95584   -4.21751    1.16378   -2.66691    2.00000
 180.06519    0.01102   23.69435   23.25873    0.06610    0.03648    5.61289    2.04757    1.68442    5.08012    2.00000
 180.03700    0.01612   23.39620   23.00814    0.04037    0.02228    6.87450   -4.13886    1.48885   -0.60411    2.00000
 179.97093    0.10110   22.79225   22.48094    0.10519    0.05806   11.03159    2.40132    2.70598    5.57804    2.00000
 180.00977    0.01161   22.95499   22.62608    0.01517    0.00837    9.82395   -1.20772    2.55493   -1.01459    2.00000
 179.96782    0.03433   22.92891   22.60283    0.04705    0.02597   10.00477   -1.86808   -0.19897   -2.02114    2.00000
 179.89870   -0.14906   22.31251   22.04600    0.18023    0.09947   16.21072    8.28473   -1.92558    4.96247    2.00000
 179.97946   -0.05962   20.01869   19.52933    0.06306    0.03480  115.57204   -2.62027    0.06450   -2.68615    2.00000
 179.95998   -0.06122   23.31455   22.93897    0.07314    0.04037    7.39021   -3.23472    1.70367    0.39267    2.00000
 180.17027    0.16789   21.90791   21.67104    0.23913    0.13198   22.65746   -2.03441    0.70076   -1.11609    2.00000
 180.02393    0.06370   20.89663   20.55165    0.06804    0.03756   55.67942    0.96048    0.01481    0.51858    2.00000
 179.93015   -0.00496   23.40437   23.01506    0.07002    0.03865    6.83968    3.54261   -1.07608    1.07203    2.00000
 180.06203    0.01758   23.69622   23.26028    0.06447    0.03558    5.60509    3.62720    3.02544    8.03710    2.00000
 180.00368   -0.05328   23.68686   23.25253    0.05341    0.02948    5.64410   -3.25007    1.10080    1.90322    2.00000
 180.22232   -0.06209   23.11381   22.76525    0.23083    0.12740    8.74145   -2.64735   -0.16118   -2.74550    2.00000
 180.02721    0.01545   23.56125   23.14782    0.03129    0.01727    6.17127   -1.87733    1.72831   -6.00065    2.00000
 180.08556   -0.09500   23.27174   22.90256    0.12785    0.07056    7.67339    0.04654    0.27383   -2.14732    2.00000
 180.13849    0.05426   21.66098   21.43630    0.14873    0.08209   27.40015   -2.51583   -2.89846   -5.86647    2.00000
 180.00644   -0.01164   21.63065   21.40710    0.01330    0.00734   28.16835    6.09655   -1.56781    5.72161    2.00000
 180.20107   -0.03380   21.58588   21.36406    0.20389    0.11253   29.30036   -4.06316   -0.65842   -4.49834    2.00000
 179.99750   -0.02301   21.01930   20.74025    0.02315    0.01278   48.61114    0.34591    1.17492    1.22906    2.00000
 179.97704    0.04238   20.74537   20.32472    0.04821    0.02661   66.64814    0.29305   -0.26493   -0.02523    2.00000
 180.00854    0.05967   23.50449   23.09980    0.06028    0.03327    6.41306   -0.28498    1.50462   -0.92717    2.00000
 179.80360    0.05591   23.51800   23.11123    0.20420    0.11270    6.35549    3.21357    1.05599    4.88821    2.00000
 180.00670    0.02214   22.78726   22.47648    0.02313    0.01277   11.08471    7.28886    1.22783    7.88843    2.00000
 179.92844    0.04634   22.32931   22.06148    0.08526    0.04705   16.02640    3.21874   -3.96892   -3.07162    2.00000
 179.96112    0.06463   21.88613   21.65063    0.07543    0.04163   23.02350   -5.24427    1.08410   -3.43357    2.00000
 179.96146   -0.00859   23.44503   23.04949    0.03948    0.02179    6.66636    2.05839   -1.32163    2.82393    2.00000
 179.99252    0.01354   22.20758   21.94954    0.01546    0.00853   17.66322    3.57932   -2.90661    0.24252    2.00000
 179.97627    0.03544   23.15227   22.79884    0.04265    0.02354    8.48017   -1.58500    2.74564    0.39515    2.00000
 179.98997   -0.01996   21.51331   21.29277    0.02233    0.01233   31.17572    2.01615    3.18384    5.28639    2.00000
 179.92606    0.03445   23.58205   23.16524    0.08158    0.04502    6.08359    1.96805   -2.23067   -8.17184    2.00000
 179.91446   -0.04705   23.46125   23.06321    0.09762    0.05388    6.59727   -0.17259    1.02485   -1.51912    2.00000
 179.85497    0.04345   23.78660   23.33504    0.15140    0.08356    5.22872   -2.36620   -2.35154   -6.52518    2.00000
 179.86530   -0.04941   23.63506   23.20952    0.14347    0.07918    5.86065   -4.54835   -0.61691    1.34481    2.00000
 179.94637   -0.08077   23.62703   23.20281    0.09695    0.05351    5.89443   -1.90869   -0.14565   -5.62648    2.00000
 179.97479   -0.04528   18.79662   18.24107    0.05182    0.02860  252.60632    4.87333    2.34612    7.23460    2.00000
 179.98824    0.04099   23.73551   23.29283    0.04264    0.02353    5.44123   -3.84655   -1.38103   -5.23418    2.00000
 179.99379    0.00415   22.04481   21.79861    0.00747    0.00412   20.36976    2.89754   -4.74305   -0.92830    2.00000
 179.99817   -0.01747   19.56904   19.05853    0.01757    0.00970  156.48584    3.05162    4.42522    7.60821    2.00000
 180.00745   -0.03049   23.68873   23.25408    0.03139    0.01733    5.63630   -1.49449    0.98002    1.95896    2.00000
 179.99493    0.06092   22.57237   22.28381    0.06113    0.03374   13.37894    0.04747    0.46230    2.76152    2.00000
 180.09370    0.26111   23.35810   22.97586    0.27742    0.15311    7.10325   -4.00980   -2.09924   -3.21184    2.00000
 179.99077    0.01254   23.76517   23.31735    0.01557    0.00860    5.31778   -5.88823   -2.09989   -7.44212    2.00000
 179.92961    0.00881   21.98726   21.74503    0.07094    0.03915   21.33060    4.22730    2.04715    6.69731    2.00000
 180.05563    0.00299   21.93245   21.69400    0.05572    0.03075   22.24568    3.82259   -0.95894    3.02287    2.00000
 179.96346   -0.05075   23.27661   22.90680    0.06254    0.03452    7.64046   -2.46128    0.28598   -2.13367    2.00000
 180.00822    0.02227   23.62060   23.19744    0.02374    0.01310    5.92145    0.72705    2.51511    5.13940    2.00000
 179.98347   -0.03964   22.95760   22.62840    0.04294    0.02370    9.80587   -2.29311    0.28374    0.26014    2.00000
 180.05750   -0.03197   22.55933   22.27209    0.06579    0.03631   13.51848    3.89096   -0.01651    3.83292    2.00000
 179.96475   -0.01423   21.53019   21.31000    0.03801    0.02098   30.72231   -3.74768    0.44470   -2.85414    2.00000
 179.95200   -0.05068   19.40678   18.88892    0.06981    0.03853  173.92938   -1.21876    0.14741   -0.98140    2.00000
 180.02306    0.07742   22.85066   22.53309    0.08078    0.04458   10.54722    2.57936   -2.45191    0.11656    2.00000
 180.00349    0.01987   23.33088   22.95280    0.02018    0.01114    7.28260   -4.01120   -0.41165   -6.37772    2.00000
 180.01187    0.04651   22.97487   22.64366    0.04801    0.02650    9.68720    5.00541   -0.32979    8.56697    2.00000
 179.92863   -0.01578   21.64039   21.41645    0.07308    0.04033   27.92226   -3.34614    3.14516   -0.11639    2.00000
 180.03481    0.19964   22.29241   22.02751    0.20265    0.11185   16.43089   -4.80849   -0.21324   -4.67965    2.00000
 180.02267   -0.08417   23.49908   23.09523    0.08717    0.04811    6.43608   -9.47116   -0.49137  -10.34375    2.00000
 180.08533    0.09833   21.27493   21.04576    0.13019    0.07186   37.67305   -6.47168   -1.10059   -7.48406    2.00000
 180.03113    0.14471   22.97164   22.64082    0.14802    0.08170    9.70925    1.19879    0.14513    5.61466    2.00000
 180.02608   -0.00272   22.31491   22.04821    0.02622    0.01447   16.18439   -2.82700    2.11753   -0.40869    2.00000
 179.99677   -0.04829   23.39892   23.01045    0.04840    0.02671    6.86289    2.86664   -0.59270    0.86590    2.00000
 179.95329   -0.00917   22.96020   22.63073    0.04760    0.02627    9.78778   -3.55525    0.08653   -5.88857    2.00000
 179.98657    0.06356   21.47894   21.25765    0.06496    0.03585   32.09929    0.40772   -2.61234   -1.93968    2.00000
 179.96365   -0.07439   22.33171   22.06369    0.08280    0.04570   16.00007   -3.03146   -3.16509   -3.36555    2.00000
 180.06067   -0.06174   20.92738   20.60194    0.08656    0.04778   53.79481    4.17600   -1.04491    3.33333    2.00000
 179.98254   -0.06717   22.81470   22.50101    0.06940    0.03830   10.79675   -4.80093   -1.95319   -4.51045    2.00000
 180.00816   -0.10793   23.01473   22.67862    0.10824    0.05974    9.41523   -1.88256   -1.51676   -3.65852    2.00000
 179.94865    0.09353   23.08261   22.73797    0.10670    0.05889    8.95358   -2.15797    2.04146    2.81791    2.00000
 180.08743   -0.23468   22.39892   22.12560    0.25044    0.13822   15.26279    1.17346    2.04658    3.52910    2.00000
 179.98933    0.00878   23.74674   23.30213    0.01381    0.00762    5.39442   -4.50671    1.42052   -3.64170    2.00000
 179.88025   -0.09323   22.69994   22.39842    0.15177    0.08376   12.01418    0.30161    1.75414    3.13713    2.00000
 180.06900   -0.07465   22.32691   22.05926    0.10165    0.05611   16.05273   -3.94268   -0.08976   -5.26504    2.00000
 180.02556    0.13325   22.31491   22.04821    0.13568    0.07489   16.18439   -1.18881   -0.75968   -1.45111    2.00000
 179.89371    0.09299   23.47746   23.07693    0.14123    0.07795    6.52819    3.96946    3.27586    9.90683    2.00000
 179.95546   -0.14112   23.71306   23.27423    0.14799    0.08168    5.53487    1.60816   -0.00340    0.22477    2.00000
 180.17941    0.37476   21.37722   21.15372    0.41550    0.22933   34.83314   -3.82111    1.64531   -1.99698    2.00000
 179.97784   -0.12315   23.47746   23.07693    0.12513    0.06906    6.52819   -4.47945    3.30685   -2.56097    2.00000
 180.17490   -0.10519   23.69248   23.25718    0.20408    0.11264    5.62070   -2.88178   -0.37112   -5.85190    2.00000
 179.99881   -0.00060   23.74674   23.30213    0.00133    0.00074    5.39442   -6.66034   -1.56256   -9.95599    2.00000
 180.01479   -0.01262   21.71390   21.48733    0.01944    0.01073   26.05784   -0.31649    2.02691    1.79335    2.00000
 179.98531    0.01925   23.78422   23.33307    0.02422    0.01337    5.23861   -4.59894   -1.01317  -11.59732    2.00000
 179.99693   -0.10803   23.40437   23.01506    0.10807    0.05965    6.83968    1.02183    1.97476    9.41333    2.00000
 180.01788   -0.08390   21.19437   20.95674    0.08579    0.04735   40.49808   -0.33452    2.74475    2.21116    2.00000
 180.12254   -0.01462   23.57723   23.16121    0.12341    0.06811    6.10386    0.50179    0.16299    0.68724    2.00000
 180.00786   -0.03126   21.59951   21.37716    0.03223    0.01779   28.95584    0.94088    1.72664    1.33125    2.00000
 180.00398    0.01706   23.59008   23.17195    0.01752    0.00967    6.04981    1.37511    1.43080    4.72295    2.00000
 180.11736   -0.05553   22.07444   21.82627    0.12984    0.07166   19.87372   -5.84551   -1.47779   -6.11906    2.00000
 179.97485   -0.01932   23.13062   22.77993    0.03171    0.01750    8.62723   -1.20735   -2.21443   -3.98130    2.00000
 180.00269   -0.02038   21.01057   20.72875    0.02056    0.01135   49.04222   -0.32227   -0.80400   -1.38515    2.00000
 179.96323   -0.01382   22.14766   21.89459    0.03929    0.02169   18.64872    2.85602    2.11491    4.69393    2.00000
 180.00848   -0.02669   23.42881   23.03577    0.02800    0.01546    6.73544   -1.07022   -0.56371   -4.66775    2.00000
 180.03796   -0.03194   22.76481   22.45640    0.04962    0.02738   11.32371   -5.22307    0.21756   -5.04306    2.00000
 180.05215    0.18095   23.34994   22.96895    0.18832    0.10394    7.15705    3.15834    2.86793   10.25447    2.00000
 179.82841   -0.19683   21.58783   21.36593    0.26112    0.14412   29.25115   -6.59951   -1.15687   -7.25560    2.00000
 180.09241    0.10258   23.18884   22.83059    0.13807    0.07620    8.23320   -1.83910    0.23953   -2.15451    2.00000
 180.08868    0.02253   23.71119   23.27268    0.09150    0.05050    5.54267    3.37145    0.11843   -1.35466    2.00000
 179.94304    0.00377   23.75088   23.30555    0.05709    0.03151    5.37716   -0.96488    0.89481   -0.67476    2.00000
 179.99281   -0.03531   22.00370   21.76034    0.03603    0.01989   21.05607   -2.12199   -1.51728   -3.84249    2.00000
 179.89697    0.14438   23.66067   23.23084    0.17737    0.09790    5.75334    0.14844    1.54240   -2.61523    2.00000
 180.01448   -0.03922   22.45597   22.17793    0.04180    0.02307   14.63966    2.49673   -0.38035    4.17557    2.00000
 180.00642    0.05937   23.36082   22.97817    0.05971    0.03296    7.08531    0.58015    1.28131    2.63862    2.00000
 180.06300    0.04701   21.59367   21.37154    0.07861    0.04339   29.10349   -3.28278    1.24858   -1.61696    2.00000
 179.95738    0.03783   21.79360   21.56387    0.05699    0.03145   24.57914   -0.38266   -1.69202   -2.12126    2.00000
 180.01012    0.02176   23.63185   23.20684    0.02400    0.01324    5.87416   -1.98647    1.06902   -5.62878    2.00000
 180.01334   -0.03953   23.19859   22.83906    0.04171    0.02302    8.16734    2.79697    2.12870    4.61467    2.00000
 179.84283    0.42154   22.81720   22.50324    0.44988    0.24831   10.77940   -5.31752   -0.39956   -2.84575    2.00000
 180.02023    0.00146   23.29278   22.92052    0.02028    0.01119    7.53369   -1.88107    0.12983    2.40047    2.00000
 179.84720    0.07582   21.89702   21.66083    0.17057    0.09414   22.84048    0.29302   -1.55487   -0.62783    2.00000
 179.93987   -0.00034   23.70744   23.26958    0.06014    0.03319    5.55827   -1.86996   -1.38784   -2.71031    2.00000
 179.94621   -0.01653   23.81042   23.35469    0.05626    0.03105    5.12976    3.19137   -3.18969   -1.02473    2.00000
 180.02412    0.03720   23.20347   22.84329    0.04434    0.02447    8.13441   -5.47782   -1.06166   -7.14710    2.00000
 180.03754   -0.17285   23.46665   23.06778    0.17688    0.09762    6.57425   -1.98434   -0.00109   -1.67388    2.00000
 180.05186   -0.03230   22.76481   22.45640    0.06111    0.03373   11.32371    1.04956   -3.50487    1.68178    2.00000
 179.96005    0.01978   23.78422   23.33307    0.04458    0.02461    5.23861    0.05231    0.63549    8.68623    2.00000
 179.99344    0.01759   17.44064   16.76466    0.01877    0.01036  538.77802    0.89822   -0.47057    0.42540    2.00000
 180.02179   -0.01264   22.80473   22.49209    0.02519    0.01390   10.89881   -1.28130   -0.23782    4.80558    2.00000
 180.03546    0.00811   23.39892   23.01045    0.03638    0.02008    6.86289   -1.23502    0.06044   -1.53135    2.00000
 180.12952    0.18417   23.34177   22.96203    0.22515    0.12427    7.21086   -2.18992   -2.32573    0.85861    2.00000
 179.99651   -0.07076   23.27661   22.90680    0.07085    0.03910    7.64046   -4.30260   -2.87476   -8.98658    2.00000
 180.08438   -0.02225   23.83423   23.37435    0.08726    0.04816    5.03080   -1.82568    1.78076    3.13774    2.00000
 180.01707    0.02918   22.17674   21.92119    0.03381    0.01866   18.17160   -0.68882    1.41261   -0.52296    2.00000
 179.98958   -0.02418   21.41113   21.18837    0.02633    0.01453   33.92186    1.11856    0.56449    0.58952    2.00000
 179.97559    0.00612   22.53565   22.25055    0.02518    0.01390   13.77500   -0.90823   -1.89951   -2.38915    2.00000
 179.92323    0.01831   23.06821   22.72539    0.07891    0.04355    9.05149    0.56591   -0.27638   -0.10417    2.00000
 179.98749   -0.02226   22.19987   21.94246    0.02553    0.01409   17.79032    3.21687   -2.86085    0.71631    2.00000
 179.47511    0.07960   22.60888   22.31662    0.53088    0.29301   12.98825   -0.87210   -5.22545   -8.93253    2.00000
 179.94008    0.02542   22.87413   22.55401    0.06509    0.03592   10.38449   -0.74230    4.74060    4.18591    2.00000
 180.02643   -0.01707   22.91587   22.59121    0.03147    0.01737   10.09518   -1.83517   -2.98818   -4.71163    2.00000
 180.03304   -0.02032   22.56454   22.27678    0.03878    0.02141   13.46266   -1.82962   -2.64917   -3.88255    2.00000
 179.94540   -0.02516   22.42052   22.14550    0.06012    0.03318   15.02581    0.41752    1.01990    2.04038    2.00000
 180.14334   -0.03371   21.88613   21.65063    0.14725    0.08127   23.02350   -3.53543   -4.35243   -8.58165    2.00000
 179.97195    0.03155   23.71867   23.27888    0.04221    0.02330    5.51146    0.38312    1.24555    2.29526    2.00000
 180.09644    0.00584   23.27661   22.90680    0.09661    0.05332    7.64046    0.78083   -0.05451    2.33020    2.00000
 179.99110   -0.01945   23.30911   22.93436    0.02138    0.01180    7.42608    0.62087   -1.47649    3.61085    2.00000
 179.97440   -0.01271   23.00288   22.66823    0.02859    0.01578    9.49609    4.88188    3.99880    5.34531    2.00000
 180.03328   -0.20658   21.61703   21.39400    0.20925    0.11549   28.51287    9.71537   -2.83694    6.34581    2.00000
 179.93510   -0.02571   23.36082   22.97817    0.06980    0.03852    7.08531    1.25061    0.73019    1.62365    2.00000
 180.01666    0.01419   23.77232   23.32325    0.02189    0.01208    5.28809    0.84368   -1.23567    4.10000    2.00000
 180.08797   -0.01239   23.46395   23.06550    0.08883    0.04903    6.58576    0.34072    1.80072    4.27087    2.00000
 179.96971    0.03100   23.15958   22.80519    0.04334    0.02392    8.43077    3.52967   -1.49726    0.98570    2.00000
 179.99757    0.01652   23.03941   22.70021    0.01669    0.00921    9.24730   -0.21325    1.53170    0.33918    2.00000
 179.94797   -0.02087   23.31455   22.93897    0.05607    0.03095    7.39021   -0.18971    0.13002    1.32924    2.00000
 179.99884   -0.00186   22.38452   22.11234    0.00219    0.00121   15.42078   -0.97489    0.66790   -0.93534    2.00000
 179.92688    0.00410   21.25875   21.02852    0.07323    0.04042   38.12645   -1.64505    0.17778   -0.88550    2.00000
 179.96780   -0.04497   22.85066   22.53309    0.05531    0.03053   10.54722    0.85415   -0.86352   -0.05897    2.00000
 179.89030    0.03633   23.76279   23.31538    0.11556    0.06378    5.32768   -1.70076   -2.41302   -5.87592    2.00000
 179.99741    0.02047   22.55440   22.26763    0.02064    0.01139   13.57155    3.07322   -1.53971    1.74240    2.00000
 180.01852    0.01565   21.85620   21.62256    0.02425    0.01338   23.52679   -0.06020    1.02591    0.35456    2.00000
 180.10545    0.03318   23.01365   22.67768    0.11056    0.06102    9.42258    2.24222   -1.10219   -2.35489    2.00000
 179.98090   -0.00929   23.82947   23.37042    0.02124    0.01173    5.05059   -7.45796    0.52641  -12.12674    2.00000
 180.00061   -0.01455   23.46935   23.07007    0.01456    0.00804    6.56273    0.29710    0.46477   -0.96257    2.00000
 180.00932   -0.06128   22.29498   22.02987    0.06198    0.03421   16.40276    3.00042    0.63281    2.15155    2.00000
 179.93298   -0.03595   22.01192   21.76799    0.07605    0.04197   20.91881   -0.34232    1.00974   -0.59833    2.00000
 180.01985   -0.08229   21.51775   21.29730    0.08465    0.04672   31.05640   -1.18066   -1.78345   -3.54392    2.00000
 179.84274    0.09217   22.15972   21.90561    0.18228    0.10061   18.45113   -0.97850    0.82351   -0.82658    2.00000
 180.10915   -0.07903   22.55933   22.27209    0.13475    0.07437   13.51848    7.72737   -0.87031    8.07746    2.00000
 179.43141    0.56849   22.79475   22.48317    0.80403    0.44379   11.00504   -8.57288   -0.29728   -9.15846    2.00000
 179.84557    0.10657   22.57497   22.28615    0.18763    0.10356   13.35104   -0.59470   -1.05430   -0.75096    2.00000
 180.02084   -0.03132   22.46300   22.18434    0.03762    0.02076   14.56336    2.63511    2.77041    6.03837    2.00000
 179.84271   -0.00111   23.79375   23.34094    0.15730    0.08682    5.19903   -6.69558    0.31486   -5.66160    2.00000
 180.10281    0.01664   21.74036   21.51284    0.10415    0.05748   25.49422    0.71628   -4.85284   -3.15800    2.00000
 179.98590    0.04408   22.65322   22.35646    0.04628    0.02554   12.51383   -1.60076   -3.38343   -6.17369    2.00000
 180.17557   -0.00748   23.47746   23.07693    0.17572    0.09699    6.52819    4.47929    4.21000    7.70549    2.00000
 179.90164   -0.20182   21.52220   21.30184    0.22452    0.12392   30.93708   -0.50419   -1.75735   -2.98431    2.00000
 180.04607    0.03180   23.15715   22.80307    0.05597    0.03089    8.44724   -4.76384   -1.31660   -5.50024    2.00000
 179.91504   -0.08709   23.53422   23.12495    0.12167    0.06715    6.28641    8.77431    3.60488    8.84375    2.00000
 179.99463    0.01039   23.64470   23.21757    0.01169    0.00645    5.82011   -3.08728    2.82243    6.62200    2.00000
 179.98518   -0.04439   23.16446   22.80942    0.04680    0.02583    8.39784   -4.23191   -1.96998   -5.89673    2.00000
 179.98204   -0.11572   23.68125   23.24788    0.11710    0.06463    5.66751    2.69991   -3.36632   -4.62603    2.00000
 180.04100    0.07675   22.60627   22.31427    0.08702    0.04803   13.01615   -2.60481   -4.22822   -8.34753    2.00000
 180.00403    0.12169   23.35266   22.97125    0.12176    0.06720    7.13912    0.22919    1.82688    3.58226    2.00000
 179.94357    0.05641   22.11806   21.86754    0.07979    0.04404   19.13371   -2.43117   -3.46895   -7.27733    2.00000
 179.92447   -0.01464   21.30931   21.08239    0.07694    0.04246   36.70957   -0.48369    1.81607    1.60435    2.00000
 180.14529   -0.19202   20.94139   20.62479    0.24079    0.13290   52.93846    6.00287    0.81249    6.82180    2.00000
 180.03345   -0.05556   21.88886   21.65318    0.06485    0.03579   22.97774    1.89957   -0.10981    2.55410    2.00000
 179.94745   -0.02561   22.85327   22.53541    0.05846    0.03226   10.52914   -5.29616   -2.05136   -8.62154    2.00000
 180.01102   -0.07366   23.77232   23.32325    0.07448    0.04110    5.28809   -1.80107   -1.88558   -7.58156    2.00000
 179.94981   -0.09031   22.49113   22.20997    0.10332    0.05702   14.25819    4.80715   -2.52637    5.75486    2.00000
 179.92697   -0.01226   22.61931   22.32599    0.07406    0.04087   12.87662   -0.10200   -2.49030   -3.24473    2.00000
 180.03117    0.03110   22.82468   22.50993    0.04404    0.02430   10.72736   -2.23107   -2.07339   -3.25054    2.00000
 180.04254    0.01415   21.55473   21.33412    0.04483    0.02475   30.08785    5.15820   -0.39018    5.19780    2.00000
 180.00291    0.02765   22.88457   22.56331    0.02780    0.01534   10.31216   -0.92451   -1.11129   -2.00421    2.00000
 180.00771    0.08096   21.99274   21.75013    0.08132    0.04488   21.23909   -3.69322    1.58606   -3.53317    2.00000
 180.06987    0.06454   23.48557   23.08379    0.09511    0.05249    6.49365   -1.72739   -0.25214    1.02840    2.00000
 180.01186    0.02668   22.48878   22.20783    0.02920    0.01611   14.28362    0.50005   -1.16882   -1.90898    2.00000
 179.99368    0.02042   23.81042   23.35469    0.02137    0.01180    5.12976   -2.49023   -0.53504    1.40360    2.00000
 180.08546    0.10704   21.78543   21.55622    0.13698    0.07560   24.71640    0.20828    1.72271    2.68832    2.00000
 180.01578    0.02682   21.39026   21.16705    0.03111    0.01717   34.48264    1.44442    2.70401    3.87218    2.00000
 180.03281    0.00521   22.32211   22.05484    0.03322    0.01833   16.10540    0.15358    0.70941    1.49637    2.00000
 180.03558   -0.02765   21.66362   21.43885    0.04506    0.02487   27.33304    2.03106   -3.78118   -1.82221    2.00000
 179.97377   -0.13674   22.63757   22.34240    0.13923    0.07685   12.68127    1.10841    0.25555   -0.60916    2.00000
 180.00275   -0.01333   23.43692   23.04263    0.01361    0.00751    6.70090    5.16057    2.07673   11.09575    2.00000
 180.00069    0.03566   22.66105   22.36349    0.03566    0.01968   12.43011    0.99847    1.81498   -0.26536    2.00000
 180.02643   -0.03540   21.26684   21.03714    0.04418    0.02438   37.89975   -1.01968   -1.00374   -1.67904    2.00000
 179.93102   -0.00182   22.66887   22.37052    0.06901    0.03809   12.34639   -5.74765    2.28718   -5.16097    2.00000
 179.95757   -0.04983   22.11368   21.86353    0.06546    0.03613   19.20556    1.16381   -2.31566   -0.56375    2.00000
 180.04309    0.07071   23.45854   23.06092    0.08281    0.04570    6.60879    1.10159    3.32897    2.78170    2.00000
 180.00330    0.01045   21.80993   21.57918    0.01096    0.00605   24.30461   -3.80035    0.02772   -4.39004    2.00000
 180.04007   -0.06414   23.76041   23.31342    0.07563    0.04174    5.33757    4.10359   -1.60021    8.21432    2.00000
 180.02226   -0.06787   20.17799   19.69691    0.07143    0.03942  104.11072   -2.12016    2.02015   -0.12554    2.00000
 179.98557    0.01965   22.81221   22.49878    0.02438    0.01345   10.81914    3.26943   -0.21532    2.86207    2.00000
 179.85867   -0.09631   23.08501   22.74007    0.17102    0.09439    8.93726    5.86182   -1.28280    5.13360    2.00000
 180.06381    0.01446   22.07522   21.82701    0.06543    0.03611   19.86051   -1.18662   -0.15068   -0.42681    2.00000
 180.05083    0.01581   22.57237   22.28381    0.05323    0.02938   13.37894   -0.16038    0.75586   -0.07772    2.00000
 180.18011    0.07396   23.67564   23.24323    0.19471    0.10747    5.69092   -5.26358   -0.15155   -3.99847    2.00000
 180.01851    0.02734   21.93245   21.69400    0.03301    0.01822   22.24568   -2.04470    1.65637   -2.09918    2.00000
 179.88058   -0.01008   21.51420   21.29367    0.11984    0.06614   31.15185    2.88603   -1.89002    0.92724    2.00000
 179.97417   -0.03021   22.96281   22.63305    0.03975    0.02194    9.76970   -4.50212   -0.21818   -2.21240    2.00000
 179.56410    0.23959   20.01177   19.52207    0.49741    0.27454  116.06840    0.50166   -0.55862   -0.11489    2.00000
 180.02985    0.00253   21.32953   21.10393    0.02996    0.01653   36.14281   -0.52110   -0.73098   -1.46008    2.00000
 180.01978   -0.03615   22.56454   22.27678    0.04121    0.02274   13.46266    0.02283   -0.88530   -1.03166    2.00000
 179.98550   -0.06825   22.84544   22.52844    0.06977    0.03851   10.58339   -0.16424    1.76366    3.09967    2.00000
 179.95474   -0.16037   23.23029   22.86658    0.16663    0.09197    7.95329    2.99744    0.35537    5.88668    2.00000
 180.08919    0.08016   23.27918   22.90900    0.11992    0.06619    7.62329   -0.09362   -4.00300   -3.69578    2.00000
 179.99680   -0.00825   21.93245   21.69400    0.00885    0.00489   22.24568    2.31229    3.30212    5.48037    2.00000
 179.99033    0.02054   23.23760   22.87293    0.02270    0.01253    7.90390   -0.54470    2.44461    2.08613    2.00000
 179.97575    0.00880   23.81042   23.35469    0.02578    0.01423    5.12976    0.04974    0.32306    1.68685    2.00000
 179.99728   -0.03165   22.11368   21.86353    0.03177    0.01754   19.20556   -2.37297   -0.62580   -4.34189    2.00000
 180.21307    0.23461   22.77978   22.46979    0.31693    0.17492   11.16438    1.24505    0.91491    3.05977    2.00000
 179.95737    0.00963   22.45597   22.17793    0.04371    0.02412   14.63966    2.43552    3.01319    5.42765    2.00000
 179.99913    0.09617   22.98133   22.64933    0.09618    0.05308    9.64310   -2.33525    2.25469   -0.91117    2.00000
 180.01755    0.13118   22.68713   22.38693    0.13235    0.07305   12.15104   -1.59949    0.88788    2.06483    2.00000
 180.08421   -0.08010   22.57237   22.28381    0.11623    0.06415   13.37894   -3.50485    0.59028   -4.85946    2.00000
 179.98001   -0.05458   22.40612   22.13224    0.05813    0.03208   15.18380   -1.55248   -1.69937   -3.36170    2.00000
 180.05397    0.02936   23.46395   23.06550    0.06144    0.03391    6.58576   -7.96930   -1.45446   -9.79890    2.00000
 180.06650   -0.08578   22.96281   22.63305    0.10854    0.05991    9.76970   -3.55139   -0.88381   -7.31886    2.00000
 180.02464   -0.00640   21.38243   21.15905    0.02545    0.01405   34.69294   -4.66375   -0.40038   -4.86407    2.00000
 180.03996    0.00477   22.11697   21.86654    0.04026    0.02222   19.15168    3.98895    0.98549    4.09592    2.00000
 179.89636    0.25643   23.38804   23.00123    0.27658    0.15265    6.90933   -5.53290    2.06816   -5.05990    2.00000
 179.96198    0.00674   23.32544   22.94819    0.03862    0.02132    7.31847    2.14786   -0.19559    4.86350    2.00000
 180.05721    0.00718   22.18959   21.93301    0.05764    0.03182   17.95978    3.89600   -1.89788    0.87377    2.00000
 179.98924    0.02627   22.04755   21.80116    0.02838    0.01567   20.32401   -0.60639    1.22393    1.25250    2.00000
 179.90344   -0.02754   23.56759   23.15316    0.10040    0.05541    6.14439   -4.48320    2.29404    9.50236    2.00000
 179.99948    0.08865   23.63024   23.20550    0.08865    0.04893    5.88091   -2.47676   -6.17427  -11.18871    2.00000
 180.00391    0.01028   23.30911   22.93436    0.01100    0.00607    7.42608    1.90883   -1.67755   -4.06543    2.00000
 180.00105   -0.01307   22.88196   22.56098    0.01311    0.00724   10.33024   -0.78752    0.31733   -0.58373    2.00000
 180.02895   -0.01239   21.43721   21.21502    0.03148    0.01737   33.22087    0.46323   -2.85804   -2.61674    2.00000
 180.00713   -0.05628   23.50179   23.09751    0.05673    0.03131    6.42457    2.02054    0.94800    4.97389    2.00000
 180.11411    0.00421   22.13780   21.88557    0.11417    0.06301   18.81038   -0.99100    2.28082    0.65089    2.00000
 180.01904   -0.00439   23.83185   23.37239    0.01954    0.01079    5.04069    2.28566    1.89602    2.00288    2.00000
