#RA        DEC       MAG_G     MAG_I     ANGSEP    RPROJ     SNR       VTRUE       VSYS       VMEAS      VSYSERR    
 179.97932   -0.17959   18.17024   17.84761    0.18077    0.09977  311.80331   -5.43054   -0.54468   -5.99348    2.00000
 180.26547    0.14905   22.60627   22.31427    0.30445    0.16803   13.01615    7.20588    1.90003    8.82244    2.00000
 180.00536    0.02922   23.42341   23.03119    0.02970    0.01639    6.75847    1.60623    0.54713    3.98141    2.00000
 179.98186    0.09756   23.30367   22.92975    0.09923    0.05477    7.46195    0.95323    0.77715   -1.47691    2.00000
 179.97346    0.03007   22.34611   22.07695    0.04010    0.02213   15.84208    1.62642   -1.93668   -1.52739    2.00000
 179.95053    0.04799   21.22469   20.99183    0.06892    0.03804   39.18295   -1.47080    2.38724    0.32461    2.00000
 180.08926   -0.21236   21.28100   21.05222    0.23036    0.12714   37.50302   -2.30370   -2.36963   -3.96300    2.00000
 180.00986    0.01486   18.01463   17.67720    0.01783    0.00984  340.86777   -0.62819   -0.58458   -1.22910    2.00000
 179.96690    0.06305   23.30095   22.92744    0.07120    0.03930    7.47988    0.81091   -1.50968    3.28578    2.00000
 180.07663   -0.00762   21.13504   20.88675    0.07701    0.04250   43.12113    0.53061    1.37020    1.97634    2.00000
 180.09280    0.10280   21.81265   21.58173    0.13850    0.07644   24.25886   -0.37727    3.64661    3.75371    2.00000
 179.83488    0.10872   23.64309   23.21623    0.19769    0.10911    5.82687    6.18674   -1.31200    7.50200    2.00000
 180.01782   -0.12555   22.58280   22.29318    0.12681    0.06999   13.26732    0.48559   -0.00636    2.22164    2.00000
 179.93652    0.03378   22.10001   21.85060    0.07191    0.03969   19.43754    3.19331    2.39655    5.63135    2.00000
 180.03786    0.03640   22.61671   22.32365    0.05252    0.02899   12.90453    1.85146   -0.10107    3.21978    2.00000
 180.01619    0.05829   21.30931   21.08239    0.06050    0.03339   36.70957    1.42154    1.30949    2.92150    2.00000
 180.02528   -0.04519   23.76993   23.32128    0.05179    0.02858    5.29799   -4.82326    0.60907   -9.30480    2.00000
 179.90726   -0.08868   21.88886   21.65318    0.12831    0.07082   22.97774   -4.21935   -0.68806   -3.92286    2.00000
 179.98061   -0.00563   22.47472   22.19502    0.02019    0.01114   14.43621   -0.50482    0.04032   -2.49325    2.00000
 179.98434    0.11938   22.91847   22.59353    0.12040    0.06645   10.07709    1.29528   -1.14176    3.52126    2.00000
 180.02141   -0.01027   23.82233   23.36452    0.02374    0.01310    5.08028   -1.57442    0.85946    4.23603    2.00000
 179.94266    0.00416   22.60366   22.31193    0.05751    0.03174   13.04406    2.44003    1.00339    4.62262    2.00000
 180.02074   -0.01004   21.11115   20.85772    0.02303    0.01271   44.20909   -1.47626    1.61578   -0.19874    2.00000
 179.96486   -0.14480   22.74734   22.44079    0.14900    0.08224   11.50961    0.54766   -0.81337   -1.29495    2.00000
 179.74741   -0.08960   22.33651   22.06811    0.26802    0.14793   15.94741    8.36652    1.22957   10.79229    2.00000
 179.97090    0.12157   23.04181   22.70231    0.12500    0.06899    9.23099    4.79036   -1.46565   -0.13485    2.00000
 180.13972   -0.02981   23.62542   23.20147    0.14286    0.07885    5.90118    0.80443   -0.74185    0.15299    2.00000
 180.04396   -0.06729   23.41253   23.02198    0.08037    0.04436    6.80485   -6.31993    2.48894   -4.44448    2.00000
 179.95326    0.04689   21.94067   21.70166    0.06621    0.03654   22.10842    0.14856    2.16743    1.80657    2.00000
 180.00734    0.00755   21.83170   21.59960    0.01053    0.00581   23.93858   -3.80034   -0.23904   -4.59483    2.00000
 180.03003    0.05058   23.35266   22.97125    0.05882    0.03247    7.13912   -1.34834   -0.94778    1.35114    2.00000
 180.04626    0.37573   23.67938   23.24633    0.37857    0.20894    5.67531   -1.65318   -0.77975    2.34755    2.00000
 180.01540   -0.00077   23.60614   23.18537    0.01541    0.00851    5.98225   -3.58498   -1.89390   -0.91999    2.00000
 180.09888   -0.05725   22.79724   22.48540    0.11425    0.06306   10.97848   -2.14975   -0.97790   -3.95835    2.00000
 180.08688   -0.11638   21.79904   21.56898    0.14523    0.08016   24.48763    1.13896   -2.84629   -1.31388    2.00000
 179.93578    0.01549   22.24614   21.98498    0.06607    0.03646   17.02775   -1.75351    0.39363   -1.14322    2.00000
 180.04124   -0.06303   22.94977   22.62143    0.07532    0.04157    9.86011   -1.17125   -0.84952   -2.58061    2.00000
 179.99579   -0.08664   20.98968   20.69807    0.08674    0.04787   50.19189    2.45879    0.84400    3.75300    2.00000
 180.00404   -0.05670   23.42611   23.03348    0.05685    0.03137    6.74695   -1.20231   -1.59765    0.58025    2.00000
 179.88966   -0.01967   21.49999   21.27916    0.11208    0.06186   31.53367    0.45085    0.48215    1.61810    2.00000
 180.00851    0.03317   22.59062   22.30021    0.03424    0.01890   13.18359   -1.42365   -4.30383   -2.78002    2.00000
 179.91023   -0.02473   21.64775   21.42354    0.09311    0.05139   27.73573    2.01669   -2.63719   -0.73154    2.00000
 180.01195    0.04207   23.56389   23.15006    0.04373    0.02414    6.16001    0.83417    0.98470    3.92857    2.00000
 180.01459    0.02070   23.70932   23.27113    0.02533    0.01398    5.55047   -4.03345   -2.23612   -0.25326    2.00000
 180.10378   -0.06188   21.65569   21.43120    0.12082    0.06668   27.53438    2.34526    1.51028    3.74713    2.00000
 180.19572   -0.09763   23.62221   23.19879    0.21872    0.12072    5.91469    5.50415    0.69112    4.98180    2.00000
 179.89594    0.06027   23.63185   23.20684    0.12026    0.06637    5.87416    0.26656   -0.54681   -0.56153    2.00000
 179.91663   -0.17306   23.24979   22.88351    0.19210    0.10602    7.82157    0.35705   -1.56832   -0.35198    2.00000
 180.22090   -0.09094   22.32931   22.06148    0.23889    0.13185   16.02640   -0.15750   -0.51113    1.88779    2.00000
 179.99216    0.01134   22.63496   22.34005    0.01379    0.00761   12.70918    1.08094    0.57642    0.96970    2.00000
 180.13376    0.07353   22.92630   22.60050    0.15264    0.08425   10.02285    0.18419   -1.14886   -1.63149    2.00000
 179.77277    0.10082   22.35331   22.08359    0.24860    0.13721   15.76309   -0.35765    3.02677    2.94563    2.00000
 179.95049    0.01369   23.70370   23.26648    0.05137    0.02835    5.57388   -1.75899    1.09319    6.53172    2.00000
 180.02245    0.00622   23.83661   23.37632    0.02330    0.01286    5.02090    1.74537    1.56951    2.45545    2.00000
 179.94292    0.05011   22.47472   22.19502    0.07596    0.04192   14.43621   -0.87620   -1.71915   -4.58429    2.00000
 179.95622   -0.09239   22.58019   22.29084    0.10224    0.05643   13.29522   -5.73798    2.58950   -1.69196    2.00000
 180.00014   -0.02884   22.84544   22.52844    0.02884    0.01592   10.58339    1.37394   -0.19061   -1.41767    2.00000
 180.41081    0.31050   23.81756   23.36059    0.51495    0.28422    5.10007    2.47085   -0.37856    7.94654    2.00000
 180.03398    0.06581   23.63185   23.20684    0.07407    0.04088    5.87416   -3.60828    1.86645   -5.16669    2.00000
 180.03259    0.01398   23.54773   23.13639    0.03546    0.01957    6.22884   -1.48355   -0.62922    7.16015    2.00000
 179.97928    0.10227   23.11862   22.76944    0.10434    0.05759    8.70881   -1.55888   -3.55472   -3.54516    2.00000
 179.88461    0.14597   21.77211   21.54346    0.18607    0.10270   24.94517   -4.57428    1.44007   -3.80798    2.00000
 179.94803   -0.03142   22.21787   21.95899    0.06073    0.03352   17.49376    4.21938    3.09807    8.44392    2.00000
 179.97365    0.00219   22.53097   22.24628    0.02644    0.01460   13.82586    2.01780    0.66212    0.20233    2.00000
 179.96831   -0.03981   23.09461   22.74846    0.05088    0.02808    8.87199   -1.20987   -1.61845   -4.46560    2.00000
 179.93587    0.04939   22.65322   22.35646    0.08094    0.04467   12.51383    3.81311    2.86995    7.19511    2.00000
 179.98042    0.11386   22.48175   22.20143    0.11553    0.06376   14.35991    1.52153   -2.38169   -0.88499    2.00000
 179.99001   -0.02469   22.99211   22.65878    0.02663    0.01470    9.56959    1.21628    1.31116    5.35981    2.00000
 180.05946    0.03432   23.39892   23.01045    0.06865    0.03789    6.86289   -5.89840    0.51231   -8.53721    2.00000
 179.99921    0.05040   22.25642   21.99443    0.05040    0.02782   16.85829    4.25586    0.73607    4.77039    2.00000
 179.86732    0.08873   22.68191   22.38224    0.15962    0.08810   12.20686    4.17529    2.28881    8.16884    2.00000
 179.98393    0.05922   22.39412   22.12118    0.06136    0.03387   15.31545    1.00846    1.58705    2.89558    2.00000
 180.03609    0.03698   22.78477   22.47425    0.05167    0.02852   11.11126    0.69229    1.32207   -0.14230    2.00000
 180.04807    0.00657   22.60627   22.31427    0.04851    0.02678   13.01615   -3.92703   -2.88437   -8.05713    2.00000
 180.01680   -0.08494   22.23072   21.97081    0.08659    0.04779   17.28194    0.09055    0.33745    1.24119    2.00000
 179.96571    0.04493   22.81969   22.50547    0.05652    0.03119   10.76205   -0.41629   -1.13859   -3.76413    2.00000
 180.01443   -0.27551   22.52628   22.24200    0.27588    0.15227   13.87672    2.82417   -1.34493    0.35774    2.00000
 180.15292    0.04351   23.42611   23.03348    0.15900    0.08775    6.74695   -1.76702    0.30546   -0.89131    2.00000
 180.17235    0.07060   23.82947   23.37042    0.18625    0.10280    5.05059   -1.87309   -1.90124   -4.22105    2.00000
 179.91734   -0.03597   22.59845   22.30724    0.09014    0.04975   13.09987    1.91904   -3.21810   -3.94281    2.00000
 179.94568    0.01953   21.22378   20.99085    0.05772    0.03186   39.21978   -2.60441   -0.08731   -2.11898    2.00000
 179.91052   -0.00342   22.74236   22.43633    0.08954    0.04942   11.56272    2.10200   -2.73658   -0.64918    2.00000
 180.07858   -0.02729   22.70244   22.40065    0.08319    0.04591   11.98763    0.96922   -2.02333    1.40263    2.00000
 179.98213   -0.05289   22.34131   22.07253    0.05583    0.03081   15.89474    5.49129   -0.46084    6.99610    2.00000
 180.30946   -0.08896   23.43422   23.04034    0.32200    0.17772    6.71241    0.50674   -1.08618   -2.57559    2.00000
 179.97745   -0.16051   20.90907   20.57206    0.16209    0.08946   54.91464    4.20646   -0.51702    3.62635    2.00000
 179.98338    0.00387   23.79375   23.34094    0.01706    0.00942    5.19903    2.38341   -2.89853   -0.39240    2.00000
 179.96957    0.08135   23.24492   22.87928    0.08685    0.04794    7.85450   -1.92303   -3.06361   -3.18132    2.00000
 180.28513   -0.02175   23.03701   22.69811    0.28595    0.15782    9.26362   -8.50165   -4.36061  -14.30076    2.00000
 179.99170    0.01782   22.99426   22.66067    0.01966    0.01085    9.55489    3.80904    0.84726    4.78502    2.00000
 179.92207   -0.00066   23.68873   23.25408    0.07792    0.04301    5.63630   -4.80112    1.21975   -0.43585    2.00000
 180.05185   -0.04948   23.52341   23.11581    0.07167    0.03956    6.33246   -2.17389   -3.60724   -2.50102    2.00000
 179.34804   -0.13446   23.79851   23.34487    0.66569    0.36742    5.17924   -3.34212    0.49894    0.20356    2.00000
 180.01501    0.02363   23.52881   23.12038    0.02799    0.01545    6.30943   -1.59375    0.53402   -2.31246    2.00000
 180.02797    0.02492   22.92630   22.60050    0.03747    0.02068   10.02285   -6.59601   -1.13610   -7.98106    2.00000
 179.93764   -0.11944   23.21566   22.85388    0.13475    0.07437    8.05208   -1.40017   -0.27501   -0.19001    2.00000
 179.90738   -0.04857   22.92891   22.60283    0.10458    0.05772   10.00477   -1.02192    0.18414   -1.20689    2.00000
 180.03778   -0.03023   22.28213   22.01806    0.04839    0.02671   16.54342   -0.05760   -2.81731   -3.43602    2.00000
 179.98306   -0.02014   20.20143   19.72162    0.02632    0.01453  102.42067    1.43516    0.45308    1.96043    2.00000
 179.76311   -0.28394   22.33891   22.07032    0.36978    0.20409   15.92108    0.41270   -1.51708   -1.34319    2.00000
 179.94383    0.06408   22.86631   22.54704    0.08520    0.04703   10.43873    2.32355    0.12565    4.24060    2.00000
 179.95189   -0.02798   22.36772   22.09686    0.05565    0.03072   15.60510    1.41143    1.53010    2.54331    2.00000
 179.96786    0.08898   22.27184   22.00861    0.09460    0.05221   16.65595   -0.23063   -0.77579   -1.56712    2.00000
 180.03973   -0.03009   21.79360   21.56387    0.04984    0.02751   24.57914    1.54139   -3.29407   -1.35775    2.00000
 180.06963    0.08820   23.69996   23.26338    0.11237    0.06202    5.58948    2.98311   -2.62041    3.57915    2.00000
 179.99287    0.00694   21.72184   21.49498    0.00994    0.00549   25.85649    1.56980    1.41444    3.65776    2.00000
 179.61349    0.42297   23.71867   23.27888    0.57296    0.31624    5.51146    4.78524    2.75285   12.28106    2.00000
 179.92395   -0.16134   23.70744   23.26958    0.17836    0.09844    5.55827   -0.67017    1.80146    4.66589    2.00000
 180.01054   -0.00050   22.02836   21.78330    0.01055    0.00582   20.64429   -1.60771    1.00279    0.20560    2.00000
 180.03226   -0.08716   23.49368   23.09065    0.09293    0.05129    6.45911    1.09925   -0.79804   -0.54956    2.00000
 179.98262    0.00311   21.16352   20.92090    0.01765    0.00974   41.84103    2.99600    0.74892    3.32277    2.00000
 179.98618    0.00107   21.49643   21.27553    0.01388    0.00766   31.62912   -3.16690   -0.23785   -3.03848    2.00000
 179.92337   -0.11467   23.29278   22.92052    0.13792    0.07612    7.53369   -2.32459    0.97913    4.37071    2.00000
 180.11497   -0.07815   21.47894   21.25765    0.13902    0.07673   32.09929   -6.71874   -2.09075   -8.73068    2.00000
 179.90643   -0.13166   22.46300   22.18434    0.16152    0.08915   14.56336    0.44209   -1.96252   -1.96759    2.00000
 180.09914    0.09612   22.14985   21.89659    0.13808    0.07621   18.61279   -0.77049   -2.82454   -3.23526    2.00000
 179.99413   -0.04523   20.52503   20.06795    0.04561    0.02517   79.88010   -3.49075   -1.05058   -4.59815    2.00000
 180.00748    0.01119   21.11712   20.86497    0.01346    0.00743   43.93710   -3.79731   -1.86477   -5.96347    2.00000
 179.99252    0.03912   23.04661   22.70651    0.03982    0.02198    9.19835   -0.60669   -0.61371    1.11631    2.00000
 179.99870    0.02336   22.49816   22.21638    0.02340    0.01292   14.18190    0.08428    0.36104    0.98013    2.00000
 179.90909    0.06569   23.63185   23.20684    0.11216    0.06190    5.87416    0.73561    1.69983    4.62999    2.00000
 180.00362   -0.06251   23.50179   23.09751    0.06262    0.03456    6.42457    5.87969   -0.56163   -1.39639    2.00000
 179.94363   -0.00560   22.51690   22.23346    0.05664    0.03126   13.97845    3.14678   -0.64018    3.38094    2.00000
 179.95901    0.02823   23.64149   23.21489    0.04977    0.02747    5.83362   -1.81186    1.71558    1.21689    2.00000
 180.00107    0.06218   21.78816   21.55877    0.06219    0.03432   24.67064    2.13649   -1.59640    0.20011    2.00000
 180.21407    0.01587   22.04207   21.79606    0.21466    0.11848   20.41551    3.93329   -0.22333    5.44843    2.00000
 180.04742   -0.18585   22.10466   21.85502    0.19181    0.10586   19.35823   -6.78676   -0.95452   -7.71738    2.00000
 179.94382   -0.17008   23.51800   23.11123    0.17912    0.09886    6.35549   -1.63068    2.86247   -2.99789    2.00000
 179.93248    0.02029   22.67669   22.37755    0.07051    0.03891   12.26267   -5.29483    2.74481   -3.02108    2.00000
 179.97948   -0.03081   23.48557   23.08379    0.03702    0.02043    6.49365   -0.73593    0.33240    1.12667    2.00000
 179.89851   -0.00619   23.84138   23.38025    0.10167    0.05611    5.00111   -6.58857   -2.19764   -9.70790    2.00000
 180.01836   -0.02040   23.54773   23.13639    0.02745    0.01515    6.22884   -0.32646   -1.47558   -0.08964    2.00000
 179.99532   -0.01236   22.95499   22.62608    0.01322    0.00729    9.82395    2.08457   -4.57049   -2.67311    2.00000
 180.00958   -0.08189   23.06581   22.72329    0.08245    0.04551    9.06781    0.10350   -4.23623   -5.15563    2.00000
 180.07642   -0.01013   23.56919   23.15450    0.07708    0.04254    6.13764    1.73989   -0.49818    3.93929    2.00000
 180.46034    0.23995   22.51222   22.22919    0.51912    0.28652   14.02931    4.70824   -1.25888    3.93663    2.00000
 179.93901   -0.08292   22.88717   22.56563    0.10294    0.05681   10.29408    4.29209    3.58238    4.16452    2.00000
 180.01518    0.02482   21.27291   21.04361    0.02909    0.01606   37.72973    2.83215    3.35564    5.65813    2.00000
 180.03398    0.00510   23.30911   22.93436    0.03436    0.01896    7.42608   -3.94881    1.08223   -1.56634    2.00000
 179.91136    0.13719   21.46851   21.24699    0.16333    0.09015   32.37969    1.10340    0.91853    2.12165    2.00000
 179.97227   -0.16360   23.56598   23.15182    0.16593    0.09158    6.15115    2.83813   -0.67009    0.10162    2.00000
 179.96513    0.27124   23.16934   22.81366    0.27347    0.15094    8.36491   -0.73969   -1.02604   -0.08206    2.00000
 180.02701   -0.00542   22.55206   22.26550    0.02755    0.01520   13.59698   -4.24891    2.43259   -0.29775    2.00000
 180.03711   -0.04685   22.85588   22.53774    0.05976    0.03298   10.51106    2.33502   -0.11672    2.67636    2.00000
 180.10886    0.16992   23.09941   22.75266    0.20180    0.11138    8.83936   -0.02351   -2.12432   -2.92604    2.00000
 179.94647    0.05912   23.27918   22.90900    0.07975    0.04402    7.62329   -0.60926    2.17832   -4.35867    2.00000
 180.07552    0.14065   20.58041   20.12876    0.15964    0.08811   76.74673    0.06961   -0.83610   -0.82917    2.00000
 179.99309   -0.04204   23.61096   23.18939    0.04260    0.02351    5.96198   -1.56838    1.09986   -1.42523    2.00000
 180.12070    0.00089   22.90543   22.58191    0.12070    0.06662   10.16750    1.22267   -0.05089    2.67438    2.00000
 180.01968   -0.00760   22.09691   21.84765    0.02110    0.01165   19.49041    1.52398    5.69002    7.60451    2.00000
 179.99420    0.00506   22.90804   22.58423    0.00770    0.00425   10.14942   -2.96385   -0.24127   -2.79642    2.00000
 180.01059   -0.00021   22.85327   22.53541    0.01059    0.00585   10.52914    0.91109   -0.47672    1.85094    2.00000
 180.04437    0.04041   23.82709   23.36845    0.06002    0.03312    5.06049   -3.14065    3.55412    5.95683    2.00000
 179.97263    0.08951   21.18537   20.94629    0.09360    0.05166   40.88978   -1.84336   -1.98790   -3.49279    2.00000
 179.42448    0.56007   23.61257   23.19074    0.80305    0.44325    5.95523   -4.66948    0.01956   -8.47161    2.00000
 180.00389   -0.00556   23.11381   22.76525    0.00679    0.00375    8.74145    5.91781    3.94860    5.03768    2.00000
 180.56110   -0.04050   23.67189   23.24013    0.56256    0.31050    5.70652    4.25842    2.06040    7.78201    2.00000
 179.99902   -0.01421   22.38692   22.11455    0.01424    0.00786   15.39445    3.29841   -0.68287    0.80250    2.00000
 180.24265   -0.13271   22.62192   22.32834    0.27655    0.15264   12.84871   -3.16913   -1.99669   -6.51638    2.00000
 179.97430   -0.05682   22.87153   22.55169    0.06236    0.03442   10.40257   -1.58432   -2.76136   -6.78426    2.00000
 180.00368   -0.00060   22.41092   22.13666    0.00373    0.00206   15.13113   -3.68599   -3.35897   -8.29091    2.00000
 180.12006    0.53222   23.10901   22.76105    0.54559    0.30113    8.77409   -5.36191   -1.40980   -5.01718    2.00000
 179.99413    0.04564   19.28362   18.75871    0.04601    0.02540  188.32968   -0.11598    0.22493    0.14245    2.00000
 179.96603    0.05086   22.73986   22.43410    0.06116    0.03375   11.58928   -0.15839    5.25703    5.47315    2.00000
 179.98059   -0.02509   23.49098   23.08836    0.03172    0.01751    6.47062    1.08179    1.89643    4.40776    2.00000
 179.96574   -0.02055   23.66254   23.23239    0.03995    0.02205    5.74554   -4.12088   -3.30545   -1.10444    2.00000
 179.95602   -0.05276   21.41113   21.18837    0.06868    0.03791   33.92186   -1.87819    3.46041    1.05714    2.00000
 179.98250    0.01507   22.66887   22.37052    0.02310    0.01275   12.34639    5.74196   -1.95986    5.98622    2.00000
 179.98106   -0.00889   23.13782   22.78623    0.02093    0.01155    8.57827    1.04644    2.11696    2.60987    2.00000
 180.01654    0.04099   22.56454   22.27678    0.04420    0.02440   13.46266    4.31413   -4.19059    0.10725    2.00000
 180.16635    0.03046   23.50990   23.10437    0.16912    0.09334    6.39003    5.44867   -0.25269    3.44983    2.00000
 180.05185   -0.02324   18.09150   17.75900    0.05682    0.03136  326.91577   -9.12132   -1.99704  -11.10211    2.00000
 179.93250   -0.09085   23.75803   23.31145    0.11318    0.06247    5.34747   -0.95043   -1.03925   -4.68303    2.00000
 179.92259    0.04873   22.08839   21.83954    0.09147    0.05048   19.63580    2.49388    2.36246    6.11054    2.00000
 179.89037    0.01585   21.11115   20.85772    0.11077    0.06114   44.20909   -1.20378   -0.58368   -1.96656    2.00000
 180.01962    0.01792   22.56715   22.27912    0.02657    0.01467   13.43476    3.31299   -0.54380    4.18446    2.00000
 179.97244   -0.00893   22.28984   22.02514    0.02896    0.01598   16.45903   13.52342   -1.12368   12.97170    2.00000
 180.24315    0.17604   22.20501   21.94718    0.30018    0.16568   17.70559   -3.24294    2.18385    0.52993    2.00000
 179.94600    0.08778   23.58365   23.16658    0.10306    0.05688    6.07684   -4.78207   -0.68969   -7.48377    2.00000
 179.96777    0.09345   21.74565   21.51795    0.09885    0.05456   25.40271   -0.07976    0.72484    0.79373    2.00000
 180.26782    0.12212   22.07987   21.83143    0.29435    0.16246   19.78120    7.94872   -1.41509    4.28711    2.00000
 180.22446    0.17524   23.32816   22.95050    0.28476    0.15717    7.30053    9.52844    3.23103   10.65561    2.00000
 179.96407    0.05698   23.41798   23.02659    0.06736    0.03718    6.78163   -1.02822    0.82993   -2.16278    2.00000
 180.01321    0.07584   22.81969   22.50547    0.07699    0.04249   10.76205    0.70767    3.98764    5.07990    2.00000
 180.06310   -0.09054   19.69879   19.19444    0.11036    0.06091  144.50752    1.26268   -0.82914    0.41594    2.00000
 179.91780   -0.02277   22.97810   22.64649    0.08529    0.04708    9.66515   -6.69756    0.07850   -9.47537    2.00000
 180.00764    0.00596   23.45854   23.06092    0.00969    0.00535    6.60879   -4.39956    1.09181   -3.80358    2.00000
 180.07726   -0.00881   22.87935   22.55866    0.07775    0.04291   10.34832    2.12200    2.27796    4.60095    2.00000
 180.02443    0.10095   23.11141   22.76315    0.10386    0.05732    8.75777   -0.71987   -2.15381   -0.22626    2.00000
 179.96945    0.18345   22.92108   22.59586    0.18597    0.10264   10.05901   -0.69995   -0.80385   -3.62169    2.00000
 180.07669   -0.02836   22.50753   22.22492    0.08177    0.04513   14.08017    2.68303   -0.40007    4.45026    2.00000
 179.93169   -0.01983   22.13122   21.87956    0.07113    0.03926   18.91816   -2.51755   -3.09527   -5.81115    2.00000
 179.95738   -0.03246   23.12102   22.77154    0.05357    0.02957    8.69250    2.05002   -0.17613    2.99414    2.00000
 180.00266    0.00032   23.25711   22.88986    0.00268    0.00148    7.77218    4.81174   -1.31823    0.74935    2.00000
 180.05592   -0.05048   23.78422   23.33307    0.07534    0.04158    5.23861    5.08241    4.88695    3.81623    2.00000
 180.02010    0.08541   22.49816   22.21638    0.08774    0.04843   14.18190    1.56822    0.70398   -1.36331    2.00000
 180.02460    0.01026   20.67610   20.23986    0.02665    0.01471   71.02136   -2.40015    0.46307   -1.73144    2.00000
 179.98830    0.00437   23.79137   23.33897    0.01249    0.00690    5.20893   -3.46627    0.68949    1.28066    2.00000
 180.02306   -0.05702   23.29550   22.92283    0.06150    0.03394    7.51575   -0.14496   -0.36950    2.63288    2.00000
 180.00703   -0.04751   21.39548   21.17238    0.04803    0.02651   34.34245   -1.99426   -0.99343   -2.74356    2.00000
 179.93561   -0.05669   23.83661   23.37632    0.08579    0.04735    5.02090    1.74060    3.10586    0.13381    2.00000
 180.06161   -0.10848   23.43422   23.04034    0.12475    0.06885    6.71241   -1.94265   -4.46402   -7.23928    2.00000
 180.06023    0.00813   23.16446   22.80942    0.06078    0.03354    8.39784   -1.72856   -3.71856   -4.05877    2.00000
 179.96667   -0.04551   23.70557   23.26803    0.05641    0.03114    5.56608    0.02718    1.77374   -0.11135    2.00000
 180.01698   -0.09196   21.96259   21.72207    0.09351    0.05161   21.74238    0.89132    3.47292    4.23327    2.00000
 180.00171    0.02433   23.00827   22.67295    0.02439    0.01346    9.45934   -4.38826    1.75859    1.47867    2.00000
 179.92935    0.02415   21.42938   21.20702    0.07467    0.04121   33.43117   -0.90731    2.16787    2.35149    2.00000
 180.02600   -0.00498   23.60132   23.18134    0.02647    0.01461    6.00252    3.82076    0.05951    5.32191    2.00000
 179.94673    0.01615   20.26471   19.78847    0.05567    0.03072   97.84876   -3.18589    2.08650   -0.95078    2.00000
 179.89433    0.10313   22.71491   22.41180    0.14764    0.08149   11.85484   -1.43304    2.74885    1.80603    2.00000
 180.08173    0.05913   21.37983   21.15639    0.10087    0.05567   34.76304    0.52747   -0.46923   -0.74240    2.00000
 180.13828    0.06155   23.46935   23.07007    0.15136    0.08354    6.56273    0.39910    1.54204    2.78213    2.00000
 179.99557    0.04700   21.78274   21.55369    0.04721    0.02605   24.76178   -2.51147   -0.99697   -3.75744    2.00000
 180.15559    0.01225   23.75565   23.30949    0.15608    0.08614    5.35737   -0.36203   -1.33343   -2.74132    2.00000
 179.97462   -0.02987   23.82709   23.36845    0.03919    0.02163    5.06049   -0.99475   -2.19167    8.04140    2.00000
 179.84270   -0.08348   22.86892   22.54936    0.17808    0.09829   10.42065    2.06300   -0.17525    1.94414    2.00000
 179.84253    0.13867   22.39892   22.12560    0.20983    0.11581   15.26279    8.47797   -0.06240    7.63449    2.00000
 179.94852   -0.01708   22.31731   22.05042    0.05425    0.02994   16.15806    1.06053    3.33222    3.84475    2.00000
 180.06848   -0.05435   21.53552   21.31545    0.08742    0.04825   30.57913    2.62504   -2.84593    0.00076    2.00000
 180.02939    0.05734   21.62092   21.39774    0.06443    0.03556   28.41444   -3.64994    0.30222   -2.88588    2.00000
 179.92270    0.07883   22.67148   22.37286    0.11041    0.06094   12.31848   -6.39976   -1.18496   -7.61436    2.00000
 179.94077    0.04403   21.65569   21.43120    0.07382    0.04074   27.53438   -2.66936    2.91186    0.28621    2.00000
 179.89992    0.03408   22.42532   22.14993    0.10573    0.05835   14.97314   -2.02090   -3.22854   -4.14238    2.00000
 180.45375    0.15934   18.17274   17.56927    0.48092    0.26544  359.27606    4.57068    1.50307    6.03887    2.00000
 180.24573   -0.06340   21.70067   21.47457    0.25378    0.14007   26.39342   -4.87707   -0.86695   -5.50916    2.00000
 180.02151   -0.09004   22.13341   21.88156    0.09257    0.05109   18.88223   -1.09271    0.59235   -0.80649    2.00000
 179.97231    0.00971   22.46769   22.18861    0.02935    0.01620   14.51250    3.59408    0.35257    3.03665    2.00000
 180.06631   -0.09395   23.18640   22.82847    0.11500    0.06347    8.24966   -9.43295   -3.65729   -8.39818    2.00000
 180.01260    0.06511   22.55440   22.26763    0.06632    0.03660   13.57155    2.64779    0.57470    2.23791    2.00000
 179.93968   -0.03365   19.49257   18.97885    0.06907    0.03812  163.98351   -0.98696   -0.54613   -1.46129    2.00000
 179.95277   -0.03877   22.66626   22.36818    0.06109    0.03372   12.37430   -0.68170   -1.08472   -0.44959    2.00000
 180.01213   -0.03099   21.50354   21.28279    0.03328    0.01837   31.43821    0.44387   -1.42772   -1.91046    2.00000
 179.98360    0.01129   23.81042   23.35469    0.01991    0.01099    5.12976    5.16443    0.12976    6.00931    2.00000
 179.99483    0.01959   22.51690   22.23346    0.02027    0.01119   13.97845    1.23276   -2.91652   -4.99332    2.00000
 179.92729    0.11844   22.64800   22.35177    0.13898    0.07671   12.56964   -2.55071    0.31436   -2.99662    2.00000
 180.07207    0.06214   23.09221   22.74637    0.09516    0.05252    8.88831   -3.01082    0.16974   -0.21677    2.00000
 179.92873   -0.00143   23.38259   22.99661    0.07129    0.03935    6.94184   -2.64713   -2.59531   -2.35595    2.00000
 179.98260    0.01594   23.20103   22.84118    0.02359    0.01302    8.15087   -3.45079   -1.38041   -5.71040    2.00000
 180.01189    0.01861   22.48644   22.20570    0.02208    0.01219   14.30905   -3.92290    2.66973    0.47541    2.00000
 180.00851    0.02062   21.00943   20.72716    0.02231    0.01231   49.10180   -4.83554    0.96977   -4.07143    2.00000
 180.22682    0.09961   22.15314   21.89960    0.24773    0.13673   18.55891   -2.38558    0.98595   -1.95825    2.00000
 180.05627   -0.10019   23.60454   23.18403    0.11491    0.06342    5.98901   -1.29909   -0.68299   -2.99303    2.00000
 180.10811    0.03883   23.74300   23.29903    0.11487    0.06340    5.41002   -5.07150    2.90928   -0.73530    2.00000
 179.98708    0.03740   23.67002   23.23858    0.03957    0.02184    5.71433   -4.44514   -0.00731    1.61908    2.00000
 179.96458   -0.00010   23.17665   22.82001    0.03541    0.01954    8.31552    4.51795   -2.23383    6.57566    2.00000
 180.12949    0.18410   21.90518   21.66849    0.22507    0.12422   22.70322    8.46170    5.69987   14.47319    2.00000
 180.04089    0.00186   22.86892   22.54936    0.04094    0.02260   10.42065   -0.66381   -0.13082    0.45285    2.00000
 180.09183   -0.01364   21.92424   21.68635    0.09283    0.05123   22.38294    2.19410   -1.29361    0.64941    2.00000
 179.99963   -0.02346   23.63827   23.21221    0.02346    0.01295    5.84713    4.35589   -0.33133    1.21586    2.00000
 179.96083    0.04579   21.92424   21.68635    0.06026    0.03326   22.38294    2.47623   -2.63300   -0.21411    2.00000
 180.03819   -0.18161   22.44191   22.16512    0.18558    0.10243   14.79225   -1.08184    0.45171    0.08999    2.00000
 179.95634   -0.00672   21.69802   21.47202    0.04416    0.02437   26.46053   -0.22353   -1.90376   -2.21429    2.00000
 179.95985   -0.07039   23.30367   22.92975    0.08103    0.04472    7.46195    3.45073    0.60978    1.21224    2.00000
 180.23920   -0.12652   23.44233   23.04720    0.27059    0.14935    6.67787   -6.48189   -0.21599   -7.89460    2.00000
 180.02071    0.02203   23.50719   23.10209    0.03024    0.01669    6.40154   -2.80713   -0.92543    0.18543    2.00000
 179.99355   -0.02196   20.61084   20.16353    0.02289    0.01264   74.95458   -1.28196    2.13536    0.81582    2.00000
 179.90804   -0.21094   23.80804   23.35273    0.23012    0.12701    5.13965   -4.03078   -0.71076    9.50284    2.00000
 179.97218    0.01052   23.53692   23.12724    0.02974    0.01642    6.27489   -8.09543    0.15268  -11.17503    2.00000
 180.01968    0.00268   20.91984   20.58963    0.01986    0.01096   54.25592    1.23547    2.12582    2.98585    2.00000
 179.99065    0.00402   21.96533   21.72462    0.01018    0.00562   21.69663    0.61357    0.96210    0.35170    2.00000
 180.04482    0.10920   23.10661   22.75895    0.11804    0.06515    8.79040   -3.60608    0.02328   -0.35638    2.00000
 179.98241   -0.01894   23.39348   23.00584    0.02585    0.01427    6.88611    2.74218    1.94807    3.77640    2.00000
 179.98016   -0.05228   23.59490   23.17597    0.05592    0.03086    6.02954   -3.07004    0.30146    4.23268    2.00000
 179.92978    0.18366   23.60775   23.18671    0.19663    0.10852    5.97550    1.25391    1.53600   12.74407    2.00000
 180.17984    0.33945   20.89663   20.55165    0.38415    0.21202   55.67942    7.11320    1.03174    8.12821    2.00000
 180.04337    0.00983   22.95760   22.62840    0.04447    0.02454    9.80587    0.55089   -2.94451   -6.77378    2.00000
 180.01703   -0.00569   22.07129   21.82328    0.01796    0.00991   19.92747    7.24022   -1.60184    6.27744    2.00000
 179.96609   -0.05881   20.50955   20.05115    0.06789    0.03747   80.74598    5.10826    1.06680    5.91170    2.00000
 179.97627    0.00345   22.53800   22.25268    0.02397    0.01323   13.74957    1.23753   -0.20129    1.10435    2.00000
 180.04614   -0.01341   23.37171   22.98739    0.04806    0.02652    7.01357    0.07307    1.37659    1.86217    2.00000
 180.04713   -0.00172   23.61418   23.19208    0.04717    0.02603    5.94847    0.79938    1.75185   -0.18227    2.00000
 180.00819    0.07715   21.04549   20.77478    0.07758    0.04282   47.31706   -4.17803    1.35313   -3.36527    2.00000
 179.98640   -0.02156   22.52394   22.23987    0.02549    0.01407   13.90215    1.47541    2.78091    3.45480    2.00000
 180.00983    0.01976   22.61931   22.32599    0.02207    0.01218   12.87662    3.33196    2.10312    3.86753    2.00000
 179.97931   -0.02013   23.03701   22.69811    0.02887    0.01593    9.26362   -1.81739    1.62982    1.13077    2.00000
 179.94852   -0.10911   23.48287   23.08150    0.12064    0.06658    6.50517   -5.99678    2.44967   -3.74932    2.00000
 179.97710   -0.03427   18.15248   17.54719    0.04122    0.02275  363.04108    1.26500    2.96356    4.23618    2.00000
 180.06311   -0.04993   23.08261   22.73797    0.08047    0.04442    8.95358    3.29888    0.65442    4.47837    2.00000
 179.95769    0.08046   23.72054   23.28043    0.09091    0.05018    5.50366   -0.82809    0.17290    1.67096    2.00000
 180.05254    0.01736   21.44503   21.22301    0.05532    0.03053   33.01057   -1.06229    1.58483    0.86681    2.00000
 180.00684   -0.06979   22.72489   22.42072    0.07012    0.03870   11.74862   -1.61469   -0.08675    0.57131    2.00000
 180.04703    0.20985   23.11141   22.76315    0.21505    0.11869    8.75777    5.88429   -0.19220    5.47792    2.00000
 179.98743   -0.02849   23.29550   22.92283    0.03114    0.01719    7.51575    0.73803    1.30242    0.55199    2.00000
 180.00507   -0.03029   22.77728   22.46756    0.03071    0.01695   11.19093    4.78262    0.53975    5.50347    2.00000
 179.99792    0.03126   22.96020   22.63073    0.03133    0.01729    9.78778    0.86196    0.84767    2.37781    2.00000
 179.95161   -0.02169   23.63345   23.20818    0.05303    0.02927    5.86740    1.98683    0.82130    7.61834    2.00000
 179.82359   -0.03613   22.29498   22.02987    0.18006    0.09938   16.40276   -2.37610   -0.96764   -2.79743    2.00000
 179.92683   -0.00445   21.30931   21.08239    0.07330    0.04045   36.70957   -1.50479   -2.05232   -2.92792    2.00000
 179.95506    0.14346   23.06101   22.71909    0.15033    0.08297    9.10044   -1.70445   -2.58243   -1.57866    2.00000
 179.99931   -0.05618   20.96785   20.66593    0.05619    0.03101   51.39672    0.02945    4.03045    3.91434    2.00000
 179.95451   -0.02320   22.06947   21.82158    0.05106    0.02818   19.95797    3.36985    0.98008    4.05722    2.00000
 179.99400   -0.02056   23.63185   23.20684    0.02142    0.01182    5.87416    4.37058    1.60378    2.79453    2.00000
 179.84775   -0.14068   23.42611   23.03348    0.20729    0.11441    6.74695   -0.79985    2.51963    7.06228    2.00000
 180.00751    0.04272   22.62975   22.33537    0.04338    0.02394   12.76499    0.80448    3.40246    5.79871    2.00000
 180.03372   -0.05501   23.67938   23.24633    0.06452    0.03561    5.67531    1.50049   -4.79528   -2.44263    2.00000
 179.99339    0.13136   22.92630   22.60050    0.13152    0.07259   10.02285    1.36206    1.84386    2.23741    2.00000
 179.78384    0.07528   19.85451   19.35699    0.22888    0.12632  130.18213   -1.32284   -3.72918   -4.89288    2.00000
 179.99771    0.00756   22.19987   21.94246    0.00790    0.00436   17.79032    4.28768    0.71843    3.78891    2.00000
 179.93726    0.00067   23.71493   23.27578    0.06276    0.03464    5.52706    4.00628   -2.64234    1.86068    2.00000
 179.99422    0.03240   21.55668   21.33599    0.03291    0.01817   30.03864   -4.20097    2.20908   -2.87475    2.00000
 179.98824    0.03207   21.07980   20.81961    0.03416    0.01885   45.63704    1.78550    0.07568    2.19057    2.00000
 179.94267   -0.02981   20.46753   20.00555    0.06462    0.03567   83.09622   -3.13433    0.76491   -2.46669    2.00000
 180.04852   -0.04788   21.18023   20.94031    0.06817    0.03763   41.11360    1.14873    1.46189    2.96215    2.00000
 179.97350    0.00372   23.52341   23.11581    0.02676    0.01477    6.33246   -0.40980   -0.93058    0.58790    2.00000
 179.98917   -0.00742   23.54503   23.13410    0.01313    0.00725    6.24035    1.56891   -1.01623    0.28571    2.00000
 180.19608   -0.11773   21.37461   21.15106    0.22870    0.12623   34.90323    0.13128    2.76739    2.61143    2.00000
 180.03471    0.06095   22.97271   22.64177    0.07014    0.03871    9.70190    1.38300   -1.16718    0.63858    2.00000
 180.04449   -0.04096   21.43199   21.20969    0.06047    0.03338   33.36107   -3.54839   -1.77304   -5.36547    2.00000
 179.91982    0.02885   23.29550   22.92283    0.08522    0.04703    7.51575    0.81489    1.63433   -0.12596    2.00000
 180.11082   -0.01412   23.57883   23.16256    0.11173    0.06166    6.09710   -4.23952   -0.19189   -0.67211    2.00000
 179.95239   -0.02789   22.97271   22.64177    0.05517    0.03045    9.70190   -0.58148   -0.55550    2.57303    2.00000
 179.96817   -0.05532   22.32211   22.05484    0.06382    0.03522   16.10540   -1.22799   -0.84914   -1.11121    2.00000
 180.06775    0.00710   21.97355   21.73227    0.06812    0.03760   21.55937    1.05870    2.83334    3.91812    2.00000
 180.00020    0.04079   22.58280   22.29318    0.04079    0.02251   13.26732   -0.49787    0.93171    0.57683    2.00000
 180.03613    0.03934   22.43957   22.16298    0.05342    0.02948   14.81768    4.62430   -0.27596    3.50973    2.00000
 179.95229    0.03009   22.78726   22.47648    0.05641    0.03114   11.08471   -3.13786    5.39468    2.94272    2.00000
 179.94547    0.00682   23.42881   23.03577    0.05497    0.03034    6.73544    1.19525    1.85563   -4.21168    2.00000
 180.06856   -0.00540   23.21566   22.85388    0.06877    0.03795    8.05208   -1.66521    4.67686    2.59202    2.00000
 179.97783   -0.00490   22.48175   22.20143    0.02270    0.01253   14.35991    0.63605    0.20479    0.13125    2.00000
 180.01434    0.02598   23.13782   22.78623    0.02968    0.01638    8.57827   -4.75760   -0.14479   -6.16482    2.00000
 180.05157    0.04017   23.18884   22.83059    0.06537    0.03608    8.23320    4.80941    2.05190    7.00731    2.00000
 180.02757   -0.07044   22.94977   22.62143    0.07564    0.04175    9.86011   -1.08806   -1.80126   -2.20923    2.00000
 180.00987   -0.00387   21.35398   21.12998    0.01062    0.00586   35.45781   -4.95167    0.85584   -4.24387    2.00000
 179.96057   -0.03587   21.17509   20.93434    0.05331    0.02942   41.33743    3.59676   -0.48719    2.56066    2.00000
 180.02295    0.05372   23.75803   23.31145    0.05842    0.03224    5.34747   -0.29742    1.24576    3.70401    2.00000
 179.93907   -0.04629   21.99822   21.75524    0.07652    0.04223   21.14758    1.63326    1.07949    2.90012    2.00000
 179.95682   -0.00889   23.81042   23.35469    0.04410    0.02434    5.12976    3.40391    3.80884    1.84865    2.00000
 179.95200    0.03004   22.07987   21.83143    0.05663    0.03126   19.78120    3.27403    0.87506    4.38259    2.00000
 180.03551    0.03062   23.77232   23.32325    0.04689    0.02588    5.28809   -0.25358    0.65242   -4.26441    2.00000
 180.00891    0.01917   23.18153   22.82424    0.02114    0.01167    8.28259    0.91958   -2.26357    1.19479    2.00000
 179.97713   -0.05216   20.90907   20.57206    0.05696    0.03144   54.91464    1.99135    1.13625    3.39417    2.00000
 180.05608   -0.00995   22.64800   22.35177    0.05695    0.03143   12.56964    3.08956    2.71047    5.44896    2.00000
 179.96169   -0.02853   22.35331   22.08359    0.04778    0.02637   15.76309   -3.89934   -3.07916   -6.87538    2.00000
 179.94749    0.01825   21.84803   21.61490    0.05558    0.03067   23.66405   -3.09803   -3.03496   -6.49368    2.00000
 179.97798    0.00850   23.31728   22.94128    0.02360    0.01303    7.37227   -1.09879    0.37020    0.65377    2.00000
 180.05177    0.05718   20.66826   20.23041    0.07714    0.04257   71.50835    2.26939   -0.70735    1.41781    2.00000
 180.03432   -0.07344   23.82471   23.36649    0.08106    0.04474    5.07038    6.64007    1.37978   11.04282    2.00000
 179.98656   -0.01632   23.43152   23.03805    0.02114    0.01167    6.72392   -0.60030   -0.37878    5.35671    2.00000
 180.03772    0.01155   23.81280   23.35666    0.03944    0.02177    5.11986   -2.19320   -2.62036    4.67812    2.00000
 179.98154    0.17383   23.65318   23.22464    0.17481    0.09648    5.78455    1.38389    0.58280    7.02040    2.00000
 180.04321   -0.02596   23.36082   22.97817    0.05040    0.02782    7.08531    0.13135   -1.93190   -3.84126    2.00000
 180.00089   -0.11067   23.73738   23.29438    0.11067    0.06108    5.43343    0.74444    0.47935    1.20854    2.00000
 180.08340   -0.03704   21.75359   21.52560    0.09127    0.05037   25.26545   -1.00686    0.59395    0.10148    2.00000
 180.04686   -0.03475   23.33633   22.95742    0.05834    0.03220    7.24673    0.84630   -1.22887   -2.81350    2.00000
 179.99565   -0.00718   21.68744   21.46181    0.00840    0.00463   26.72900    3.03494   -1.32409    1.76776    2.00000
 179.92870    0.03831   23.49098   23.08836    0.08094    0.04467    6.47062   -0.91997    1.65969   -3.69277    2.00000
 180.00327    0.04746   21.58199   21.36032    0.04757    0.02626   29.39880    7.59788    1.69151    9.67494    2.00000
 180.08475    0.04210   22.84023   22.52379    0.09462    0.05222   10.61955   -1.22407    1.02425    2.61492    2.00000
 179.94580   -0.08304   21.92970   21.69145    0.09917    0.05473   22.29143    1.30382   -2.47716   -2.04632    2.00000
 179.99455    0.02854   22.49816   22.21638    0.02906    0.01604   14.18190   -0.19598   -1.01192    1.09492    2.00000
 180.06969    0.02100   22.91326   22.58888    0.07278    0.04017   10.11326   -2.71119    0.04749   -5.16763    2.00000
 179.97993   -0.02176   23.23029   22.86658    0.02959    0.01633    7.95329   -0.32452    3.01350    4.47103    2.00000
 179.97838   -0.08226   23.76279   23.31538    0.08505    0.04694    5.32768   -1.86458   -2.60806  -10.19277    2.00000
 179.95699   -0.03533   20.31158   19.83799    0.05567    0.03072   94.46215   -1.01122    3.66141    2.59888    2.00000
 180.02428   -0.01722   21.40591   21.18304    0.02975    0.01642   34.06205   -2.85796   -1.74383   -4.43070    2.00000
 179.99042    0.00382   23.61739   23.19476    0.01032    0.00570    5.93496   -5.31062    4.58354    0.22932    2.00000
 179.95911    0.01028   20.28580   19.81075    0.04216    0.02327   96.32479    1.08314   -3.30941   -2.13647    2.00000
 180.05179   -0.00322   23.13782   22.78623    0.05189    0.02864    8.57827    0.81174   -1.11604    0.96750    2.00000
 180.06493    0.03145   23.43692   23.04263    0.07214    0.03982    6.70090   -1.28108   -0.44154   -4.51023    2.00000
 179.93912   -0.05192   23.33633   22.95742    0.08002    0.04416    7.24673   -2.14616    0.32522    1.08734    2.00000
 179.98788    0.00178   21.71125   21.48478    0.01225    0.00676   26.12496    1.27493    0.67931    2.31611    2.00000
 179.91866   -0.13448   21.93519   21.69655    0.15717    0.08675   22.19992   -0.51703   -0.38086   -0.10569    2.00000
 180.49911    0.14211   21.92698   21.68891    0.51895    0.28643   22.33690    8.18449    0.34589    8.70238    2.00000
 180.04375    0.01881   23.71680   23.27733    0.04762    0.02629    5.51926   -1.25662   -1.37371   -1.99885    2.00000
 180.04939   -0.00122   21.22136   20.98809    0.04941    0.02727   39.32300   -8.32046   -0.82975   -9.13259    2.00000
 179.96165    0.04183   22.60627   22.31427    0.05674    0.03132   13.01615   -2.24260   -3.46416   -4.64713    2.00000
 179.91190   -0.03108   23.37171   22.98739    0.09342    0.05156    7.01357   -0.50981   -1.82185   -5.58126    2.00000
 179.91640   -0.16436   23.48827   23.08608    0.18440    0.10177    6.48214   -0.79870   -5.37791   -6.48157    2.00000
 179.96219   -0.06626   23.63506   23.20952    0.07629    0.04211    5.86065    4.53158   -2.76652    0.73885    2.00000
 179.96878    0.02263   21.95163   21.71186    0.03856    0.02128   21.92540    5.73747   -1.58217    3.65264    2.00000
 180.03902    0.00906   21.75094   21.52305    0.04005    0.02211   25.31120    3.49691   -0.58785    3.28131    2.00000
 179.87109   -0.19612   23.28734   22.91591    0.23469    0.12953    7.56956    5.53842   -0.04689    2.58631    2.00000
 180.00403   -0.00334   20.88790   20.53668    0.00524    0.00289   56.24040   -4.72002   -0.30531   -4.76873    2.00000
 179.97539   -0.12112   20.81449   20.41678    0.12360    0.06822   61.90386    2.34244    3.01209    5.47117    2.00000
 179.88223    0.03155   22.79225   22.48094    0.12192    0.06729   11.03159   -5.14473    3.66624    1.06472    2.00000
 180.09863    0.01279   22.61410   22.32131    0.09946    0.05489   12.93243   -1.74755   -1.47252   -3.98168    2.00000
 180.02769   -0.04521   23.20835   22.84753    0.05302    0.02926    8.10148   -1.57605    0.00172   -4.20626    2.00000
 180.02621    0.00358   21.85620   21.62256    0.02646    0.01460   23.52679    4.22603    0.38689    5.16416    2.00000
 180.20303    0.06187   23.12582   22.77574    0.21225    0.11715    8.65986    2.25440   -0.49387    2.23446    2.00000
 179.99953    0.03524   22.72489   22.42072    0.03525    0.01945   11.74862   -0.36867   -1.06447   -0.19943    2.00000
 180.09489   -0.00756   22.84805   22.53076    0.09519    0.05254   10.56531   -0.48876   -0.22768   -1.73600    2.00000
 179.95657    0.03933   23.65131   23.22309    0.05858    0.03233    5.79235   -0.40081   -0.53239   -3.93304    2.00000
 179.97369    0.01244   21.82082   21.58939    0.02909    0.01606   24.12160    1.38061    0.52425    2.69373    2.00000
 179.95869   -0.15402   21.40330   21.18037    0.15946    0.08801   34.13215    4.44960    0.44167    4.33506    2.00000
 180.00694   -0.00728   23.59972   23.18000    0.01006    0.00555    6.00928   -0.24633    2.80043   -2.78047    2.00000
 180.00052   -0.05424   22.77728   22.46756    0.05425    0.02994   11.19093   -4.19556   -0.98763   -5.20704    2.00000
 179.99185   -0.01841   21.93245   21.69400    0.02013    0.01111   22.24568    2.05625    0.81654    2.33113    2.00000
 179.99496    0.00790   22.14108   21.88858    0.00937    0.00517   18.75650   -2.37976   -0.43341   -1.18365    2.00000
 179.93861    0.06266   22.94716   22.61910    0.08772    0.04841    9.87819    3.46525   -2.14738    1.40982    2.00000
 180.01280    0.00463   21.16481   20.92240    0.01361    0.00751   41.78508    3.68986    3.26283    7.40430    2.00000
 180.02521   -0.02591   21.38504   21.16172    0.03615    0.01995   34.62284   -4.44802   -1.21656   -5.04684    2.00000
 180.01253   -0.02437   23.14984   22.79673    0.02740    0.01512    8.49659    6.76008    2.02983   12.18493    2.00000
 179.97342   -0.01935   21.70596   21.47967    0.03287    0.01814   26.25919   -2.35787    0.61722   -1.71840    2.00000
 180.02211    0.01220   23.38259   22.99661    0.02525    0.01394    6.94184   -2.02967    0.92733   -4.56605    2.00000
 179.89684   -0.02867   23.60936   23.18805    0.10707    0.05909    5.96874    2.04842    0.65756   -4.23337    2.00000
 180.03743    0.01113   23.21322   22.85176    0.03905    0.02155    8.06855    2.83091    3.26673    3.71673    2.00000
 180.01015   -0.00552   22.10699   21.85723    0.01155    0.00638   19.31857   10.12958   -0.82169    8.97827    2.00000
 180.03638   -0.05570   23.27661   22.90680    0.06652    0.03672    7.64046   -1.68610   -0.08218   -3.64611    2.00000
 179.96080   -0.09326   21.93793   21.69910    0.10116    0.05583   22.15417    4.28672    2.86631    7.05971    2.00000
 179.95477   -0.02440   23.07301   22.72958    0.05139    0.02836    9.01885   -3.51248   -0.90857   -1.75336    2.00000
 179.97038   -0.13170   21.70596   21.47967    0.13499    0.07450   26.25919   -0.29371   -1.67674   -2.23509    2.00000
 180.01129   -0.15853   22.31731   22.05042    0.15893    0.08772   16.15806   -5.88949   -1.61553   -7.81866    2.00000
 179.97169   -0.01844   23.42611   23.03348    0.03379    0.01865    6.74695    3.21608   -4.04765    3.56401    2.00000
 180.16154   -0.07704   23.27918   22.90900    0.17897    0.09878    7.62329   -3.33737    0.89044    0.41617    2.00000
 179.98923    0.00370   21.80721   21.57663    0.01139    0.00629   24.35037   -2.16273   -0.04073   -1.47015    2.00000
 180.02550    0.16921   23.19859   22.83906    0.17112    0.09445    8.16734    3.95718    0.30952    6.90967    2.00000
 179.96951    0.05904   22.61931   22.32599    0.06645    0.03667   12.87662   -0.54532    0.48573    1.13677    2.00000
 180.03169    0.00245   22.47941   22.19929    0.03180    0.01755   14.38535    0.31399    1.05123    2.32041    2.00000
 179.98454   -0.02899   21.06794   20.80438    0.03285    0.01813   46.20785    6.36998    2.98258    9.17351    2.00000
 180.00980    0.00285   23.08741   22.74217    0.01020    0.00563    8.92095    2.38106    1.52539    6.77797    2.00000
 180.02039   -0.00075   21.31133   21.08454    0.02041    0.01126   36.65289    2.01886   -2.67500   -0.39516    2.00000
 180.03223   -0.11803   22.86892   22.54936    0.12235    0.06753   10.42065    2.92820    1.16401    4.65683    2.00000
 180.04265   -0.02685   23.44233   23.04720    0.05040    0.02782    6.67787    0.49197   -2.52469    2.69423    2.00000
 180.00633    0.01756   23.83185   23.37239    0.01867    0.01030    5.04069   -3.15428    6.17169   -2.04225    2.00000
 180.03963    0.06675   23.17178   22.81577    0.07762    0.04284    8.34845    0.83564    2.13856    5.46156    2.00000
 179.67142   -0.04331   22.80722   22.49432    0.33142    0.18292   10.87225    0.66141    3.54853    3.88337    2.00000
 180.01968   -0.11663   23.69622   23.26028    0.11828    0.06528    5.60509    0.08343    0.91486    2.02480    2.00000
 180.00368   -0.06170   23.10901   22.76105    0.06180    0.03411    8.77409    2.20115   -1.34504    1.83642    2.00000
 179.97406    0.02261   23.45854   23.06092    0.03441    0.01899    6.60879   -2.74348   -1.38514   -4.30726    2.00000
 180.11237   -0.03672   19.58029   19.07025    0.11822    0.06525  155.45309   -0.66342   -1.56441   -2.16090    2.00000
 180.10892    0.07920   22.13560   21.88357    0.13467    0.07433   18.84631   -7.81515    2.09110   -6.68427    2.00000
 180.02908    0.04878   22.90543   22.58191    0.05679    0.03135   10.16750    2.32200   -0.38585    0.47509    2.00000
 180.03899   -0.09277   21.94615   21.70676    0.10063    0.05554   22.01691   -2.73387   -0.95330   -4.13000    2.00000
 180.09593    0.00324   23.77470   23.32521    0.09599    0.05298    5.27820    4.94913    2.36095    3.12568    2.00000
 180.38231   -0.12996   23.77946   23.32914    0.40379    0.22287    5.25841   -4.56241    1.12283    0.44780    2.00000
 179.96671   -0.04891   21.71919   21.49243    0.05917    0.03266   25.92361    2.67860   -1.50379    1.49040    2.00000
 180.05222    0.02174   23.83900   23.37828    0.05657    0.03122    5.01101   -1.48441   -1.83243    3.00235    2.00000
 179.91560   -0.01889   23.45314   23.05635    0.08649    0.04773    6.63182    1.27699   -2.80693   -4.46976    2.00000
 179.99577   -0.00289   21.84803   21.61490    0.00511    0.00282   23.66405    1.96542    1.65905    3.51823    2.00000
 179.91354   -0.07980   21.64259   21.41857    0.11766    0.06494   27.86649   -2.38589   -1.72809   -3.77248    2.00000
 180.00345   -0.05204   20.83024   20.44152    0.05215    0.02878   60.62891   -3.07097    1.21375   -2.13875    2.00000
 179.97961   -0.00593   22.02836   21.78330    0.02123    0.01172   20.64429   -5.24422    3.20566   -1.83557    2.00000
 180.02054   -0.06028   22.69234   22.39161    0.06368    0.03515   12.09523   -2.40650   -4.01781   -4.16278    2.00000
 179.98616    0.05849   22.99965   22.66539    0.06011    0.03317    9.51814   -6.63212   -2.43797  -11.18862    2.00000
 180.04176   -0.15786   22.22558   21.96608    0.16329    0.09013   17.36667   -2.79066   -1.29100   -3.98145    2.00000
 180.01770   -0.01452   22.43254   22.15657    0.02289    0.01264   14.89402   -0.83151   -1.35832   -3.88522    2.00000
 179.93835   -0.06611   23.08021   22.73588    0.09039    0.04989    8.96990    1.41152   -0.63324    2.70230    2.00000
 179.96941    0.09012   21.79632   21.56643    0.09517    0.05253   24.53338    0.60037    0.56854    1.39138    2.00000
 179.88683   -0.02454   21.40852   21.18570    0.11581    0.06392   33.99195    1.33061   -2.21997   -0.79298    2.00000
 179.94794   -0.02860   23.68312   23.24943    0.05939    0.03278    5.65971   -2.18430   -0.00723   -0.90733    2.00000
 179.98402    0.04334   23.01473   22.67862    0.04619    0.02549    9.41523   -3.31454   -4.12868   -3.57133    2.00000
 180.13214    0.00421   21.34774   21.12333    0.13221    0.07297   35.63274    2.14905    2.92876    5.07094    2.00000
 179.94994   -0.04131   21.68744   21.46181    0.06491    0.03583   26.72900    1.65553    4.87523    6.75087    2.00000
 179.67567    0.08913   22.73238   22.42741    0.33634    0.18564   11.66895    2.94008   -2.53083    1.63584    2.00000
 180.00911    0.00890   21.22378   20.99085    0.01273    0.00703   39.21978   -1.73517   -0.34010   -1.98805    2.00000
 179.87608    0.23070   21.59756   21.37529    0.26187    0.14453   29.00506   -2.06434   -3.16741   -4.98029    2.00000
 180.04987    0.01005   23.24004   22.87504    0.05086    0.02807    7.88743    1.56627   -1.90358   -2.56203    2.00000
 180.01405   -0.04803   23.00503   22.67012    0.05005    0.02762    9.48139    1.51917   -1.57531   -3.96813    2.00000
 179.99294   -0.03917   23.71493   23.27578    0.03980    0.02197    5.52706   -3.20177   -0.34040   -7.63949    2.00000
 180.01562    0.12689   22.92369   22.59818    0.12785    0.07056   10.04093   -0.76997   -0.81018    0.99156    2.00000
 180.07404   -0.06249   21.50798   21.28732    0.09687    0.05347   31.31890    0.92219    3.56658    4.45118    2.00000
 179.98180   -0.02771   20.76117   20.34530    0.03315    0.01830   65.58746    4.75626   -1.09419    3.92358    2.00000
 179.93272   -0.06948   22.11697   21.86654    0.09671    0.05338   19.15168    1.23145   -2.78175   -1.74759    2.00000
 180.00305    0.01166   22.49347   22.21210    0.01205    0.00665   14.23276   -8.05067   -4.32164  -10.93565    2.00000
 179.73026   -0.08972   23.82709   23.36845    0.28427    0.15689    5.06049    1.28135   -1.02653   -1.95851    2.00000
 179.99026   -0.06415   21.91335   21.67614    0.06489    0.03581   22.56596    2.99543   -3.73078    1.05538    2.00000
 180.06358   -0.11415   21.62481   21.40148    0.13066    0.07211   28.31600   -3.57040    2.15575   -1.61453    2.00000
 180.01572   -0.20761   23.21810   22.85599    0.20821    0.11491    8.03562    1.88318   -0.11313   -0.77528    2.00000
 179.95291   -0.07142   23.37443   22.98970    0.08555    0.04722    6.99564    2.35003    2.43467    1.73654    2.00000
 179.96799   -0.03096   22.82979   22.51449    0.04454    0.02458   10.69188   -4.84437   -1.27860   -6.47687    2.00000
 180.02724    0.01879   22.54972   22.26336    0.03309    0.01826   13.62241   -3.45787   -0.10852   -2.35263    2.00000
 179.98875    0.05594   23.60454   23.18403    0.05706    0.03149    5.98901   -4.60619    2.90981   -1.20989    2.00000
 179.96426    0.02738   21.48415   21.26298    0.04501    0.02484   31.95910   -1.25115   -0.67763   -1.49352    2.00000
 179.99042   -0.00229   23.07301   22.72958    0.00985    0.00544    9.01885   -1.98959    1.90850    4.98750    2.00000
 179.86938    0.18726   22.14108   21.88858    0.22831    0.12601   18.75650    0.73803   -0.30519    1.29347    2.00000
 179.96799   -0.03490   23.18397   22.82636    0.04736    0.02614    8.26612   -0.49840    3.79726    5.05198    2.00000
 179.85474   -0.03277   23.39076   23.00353    0.14891    0.08219    6.89772   -1.44145    1.14509   -3.09188    2.00000
 180.01408   -0.00019   23.41525   23.02428    0.01409    0.00778    6.79324    1.65722    3.98249    7.27066    2.00000
 179.98990   -0.12087   22.46535   22.18648    0.12129    0.06694   14.53793    0.33962    2.96368    4.66282    2.00000
 179.97398    0.00960   23.32544   22.94819    0.02774    0.01531    7.31847    2.54540    2.08478    5.75550    2.00000
 179.96219    0.04889   21.75359   21.52560    0.06180    0.03411   25.26545   -3.78971   -1.46089   -6.50073    2.00000
 180.12053   -0.23899   21.55668   21.33599    0.26766    0.14773   30.03864   -9.25700    3.22267   -6.61327    2.00000
 180.05092    0.06633   21.71125   21.48478    0.08362    0.04615   26.12496    2.19494   -1.58182    1.69314    2.00000
 179.96474    0.00951   22.80223   22.48986    0.03653    0.02016   10.92537    2.47649    1.88268    1.04207    2.00000
 180.04671   -0.03232   21.80993   21.57918    0.05679    0.03135   24.30461    2.35725    3.91495    6.52780    2.00000
 180.47560   -0.11995   22.23329   21.97317    0.49049    0.27072   17.23957    0.07276    0.61627    1.82190    2.00000
 180.04919   -0.00054   20.83116   20.44297    0.04920    0.02715   60.55391   -0.07505    0.82781    0.78510    2.00000
 179.75700   -0.35075   23.31183   22.93666    0.42670    0.23551    7.40814    0.19638   -1.18680   -2.32878    2.00000
 179.99843    0.13670   22.57237   22.28381    0.13671    0.07545   13.37894    5.44397   -0.54633    3.20892    2.00000
 179.97603   -0.08019   22.99965   22.66539    0.08370    0.04619    9.51814    0.84915   -0.65758   -1.03409    2.00000
 179.98973    0.00700   23.05621   22.71490    0.01243    0.00686    9.13308    2.03488   -2.31838   -5.56778    2.00000
 180.00740   -0.06672   21.80449   21.57408    0.06713    0.03705   24.39612   -5.45103    3.24983   -2.84115    2.00000
 180.01418   -0.02701   23.50719   23.10209    0.03050    0.01684    6.40154    2.54363   -0.51223    0.61175    2.00000
 179.98914    0.02880   22.36772   22.09686    0.03078    0.01699   15.60510   -4.14364   -1.78591   -4.19862    2.00000
 179.99391    0.02759   18.72722   18.16653    0.02826    0.01560  262.87402    0.20842    0.50288    0.62598    2.00000
 179.84592    0.06250   22.62453   22.33068    0.16629    0.09178   12.82081   -2.25911   -0.41831   -0.74004    2.00000
 180.16624    0.01710   22.20501   21.94718    0.16713    0.09224   17.70559   -0.21483   -1.73598   -2.87298    2.00000
 180.04704   -0.01846   22.90282   22.57958    0.05053    0.02789   10.18559   -4.80473    1.11582   -3.87589    2.00000
 180.00827   -0.07852   23.21810   22.85599    0.07895    0.04358    8.03562   -4.02592    7.55727    2.96372    2.00000
 180.07172    0.08196   22.88978   22.56796    0.10891    0.06011   10.27600    0.05024    0.50516    1.81341    2.00000
 179.75723    0.07577   23.19128   22.83271    0.25431    0.14036    8.21673    5.27187    3.33666   10.56453    2.00000
 180.32906   -0.49733   23.21078   22.84964    0.59634    0.32914    8.08501   -5.79529   -1.95814   -0.98765    2.00000
 180.08672    0.02556   22.38452   22.11234    0.09041    0.04990   15.42078    1.96132    4.47049    5.00743    2.00000
 180.16479   -0.10587   22.77978   22.46979    0.19586    0.10810   11.16438    3.49395    0.27649    6.19181    2.00000
 179.96629   -0.09419   20.81820   20.42260    0.10004    0.05522   61.60387   -1.70774    2.36938    0.76720    2.00000
 180.02464   -0.02689   23.81994   23.36256    0.03648    0.02013    5.09017   -2.33757   -0.15975    1.76800    2.00000
 179.85478   -0.09485   22.92630   22.60050    0.17345    0.09573   10.02285   -3.01972    0.69381   -3.31666    2.00000
 179.95607    0.06799   23.30911   22.93436    0.08094    0.04467    7.42608    2.18866   -2.21963   -1.61749    2.00000
 179.71851   -0.14500   22.58802   22.29787    0.31665    0.17477   13.21150    1.38577    0.03241    2.76159    2.00000
 180.02281    0.02736   23.61096   23.18939    0.03563    0.01966    5.96198    0.83502   -0.51158   -2.39944    2.00000
 180.03162    0.00028   23.04901   22.70860    0.03162    0.01745    9.18203   -3.26218    0.88567   -0.59912    2.00000
 180.05281    0.10520   23.11381   22.76525    0.11771    0.06497    8.74145   -4.07629    1.13727   -1.20831    2.00000
 180.03757   -0.05634   22.56193   22.27443    0.06771    0.03737   13.49057    5.73206    3.29397   10.03922    2.00000
 179.74487    0.11142   22.31731   22.05042    0.27839    0.15365   16.15806    0.99189   -1.43903    2.46837    2.00000
 180.02319    0.05732   22.56976   22.28146    0.06183    0.03413   13.40685    0.95481   -1.66016   -0.02135    2.00000
 179.96330   -0.05465   23.70932   23.27113    0.06583    0.03633    5.55047    3.28585    0.90140    0.50204    2.00000
 179.90552   -0.01835   22.44425   22.16725    0.09625    0.05312   14.76681   -5.47100    0.54007   -4.68808    2.00000
 180.04428    0.03136   22.95499   22.62608    0.05426    0.02995    9.82395    2.14775    0.97705    5.71947    2.00000
 179.99471    0.01154   23.72803   23.28663    0.01270    0.00701    5.47245    1.35739   -0.03287    1.22174    2.00000
 179.89832   -0.04247   23.15471   22.80096    0.11019    0.06082    8.46370    1.94925    2.04012    6.99986    2.00000
 179.97552   -0.13232   20.52503   20.06795    0.13457    0.07427   79.88010    4.80633    0.21469    5.28308    2.00000
 180.00945   -0.07869   23.43152   23.03805    0.07926    0.04374    6.72392    0.36480    0.27866   -0.43322    2.00000
 179.97260    0.00145   21.91063   21.67359    0.02743    0.01514   22.61171    1.70683    1.23865    1.66540    2.00000
 180.01273    0.04304   23.74300   23.29903    0.04489    0.02477    5.41002    4.69840   -1.40938    7.29780    2.00000
 180.00798    0.05592   18.06440   18.10081    0.05649    0.03118  271.92697   -2.59450   -0.38088   -2.97170    2.00000
 180.01410    0.02103   23.53962   23.12953    0.02532    0.01397    6.26338   -1.51821   -2.31148   -3.02345    2.00000
 180.00703   -0.02967   21.92970   21.69145    0.03049    0.01683   22.29143    2.07249    3.60022    6.22732    2.00000
 180.01242   -0.00401   22.33171   22.06369    0.01305    0.00720   16.00007   -5.62083    1.18957   -5.48214    2.00000
 180.04112   -0.02933   23.80327   23.34880    0.05052    0.02788    5.15945    1.17989   -0.03043    1.25286    2.00000
 180.03317    0.05082   22.88457   22.56331    0.06069    0.03350   10.31216   -6.00542    3.69417   -2.35584    2.00000
 180.07353    0.01686   21.76417   21.53581    0.07544    0.04164   25.08243    3.79731   -2.01800    1.95714    2.00000
 179.81184   -0.03836   23.72803   23.28663    0.19202    0.10598    5.47245   -3.12100    2.98311   -3.00913    2.00000
 180.15849   -0.03590   23.71867   23.27888    0.16251    0.08969    5.51146  -10.26578    0.12826  -17.27057    2.00000
 179.92242    0.28823   22.92630   22.60050    0.29848    0.16474   10.02285   -3.57487    1.45353   -3.00077    2.00000
 179.95909   -0.00795   21.84531   21.61235    0.04168    0.02300   23.70981   -1.10771   -1.81740   -2.15562    2.00000
 180.00523   -0.01154   23.13782   22.78623    0.01267    0.00699    8.57827    2.74947    0.72785    1.88025    2.00000
 180.00537   -0.06875   21.68479   21.45926    0.06896    0.03806   26.79611    3.95160   -0.01741    3.63623    2.00000
 179.94772    0.02879   22.19730   21.94009    0.05967    0.03294   17.83268   -6.56994    2.13848   -4.05256    2.00000
 179.97018    0.02773   23.03460   22.69602    0.04071    0.02247    9.27994   -3.16860   -3.32399   -6.37173    2.00000
 180.05232   -0.01232   17.48177   16.80938    0.05375    0.02967  527.01428    0.80077    1.23134    2.07271    2.00000
 179.97136   -0.01306   23.52611   23.11809    0.03148    0.01737    6.32095   -1.50527   -0.44973   -7.97888    2.00000
 180.25961   -0.06538   23.49098   23.08836    0.26771    0.14776    6.47062   -2.70031   -3.74195   -3.47940    2.00000
 180.03918    0.06243   21.74830   21.52050    0.07371    0.04068   25.35696    0.89795    1.32560    2.09087    2.00000
 180.15521    0.00657   22.32931   22.06148    0.15536    0.08574   16.02640   -1.48973    0.56915    1.06375    2.00000
 179.96002   -0.08124   22.44894   22.17153    0.09054    0.04997   14.71595    4.14677    1.02311    4.35603    2.00000
 180.00439   -0.00708   22.76730   22.45863    0.00833    0.00460   11.29716   -2.06684    0.96245    0.26554    2.00000
 180.11810    0.18904   22.31491   22.04821    0.22291    0.12303   16.18439   -0.11916   -0.64613   -0.50133    2.00000
 179.99919    0.05864   22.08529   21.83659    0.05865    0.03237   19.68867    1.98287   -0.60588    1.68999    2.00000
 179.98256    0.04351   22.10156   21.85207    0.04688    0.02587   19.41110   -4.29090    2.47875    0.76314    2.00000
 179.94746    0.10758   23.30095   22.92744    0.11973    0.06608    7.47988   -6.52192   -2.80649   -4.85912    2.00000
 179.96626    0.02969   23.66254   23.23239    0.04494    0.02480    5.74554   -4.57544    0.97895   -7.50500    2.00000
 179.97343    0.02549   22.46535   22.18648    0.03682    0.02032   14.53793   -1.27782    0.39212   -2.99556    2.00000
 180.13344   -0.05180   22.10699   21.85723    0.14314    0.07900   19.31857   -4.51718    3.74460   -0.84702    2.00000
 180.01039   -0.01239   21.22832   20.99576    0.01617    0.00893   39.03562    4.90746   -0.14000    4.48746    2.00000
 179.95061    0.00785   23.46935   23.07007    0.05001    0.02760    6.56273    3.55553    1.05425    6.06389    2.00000
 179.97620    0.02805   23.55854   23.14554    0.03679    0.02031    6.18278    1.40642   -1.26240    6.25995    2.00000
 179.96446    0.03398   23.14742   22.79462    0.04917    0.02714    8.51300    1.60138   -1.04014   -1.86132    2.00000
 179.96532   -0.01023   23.17178   22.81577    0.03617    0.01996    8.34845    5.04588   -2.29702    3.01813    2.00000
 179.99171    0.06036   22.93934   22.61213    0.06093    0.03363    9.93244   -0.96544   -0.89863    0.07226    2.00000
 180.03024    0.02187   23.31455   22.93897    0.03733    0.02060    7.39021   -2.87364    0.80569   -2.59386    2.00000
 180.06956    0.00950   22.77728   22.46756    0.07020    0.03875   11.19093   -0.65211   -2.50698   -2.70018    2.00000
 180.07120   -0.02218   21.48155   21.26032    0.07458    0.04116   32.02920    6.76092    0.00528    7.17493    2.00000
 179.96272   -0.06775   23.32272   22.94589    0.07733    0.04268    7.33640   -1.12840    1.38451   -2.17429    2.00000
 180.04704    0.01561   21.47633   21.25499    0.04957    0.02736   32.16939   -0.70810   -0.01571   -1.59053    2.00000
 179.98428    0.00602   21.68744   21.46181    0.01683    0.00929   26.72900   -0.27999    1.03675   -0.43710    2.00000
 180.00154    0.09613   23.59008   23.17195    0.09614    0.05306    6.04981   -2.36072    2.48808    1.52936    2.00000
 179.99336   -0.20596   23.69435   23.25873    0.20606    0.11373    5.61289   -1.14314    0.46671   -1.75334    2.00000
 180.01929    0.07872   21.11712   20.86497    0.08104    0.04473   43.93710   -1.47953    1.27262   -0.08818    2.00000
 179.98953   -0.04145   21.71125   21.48478    0.04275    0.02360   26.12496   -3.28211    2.35027   -1.14281    2.00000
 179.87120   -0.11448   22.49347   22.21210    0.17233    0.09511   14.23276   -0.11763   -3.09140   -2.66437    2.00000
 180.00560   -0.07237   21.63260   21.40897    0.07259    0.04006   28.11913   -0.30711   -0.43678   -0.68565    2.00000
 179.99408   -0.05033   22.07129   21.82328    0.05068    0.02797   19.92747   -4.92444    3.47188   -2.42366    2.00000
 179.84535    0.15499   23.22541   22.86234    0.21895    0.12084    7.98622   -1.03561   -1.78860   -1.90181    2.00000
 179.98125   -0.01136   21.57225   21.35096    0.02193    0.01210   29.64489    2.96420    0.17182    3.17133    2.00000
 180.06448    0.08824   23.77470   23.32521    0.10929    0.06032    5.27820    5.82508    0.38864    6.69763    2.00000
 180.01144   -0.00653   23.80089   23.34683    0.01318    0.00727    5.16934    4.95008    0.28751    4.41691    2.00000
 179.94371   -0.00817   22.93151   22.60515    0.05688    0.03140    9.98668    0.65521   -1.28983    0.34139    2.00000
 179.98714    0.00146   22.31011   22.04378    0.01295    0.00715   16.23705    4.63336   -3.41428    1.50523    2.00000
 180.06731    0.08544   23.56389   23.15006    0.10877    0.06003    6.16001   -1.01418   -0.25765    2.68727    2.00000
 180.02345    0.02263   21.96259   21.72207    0.03260    0.01799   21.74238   -1.87904    2.52904    0.55534    2.00000
 179.98643   -0.00790   23.19372   22.83482    0.01570    0.00867    8.20027    1.33681    1.37435    6.13458    2.00000
 180.07474    0.01892   23.78184   23.33111    0.07710    0.04255    5.24851    5.71547   -3.16348    3.49179    2.00000
 179.96407    0.00050   22.21529   21.95663    0.03594    0.01984   17.53613    4.37252    0.13456    4.29624    2.00000
 179.98643    0.03897   23.21566   22.85388    0.04126    0.02277    8.05208    4.55134   -3.05060    0.67758    2.00000
 180.07211    0.17447   23.71119   23.27268    0.18879    0.10420    5.54267    1.62537    0.20857   -3.22974    2.00000
 180.02631   -0.01504   18.01493   18.05187    0.03030    0.01672  278.66840    1.84983   -1.77450    0.03392    2.00000
 180.01109    0.00706   21.25673   21.02637    0.01315    0.00726   38.18313   -5.80046   -2.58128   -8.30818    2.00000
 179.90550    0.05269   21.16481   20.92240    0.10820    0.05972   41.78508    1.12808   -3.07514   -2.38391    2.00000
 179.97057   -0.09804   23.26686   22.89833    0.10237    0.05650    7.70632    0.82583    2.48397    6.87589    2.00000
 179.98627   -0.01564   22.85327   22.53541    0.02081    0.01149   10.52914   -5.10488    0.45249   -5.41567    2.00000
 180.07309    0.04934   23.49908   23.09523    0.08819    0.04867    6.43608    1.00426    1.58652    0.51204    2.00000
 180.01210   -0.01448   22.37732   22.10570    0.01887    0.01042   15.49977   -4.84485    0.42099   -4.63646    2.00000
 179.97252    0.02079   22.93934   22.61213    0.03446    0.01902    9.93244   -2.55526   -3.64643   -4.56635    2.00000
 179.93956   -0.06341   23.22541   22.86234    0.08760    0.04835    7.98622    5.13297    0.27788    4.43220    2.00000
 179.97833    0.10663   21.09622   20.83957    0.10881    0.06005   44.88907   -2.97835   -6.13854   -9.04409    2.00000
 179.95461    0.01176   21.16609   20.92389    0.04690    0.02589   41.72912    0.05434   -1.85146   -2.29336    2.00000
 179.92477    0.04116   21.18152   20.94181    0.08575    0.04733   41.05765    7.27513   -0.60530    6.68795    2.00000
 180.02147   -0.04550   21.63455   21.41084    0.05031    0.02777   28.06991   -1.72812    2.03343    0.64708    2.00000
 179.79529    0.06537   22.78726   22.47648    0.21489    0.11860   11.08471    0.13970    0.35648   -0.21411    2.00000
 180.15762   -0.02126   21.62481   21.40148    0.15906    0.08779   28.31600    6.57632    0.07131    6.70487    2.00000
 180.04897    0.10633   21.51420   21.29367    0.11706    0.06461   31.15185    1.56375   -1.40419    0.37656    2.00000
 180.01823    0.01016   23.10181   22.75476    0.02088    0.01152    8.82304   -2.57811   -1.98325   -4.53699    2.00000
 180.00522    0.02599   22.93673   22.60980    0.02651    0.01463    9.95052    6.50256    1.58498    9.15216    2.00000
 179.99028    0.02640   23.55314   23.14096    0.02813    0.01553    6.20581    5.53414    0.62627    6.25099    2.00000
 180.01193   -0.00668   21.83714   21.60470    0.01367    0.00755   23.84707    7.05553    0.94646    7.59115    2.00000
 180.00288   -0.02964   23.63827   23.21221    0.02978    0.01644    5.84713    4.88006    2.71681   13.22439    2.00000
 180.07800   -0.01234   22.93673   22.60980    0.07898    0.04359    9.95052    3.48415   -0.91601    5.60009    2.00000
 179.99461    0.03163   22.57237   22.28381    0.03209    0.01771   13.37894   -3.01778    1.72538   -1.69274    2.00000
 179.99283   -0.00353   21.89702   21.66083    0.00799    0.00441   22.84048   -4.15703    0.81908   -4.54504    2.00000
 180.11731   -0.07658   22.07832   21.82996    0.14010    0.07732   19.80763    1.88120    3.08356    4.60539    2.00000
 179.90712   -0.04982   21.83714   21.60470    0.10540    0.05817   23.84707   -3.71379   -4.05403   -8.89417    2.00000
 180.69849   -0.14951   23.52611   23.11809    0.71430    0.39426    6.32095   -1.65838   -2.91013    1.90045    2.00000
 179.98294   -0.01051   23.54503   23.13410    0.02004    0.01106    6.24035    0.65182    2.41418   12.17540    2.00000
 179.99001   -0.04768   20.52282   20.06555    0.04872    0.02689   80.00380   -1.06660   -0.12253   -1.21189    2.00000
 180.00749    0.04458   21.18152   20.94181    0.04520    0.02495   41.05765   -5.25517   -0.00478   -4.85069    2.00000
 179.97234   -0.11975   22.86370   22.54471    0.12290    0.06783   10.45681    2.38386   -4.16716   -1.76376    2.00000
 180.01534   -0.02849   22.79724   22.48540    0.03235    0.01786   10.97848   -4.79599   -2.67790   -5.88460    2.00000
 179.97008    0.01149   22.31491   22.04821    0.03205    0.01769   16.18439    1.03809   -1.54747   -1.41674    2.00000
 180.09833    0.00688   22.27955   22.01569    0.09857    0.05440   16.57155    0.56037    0.19822    0.70593    2.00000
 180.00401   -0.02024   17.98377   17.99300    0.02064    0.01139  287.00644    0.31476   -0.96004   -0.63683    2.00000
 180.01495   -0.03419   21.04923   20.77972    0.03731    0.02059   47.13220    1.16963    0.27691    1.59042    2.00000
 180.15311   -0.04573   23.62382   23.20013    0.15978    0.08819    5.90794   -2.92582   -3.83463   -4.89173    2.00000
 180.02408    0.00696   22.53800   22.25268    0.02506    0.01383   13.74957   -0.03146    0.40294    1.05379    2.00000
 180.03188   -0.03245   21.58588   21.36406    0.04549    0.02511   29.30036    1.02101   -2.26117   -0.71693    2.00000
 179.91759    0.08022   22.89761   22.57493    0.11501    0.06348   10.22175    2.08924   -1.25510    3.46672    2.00000
 180.16908    0.00303   22.60888   22.31662    0.16910    0.09333   12.98825   -2.95328    1.27419   -1.57339    2.00000
 180.12988    0.06750   22.29241   22.02751    0.14638    0.08079   16.43089    1.65090   -3.53699   -0.82098    2.00000
 180.07587   -0.04036   21.97629   21.73482    0.08594    0.04743   21.51361    2.44127   -1.02057    0.57594    2.00000
 180.00868   -0.04124   21.79904   21.56898    0.04215    0.02326   24.48763   -1.78335   -1.82280   -3.11284    2.00000
 179.95506   -0.03363   21.24864   21.01775    0.05612    0.03098   38.40983    5.14229   -2.05778    2.92285    2.00000
 179.91924    0.04884   23.24736   22.88139    0.09439    0.05209    7.83804    6.70977    2.34516   11.01638    2.00000
 179.96394   -0.10706   23.04661   22.70651    0.11297    0.06235    9.19835   -0.85002    2.85867   -1.85551    2.00000
 180.01909   -0.00593   23.53962   23.12953    0.01999    0.01103    6.26338    4.19076    0.67909   -2.51679    2.00000
 179.96921    0.04115   22.98026   22.64838    0.05139    0.02836    9.65045   -4.42890    0.02986   -3.83883    2.00000
 180.08727    0.11233   21.61508   21.39213    0.14224    0.07851   28.56209    0.19845    0.17668   -0.01473    2.00000
 180.48058   -0.05577   23.03701   22.69811    0.48380    0.26702    9.26362   -2.54823    3.64283    0.45902    2.00000
 180.01753    0.02579   23.10181   22.75476    0.03119    0.01721    8.82304   -4.10922    0.12436   -3.65394    2.00000
 179.83492    0.14036   22.38452   22.11234    0.21669    0.11960   15.42078   -1.50964   -2.34822   -5.92265    2.00000
 180.03094   -0.08765   23.61418   23.19208    0.09295    0.05130    5.94847   -0.67347   -0.09527    3.88880    2.00000
 179.99522    0.00495   22.58541   22.29553    0.00689    0.00380   13.23941   -0.87598   -1.01987   -2.53967    2.00000
 179.98096    0.05278   23.80566   23.35076    0.05611    0.03097    5.14955   -4.75669   -1.79080  -13.32621    2.00000
 180.01640   -0.04267   23.29278   22.92052    0.04571    0.02523    7.53369    2.40377   -0.69603    0.65232    2.00000
 179.97516   -0.07490   23.59329   23.17463    0.07891    0.04355    6.03630    1.13434   -0.10403    2.92819    2.00000
 179.93192    0.04981   20.07864   19.59223    0.08436    0.04656  111.27028   -1.87158    0.03421   -1.67928    2.00000
 180.01082    0.04840   23.43962   23.04491    0.04959    0.02737    6.68938   -3.69280    0.34676   -4.63465    2.00000
 179.92696    0.08460   23.08501   22.74007    0.11176    0.06168    8.93726   -0.80347   -0.93581   -2.80103    2.00000
 179.98494   -0.01133   20.52724   20.07035    0.01885    0.01040   79.75640    1.56225    0.37425    2.13541    2.00000
 179.97169    0.02868   20.50513   20.04635    0.04029    0.02224   80.99337   -0.17139    0.59040    0.14602    2.00000
 179.95381   -0.00397   22.62453   22.33068    0.04636    0.02559   12.82081    1.01083    4.68577    3.63785    2.00000
 179.96034   -0.06320   21.94889   21.70931    0.07461    0.04118   21.97115    8.78277    3.47784   12.74417    2.00000
 180.19984   -0.01048   22.12135   21.87055    0.20013    0.11045   19.07982   -0.47414    0.11594   -0.77254    2.00000
 180.00250    0.01163   22.91587   22.59121    0.01190    0.00657   10.09518    1.83937   -1.23230    1.52128    2.00000
 179.97108    0.01728   21.31336   21.08670    0.03369    0.01859   36.59622   -2.25526   -2.13214   -4.08163    2.00000
 180.00896    0.20187   22.70244   22.40065    0.20207    0.11153   11.98763    6.62827   -1.62519    4.80903    2.00000
 180.06700   -0.06638   22.62192   22.32834    0.09431    0.05205   12.84871    1.55646   -1.14102    1.38504    2.00000
 179.95711    0.13418   23.75803   23.31145    0.14087    0.07775    5.34747   -5.76545   -1.16481   -5.14560    2.00000
 179.96761   -0.01127   22.09071   21.84175    0.03430    0.01893   19.59615   -1.59772   -2.49041   -4.41462    2.00000
 179.84949   -0.09998   20.17380   19.69249    0.18070    0.09973  104.41319   -2.77746    2.20160   -0.61105    2.00000
 179.99115   -0.07057   23.05381   22.71280    0.07113    0.03926    9.14940   -1.70566   -2.68545   -1.91482    2.00000
 180.00262   -0.01004   22.54034   22.25482    0.01037    0.00573   13.72413   -5.57964   -3.68008   -7.02645    2.00000
 179.95882    0.05763   23.05621   22.71490    0.07084    0.03910    9.13308   -4.11690    0.58732   -0.96013    2.00000
 180.04256    0.05520   21.67156   21.44651    0.06969    0.03847   27.13169    3.13117    3.27299    6.24990    2.00000
 179.98470   -0.08730   23.39076   23.00353    0.08863    0.04892    6.89772    0.60455   -2.37373   -0.11638    2.00000
 179.98624    0.01916   23.07301   22.72958    0.02359    0.01302    9.01885    0.86571   -2.43218   -1.36835    2.00000
 179.98711   -0.12142   23.41253   23.02198    0.12210    0.06739    6.80485    8.13270    3.62680   11.44735    2.00000
 179.94614    0.00545   22.63496   22.34005    0.05414    0.02988   12.70918   -0.91646    1.35780   -1.08691    2.00000
 180.06651    0.00299   23.69435   23.25873    0.06657    0.03674    5.61289    1.70263    3.39475    2.56176    2.00000
 180.00172   -0.02296   22.93412   22.60748    0.02302    0.01271    9.96860    2.56822   -1.83662   -1.31552    2.00000
 180.03792   -0.04146   22.52628   22.24200    0.05619    0.03101   13.87672   -5.31626    0.30056   -6.43380    2.00000
 180.01083   -0.00029   23.80327   23.34880    0.01083    0.00598    5.15945    1.34333    0.11048   -1.17999    2.00000
 179.98253   -0.04026   22.21015   21.95191    0.04388    0.02422   17.62086    1.42376   -0.49287    1.28834    2.00000
 179.95525   -0.01722   23.77946   23.32914    0.04795    0.02647    5.25841    1.68198    0.67312    9.86021    2.00000
 180.02733   -0.08789   23.32544   22.94819    0.09204    0.05080    7.31847   -2.22548    1.24051    3.22052    2.00000
 180.00058   -0.05705   23.63827   23.21221    0.05705    0.03149    5.84713    1.22620   -1.80978    2.30873    2.00000
 180.00052    0.00463   22.58280   22.29318    0.00465    0.00257   13.26732    1.75575   -0.90849   -0.70162    2.00000
 180.01273    0.03257   23.83900   23.37828    0.03497    0.01930    5.01101   -0.27485   -1.53328   -1.60793    2.00000
 179.98520   -0.03716   22.89500   22.57261    0.04000    0.02208   10.23983   -1.87564   -2.37906   -6.74155    2.00000
 180.00780   -0.02655   21.50887   21.28823    0.02767    0.01527   31.29503    1.15568   -0.00996    0.66829    2.00000
 179.98009   -0.00962   22.62453   22.33068    0.02212    0.01221   12.82081    0.83039    0.24831    1.68651    2.00000
 179.94348    0.06921   21.76153   21.53326    0.08935    0.04932   25.12819    0.81833    2.22489    2.69493    2.00000
 180.00041   -0.00670   23.61900   23.19610    0.00671    0.00370    5.92821   -6.51793    0.21657   -2.95038    2.00000
 180.05795   -0.00440   22.89239   22.57028    0.05813    0.03208   10.25791   -3.86127    4.88098    1.09354    2.00000
 179.93867   -0.01694   23.74112   23.29748    0.06363    0.03512    5.41783   -1.75188    1.81325    1.73730    2.00000
 179.99184   -0.00429   22.34371   22.07474    0.00922    0.00509   15.86841   -3.39425    1.70944   -2.11110    2.00000
 180.11446   -0.04823   23.54233   23.13182    0.12419    0.06854    6.25187    1.38964    0.11869   -2.06291    2.00000
 179.93324   -0.03386   21.72448   21.49754    0.07484    0.04131   25.78938   -0.11930   -2.49221   -2.68114    2.00000
 180.21648   -0.08552   22.46300   22.18434    0.23275    0.12846   14.56336   -8.29132    0.01382   -8.94379    2.00000
