#RA        DEC       MAG_G     MAG_I     ANGSEP    RPROJ     SNR       VTRUE       VSYS       VMEAS      VSYSERR    
 180.07776   -0.06054   21.69802   21.47202    0.09855    0.05439   26.46053   -0.40330   -0.78664   -2.50314    2.00000
 179.95801   -0.00857   23.78184   23.33111    0.04286    0.02365    5.24851    0.00961    2.02434   -5.40361    2.00000
 179.85260   -0.08592   23.57401   23.15853    0.17061    0.09417    6.11737   -5.16905   -2.38335  -13.46859    2.00000
 180.06931    0.02166   22.70743   22.40511    0.07261    0.04008   11.93451   -0.02628   -2.75257   -1.04718    2.00000
 179.86479   -0.14487   21.86980   21.63532    0.19816    0.10937   23.29802    0.91103    4.35319    5.94988    2.00000
 180.03532    0.01359   22.54972   22.26336    0.03785    0.02089   13.62241   -0.61645    0.37746   -0.56530    2.00000
 180.00757    0.02067   23.77470   23.32521    0.02202    0.01215    5.27820    4.58208   -0.20090    8.58708    2.00000
 180.13004    0.08711   23.82233   23.36452    0.15651    0.08638    5.08028   -3.30744   -1.98834   -1.32302    2.00000
 179.97179    0.01940   23.59008   23.17195    0.03424    0.01890    6.04981   -1.88852    2.09001   -5.04205    2.00000
 179.91045    0.13900   21.53818   21.31817    0.16535    0.09126   30.50754   -0.58926    0.87491   -0.22311    2.00000
 179.98080    0.16233   21.20979   20.97465    0.16346    0.09022   39.82660    1.34078    1.09984    2.52296    2.00000
 179.57671   -0.50305   22.14437   21.89158    0.65745    0.36287   18.70261    0.99581   -0.17121    1.39842    2.00000
 180.09644    0.06318   22.72739   22.42295    0.11529    0.06363   11.72206    3.88741    0.75734    8.39860    2.00000
 179.95306   -0.05755   20.92092   20.59139    0.07426    0.04099   54.19004   -3.80550   -0.82634   -4.73478    2.00000
 179.99486   -0.01437   23.80089   23.34683    0.01526    0.00842    5.16934   -2.64835   -0.98349    6.93154    2.00000
 180.10052   -0.00563   22.95499   22.62608    0.10069    0.05557    9.82395   -1.78973   -1.43892   -2.20867    2.00000
 180.02213   -0.00352   23.47746   23.07693    0.02241    0.01237    6.52819   -2.30705    0.32490   -3.46024    2.00000
 179.99818   -0.03755   22.67409   22.37521    0.03759    0.02075   12.29058    5.58821   -0.08491    2.08914    2.00000
 180.01144   -0.00838   21.94341   21.70421    0.01418    0.00783   22.06266   -4.47919   -1.17138   -6.20409    2.00000
 179.95747   -0.02876   22.07289   21.82480    0.05134    0.02834   19.90016    3.44249    2.14386    4.23370    2.00000
 180.05867   -0.18806   23.00611   22.67106    0.19699    0.10873    9.47404    5.70071    0.41734    6.89203    2.00000
 179.93854   -0.06424   22.86631   22.54704    0.08891    0.04907   10.43873    0.45736   -0.15960    2.09512    2.00000
 180.04364   -0.08144   23.26930   22.90045    0.09240    0.05100    7.68986   -1.03513    1.62352   -0.52907    2.00000
 180.04810    0.01656   22.17674   21.92119    0.05086    0.02807   18.17160    3.25754    0.14416    3.25340    2.00000
 180.39423   -0.12313   18.33041   17.74000    0.41300    0.22795  330.15741   -1.32340   -1.18617   -2.48501    2.00000
 180.07532   -0.01278   21.52752   21.30728    0.07639    0.04216   30.79390    2.96063    4.23771    7.34247    2.00000
 179.95526    0.01392   23.58205   23.16524    0.04685    0.02586    6.08359    3.99116   -1.08435    3.05141    2.00000
 179.98949   -0.06831   18.03681   17.61014    0.06911    0.03814  352.30447    2.02342   -3.90788   -1.87325    2.00000
 180.02402   -0.00526   22.80473   22.49209    0.02458    0.01357   10.89881    0.67704    2.98289    2.76405    2.00000
 180.03491   -0.04458   23.08021   22.73588    0.05662    0.03125    8.96990    6.78650   -0.68148    2.65769    2.00000
 179.99596    0.02563   21.03925   20.76656    0.02595    0.01432   47.62518    0.25182    0.43824    0.91497    2.00000
 179.98227   -0.08864   22.15753   21.90360    0.09039    0.04989   18.48706    3.80287   -0.38910    3.49011    2.00000
 179.97563    0.02249   22.60888   22.31662    0.03317    0.01831   12.98825   -0.32590   -1.31407   -0.94522    2.00000
 180.00716   -0.02866   23.48017   23.07922    0.02954    0.01630    6.51668   -1.15357   -1.55016   -3.26086    2.00000
 180.02892    0.00053   23.35266   22.97125    0.02892    0.01596    7.13912   -3.83427   -3.75562   -6.35059    2.00000
 179.68048    0.01766   23.84138   23.38025    0.32001    0.17662    5.00111   -1.08290    0.90310    0.87967    2.00000
 179.99139    0.00299   23.54503   23.13410    0.00911    0.00503    6.24035   -7.14751    1.56731   -4.86694    2.00000
 180.01221    0.01306   23.80804   23.35273    0.01787    0.00986    5.13965   -5.03125    3.86088   -3.80352    2.00000
 179.48976   -0.31518   23.22298   22.86023    0.59974    0.33102    8.00269   -1.17391    1.22470    4.04674    2.00000
 180.00638   -0.00351   23.68499   23.25098    0.00728    0.00402    5.65191   -2.23592    0.77163   -6.08351    2.00000
 180.03641    0.03764   23.30639   22.93205    0.05237    0.02890    7.44401    4.21404    0.74010    5.14918    2.00000
 180.03748    0.00889   21.53818   21.31817    0.03851    0.02125   30.50754    5.16926   -1.62387    3.36758    2.00000
 179.99596   -0.07599   21.37983   21.15639    0.07610    0.04200   34.76304   -2.68046    2.32080   -0.66740    2.00000
 179.98055    0.01996   16.27926   15.39992    0.02788    0.01539 1029.47351   -2.08264    0.24984   -1.83293    2.00000
 180.01588   -0.05363   23.64791   23.22026    0.05593    0.03087    5.80660   -3.24626    0.54530   -4.09998    2.00000
 179.97643   -0.06157   20.94462   20.63006    0.06593    0.03639   52.74084    1.52270   -1.00894    0.74480    2.00000
 180.00880   -0.09223   23.13782   22.78623    0.09265    0.05114    8.57827   -4.53070   -0.05267   -6.28094    2.00000
 180.06256    0.01043   23.54773   23.13639    0.06343    0.03501    6.22884   -1.01868   -0.97322   -3.86922    2.00000
 179.95723    0.00178   22.86892   22.54936    0.04281    0.02363   10.42065   -1.80598   -1.47572   -2.88292    2.00000
 180.22070    0.02075   22.67669   22.37755    0.22169    0.12235   12.26267    1.89315   -0.71822    2.27194    2.00000
 179.98445    0.00939   22.57237   22.28381    0.01816    0.01002   13.37894    2.54811   -4.04889   -3.21525    2.00000
 180.00214    0.06193   23.65880   23.22929    0.06197    0.03420    5.76114    0.59528   -0.55674    6.69871    2.00000
 180.08217   -0.03954   23.17178   22.81577    0.09119    0.05033    8.34845    1.18417   -2.48710   -3.60659    2.00000
 180.04555   -0.00596   23.26930   22.90045    0.04594    0.02535    7.68986    5.47523   -0.35412    5.30383    2.00000
 180.02191   -0.04663   23.50719   23.10209    0.05152    0.02843    6.40154    1.82998    0.57648    3.77811    2.00000
 180.03864    0.05884   23.20347   22.84329    0.07039    0.03885    8.13441   -0.49449    0.25145    0.03223    2.00000
 179.92159   -0.12851   22.67930   22.37990    0.15055    0.08309   12.23476    8.01010    1.03219    5.19126    2.00000
 180.00745    0.00916   19.98871   19.49788    0.01181    0.00652  117.76484    1.00669    2.81636    3.81956    2.00000
 179.98016    0.03835   23.47476   23.07464    0.04317    0.02383    6.53971   -0.48105    1.88063    3.37552    2.00000
 180.02441   -0.18884   21.89430   21.65828    0.19041    0.10509   22.88624    3.58450   -1.11116    2.55220    2.00000
 179.94238    0.17486   22.03932   21.79351    0.18411    0.10161   20.46127    0.71954    0.59016    0.55371    2.00000
 179.93668   -0.00614   23.54773   23.13639    0.06362    0.03511    6.22884    0.02571    0.16466    4.01770    2.00000
 180.04814   -0.00839   23.45044   23.05406    0.04887    0.02697    6.64333   -6.45005    2.24757   -1.75369    2.00000
 180.05907   -0.05601   23.08741   22.74217    0.08140    0.04493    8.92095    0.27020    0.61253   -0.12152    2.00000
 179.97955   -0.09219   21.52486   21.30456    0.09443    0.05212   30.86549    1.00926   -0.63320    1.67362    2.00000
 180.02473   -0.08987   22.51222   22.22919    0.09321    0.05144   14.02931   -0.83800    5.80111    4.04576    2.00000
 179.84666    0.17461   23.76517   23.31735    0.23238    0.12826    5.31778    4.55724    2.01504    8.05846    2.00000
 180.03629    0.03196   20.75686   20.33968    0.04835    0.02668   65.87674    4.13368   -1.56351    2.79166    2.00000
 179.97562   -0.03763   21.46329   21.24166    0.04485    0.02475   32.51989   -3.16419    1.05023   -2.23479    2.00000
 180.01340    0.02254   23.79613   23.34290    0.02622    0.01447    5.18913    3.25224    3.25579   10.41831    2.00000
 180.02863    0.04099   23.23760   22.87293    0.05000    0.02759    7.90390    0.29914    5.24963    2.70493    2.00000
 179.98421   -0.02938   21.95437   21.71441    0.03336    0.01841   21.87965    2.43990   -2.19005    0.76252    2.00000
 180.04614   -0.10947   19.96337   19.47129    0.11880    0.06557  120.10780   -0.89008    0.40202   -0.47048    2.00000
 179.98750    0.01978   23.30095   22.92744    0.02339    0.01291    7.47988    0.05144    0.41412   -3.41247    2.00000
 180.03596   -0.02528   23.80089   23.34683    0.04396    0.02426    5.16934   -2.17971    1.46350   -3.19751    2.00000
 179.98767    0.02325   23.13782   22.78623    0.02632    0.01453    8.57827    3.21496   -0.91195   -0.80983    2.00000
 179.94353   -0.05767   21.38765   21.16438    0.08072    0.04455   34.55274    4.10471    3.00778    6.35558    2.00000
 180.04237   -0.01949   22.76980   22.46086    0.04664    0.02574   11.27060    1.63509    2.17740    3.05533    2.00000
 179.96358    0.08588   23.66815   23.23703    0.09328    0.05149    5.72213    0.53854    0.69740   -1.29071    2.00000
 179.54437    0.01814   22.61410   22.32131    0.45600    0.25168   12.93243   -3.17141    5.02613    3.30409    2.00000
 180.01074   -0.01211   20.79277   20.38646    0.01618    0.00893   63.46611    5.00372   -1.43179    3.47802    2.00000
 179.97890    0.10803   23.33088   22.95280    0.11008    0.06075    7.28260   -2.31759    0.48319   -3.72492    2.00000
 179.93629    0.01830   22.88978   22.56796    0.06628    0.03658   10.27600   -3.91165   -2.13080  -10.20955    2.00000
 180.06505   -0.01843   23.09701   22.75056    0.06761    0.03732    8.85567    3.29121    2.99570    7.25594    2.00000
 179.99234   -0.00722   23.81518   23.35863    0.01053    0.00581    5.10997   -1.77120   -2.09306   -1.48557    2.00000
 179.96909    0.04751   22.55440   22.26763    0.05668    0.03128   13.57155    2.16657    0.03152    3.29528    2.00000
 179.95932    0.03753   23.51800   23.11123    0.05535    0.03055    6.35549   -1.68927    1.51365   -1.10498    2.00000
 179.85587    0.00504   21.36157   21.13773    0.14422    0.07960   35.25373   -0.64321   -0.11215   -1.77577    2.00000
 180.04610    0.02078   23.35266   22.97125    0.05055    0.02790    7.13912   -0.25218    1.93764    1.93080    2.00000
 180.01651   -0.04486   22.78227   22.47202    0.04780    0.02638   11.13782    1.40055    0.73243    3.55915    2.00000
 179.98512   -0.08710   23.47746   23.07693    0.08836    0.04877    6.52819    1.21201   -0.89892   -2.71214    2.00000
 179.99817   -0.05163   23.39620   23.00814    0.05166    0.02851    6.87450   -2.37104    3.39229    2.25267    2.00000
 179.92477   -0.04404   22.86370   22.54471    0.08717    0.04811   10.45681   -1.61588   -0.64236   -5.10732    2.00000
 179.99593   -0.12579   23.15227   22.79884    0.12585    0.06946    8.48017    6.22383   -1.29749    7.45366    2.00000
 179.93478   -0.12906   22.48644   22.20570    0.14460    0.07981   14.30905    1.24666   -0.16227    2.48418    2.00000
 180.05786    0.10226   23.11141   22.76315    0.11750    0.06485    8.75777   -1.04926    0.97022   -5.80434    2.00000
 179.84824    0.00710   23.08981   22.74427    0.15193    0.08385    8.90463    1.91871    1.15101   -1.91157    2.00000
 180.25742   -0.18555   23.40709   23.01737    0.31732    0.17514    6.82807   -1.84224   -0.44137   -3.97822    2.00000
 180.03720   -0.03183   23.20835   22.84753    0.04896    0.02702    8.10148    2.32100    1.69492    6.39723    2.00000
 179.95950    0.08503   23.74112   23.29748    0.09418    0.05198    5.41783   -0.22422    0.02509    3.00707    2.00000
 180.11362   -0.00924   21.51509   21.29458    0.11400    0.06292   31.12799    1.83883   -0.02631    0.59314    2.00000
 180.04433   -0.01252   23.29550   22.92283    0.04606    0.02542    7.51575    1.79034   -1.16368    4.38715    2.00000
 180.02499   -0.03906   21.71390   21.48733    0.04637    0.02559   26.05784    1.44432    2.09504    4.41247    2.00000
 179.98015   -0.06809   22.96281   22.63305    0.07092    0.03914    9.76970   -0.81622   -1.17412   -1.33300    2.00000
 180.03789   -0.02909   23.51260   23.10666    0.04776    0.02636    6.37852    2.59571   -0.42325    1.93528    2.00000
 179.91435    0.13928   21.80449   21.57408    0.16351    0.09025   24.39612   -1.47604    0.07959   -1.82344    2.00000
 180.05473    0.04589   22.36532   22.09464    0.07143    0.03942   15.63143    2.03165    0.85010    1.92225    2.00000
 180.04694    0.00216   23.17421   22.81789    0.04698    0.02593    8.33198   -3.04221    2.29873   -1.08832    2.00000
 179.98952    0.01557   23.71867   23.27888    0.01877    0.01036    5.51146   -0.09671   -1.96507    0.57703    2.00000
 179.93811    0.04545   23.66815   23.23703    0.07678    0.04238    5.72213   -0.16922    0.60270  -11.53259    2.00000
 180.04321   -0.00093   22.26156   21.99916    0.04322    0.02386   16.77356    1.72782   -2.04533   -0.44772    2.00000
 180.03326   -0.01360   23.30911   22.93436    0.03594    0.01984    7.42608   -0.85153   -1.87147   -3.08229    2.00000
 180.01006   -0.02038   21.09473   20.83776    0.02273    0.01254   44.95706    1.75554    0.45314    2.04818    2.00000
 180.00862    0.03735   22.96020   22.63073    0.03833    0.02115    9.78778    1.58511   -0.88508    0.23213    2.00000
 179.97076   -0.01685   23.24979   22.88351    0.03375    0.01863    7.82157   -6.12479    1.27627    0.47848    2.00000
 179.94502    0.02240   21.78816   21.55877    0.05937    0.03277   24.67064   -0.34457   -2.63284   -1.97039    2.00000
 179.83104    0.30185   22.87935   22.55866    0.34592    0.19092   10.34832    4.64444    0.49920    3.42836    2.00000
 180.10941    0.04668   21.52575   21.30547    0.11895    0.06565   30.84163   -2.70628   -0.26701   -2.64797    2.00000
 180.04277   -0.06583   21.49999   21.27916    0.07851    0.04333   31.53367    0.76069    0.03998    0.34231    2.00000
 180.03429   -0.01364   21.76153   21.53326    0.03690    0.02036   25.12819   -0.55197    0.06656   -1.52852    2.00000
 180.01439   -0.00751   23.08741   22.74217    0.01623    0.00896    8.92095    3.36630    2.02140    7.26449    2.00000
 180.00916   -0.01447   23.29006   22.91822    0.01712    0.00945    7.55162   -0.97290    0.26764   -4.06713    2.00000
 179.97820   -0.24800   21.74300   21.51540    0.24896    0.13741   25.44846    5.50162   -2.84111    1.98112    2.00000
 180.00896   -0.00690   20.42704   19.96178    0.01130    0.00624   85.99565   -2.46952    1.96284   -0.59428    2.00000
 179.89359   -0.13726   22.87413   22.55401    0.17367    0.09585   10.38449   -0.27266   -0.61975    0.16724    2.00000
 180.03830   -0.00994   23.09701   22.75056    0.03957    0.02184    8.85567    4.77193   -0.49281    5.41204    2.00000
 179.94785   -0.06782   23.36082   22.97817    0.08556    0.04722    7.08531    0.50471    2.51948    3.25636    2.00000
 180.01228    0.00265   23.46665   23.06778    0.01257    0.00694    6.57425    5.14677   -1.03182    2.51777    2.00000
 180.24557    0.04220   23.46935   23.07007    0.24918    0.13753    6.56273    2.14648   -1.47831   -6.98278    2.00000
 180.01112    0.00712   23.55584   23.14325    0.01320    0.00729    6.19430    0.68214   -0.25629    5.23329    2.00000
 179.94167    0.01982   22.77229   22.46309    0.06160    0.03400   11.24404   -0.39981    3.07334    2.32638    2.00000
 179.89262    0.08492   23.07541   22.73168    0.13690    0.07556    9.00254   -5.91153   -0.33267   -5.69485    2.00000
 179.99802    0.00468   21.19565   20.95823    0.00509    0.00281   40.44212    4.68671   -1.16831    3.65750    2.00000
 179.95338    0.05268   23.26686   22.89833    0.07034    0.03882    7.70632   -3.63876   -1.03050   -2.94685    2.00000
 179.91936    0.02629   23.77708   23.32718    0.08482    0.04682    5.26830    0.43082    0.84225   -1.61268    2.00000
 180.04128    0.02876   22.18188   21.92592    0.05031    0.02777   18.08687    3.53304   -0.51962    4.28969    2.00000
 179.96922    0.03374   21.60340   21.38090    0.04566    0.02520   28.85740    1.29386   -0.39422    0.55437    2.00000
 179.99277    0.01332   23.17421   22.81789    0.01516    0.00837    8.33198   -0.41807   -1.52898   -3.94455    2.00000
 180.10320   -0.02988   21.80721   21.57663    0.10744    0.05930   24.35037    3.29900   -0.60297    3.33074    2.00000
 179.98724   -0.10640   23.14022   22.78832    0.10716    0.05914    8.56195    5.13528   -0.71377    4.49337    2.00000
 180.01990   -0.02087   23.07061   22.72749    0.02883    0.01591    9.03517   -4.00549    1.43433   -1.68434    2.00000
 179.93492   -0.00480   22.92630   22.60050    0.06525    0.03602   10.02285   -3.17704    0.26556   -6.06298    2.00000
 180.04359   -0.01982   22.90543   22.58191    0.04789    0.02643   10.16750    3.37732    4.28835    7.11391    2.00000
 180.06389   -0.11827   21.41895   21.19636    0.13443    0.07419   33.71156    5.54883    0.74001    6.56450    2.00000
 179.95020    0.06531   23.01796   22.68146    0.08214    0.04533    9.39318   -0.69448    0.97718    0.62838    2.00000
 179.94380    0.03051   21.98726   21.74503    0.06395    0.03529   21.33060   -1.98214    0.86327   -1.28019    2.00000
 179.92313    0.07463   22.24357   21.98262    0.10715    0.05914   17.07011    2.20911   -3.32662   -0.47212    2.00000
 179.93750   -0.02256   22.91587   22.59121    0.06645    0.03667   10.09518    0.60619    3.93672    0.71550    2.00000
 179.95280    0.06487   23.58044   23.16390    0.08022    0.04428    6.09035    1.56583   -1.32619   -1.10971    2.00000
 179.29915    0.12973   23.42611   23.03348    0.71275    0.39340    6.74695    0.09842   -1.88709   -8.84568    2.00000
 179.94856    0.07299   22.38452   22.11234    0.08929    0.04928   15.42078   -0.71228    1.94411    1.52861    2.00000
 179.97038   -0.01239   23.01365   22.67768    0.03210    0.01772    9.42258    5.86769    4.75310   11.88816    2.00000
 179.98557   -0.01156   22.70493   22.40288    0.01849    0.01021   11.96107   -0.17947   -0.59138   -1.21655    2.00000
 179.89220    0.02695   21.10667   20.85227    0.11112    0.06133   44.41308   -3.16518   -0.40012   -3.21986    2.00000
 180.03218    0.02296   22.25128   21.98971    0.03953    0.02182   16.94302   -0.16031   -0.73509   -0.62859    2.00000
 180.06425    0.04697   22.90804   22.58423    0.07959    0.04393   10.14942    2.69738   -1.19534   -0.07955    2.00000
 179.98032    0.05287   23.23029   22.86658    0.05641    0.03114    7.95329   -0.00468   -2.21117   -3.25887    2.00000
 179.99059   -0.01724   22.17674   21.92119    0.01965    0.01084   18.17160    6.80777   -1.56271    6.79885    2.00000
 179.98631   -0.01404   22.37972   22.10791    0.01961    0.01082   15.47344    2.57519    2.30872    4.96106    2.00000
 179.95529    0.04434   22.67930   22.37990    0.06297    0.03476   12.23476   -3.34131   -1.28862   -4.13002    2.00000
 179.92441    0.02430   20.76691   20.35278    0.07940    0.04382   65.20176   -0.00106   -1.08778   -1.24485    2.00000
 179.95480    0.00033   23.70370   23.26648    0.04519    0.02494    5.57388    4.20352    2.73312    0.10858    2.00000
 179.97993   -0.01225   23.57401   23.15853    0.02350    0.01297    6.11737   -2.32096   -1.84882   -2.15235    2.00000
 180.12527    0.01705   23.43152   23.03805    0.12642    0.06978    6.72392    5.19159   -2.19598    2.97921    2.00000
 179.96478    0.03652   23.59169   23.17329    0.05073    0.02800    6.04306   -0.41364   -0.40508    6.04785    2.00000
 179.96590    0.07756   23.24004   22.87504    0.08472    0.04676    7.88743    1.70348    0.11430    2.40621    2.00000
 180.08559   -0.13763   23.26198   22.89410    0.16206    0.08945    7.73925    1.85276   -2.35198    2.01682    2.00000
 180.01787    0.01634   23.18640   22.82847    0.02421    0.01336    8.24966    0.00674   -0.36860   -1.38851    2.00000
 180.01962   -0.06316   23.67564   23.24323    0.06614    0.03651    5.69092   -5.07615   -0.50798   -4.29254    2.00000
 180.00566   -0.03498   21.80721   21.57663    0.03544    0.01956   24.35037   -1.47193   -0.23856   -1.79658    2.00000
 179.97139   -0.04899   23.53152   23.12267    0.05673    0.03131    6.29792   -0.55296   -0.42099   -2.34230    2.00000
 179.99477    0.01553   21.54500   21.32477    0.01639    0.00904   30.33394    1.60245   -0.50310    1.10638    2.00000
 180.05534   -0.06292   21.64775   21.42354    0.08380    0.04625   27.73573   -4.17636    1.72712   -2.07745    2.00000
 179.98657   -0.02304   22.35331   22.08359    0.02667    0.01472   15.76309    4.65213    4.55544   10.09852    2.00000
 180.01543    0.01490   22.15533   21.90160    0.02145    0.01184   18.52298    4.94469    0.09119    4.28940    2.00000
 179.96291   -0.01309   21.14549   20.89945    0.03933    0.02171   42.64514    4.65868   -4.73206   -0.38086    2.00000
 180.04506   -0.11658   23.48827   23.08608    0.12498    0.06898    6.48214   -1.16368   -1.17529   -5.78939    2.00000
 179.99286    0.10641   22.79974   22.48763    0.10665    0.05886   10.95192    0.22406    0.22626    2.07942    2.00000
 180.00317   -0.04018   22.88457   22.56331    0.04031    0.02225   10.31216   -1.43543   -2.88701   -1.91422    2.00000
 180.01218    0.02099   22.73487   22.42964    0.02426    0.01339   11.64239    5.70011   -2.19569    4.44021    2.00000
 179.99080    0.00262   23.37443   22.98970    0.00956    0.00528    6.99564    1.09335    1.90120    4.72060    2.00000
 180.02856    0.05453   21.32549   21.09962    0.06156    0.03398   36.25617    3.20784   -2.81995    1.28097    2.00000
 180.00497    0.02512   21.64259   21.41857    0.02561    0.01413   27.86649    0.19205   -3.17107   -3.67772    2.00000
 180.02127   -0.00145   21.07293   20.81096    0.02132    0.01177   45.96136    4.92639   -1.62291    3.37706    2.00000
 180.03426   -0.08659   23.25223   22.88563    0.09312    0.05139    7.80511    1.89261   -1.77902    4.57327    2.00000
 180.05669    0.02509   21.34976   21.12548    0.06199    0.03422   35.57606   -0.85017   -2.99592   -3.81766    2.00000
 180.01326   -0.04569   22.59845   22.30724    0.04757    0.02626   13.09987    2.51487   -0.25638    3.39724    2.00000
 180.05495    0.06357   21.32953   21.10393    0.08403    0.04638   36.14281   -1.09435   -2.32118   -2.97011    2.00000
 180.02554    0.00271   23.80566   23.35076    0.02570    0.01418    5.14955   -1.68250    2.12669    3.87056    2.00000
 180.00500   -0.01113   23.55584   23.14325    0.01220    0.00673    6.19430    2.57152   -1.79807   -0.56258    2.00000
 180.01680    0.16542   23.80089   23.34683    0.16628    0.09177    5.16934    0.79669    0.65729   -4.48006    2.00000
 179.94740    0.04347   21.17381   20.93285    0.06823    0.03766   41.39338   -2.16854   -1.67191   -3.61870    2.00000
 179.95895    0.01693   22.53097   22.24628    0.04440    0.02451   13.82586    2.45837   -1.35452   -0.07470    2.00000
 179.94798    0.00926   22.72489   22.42072    0.05284    0.02916   11.74862    3.28708    0.88690    1.39977    2.00000
 179.89478   -0.02960   23.76041   23.31342    0.10932    0.06033    5.33757    4.28186    1.81133    4.52082    2.00000
 179.98276    0.04063   21.85075   21.61746    0.04414    0.02436   23.61830   -3.74563    2.53413   -1.29277    2.00000
 179.99799   -0.01569   23.04181   22.70231    0.01582    0.00873    9.23099   -6.10091    2.01530   -4.78152    2.00000
 180.02763    0.04800   23.55314   23.14096    0.05539    0.03057    6.20581    0.16198    0.14878   -7.00117    2.00000
 180.03003    0.02077   22.25642   21.99443    0.03651    0.02015   16.85829    3.59583    0.83537    4.00151    2.00000
 180.00784    0.05652   22.36292   22.09243    0.05706    0.03149   15.65776    0.29003    1.48205    1.18728    2.00000
 179.98537    0.02338   22.76730   22.45863    0.02759    0.01523   11.29716    1.47179   -1.04473    2.27340    2.00000
 179.65092    0.03893   23.70370   23.26648    0.35125    0.19386    5.57388   -0.29875   -0.09544   -5.63955    2.00000
 180.03522   -0.01254   23.15715   22.80307    0.03739    0.02064    8.44724   -0.02554    4.53814    5.05512    2.00000
 180.03564    0.17316   22.60106   22.30959    0.17679    0.09757   13.07197   -0.14392    0.08837    2.26103    2.00000
 179.81918   -0.02572   23.06101   22.71909    0.18264    0.10080    9.10044   -0.56697   -0.48055   -0.55499    2.00000
 180.01260   -0.04391   22.69745   22.39619    0.04568    0.02521   12.04074    8.48330   -1.55873    6.30666    2.00000
 180.04379    0.09744   22.20501   21.94718    0.10683    0.05896   17.70559   -3.06672    1.48242   -0.84003    2.00000
 180.07787   -0.22697   22.21787   21.95899    0.23995    0.13244   17.49376   -2.45138   -0.27976   -1.20113    2.00000
 180.04881   -0.05592   22.85066   22.53309    0.07423    0.04097   10.54722    1.57404    0.66958    2.83662    2.00000
 180.04597    0.00614   21.94615   21.70676    0.04638    0.02560   22.01691   -0.84248   -1.26839   -2.41699    2.00000
 179.99228    0.02092   22.78477   22.47425    0.02230    0.01231   11.11126    4.97569    0.80024    7.93710    2.00000
 179.88297    0.12053   23.49098   23.08836    0.16800    0.09272    6.47062    1.33938    2.63641    7.28484    2.00000
 179.99426   -0.07678   22.01192   21.76799    0.07700    0.04250   20.91881   -5.57290    2.78812   -2.33914    2.00000
 180.00349   -0.11081   23.40981   23.01967    0.11086    0.06119    6.81646    4.09334    2.32067    5.34918    2.00000
 179.94867   -0.03595   23.24004   22.87504    0.06267    0.03459    7.88743   -5.16679    2.42495   -2.17683    2.00000
 180.22688    0.16688   22.50519   22.22278    0.28164    0.15544   14.10560   -2.04844    3.02829    2.37124    2.00000
 180.05293    0.09020   22.41572   22.14108    0.10458    0.05772   15.07847    2.71201    3.95768    6.87878    2.00000
 179.95038   -0.00969   22.80223   22.48986    0.05055    0.02790   10.92537    3.51204   -0.81980    0.67900    2.00000
 180.08801    0.07918   22.50987   22.22705    0.11840    0.06535   14.05474   -5.22000    0.84218   -5.40895    2.00000
 179.99966   -0.01187   23.07541   22.73168    0.01187    0.00655    9.00254   -2.82042   -0.59212   -1.31193    2.00000
 180.01450    0.01733   23.55854   23.14554    0.02259    0.01247    6.18278   -3.12280   -0.25874   -6.80599    2.00000
 180.13515    0.04931   22.18188   21.92592    0.14385    0.07939   18.08687   -6.45716    3.12582   -2.40350    2.00000
 179.98132    0.02546   22.70743   22.40511    0.03158    0.01743   11.93451   -4.00287   -1.02823   -3.30102    2.00000
 179.97896    0.00850   23.31728   22.94128    0.02269    0.01252    7.37227    4.18564   -1.72756   -3.17887    2.00000
 179.99715    0.06214   22.16082   21.90661    0.06221    0.03434   18.43317    2.07564   -1.00096    0.39909    2.00000
 180.08681    0.04130   23.25955   22.89198    0.09614    0.05306    7.75571    0.75494   -2.64841   -7.20659    2.00000
 179.95123    0.06255   22.65583   22.35880    0.07931    0.04377   12.48592    3.27624    0.22159   -0.12437    2.00000
 180.07520    0.01977   23.09461   22.74846    0.07775    0.04291    8.87199    1.60011    1.55014    4.60052    2.00000
 180.00270    0.01138   22.74984   22.44302    0.01169    0.00645   11.48305   -1.36452    2.07831    3.01474    2.00000
 179.96761   -0.00423   22.76980   22.46086    0.03267    0.01803   11.27060    4.90772   -2.08284    4.21489    2.00000
 179.98079    0.02331   23.26442   22.89621    0.03021    0.01667    7.72278    0.76422   -2.99027   -5.79006    2.00000
 180.09355    0.00539   23.65880   23.22929    0.09370    0.05172    5.76114   -0.44354    2.42928    7.35537    2.00000
 180.10025   -0.11381   23.14742   22.79462    0.15166    0.08371    8.51300   -5.84805    2.27203    0.58358    2.00000
 180.01802   -0.01718   23.37715   22.99200    0.02490    0.01374    6.97770    1.56642   -0.29984    5.24012    2.00000
 179.88223    0.03695   23.40709   23.01737    0.12343    0.06812    6.82807   -2.09949    2.76808   -0.19387    2.00000
 180.01411   -0.01163   22.47706   22.19715    0.01829    0.01009   14.41078    0.17451    1.57076    0.64544    2.00000
 179.96262    0.02852   23.22298   22.86023    0.04702    0.02595    8.00269   -3.39875   -4.13160   -7.52380    2.00000
 179.97791   -0.03177   22.13231   21.88056    0.03870    0.02136   18.90020   -0.06424   -1.33425   -1.76613    2.00000
 179.91772   -0.01519   21.43460   21.21235    0.08366    0.04617   33.29097    1.19719   -1.35632    0.36335    2.00000
 179.99214   -0.01900   22.80971   22.49655    0.02056    0.01135   10.84570   -4.52916   -1.56297   -7.46600    2.00000
 180.04414   -0.03223   22.95499   22.62608    0.05465    0.03016    9.82395    1.15853    1.25994   -1.78276    2.00000
 179.95354    0.00549   22.85327   22.53541    0.04679    0.02582   10.52914   -0.93639    2.41596    0.30544    2.00000
 180.00963   -0.04652   23.31728   22.94128    0.04751    0.02622    7.37227    4.64942   -2.23275    1.62476    2.00000
 179.98412    0.03333   23.38804   23.00123    0.03692    0.02038    6.90933    3.63824    1.06260    6.07126    2.00000
 179.98842   -0.08078   21.40330   21.18037    0.08160    0.04504   34.13215    4.86276   -0.16355    4.92907    2.00000
 179.96774   -0.01433   22.35331   22.08359    0.03528    0.01947   15.76309    0.48065   -0.27474   -0.62796    2.00000
 179.94765   -0.01674   21.59367   21.37154    0.05497    0.03034   29.10349   -4.34244   -1.60889   -5.31728    2.00000
 179.77296    0.00039   22.21529   21.95663    0.22703    0.12530   17.53613    4.29984   -2.59976    2.31315    2.00000
 180.06740    0.08634   22.94977   22.62143    0.10953    0.06045    9.86011   -1.54520   -1.03101   -4.30343    2.00000
 180.01259   -0.01939   22.05303   21.80627    0.02312    0.01276   20.23250    1.81377   -0.68473    0.93846    2.00000
 179.94258   -0.00192   23.21078   22.84964    0.05745    0.03171    8.08501    1.30550   -0.42654    3.28896    2.00000
 180.02386    0.05603   23.21810   22.85599    0.06090    0.03361    8.03562   -1.77615   -3.14259   -7.77371    2.00000
 179.96758    0.01761   23.58526   23.16792    0.03690    0.02036    6.07008    1.09558   -1.48655    4.28184    2.00000
 180.01105    0.00079   22.84544   22.52844    0.01107    0.00611   10.58339   -3.73921   -1.12899   -5.23838    2.00000
 179.89050   -1.13366   22.14876   21.89559    1.13893    0.62869   18.63076    1.30349   -0.31276    1.69259    2.00000
 179.83293   -0.01934   21.65569   21.43120    0.16819    0.09283   27.53438   -3.73151    3.69900    0.27433    2.00000
 179.83627   -0.03873   21.41634   21.19370    0.16824    0.09286   33.78166   -6.10880   -3.06703   -8.74878    2.00000
 179.65599    0.36310   23.24492   22.87928    0.50018    0.27607    7.85450    0.87538   -0.52549    2.61168    2.00000
 179.98714   -0.04481   22.93151   22.60515    0.04662    0.02573    9.98668   -6.04040    0.22826   -7.57208    2.00000
 178.95508   -0.55198   23.29550   22.92283    1.18174    0.65232    7.51575   -0.05601    1.69837    0.47691    2.00000
 180.03690    0.06221   23.39076   23.00353    0.07232    0.03991    6.89772   -0.21269   -1.05874   -2.81453    2.00000
 180.10173   -0.74585   21.10816   20.85409    0.75276    0.41549   44.34508    2.01999   -3.76010   -1.48171    2.00000
 179.97929    0.12247   21.79088   21.56132    0.12421    0.06855   24.62489   -2.38803   -2.68049   -4.55573    2.00000
 180.01929    0.00240   23.58687   23.16926    0.01944    0.01073    6.06332   -3.72398   -1.47921   -4.24551    2.00000
 180.01993   -0.11681   17.97325   17.82134    0.11850    0.06540  316.28458   -4.04352    2.89138   -1.16553    2.00000
 180.00081   -0.04599   23.47206   23.07236    0.04600    0.02539    6.55122    0.45127   -2.19156   -3.84537    2.00000
 179.97247    0.20853   23.07301   22.72958    0.21034    0.11609    9.01885   -0.48959   -0.22341   -1.50675    2.00000
 179.97916   -0.00368   23.03941   22.70021    0.02117    0.01168    9.24730    3.62546   -0.12702    6.45840    2.00000
 179.97758    0.03045   23.10901   22.76105    0.03781    0.02087    8.77409   -1.96449    1.23828    1.05810    2.00000
 179.97807    0.11720   23.82709   23.36845    0.11923    0.06581    5.06049   -0.56641    0.96902    6.58882    2.00000
 179.97845    0.00065   23.35538   22.97356    0.02155    0.01189    7.12118    4.33096   -2.81813   -1.91758    2.00000
 180.15907   -0.08186   23.44503   23.04949    0.17891    0.09874    6.66636   -2.95897   -1.08765    0.24142    2.00000
 180.04370   -0.01996   21.81537   21.58429    0.04804    0.02652   24.21310    0.30710    0.37620   -0.14981    2.00000
 180.13023    0.05948   23.63988   23.21355    0.14318    0.07902    5.84038   -3.20741   -1.53320   -6.73500    2.00000
 180.00375   -0.00601   20.53608   20.07996    0.00709    0.00391   79.26162    4.63469    1.74119    6.31848    2.00000
 179.98389    0.01659   22.86892   22.54936    0.02312    0.01276   10.42065    0.21153   -3.13442   -3.03767    2.00000
 179.99532    0.03845   21.92424   21.68635    0.03873    0.02138   22.38294   -1.16875   -2.28165   -4.76307    2.00000
 179.98686   -0.01593   23.81280   23.35666    0.02065    0.01140    5.11986   -5.02491   -2.02002   -7.27568    2.00000
 179.96490    0.00728   23.62864   23.20415    0.03584    0.01978    5.88767    2.15209   -0.60809    0.61122    2.00000
 179.98126   -0.05122   21.85892   21.62511    0.05454    0.03010   23.48104    2.81032   -2.75650   -0.34369    2.00000
 179.88419   -0.08987   21.34571   21.12117    0.14659    0.08091   35.68941    5.27306    0.74531    5.96088    2.00000
 179.98206    0.07436   23.49098   23.08836    0.07649    0.04222    6.47062    1.37355   -2.04661   -5.06368    2.00000
 179.98453   -0.18468   23.53152   23.12267    0.18533    0.10229    6.29792   -0.36996   -0.38557    2.02336    2.00000
 179.89235   -0.20152   23.63185   23.20684    0.22847    0.12610    5.87416    3.47270    1.99962    3.87422    2.00000
 179.75311    0.47485   22.01466   21.77055    0.53519    0.29539   20.87306    4.12410    0.58312    5.24308    2.00000
 180.12798   -0.05034   22.81969   22.50547    0.13752    0.07590   10.76205   -6.23354   -0.48531   -5.93790    2.00000
 179.99748   -0.04467   22.70992   22.40734    0.04475    0.02470   11.90796   -2.62443    1.33742   -2.78222    2.00000
 179.95525   -0.01656   21.99822   21.75524    0.04771    0.02633   21.14758   -0.03806    2.09775    0.90315    2.00000
 180.00038   -0.03297   22.95499   22.62608    0.03298    0.01820    9.82395   -3.90454   -0.34533   -4.55112    2.00000
 180.02127   -0.03161   21.71125   21.48478    0.03810    0.02103   26.12496   -6.62710    2.60582   -4.91929    2.00000
 179.98631    0.06140   23.65131   23.22309    0.06291    0.03472    5.79235    1.22776    2.13725    5.48125    2.00000
 179.97223   -0.12974   22.04481   21.79861    0.13268    0.07323   20.36976   -0.29307    0.55074    0.06647    2.00000
 179.97791    0.02597   23.23517   22.87081    0.03410    0.01882    7.92036   -0.64022    0.06549    1.23943    2.00000
 179.88071   -0.21350   22.80473   22.49209    0.24457    0.13498   10.89881    5.22478   -1.30051    3.36618    2.00000
 179.99428   -0.10085   21.69538   21.46947    0.10101    0.05575   26.52765    3.40517   -1.45661    2.85911    2.00000
 179.97139    0.01737   23.18884   22.83059    0.03347    0.01847    8.23320    4.01519   -2.58618    0.63502    2.00000
 179.83620   -0.15974   22.85327   22.53541    0.22880    0.12628   10.52914   -2.36975   -1.27080   -2.95217    2.00000
 180.20930    0.15112   21.86164   21.62766    0.25815    0.14248   23.43528    6.42385   -1.37437    5.17721    2.00000
 179.93951   -0.13178   23.33633   22.95742    0.14501    0.08003    7.24673    3.77773   -2.98589    0.57774    2.00000
 179.94614   -0.08925   23.15227   22.79884    0.10424    0.05753    8.48017   -3.07625   -0.33433   -1.87148    2.00000
 180.09125   -0.00914   23.12342   22.77364    0.09170    0.05061    8.67618    3.23061   -1.13170    3.86467    2.00000
 180.03355    0.10438   23.66067   23.23084    0.10965    0.06052    5.75334    3.54528    0.06209    2.60501    2.00000
 179.75603   -0.17514   23.82709   23.36845    0.30032    0.16576    5.06049   -4.39276    0.36784   -4.99782    2.00000
 179.94508    0.01968   22.77229   22.46309    0.05833    0.03219   11.24404    2.73301   -5.71213   -2.82440    2.00000
 180.01164    0.07579   22.99103   22.65783    0.07668    0.04232    9.57694   -0.62653   -0.95015    0.09034    2.00000
 179.96928    0.03435   23.70932   23.27113    0.04608    0.02543    5.55047    0.44651    1.63598   -2.04712    2.00000
 179.99727   -0.00478   22.22301   21.96372    0.00550    0.00304   17.40903    2.17496   -1.84943    1.13906    2.00000
 180.00327   -0.00859   21.70596   21.47967    0.00920    0.00508   26.25919   -0.04351   -3.46319   -2.64262    2.00000
 180.00542    0.18286   23.70183   23.26493    0.18294    0.10097    5.58168   -4.70675    1.58419    2.98767    2.00000
 180.04555    0.11412   23.59008   23.17195    0.12287    0.06782    6.04981   -2.48644   -1.00785   -6.37832    2.00000
 180.09056   -0.08025   22.97056   22.63988    0.12100    0.06678    9.71660   -3.09297   -2.46537   -4.58822    2.00000
 180.04131   -0.00873   23.82709   23.36845    0.04222    0.02330    5.06049   -7.50828    0.21625   -8.24906    2.00000
 179.84442    0.10198   23.37443   22.98970    0.18602    0.10267    6.99564    2.84233    0.89661    2.81854    2.00000
 179.95776   -0.00803   23.20347   22.84329    0.04300    0.02373    8.13441   -5.13492    2.97508   -2.67295    2.00000
 180.15483   -0.05557   23.66254   23.23239    0.16450    0.09079    5.74554    1.61499    1.11292    4.70908    2.00000
 179.95706   -0.01095   19.99793   19.50755    0.04431    0.02446  117.06111   -3.25834    2.03903   -1.58428    2.00000
 180.00758    0.07044   22.41332   22.13887    0.07085    0.03910   15.10480   -4.57726   -0.80459   -6.34362    2.00000
 180.03371   -0.00019   23.84138   23.38025    0.03370    0.01860    5.00111    0.13942    0.94928    5.86393    2.00000
 179.82083   -0.04334   23.78660   23.33504    0.18434    0.10174    5.22872    0.38504    1.26136    4.50595    2.00000
 179.87334   -0.01427   23.78184   23.33111    0.12746    0.07035    5.24851   -2.66473   -0.96844    0.37105    2.00000
 179.98338    0.00383   22.99318   22.65972    0.01705    0.00941    9.56224    3.89182    3.11686    8.59663    2.00000
 180.01620   -0.01471   23.03941   22.70021    0.02189    0.01208    9.24730    1.70534    2.53509    3.18205    2.00000
 179.99905    0.07754   23.60614   23.18537    0.07754    0.04280    5.98225   -3.13543   -1.78494  -10.13741    2.00000
 180.12473   -0.10648   23.15958   22.80519    0.16401    0.09052    8.43077   -2.02212   -1.11026   -2.74681    2.00000
 179.99728    0.03096   21.29718   21.06946    0.03107    0.01715   37.04962   -0.50647   -0.57557   -1.29093    2.00000
 179.98180    0.06524   22.94977   22.62143    0.06773    0.03738    9.86011   -0.31873    4.11345    5.55544    2.00000
 179.84444    0.08830   23.52881   23.12038    0.17887    0.09872    6.30943    1.56041    1.37411    1.46647    2.00000
 180.02414    0.03512   22.65322   22.35646    0.04262    0.02352   12.51383    3.34483    3.73239    6.19968    2.00000
 180.02946   -0.03229   23.48017   23.07922    0.04372    0.02413    6.51668   -2.62584    1.13199   -4.14723    2.00000
 179.99081    0.01343   22.61410   22.32131    0.01627    0.00898   12.93243   -1.11687   -0.48846    0.37610    2.00000
 179.88467   -0.03435   22.00096   21.75779    0.12032    0.06641   21.10183    3.05140    1.06193    3.85986    2.00000
 180.03111   -0.03056   22.83240   22.51682    0.04362    0.02407   10.67380  -11.52409   -1.21657  -12.13699    2.00000
 179.94000    0.03289   22.31731   22.05042    0.06843    0.03777   16.15806    2.61957    3.74581    5.21284    2.00000
 179.93130    0.00529   23.10181   22.75476    0.06889    0.03802    8.82304    0.98158   -3.74586   -1.20370    2.00000
 180.00829    0.08744   22.04755   21.80116    0.08783    0.04848   20.32401    3.40439    2.47670    5.23816    2.00000
 180.11310    0.04508   21.49910   21.27825    0.12176    0.06720   31.55753    1.55698   -2.17476   -0.78865    2.00000
 180.15729   -0.07552   23.79375   23.34094    0.17448    0.09630    5.19903  -11.25353   -0.88719  -12.91633    2.00000
 180.06070   -0.07155   23.65131   23.22309    0.09383    0.05179    5.79235   -4.98194   -2.87951  -11.09654    2.00000
 179.98599   -0.01814   22.64540   22.34943    0.02292    0.01265   12.59755    1.39043    0.75864    3.91942    2.00000
 180.01385    0.06448   23.68125   23.24788    0.06595    0.03640    5.66751   -1.20734    3.08946    8.45867    2.00000
 179.98746   -0.02589   22.50987   22.22705    0.02877    0.01588   14.05474    4.75714   -1.67055    3.25639    2.00000
 180.13147   -0.06199   23.48557   23.08379    0.14535    0.08022    6.49365    1.04415    1.03161    6.74587    2.00000
 180.12363    0.06120   21.08726   20.82868    0.13794    0.07613   45.29705    3.45920    1.78739    5.26997    2.00000
 180.06747   -0.51588   23.62703   23.20281    0.52027    0.28716    5.89443    5.05198   -1.65239    5.83284    2.00000
 180.15807   -0.19229   22.03932   21.79351    0.24892    0.13738   20.46127   -3.22657    2.09138   -2.63751    2.00000
 180.01585   -0.03782   23.60614   23.18537    0.04100    0.02263    5.98225   -0.33389   -2.24017   -5.84716    2.00000
 179.99361    0.05291   22.38212   22.11012    0.05329    0.02941   15.44711    5.83375    3.29945   11.16391    2.00000
 179.99245    0.02789   22.96625   22.63610    0.02889    0.01595    9.74600   -1.48925    0.17340    1.06083    2.00000
 179.94423    0.03701   21.42417   21.20169    0.06693    0.03694   33.57136   -0.69016   -1.85172   -2.98757    2.00000
 179.98552   -0.00173   23.65693   23.22774    0.01459    0.00805    5.76894   -0.02538   -2.30638   -8.71147    2.00000
 179.98022   -0.00082   21.07980   20.81961    0.01980    0.01093   45.63704    1.12339    0.97546    1.84436    2.00000
 180.12268   -0.06509   23.21078   22.84964    0.13888    0.07665    8.08501   -0.94199   -0.43738   -5.06704    2.00000
 179.95992    0.00462   23.66254   23.23239    0.04036    0.02227    5.74554   -1.80181    2.81105    6.21286    2.00000
 180.04758    0.04090   21.78816   21.55877    0.06274    0.03463   24.67064   -6.30991   -0.50997   -6.59763    2.00000
 180.01431   -0.01897   21.47111   21.24966    0.02376    0.01311   32.30959    3.09089    0.29679    3.41732    2.00000
 180.00000    0.01469   22.92369   22.59818    0.01469    0.00811   10.04093   -3.41374    1.88876   -3.92377    2.00000
 180.02763   -0.00346   22.42052   22.14550    0.02785    0.01537   15.02581    0.92087    3.34775    2.90250    2.00000
 180.06052    0.00002   23.71306   23.27423    0.06052    0.03340    5.53487   -1.01488    1.46563   -3.31294    2.00000
 179.97084    0.02747   22.14218   21.88958    0.04007    0.02211   18.73853   -0.05006   -0.72770   -1.65728    2.00000
 179.99467    0.01325   23.60293   23.18268    0.01428    0.00788    5.99576    0.04203   -1.59449    4.06026    2.00000
 180.01100   -0.01360   23.70744   23.26958    0.01749    0.00965    5.55827   -0.36228    2.51879    1.00492    2.00000
 180.19946    0.15639   21.46590   21.24433    0.25346    0.13989   32.44979    1.63514   -0.97541    0.84449    2.00000
 180.02325    0.06971   21.95985   21.71952    0.07349    0.04056   21.78814   -3.88654   -2.31292   -7.29211    2.00000
 179.95810    0.00152   22.36532   22.09464    0.04193    0.02314   15.63143    2.41393   -0.05580    2.57405    2.00000
 180.07039    0.02572   23.17421   22.81789    0.07494    0.04136    8.33198    0.46042    4.22054    5.72844    2.00000
 179.83211    0.16520   22.32691   22.05926    0.23554    0.13000   16.05273   -0.58333    0.37568   -1.89760    2.00000
 180.00426    0.06210   23.23760   22.87293    0.06225    0.03436    7.90390   -0.32152    1.08261   -4.94107    2.00000
 180.23630    0.07707   23.61257   23.19074    0.24854    0.13717    5.95523    2.50868    2.00640    4.56785    2.00000
 180.00410    0.02078   22.73737   22.43187    0.02118    0.01169   11.61584    2.61914   -4.21484   -1.06681    2.00000
 180.12157   -0.01609   22.36051   22.09022    0.12262    0.06768   15.68409    2.30944   -3.65857   -2.21162    2.00000
 180.01512   -0.01412   23.48827   23.08608    0.02069    0.01142    6.48214    3.69312   -1.46648    1.20508    2.00000
 180.09604   -0.22028   21.15967   20.91642    0.24031    0.13263   42.00890   -1.78336    2.16071   -0.14396    2.00000
 179.94611    0.04431   17.96645   17.98885    0.06977    0.03851  287.71478   -7.77995    0.17124   -7.61356    2.00000
 180.04541   -0.22705   23.66441   23.23394    0.23154    0.12779    5.73773    0.29617   -1.29294    0.73640    2.00000
 180.08900   -0.03130   22.09536   21.84618    0.09435    0.05207   19.51684   -0.86210    1.37421    0.28818    2.00000
 180.04649   -0.04816   21.99000   21.74758    0.06694    0.03695   21.28484   -3.13049    0.85346   -3.01314    2.00000
 179.95610   -0.01850   21.87253   21.63787    0.04764    0.02629   23.25227    0.65982    1.52979    0.67763    2.00000
 180.02309    0.10305   23.02500   22.68763    0.10560    0.05828    9.34521   -0.73392    0.16040    1.58009    2.00000
 180.05061    0.03721   22.53331   22.24841    0.06282    0.03467   13.80043   -2.59763   -2.75010   -6.90738    2.00000
 179.97833   -0.04631   23.44773   23.05177    0.05113    0.02822    6.65484   -0.92038   -0.33764   -3.05290    2.00000
 179.91455    0.05465   18.75988   18.20161    0.10143    0.05598  258.04214   -3.60710    1.41996   -2.12024    2.00000
 180.01878    0.04087   23.10901   22.76105    0.04497    0.02482    8.77409   -1.52728    0.39100    0.24089    2.00000
 180.05350    0.11135   23.79613   23.34290    0.12353    0.06818    5.18913   -4.58400   -1.90792   -9.15437    2.00000
 180.02431    0.05365   22.51222   22.22919    0.05890    0.03251   14.02931   -6.12626    0.72017   -6.05333    2.00000
 180.00623    0.03786   22.45831   22.18007    0.03837    0.02118   14.61423   -1.87302   -0.91183   -0.11938    2.00000
 179.85680   -0.17037   21.28909   21.06084    0.22256    0.12284   37.27632   -4.12321    2.52630   -1.84592    2.00000
 179.99168    0.05135   21.80176   21.57153    0.05201    0.02871   24.44187   -2.57272   -0.52099   -2.84318    2.00000
 180.02557    0.03529   21.20208   20.96570    0.04358    0.02405   40.16234   -3.02310   -2.10061   -5.70339    2.00000
 179.87955   -0.00156   21.76153   21.53326    0.12046    0.06649   25.12819    4.31897    2.32091    4.97335    2.00000
 180.01923   -0.02053   21.66892   21.44395    0.02812    0.01552   27.19880   -1.17509   -0.89352   -1.92076    2.00000
 179.97411    0.00551   23.31728   22.94128    0.02647    0.01461    7.37227    3.53771    1.83856    3.86425    2.00000
 180.60019   -0.11769   22.40132   22.12781    0.61162    0.33758   15.23646    5.24227    1.63461    6.54063    2.00000
 179.88860    0.05180   22.69496   22.39396    0.12286    0.06781   12.06724    7.30018    2.66825   10.16981    2.00000
 179.97702   -0.06001   23.06581   22.72329    0.06427    0.03547    9.06781   -6.64653   -2.36090   -8.97818    2.00000
 180.00221    0.01360   22.06125   21.81392    0.01377    0.00760   20.09524   -8.14085    0.74697   -6.70488    2.00000
 180.00504   -0.05365   23.00396   22.66917    0.05389    0.02974    9.48874    2.01151   -1.15549    4.52144    2.00000
 180.04987    0.00772   22.47706   22.19715    0.05047    0.02785   14.41078    2.87241   -2.21140   -0.06866    2.00000
 180.00356   -0.03906   22.96020   22.63073    0.03922    0.02164    9.78778   -4.04135   -1.08418   -5.73845    2.00000
 180.06479   -0.01856   23.09221   22.74637    0.06740    0.03720    8.88831   -9.44960    0.99482   -7.94267    2.00000
 180.09955   -0.00137   23.37443   22.98970    0.09956    0.05495    6.99564   -0.84670   -0.07692    1.03648    2.00000
 180.00916    0.00465   23.20835   22.84753    0.01027    0.00567    8.10148    0.38778   -1.53527    0.06860    2.00000
 180.03378   -0.09437   23.00180   22.66728    0.10023    0.05532    9.50344    5.15626    0.29768    2.30232    2.00000
 179.97104   -0.02273   23.62221   23.19879    0.03682    0.02032    5.91469   -1.07989   -2.30324   -4.14082    2.00000
 179.86685   -0.05701   23.59972   23.18000    0.14484    0.07994    6.00928    0.02213    1.50727   -4.50861    2.00000
 180.16779   -0.13837   23.36354   22.98047    0.21749    0.12004    7.06738   -2.47813   -1.57864   -1.67292    2.00000
 180.02255    0.00337   22.64800   22.35177    0.02280    0.01259   12.56964    4.13004   -0.96155    4.61550    2.00000
 179.84843    0.06420   23.50719   23.10209    0.16460    0.09085    6.40154   -1.45915    0.37386   -6.76855    2.00000
 179.88757    0.23797   21.85075   21.61746    0.26319    0.14526   23.61830    2.30145   -2.96769   -0.76783    2.00000
 179.98051    0.01759   23.46125   23.06321    0.02624    0.01448    6.59727    3.65617    3.07324    3.27194    2.00000
 179.98216   -0.04820   23.69060   23.25563    0.05139    0.02836    5.62850    2.74873    0.43688    7.75052    2.00000
 179.98824   -0.01104   23.09461   22.74846    0.01613    0.00890    8.87199   -3.17307    1.08401   -5.46939    2.00000
 180.04671    0.05016   23.31183   22.93666    0.06854    0.03783    7.40814   -1.72065    1.01878    0.64749    2.00000
 179.97372    0.04756   23.02277   22.68567    0.05433    0.02999    9.36039    4.15851   -4.42656    1.51448    2.00000
 180.04482    0.01876   22.55933   22.27209    0.04858    0.02681   13.51848   -1.24440   -2.41973   -3.58412    2.00000
 179.93153   -0.05530   23.20103   22.84118    0.08801    0.04857    8.15087   -1.95085    0.54820    0.31262    2.00000
 179.87914   -0.09701   23.44773   23.05177    0.15497    0.08553    6.65484   -1.86740   -0.69102    0.47872    2.00000
 180.13086    0.00656   23.72616   23.28508    0.13103    0.07232    5.48025    5.87539   -1.41674    2.65953    2.00000
 180.00781    0.04671   18.04171   17.70976    0.04736    0.02614  335.31454   -1.42986   -0.52000   -1.97875    2.00000
 180.10599   -0.06785   22.01466   21.77055    0.12584    0.06945   20.87306   -4.37380    1.75305   -2.21826    2.00000
 180.49512    0.18134   22.79225   22.48094    0.52728    0.29102   11.03159   -4.01569   -0.43162   -5.70129    2.00000
 180.00308    0.02720   23.45584   23.05863    0.02737    0.01511    6.62030    4.10510    5.86691    9.95964    2.00000
 180.03087    0.02319   23.14262   22.79042    0.03861    0.02131    8.54564    3.00533    0.69592    2.84462    2.00000
 179.98560   -0.00297   22.52628   22.24200    0.01471    0.00812   13.87672   -3.32507    1.91633    0.63953    2.00000
 180.00710    0.03460   22.91065   22.58656    0.03532    0.01950   10.13134    3.25740   -2.61328    2.39349    2.00000
 179.99376    0.03425   23.03701   22.69811    0.03482    0.01922    9.26362   -1.02683   -1.92465   -1.30309    2.00000
 180.01642    0.03673   21.52308   21.30274    0.04023    0.02220   30.91322   -4.51305    2.96215   -2.12256    2.00000
 179.95004    0.00067   23.81042   23.35469    0.04996    0.02757    5.12976    1.61088   -0.61617   -6.73160    2.00000
 180.04321   -0.09174   21.86980   21.63532    0.10141    0.05597   23.29802   -3.14362   -4.40279   -7.20127    2.00000
 180.01830    0.00887   21.92698   21.68891    0.02033    0.01122   22.33690    1.55468    0.89544    1.46563    2.00000
 179.95325    0.00672   22.82468   22.50993    0.04723    0.02607   10.72736    0.43778    0.29617    3.06123    2.00000
 179.93507    0.10913   22.61410   22.32131    0.12698    0.07008   12.93243   -3.13319    1.50833   -1.94798    2.00000
 180.07812   -0.00974   21.88069   21.64552    0.07872    0.04345   23.11501    3.07129    6.29253   10.04378    2.00000
 180.08110   -0.19477   23.12582   22.77574    0.21098    0.11645    8.65986   -1.69541    1.99089    0.66176    2.00000
 179.86105    0.42624   22.80223   22.48986    0.44831    0.24744   10.92537   -3.53080   -0.63980   -5.08050    2.00000
 180.15808   -0.18528   21.18923   20.95076    0.24355    0.13442   40.72191    0.01288    2.58419    1.71294    2.00000
 180.01466   -0.00560   23.60293   23.18268    0.01570    0.00867    5.99576    1.71227   -0.45443    1.83935    2.00000
 179.99265   -0.20210   23.13542   22.78413    0.20223    0.11162    8.59459   -1.98819    1.02712   -2.20493    2.00000
 180.00972    0.00373   22.32931   22.06148    0.01041    0.00575   16.02640    3.11240    0.03180    3.13847    2.00000
 180.01668   -0.06212   23.03460   22.69602    0.06432    0.03550    9.27994    7.29179    1.87394    7.22885    2.00000
 179.92720    0.04006   20.51397   20.05595    0.08310    0.04586   80.49859    6.83621    0.11301    6.86861    2.00000
 180.00648    0.02622   23.64149   23.21489    0.02701    0.01491    5.83362   -4.31152   -2.98887    0.62089    2.00000
 180.01978   -0.00571   22.56454   22.27678    0.02058    0.01136   13.46266   -3.53713    0.32754   -2.14490    2.00000
 180.10718   -0.07413   23.62703   23.20281    0.13032    0.07193    5.89443   -0.96439   -0.16653    3.30768    2.00000
 180.02811   -0.04450   23.59490   23.17597    0.05263    0.02905    6.02954    0.81388    1.88279    2.89129    2.00000
 179.97536    0.00777   23.06101   22.71909    0.02584    0.01426    9.10044   -2.18226    0.87303   -1.73422    2.00000
 179.98782    0.01234   21.13653   20.88856    0.01733    0.00956   43.05313   -4.84438    1.58245   -3.23541    2.00000
 179.96713   -0.00249   21.78543   21.55622    0.03296    0.01819   24.71640   -0.50159   -1.26281   -2.20315    2.00000
 179.88995    0.04224   22.88196   22.56098    0.11786    0.06505   10.33024   -4.14634   -1.02093   -4.58401    2.00000
 180.02902    0.03533   21.39287   21.16971    0.04572    0.02524   34.41255    5.66959   -1.18644    4.63559    2.00000
 179.96307   -0.02505   22.90022   22.57726    0.04462    0.02463   10.20367   -2.86168   -0.08091   -1.71153    2.00000
 179.96310    0.02731   23.73925   23.29593    0.04590    0.02533    5.42563    0.18874    1.21879   -5.27795    2.00000
 179.91051    0.10291   23.14262   22.79042    0.13638    0.07527    8.54564   -2.27401    0.35129   -2.30868    2.00000
 179.95811    0.02858   23.61257   23.19074    0.05071    0.02799    5.95523    1.96186   -1.96917    4.21676    2.00000
 180.01083    0.02950   22.80722   22.49432    0.03143    0.01735   10.87225   -1.43845    1.64280    0.22784    2.00000
 179.95296   -0.04964   22.75732   22.44971    0.06839    0.03774   11.40338    5.15017    1.57599    6.76145    2.00000
 179.96878    0.00717   23.73551   23.29283    0.03204    0.01768    5.44123   -3.76035   -1.71482   -7.93024    2.00000
 179.95969   -0.05774   22.05303   21.80627    0.07042    0.03886   20.23250   -5.69421    2.01455   -3.03054    2.00000
 180.01740    0.01501   20.11506   19.63057    0.02297    0.01268  108.64773    3.57915   -0.73245    2.91148    2.00000
 179.89536    0.00628   23.07541   22.73168    0.10483    0.05786    9.00254   -1.54405    1.25737   -2.36815    2.00000
 179.75969   -0.18023   23.58847   23.17061    0.30039    0.16579    6.05657   -2.56754    2.54722   -0.24367    2.00000
 179.99857   -0.01284   22.19987   21.94246    0.01292    0.00713   17.79032   -2.82713   -2.04887   -5.51037    2.00000
 179.94962   -0.03294   23.66628   23.23548    0.06019    0.03322    5.72993    1.50268   -1.81207   -2.30002    2.00000
 180.05753   -0.02025   22.12245   21.87155    0.06098    0.03366   19.06186    1.15463   -0.07595    2.48060    2.00000
 180.13188    0.11549   22.68974   22.38927    0.17531    0.09676   12.12314   -1.84884   -0.39207    0.12209    2.00000
 180.08340   -0.04624   23.18397   22.82636    0.09536    0.05263    8.26612   -0.42637   -0.91732   -2.81463    2.00000
 179.84010    0.02752   22.45363   22.17580    0.16224    0.08955   14.66509   -2.59012    0.96833   -0.90781    2.00000
 180.03966   -0.00622   23.83185   23.37239    0.04013    0.02215    5.04069   -5.01273    1.84877   -7.46596    2.00000
 179.81786    0.09698   22.39172   22.11897    0.20635    0.11389   15.34178   -0.31130    3.15259   -0.65128    2.00000
 179.97952   -0.00459   22.02288   21.77820    0.02099    0.01159   20.73579   -3.56906   -4.51171   -9.50205    2.00000
 179.95782    0.01633   23.63827   23.21221    0.04523    0.02496    5.84713   -1.79865   -0.33298    3.18228    2.00000
 180.14137    0.11550   23.67002   23.23858    0.18256    0.10076    5.71433    6.94078   -3.80127    2.83873    2.00000
 180.05084    0.05606   23.09221   22.74637    0.07568    0.04177    8.88831   -1.16918    0.92375    0.50284    2.00000
 179.97411   -0.00370   23.21078   22.84964    0.02615    0.01443    8.08501    2.49074   -0.47488    1.76847    2.00000
 179.84315   -0.13582   21.28707   21.05869    0.20748    0.11451   37.33300   -4.61577    1.65080   -2.81950    2.00000
 179.96951    0.03653   22.59062   22.30021    0.04759    0.02626   13.18359   -1.14257   -1.21630   -2.56087    2.00000
 180.03787    0.04547   23.72616   23.28508    0.05918    0.03266    5.48025   -6.86727    3.84333   -4.00566    2.00000
 180.04700   -0.04438   23.12822   22.77783    0.06463    0.03567    8.64354   -1.71635   -2.65945   -3.63361    2.00000
 180.09729   -0.13293   22.85588   22.53774    0.16473    0.09092   10.51106    2.03912    2.50913    4.89425    2.00000
 179.72926    0.06104   22.16191   21.90761    0.27753    0.15318   18.41520   -7.51966    0.82004   -6.85012    2.00000
 180.00769   -0.03132   23.83185   23.37239    0.03225    0.01780    5.04069   -3.98097   -2.17292  -11.47030    2.00000
 180.03581    0.04603   23.65880   23.22929    0.05832    0.03219    5.76114   -1.48722    4.24884    0.31237    2.00000
 179.99435    0.00172   21.70067   21.47457    0.00591    0.00326   26.39342    3.44390    0.07413    4.03310    2.00000
 180.08144    0.03597   22.79724   22.48540    0.08902    0.04913   10.97848    1.89088    1.92445    3.08455    2.00000
 180.20532    0.12901   23.17421   22.81789    0.24249    0.13384    8.33198   -5.93107   -3.93838  -10.32233    2.00000
 179.97086   -0.05362   22.15424   21.90060    0.06103    0.03368   18.54094   -4.38635    0.61688   -2.70738    2.00000
 180.04752   -0.01668   22.41332   22.13887    0.05036    0.02780   15.10480   -0.41595    0.85800   -0.53933    2.00000
 179.99403    0.00493   23.37443   22.98970    0.00774    0.00427    6.99564    1.04140   -2.50455    3.35377    2.00000
 180.04723    0.09374   21.20337   20.96719    0.10497    0.05793   40.10639   -2.30568    0.52792   -1.72060    2.00000
 179.97626    0.00529   22.45363   22.17580    0.02433    0.01343   14.66509   -3.17515    0.14559   -3.40480    2.00000
 180.08829    0.10752   21.86436   21.63021    0.13912    0.07678   23.38953   -4.65691    2.05510   -2.81776    2.00000
 179.99242   -0.02897   21.02429   20.74683    0.02994    0.01653   48.36465    0.39811    0.22208    0.25466    2.00000
 179.95610    0.04759   23.46125   23.06321    0.06475    0.03574    6.59727    1.31083   -5.50728   -4.62326    2.00000
 179.98932    0.02828   22.32451   22.05705    0.03022    0.01668   16.07906    3.87303    2.33148    7.30356    2.00000
 180.04749    0.05061   21.71125   21.48478    0.06940    0.03830   26.12496   -2.20663    0.50909   -1.10424    2.00000
 179.94370   -0.06185   23.13302   22.78203    0.08364    0.04617    8.61091    1.70140   -1.31152    2.59488    2.00000
 180.04759    0.05337   23.70557   23.26803    0.07151    0.03947    5.56608    0.18051    0.26583   -0.40528    2.00000
 179.84978   -0.08060   22.55206   22.26550    0.17049    0.09410   13.59698   -0.19389    0.78289   -0.31347    2.00000
 179.96809   -0.07265   23.63506   23.20952    0.07935    0.04379    5.86065   -6.73178    4.26239   -8.03184    2.00000
 179.97214    0.04921   21.46329   21.24166    0.05655    0.03121   32.51989   -2.62696    0.00361   -2.64237    2.00000
 179.98000    0.00262   23.52611   23.11809    0.02017    0.01113    6.32095    5.54825   -2.09091    6.49192    2.00000
 180.10878   -0.15123   21.48415   21.26298    0.18629    0.10282   31.95910    7.88924    2.04906   10.34582    2.00000
 180.12421    0.00279   23.50990   23.10437    0.12423    0.06857    6.39003    1.94217   -1.88076    2.05492    2.00000
 180.12782    0.01964   22.31731   22.05042    0.12932    0.07137   16.15806   -1.52515   -1.74039   -3.11666    2.00000
 180.02589    0.10158   23.50990   23.10437    0.10483    0.05786    6.39003   -3.89895    2.47483    4.67432    2.00000
 180.17413    0.18981   22.63496   22.34005    0.25759    0.14217   12.70918    8.24336    0.90436    6.82247    2.00000
 179.98061   -0.05379   22.77978   22.46979    0.05718    0.03156   11.16438    1.57850   -0.77953    3.29334    2.00000
 179.97659    0.04249   22.54503   22.25909    0.04851    0.02678   13.67327   -1.11176   -0.34832   -0.20818    2.00000
 180.12463   -0.01869   23.74868   23.30374    0.12602    0.06955    5.38631    1.52869    0.19139    3.48539    2.00000
 180.00677   -0.00669   23.48827   23.08608    0.00951    0.00525    6.48214    1.52184    0.66887   -2.24565    2.00000
 179.97678    0.01278   22.35571   22.08580    0.02651    0.01463   15.73676    7.07974    0.67528    7.71104    2.00000
 180.00160   -0.04811   21.87797   21.64297    0.04813    0.02657   23.16076   -1.43872    1.20323    0.41505    2.00000
 179.86334   -0.10877   22.18188   21.92592    0.17466    0.09640   18.08687    1.11015    3.71647    5.92958    2.00000
 180.08321   -0.14362   22.64540   22.34943    0.16598    0.09161   12.59755   -4.30757    1.09965   -0.73912    2.00000
 180.06923    0.09198   22.82468   22.50993    0.11512    0.06354   10.72736    0.39876    0.28361    0.63253    2.00000
 179.98318   -0.01016   23.19616   22.83694    0.01965    0.01084    8.18380    1.60010    0.85696    2.49352    2.00000
 180.03529   -0.06411   23.38532   22.99892    0.07318    0.04039    6.92390   -0.15133   -0.57290   -3.25066    2.00000
 179.93880    0.02687   22.40852   22.13445    0.06685    0.03690   15.15746    1.71050    2.28723    3.06386    2.00000
 180.11328    0.01354   22.48409   22.20356    0.11408    0.06297   14.33448   -2.09018    1.17031   -0.75723    2.00000
 180.06595    0.01660   22.49581   22.21424    0.06801    0.03753   14.20733    1.23439    2.44642    3.51126    2.00000
 179.87720   -0.01415   23.29822   22.92513    0.12362    0.06823    7.49782    1.06396   -2.92782    0.26385    2.00000
 179.99863    0.02791   23.57562   23.15987    0.02794    0.01542    6.11062    2.05488   -2.14469   -3.83074    2.00000
 179.92903   -0.00937   22.66626   22.36818    0.07158    0.03951   12.37430    5.31231    1.89533    8.73676    2.00000
 180.04257   -0.01743   23.21810   22.85599    0.04600    0.02539    8.03562   -1.51352    0.84293    0.47419    2.00000
 179.75020   -0.41539   21.80176   21.57153    0.48471    0.26753   24.44187   -0.85677   -0.51636   -2.13106    2.00000
 179.80470   -0.07027   23.15227   22.79884    0.20755    0.11455    8.48017    0.60740    0.58297    1.93000    2.00000
 180.03648   -0.04953   23.59972   23.18000    0.06151    0.03395    6.00928    1.88810   -1.00029   -0.06982    2.00000
 179.98779    0.02732   23.74674   23.30213    0.02992    0.01651    5.39442   -4.68779    3.38968   -1.56082    2.00000
 180.09070   -0.01402   19.00030   18.45792    0.09177    0.05065  222.73640   -2.45497    2.45563   -0.05252    2.00000
 180.04733   -0.05215   23.75327   23.30752    0.07043    0.03887    5.36726    1.53751    0.93446    6.56405    2.00000
 180.00142    0.03075   22.53097   22.24628    0.03078    0.01699   13.82586   -3.52365   -0.40153   -3.66954    2.00000
 180.05528    0.04483   22.66105   22.36349    0.07118    0.03928   12.43011    0.57370    1.57282    1.33630    2.00000
 180.04578   -0.02804   22.32931   22.06148    0.05367    0.02962   16.02640    2.32017    1.71081    3.52317    2.00000
 179.95796    0.01643   23.18397   22.82636    0.04514    0.02491    8.26612   -0.48895   -1.59648   -0.15374    2.00000
 180.03203    0.07209   22.08762   21.83880    0.07889    0.04354   19.64902    2.20239    0.20175    1.60138    2.00000
 180.04256   -0.00357   21.32953   21.10393    0.04270    0.02357   36.14281    1.63084   -2.18263   -0.03806    2.00000
 179.91266    0.00292   23.34449   22.96433    0.08739    0.04823    7.19292   -0.27531   -0.44392    0.42399    2.00000
 180.03465   -0.00594   22.48878   22.20783    0.03517    0.01941   14.28362    1.64829    0.37201    2.14436    2.00000
 179.93581   -0.00378   21.48415   21.26298    0.06432    0.03550   31.95910    5.37759   -4.25034    1.55908    2.00000
 180.08580   -0.07067   23.80566   23.35076    0.11115    0.06135    5.14955   -0.01057   -2.05162   -2.39725    2.00000
 179.97955    0.04595   23.40165   23.01276    0.05029    0.02776    6.85129   -0.20077    0.65999    1.10264    2.00000
 179.95947   -0.01959   23.37171   22.98739    0.04501    0.02484    7.01357   -2.26214    2.01631   -1.12822    2.00000
 179.94221    0.01561   21.99000   21.74758    0.05985    0.03303   21.28484   -0.80608    0.05827   -1.22561    2.00000
 180.07530   -0.03171   23.69435   23.25873    0.08170    0.04509    5.61289    8.18010   -1.63472    8.10578    2.00000
 179.97012   -0.13247   22.37012   22.09907    0.13580    0.07495   15.57877    1.15026   -0.76665    0.38059    2.00000
 179.92177   -0.06973   20.93708   20.61776    0.10480    0.05784   53.20195   -4.15677    0.44422   -3.44451    2.00000
 180.04402   -0.01440   23.81280   23.35666    0.04632    0.02556    5.11986    0.45805   -2.00527   -4.71890    2.00000
 179.90749   -0.17729   23.35266   22.97125    0.19997    0.11037    7.13912   -1.48796    0.22008   -6.27656    2.00000
 180.01184   -0.00393   23.33633   22.95742    0.01248    0.00689    7.24673    2.60372    1.16717   -0.27956    2.00000
 180.03082    0.00494   22.42772   22.15214    0.03123    0.01723   14.94681   -2.54032    1.29268   -1.98733    2.00000
 179.99176    0.09065   22.74984   22.44302    0.09103    0.05024   11.48305    2.58685    0.50061    2.87363    2.00000
 180.07841   -0.01644   23.30095   22.92744    0.08012    0.04422    7.47988    0.90572   -2.00773   -3.68924    2.00000
 179.97697   -0.04081   22.76231   22.45417    0.04686    0.02587   11.35027    4.52068    1.50803    5.88558    2.00000
 179.97754    0.03415   23.03220   22.69392    0.04088    0.02256    9.29626    4.05699    0.32560    4.84195    2.00000
 180.05286   -0.00514   19.87719   19.38080    0.05310    0.02931  128.08331   -2.81763   -2.62396   -5.36528    2.00000
 180.18402    0.46315   21.80176   21.57153    0.49837    0.27507   24.44187  -10.17783   -1.15606  -11.56247    2.00000
 179.84769   -0.44486   23.36082   22.97817    0.47021    0.25953    7.08531   -5.26943    2.49812   -5.16746    2.00000
 179.97485   -0.07827   22.06399   21.81647    0.08221    0.04537   20.04948    4.27726    4.22304    7.16565    2.00000
 179.97762    0.00125   23.09221   22.74637    0.02242    0.01238    8.88831    1.00395    2.36094    3.22511    2.00000
 179.94283    0.00184   22.52159   22.23773    0.05720    0.03157   13.92758    0.60960   -2.51118   -4.50432    2.00000
 180.06006   -0.03452   23.12102   22.77154    0.06928    0.03823    8.69250    2.36730    1.75695    5.18147    2.00000
 179.96539   -0.02403   23.72428   23.28353    0.04213    0.02325    5.48805    2.61951   -1.74032    6.92765    2.00000
 179.97511    0.04802   23.82947   23.37042    0.05408    0.02985    5.05059   -5.36850    4.06857    2.51018    2.00000
 180.03754    0.00093   23.39076   23.00353    0.03755    0.02073    6.89772   -3.25226   -0.52165    0.73215    2.00000
 180.07632    0.01271   21.84803   21.61490    0.07738    0.04271   23.66405   -4.80229   -2.22892   -6.33155    2.00000
 179.96512    0.05127   23.22785   22.86446    0.06201    0.03422    7.96976   -5.59132   -2.26965   -2.51386    2.00000
 180.06718   -0.03255   22.72240   22.41849    0.07465    0.04120   11.77518   -0.14420   -1.66392   -4.16848    2.00000
 179.98874   -0.01087   22.34131   22.07253    0.01565    0.00864   15.89474   -0.76341    1.10881   -0.99368    2.00000
 179.98769   -0.01362   22.10311   21.85355    0.01837    0.01014   19.38466   -3.79727   -0.49488   -4.67042    2.00000
 179.81631   -0.46230   22.82979   22.51449    0.49746    0.27456   10.69188   -2.36061   -0.35444   -1.92941    2.00000
 179.92853   -0.01798   23.02277   22.68567    0.07370    0.04068    9.36039    2.38363    0.32154    1.80429    2.00000
 179.99911   -0.00844   20.86011   20.48905    0.00848    0.00468   58.17923    2.45544    1.64471    3.99948    2.00000
 179.94633    0.03115   23.17909   22.82212    0.06205    0.03424    8.29905   -0.43998   -0.89831   -2.55150    2.00000
 179.94479   -0.02237   22.49816   22.21638    0.05956    0.03287   14.18190   -4.41138   -1.12317   -5.92652    2.00000
 180.15871   -0.12198   21.76153   21.53326    0.20016    0.11048   25.12819    6.47226   -0.65697    5.90843    2.00000
 179.96005    0.07189   23.07781   22.73378    0.08224    0.04539    8.98622    1.00897    0.01465   -1.64268    2.00000
 179.96590    0.00141   22.56193   22.27443    0.03413    0.01884   13.49057   -5.11396   -0.36015   -7.12323    2.00000
 180.01511    0.00447   21.00319   20.71798    0.01575    0.00869   49.44604    0.50702    0.52387    1.05643    2.00000
 179.50928    0.09572   22.56454   22.27678    0.49997    0.27595   13.46266   -5.41078   -2.58179   -6.79119    2.00000
 180.06145   -0.07023   20.98552   20.69195    0.09331    0.05150   50.42138   -1.66417    0.22437   -1.91399    2.00000
 180.00909    0.03426   22.83762   22.52146    0.03545    0.01957   10.63763    0.20491   -0.28916   -3.13304    2.00000
 180.04536   -0.02074   21.88886   21.65318    0.04988    0.02753   22.97774    1.78283    2.42444    4.65949    2.00000
 180.03294    0.01864   20.92307   20.59491    0.03786    0.02090   54.05830    2.94411    1.10006    3.89725    2.00000
 180.06773    0.02543   23.33088   22.95280    0.07234    0.03993    7.28260   -2.59433   -2.08878   -6.90958    2.00000
 180.02870    0.06311   23.45314   23.05635    0.06933    0.03826    6.63182   -3.07309   -1.52333   -7.51382    2.00000
 179.98700    0.05230   23.50449   23.09980    0.05389    0.02974    6.41306   -2.58161   -1.17173   -2.77120    2.00000
 180.02187    0.03403   21.65833   21.43375    0.04045    0.02232   27.46727    1.40544   -0.40123    1.42553    2.00000
 180.14236   -0.36159   22.19216   21.93537    0.38861    0.21449   17.91741   -4.03912    1.06949   -3.85863    2.00000
 180.00731   -0.08034   22.62453   22.33068    0.08068    0.04453   12.82081    0.24656   -1.69201   -0.38830    2.00000
 180.01431   -0.07937   22.62453   22.33068    0.08065    0.04451   12.82081    6.88921   -2.41503    5.74394    2.00000
 180.03488    0.03554   23.48287   23.08150    0.04979    0.02748    6.50517    0.65932    0.70826    5.52525    2.00000
 180.01688   -0.06217   23.67564   23.24323    0.06442    0.03555    5.69092   -2.77020   -0.04536   -8.76800    2.00000
 180.00925   -0.04717   23.17909   22.82212    0.04807    0.02653    8.29905    4.03438   -0.41273    3.62533    2.00000
 179.87285   -0.05044   22.51222   22.22919    0.13679    0.07550   14.02931   -4.17302   -1.18199   -5.38485    2.00000
 180.01540    0.02668   18.05338   18.06941    0.03081    0.01700  276.25128    0.66981   -0.17218    0.49737    2.00000
 179.97684   -0.13628   22.62714   22.33302    0.13823    0.07629   12.79290   -2.48576   -1.79690   -4.05086    2.00000
 180.01414   -0.04085   23.04181   22.70231    0.04322    0.02386    9.23099    0.18891    3.47054    2.64083    2.00000
 179.99396    0.09940   23.76279   23.31538    0.09959    0.05496    5.32768    3.80203    1.17505    4.42707    2.00000
 179.99632    0.00355   23.53422   23.12495    0.00511    0.00282    6.28641   -2.96701   -1.89163   -6.87650    2.00000
 180.03683   -0.03043   22.84805   22.53076    0.04778    0.02637   10.56531    1.08484   -2.33168   -1.34277    2.00000
 180.01436   -0.06020   22.12245   21.87155    0.06189    0.03416   19.06186   -0.00531    0.84900    1.36438    2.00000
 179.97968   -0.26126   23.54503   23.13410    0.26205    0.14463    6.24035   -2.95083   -2.10168   -2.07643    2.00000
 180.06615   -0.15514   19.57579   19.06556    0.16865    0.09308  155.86620    3.33383   -0.09149    3.20085    2.00000
 180.10365    0.44312   22.79974   22.48763    0.45508    0.25118   10.95192    7.95753   -3.03157    5.61550    2.00000
 179.92938    0.18333   21.97355   21.73227    0.19646    0.10843   21.55937    1.54513   -1.82539   -0.62453    2.00000
 180.00459   -0.22458   23.60454   23.18403    0.22463    0.12398    5.98901    2.60563   -1.55139   -1.79789    2.00000
 180.03259   -0.06087   21.59756   21.37529    0.06905    0.03811   29.00506    3.14229   -2.25182    0.29400    2.00000
 179.98001    0.03594   23.48557   23.08379    0.04113    0.02270    6.49365   -0.23188   -0.56379   -4.06727    2.00000
 179.99278    0.07386   20.97513   20.67664    0.07421    0.04096   50.99511   -1.79205   -1.16595   -2.96769    2.00000
 179.99525    0.01606   20.92092   20.59139    0.01674    0.00924   54.19004    3.55575   -0.65105    2.76359    2.00000
 180.14464   -0.08418   21.17252   20.93135    0.16735    0.09237   41.44934   -3.04482   -0.48289   -2.70588    2.00000
 179.76128    0.22051   22.32451   22.05705    0.32498    0.17936   16.07906    4.00849    2.13849    6.24028    2.00000
 180.05231   -0.02863   22.54034   22.25482    0.05964    0.03291   13.72413    0.43626   -1.27953   -1.55531    2.00000
 180.00784   -0.13130   23.64955   23.22162    0.13154    0.07260    5.79973   -4.90629    1.46379    0.75894    2.00000
 179.99483   -0.00607   23.61257   23.19074    0.00798    0.00440    5.95523    0.50480   -1.32730   -4.75960    2.00000
 179.95518   -0.00018   22.09071   21.84175    0.04482    0.02474   19.59615   -6.04126   -0.12533   -6.34930    2.00000
 179.99068   -0.06419   22.33891   22.07032    0.06486    0.03580   15.92108    3.91296   -0.43812    4.27161    2.00000
 180.00449    0.00944   22.12683   21.87555    0.01045    0.00577   18.99001   -1.57706    1.04873   -0.28668    2.00000
 179.97498    0.03070   23.02980   22.69182    0.03961    0.02186    9.31257    2.53770   -0.42406    5.54364    2.00000
 180.01744    0.01325   23.33633   22.95742    0.02190    0.01209    7.24673   -2.99724    0.33353   -6.05488    2.00000
 180.12891   -0.05890   23.03701   22.69811    0.14172    0.07822    9.26362    3.77973    0.90480    1.96810    2.00000
 179.98073    0.03558   18.09466   18.10291    0.04046    0.02233  271.63794    2.91992   -1.12134    1.80531    2.00000
 179.99352   -0.03482   21.97355   21.73227    0.03542    0.01955   21.55937    1.06270    0.84702    3.04153    2.00000
 179.93089    0.02593   23.55584   23.14325    0.07380    0.04073    6.19430    6.89679   -0.39209   13.71444    2.00000
 180.13943    0.08820   22.07599   21.82775    0.16498    0.09106   19.84729   10.65406   -0.05822   10.97371    2.00000
 180.11716    0.05582   23.32000   22.94358    0.12977    0.07162    7.35434  -10.60239   -1.46382  -10.50430    2.00000
 179.98906    0.08768   23.17421   22.81789    0.08836    0.04877    8.33198    2.43084   -0.34475    4.31558    2.00000
 180.14748   -0.37678   23.34177   22.96203    0.40462    0.22332    7.21086   -4.19122    1.20493   -7.30124    2.00000
 179.99928   -0.13032   21.40591   21.18304    0.13032    0.07193   34.06205    0.45198    0.86019    0.60295    2.00000
 179.99261    0.04963   22.94456   22.61678    0.05017    0.02769    9.89627   -2.85845   -0.82358   -4.24417    2.00000
 180.04750   -0.12262   20.49407   20.03435    0.13150    0.07258   81.61186    3.70235   -0.62085    3.19440    2.00000
 180.03223   -0.04635   18.03969   17.84598    0.05645    0.03116  312.08105   -0.97037   -5.45680   -6.40515    2.00000
 180.04396    0.03055   22.65322   22.35646    0.05354    0.02955   12.51383   -3.45323    0.75596   -4.13918    2.00000
 179.82787    0.12493   22.14108   21.88858    0.21270    0.11739   18.75650   -6.75669   -4.07667   -7.59594    2.00000
 180.03888   -0.02963   22.24357   21.98262    0.04888    0.02698   17.07011   -0.88883    0.18786   -0.46874    2.00000
 180.02063   -0.06386   22.13889   21.88657    0.06711    0.03704   18.79242   -3.78924    2.41783   -2.04642    2.00000
 179.98547    0.09485   21.80721   21.57663    0.09596    0.05296   24.35037    1.20087    1.45261    3.91204    2.00000
 179.93037   -0.03366   23.40709   23.01737    0.07733    0.04268    6.82807    2.63260   -0.88574   -1.18469    2.00000
 179.96809    0.01918   23.78184   23.33111    0.03722    0.02055    5.24851    0.85740    2.40054   -1.29594    2.00000
 179.91536    0.00738   23.21078   22.84964    0.08496    0.04689    8.08501   -5.81952    2.14348   -0.10873    2.00000
 179.90067    0.06827   22.39652   22.12339    0.12054    0.06653   15.28912   -2.28651    0.78248   -0.69611    2.00000
 180.06290    0.03853   23.14502   22.79252    0.07375    0.04071    8.52932    0.89537    3.55766    2.74064    2.00000
 180.02518   -0.03195   23.79851   23.34487    0.04067    0.02245    5.17924    4.67086    0.55718    1.86650    2.00000
 180.00943    0.13204   23.38532   22.99892    0.13237    0.07306    6.92390    1.85258    2.10073    5.92188    2.00000
 179.97968   -0.04531   18.04831   18.04007    0.04967    0.02741  280.29324    2.29327   -3.53625   -1.22693    2.00000
 179.98227   -0.00631   21.52131   21.30093    0.01882    0.01039   30.96095    4.00503   -0.98358    2.54830    2.00000
 179.93556   -0.13146   23.34721   22.96664    0.14640    0.08080    7.17499   -1.08239    0.67991    5.37455    2.00000
 180.01466    0.09998   21.72184   21.49498    0.10105    0.05577   25.85649    3.89876   -2.49556    0.87288    2.00000
 180.00633   -0.02832   20.41090   19.94445    0.02902    0.01602   87.18096   -1.26928   -1.82191   -2.96649    2.00000
 180.02324   -0.00310   23.34177   22.96203    0.02345    0.01294    7.21086    4.55870    0.93785    4.95839    2.00000
 179.98460    0.05168   18.07003   17.74685    0.05393    0.02976  328.98767    1.26873   -3.92008   -2.65773    2.00000
 180.25880    0.10538   23.05381   22.71280    0.27943    0.15423    9.14940   -2.48248   -0.24432   -2.96414    2.00000
 179.95888    0.06447   22.39172   22.11897    0.07647    0.04220   15.34178   -1.42054   -0.52682   -1.76461    2.00000
 179.91879   -0.06124   23.56598   23.15182    0.10171    0.05613    6.15115   -3.64834    1.97915    1.11202    2.00000
 180.00574   -0.01216   23.29278   22.92052    0.01344    0.00742    7.53369    5.71498   -3.76059    4.22370    2.00000
 179.99159    0.01924   21.92698   21.68891    0.02099    0.01159   22.33690   -0.36601    0.16933    0.46430    2.00000
 179.98344    0.01108   23.42611   23.03348    0.01993    0.01100    6.74695   -3.45283    1.97795    0.15566    2.00000
 179.87862    0.18483   22.03932   21.79351    0.22113    0.12205   20.46127   -4.09118   -1.54645   -6.58959    2.00000
 179.94943   -0.06714   22.40372   22.13003    0.08405    0.04639   15.21013   -4.47966    1.05912   -5.52423    2.00000
 180.06552    0.02565   20.08555   19.59948    0.07037    0.03884  110.77392   -0.71712    0.14031   -0.75139    2.00000
 179.93814   -0.08680   23.79137   23.33897    0.10659    0.05883    5.20893    0.13780    3.56113    4.21104    2.00000
 179.99194   -0.04013   23.22298   22.86023    0.04093    0.02259    8.00269    1.57175   -0.15144   -4.03567    2.00000
 180.02344   -0.02026   22.98457   22.65216    0.03098    0.01710    9.62105    2.34273   -0.36260    1.93699    2.00000
 179.93668   -0.00123   21.23013   20.99773    0.06334    0.03496   38.96196    4.14300   -2.97490    0.87784    2.00000
 180.02986   -0.01768   23.00503   22.67012    0.03470    0.01915    9.48139   -2.06006   -1.99453   -3.43880    2.00000
 180.09190   -0.04213   23.76279   23.31538    0.10110    0.05580    5.32768   -0.68991    0.75871    0.15360    2.00000
 180.01810    0.03654   22.72240   22.41849    0.04078    0.02251   11.77518   -0.68817    1.28583    0.66016    2.00000
 179.94943    0.01776   22.96020   22.63073    0.05359    0.02958    9.78778   -0.04910   -3.24618   -3.93793    2.00000
 179.95206    0.01313   23.11141   22.76315    0.04971    0.02743    8.75777   -0.24663   -3.72195   -3.54229    2.00000
 179.55566    0.13612   21.28707   21.05869    0.46472    0.25650   37.33300    0.82961   -1.65733   -1.35260    2.00000
 180.00565    0.00375   23.69248   23.25718    0.00677    0.00374    5.62070   -3.13439   -0.08994   -3.46605    2.00000
 180.00563   -0.06467   21.36418   21.14040    0.06491    0.03583   35.18363    0.53842   -1.22624   -0.59033    2.00000
 179.95490   -0.18706   20.98448   20.69042    0.19242    0.10620   50.47875    0.07971    0.48071    0.10076    2.00000
 179.90079   -0.11215   23.22054   22.85811    0.14974    0.08264    8.01915   -1.66529   -0.37853   -2.55801    2.00000
 180.05504    0.05702   23.42611   23.03348    0.07924    0.04374    6.74695   -2.95124    0.55015   -3.42274    2.00000
 180.05597    0.01525   23.19372   22.83482    0.05801    0.03202    8.20027    2.36491   -4.23778   -0.41646    2.00000
 180.03940    0.00463   22.79974   22.48763    0.03967    0.02190   10.95192   -0.42861    0.63044    2.91628    2.00000
 180.01337   -0.00314   23.74300   23.29903    0.01372    0.00757    5.41002   -0.28128    2.36634    4.40241    2.00000
 179.98865    0.01117   23.25467   22.88774    0.01593    0.00879    7.78864   -0.29595   -3.06021   -3.02680    2.00000
 179.89877   -0.00850   21.05173   20.78301    0.10158    0.05606   47.00895    1.98133    2.28638    4.49950    2.00000
 179.94971   -0.05907   21.57420   21.35283    0.07758    0.04282   29.59567    7.37836   -0.79987    6.14362    2.00000
 179.92729    0.09032   20.76548   20.35091    0.11595    0.06399   65.29819    6.47502   -2.65693    4.14317    2.00000
 179.98930   -0.07429   22.98887   22.65594    0.07506    0.04143    9.59164    3.93734    0.19757    4.45812    2.00000
 180.06425    0.05211   22.33411   22.06590    0.08272    0.04565   15.97374    0.34533   -0.60523    0.76097    2.00000
 179.93642    0.02331   21.40069   21.17771    0.06773    0.03738   34.20225   -1.97111    1.84423   -0.86676    2.00000
 180.04198    0.04478   23.16934   22.81366    0.06137    0.03387    8.36491    5.01772    1.86823   10.50616    2.00000
 180.00461   -0.02510   23.65693   23.22774    0.02552    0.01408    5.76894   -2.02663   -2.72664   -6.63175    2.00000
 180.02345    0.00278   23.52881   23.12038    0.02363    0.01304    6.30943    0.14634    0.70185    0.68232    2.00000
 179.99724    0.08250   21.74830   21.52050    0.08254    0.04556   25.35696   -0.29689   -0.89754    0.09552    2.00000
 180.07687    0.35482   23.13542   22.78413    0.36305    0.20038    8.59459    7.29880    1.26703    8.57416    2.00000
 179.92499   -0.07434   23.04661   22.70651    0.10561    0.05829    9.19835   -0.22772   -3.09451   -5.44439    2.00000
 179.76942    0.01274   22.94456   22.61678    0.23093    0.12746    9.89627    0.66509   -2.48648   -4.23825    2.00000
 179.95763    0.02433   23.16202   22.80731    0.04887    0.02697    8.41431   -2.38930   -0.46240   -3.28457    2.00000
 180.01852    0.02598   21.08875   20.83050    0.03191    0.01761   45.22905    0.09608   -0.93678   -0.99783    2.00000
 179.96642    0.02062   22.79974   22.48763    0.03942    0.02176   10.95192   -6.62537    1.46067   -4.66464    2.00000
 179.97588   -0.00280   21.17766   20.93733    0.02429    0.01341   41.22551    1.54443    2.22167    3.36025    2.00000
 179.96275    0.00472   22.94195   22.61445    0.03754    0.02072    9.91436   -3.51846   -1.08575   -4.95757    2.00000
 180.04529   -0.07605   22.89239   22.57028    0.08852    0.04885   10.25791   -4.81292    0.74792   -2.82751    2.00000
 179.72137    0.01867   22.68191   22.38224    0.27926    0.15413   12.20686    2.77147    1.28812    4.50865    2.00000
