#RA        DEC       MAG_G     MAG_I     ANGSEP    RPROJ     SNR       VTRUE       VSYS       VMEAS      VSYSERR    
 179.98235   -0.08155   23.38259   22.99661    0.08344    0.04605    6.94184    0.56545   -0.06721    3.02338    2.00000
 180.12296    0.01642   21.48415   21.26298    0.12404    0.06846   31.95910   -5.06053    1.17272   -4.17250    2.00000
 180.61026    0.15279   22.60106   22.30959    0.62910    0.34723   13.07197    3.65661   -1.21258    2.46285    2.00000
 180.05186   -0.03161   21.05547   20.78794    0.06074    0.03352   46.82408    8.10361    0.78462    8.37317    2.00000
 180.04651    0.01450   22.25899   21.99679    0.04872    0.02689   16.81592   -4.14450   -1.58442   -5.33604    2.00000
 180.00648   -0.04067   21.51242   21.29186    0.04118    0.02273   31.19958    4.30194    1.00048    5.30393    2.00000
 180.09032   -0.04199   22.25642   21.99443    0.09960    0.05497   16.85829   -0.54582   -2.82101   -4.10861    2.00000
 179.88351   -0.03403   23.53152   23.12267    0.12135    0.06698    6.29792   -4.41197   -0.17166   -5.89669    2.00000
 180.19278    0.04900   22.26413   22.00152    0.19891    0.10978   16.74035   -9.31526   -0.86587  -11.52382    2.00000
 179.90378    0.18999   22.42292   22.14772    0.21296    0.11754   14.99947   -0.28219   -0.39150   -0.83154    2.00000
 180.00909   -0.43240   22.87935   22.55866    0.43249    0.23871   10.34832    8.17686   -0.01255   10.34604    2.00000
 180.15649    0.05046   19.80945   19.30996    0.16442    0.09075  134.32710    0.35107    2.61324    2.93681    2.00000
 179.97461    0.07915   22.77229   22.46309    0.08312    0.04588   11.24404   -5.20247   -0.88060   -6.78748    2.00000
 180.05051   -0.03111   22.57497   22.28615    0.05932    0.03274   13.35104   -3.86437    1.28096   -1.84070    2.00000
 179.98007   -0.06319   23.62703   23.20281    0.06626    0.03657    5.89443    6.26083   -0.56480    9.79543    2.00000
 180.04221    0.04453   23.53422   23.12495    0.06135    0.03386    6.28641   -1.03128    1.16402   -3.48993    2.00000
 179.97710    0.03937   23.13542   22.78413    0.04554    0.02514    8.59459   -1.95161   -1.00627   -1.77646    2.00000
 180.05862   -0.07725   23.24492   22.87928    0.09697    0.05352    7.85450    4.09847   -1.91183    1.29347    2.00000
 180.04398   -0.05834   22.05851   21.81137    0.07305    0.04032   20.14099   -6.70984   -1.79456   -8.94929    2.00000
 180.01012   -0.10689   23.16202   22.80731    0.10736    0.05926    8.41431   -2.52753   -1.11745   -6.38149    2.00000
 180.04597   -0.01732   23.09461   22.74846    0.04912    0.02711    8.87199    1.96701    0.85427    0.73688    2.00000
 180.00397   -0.04840   22.19216   21.93537    0.04856    0.02680   17.91741   -1.57299    3.10023    4.04127    2.00000
 179.99765   -0.05506   22.13780   21.88557    0.05511    0.03042   18.81038   -1.92501    3.10580    1.53514    2.00000
 180.06444   -0.03986   23.11622   22.76735    0.07577    0.04182    8.72513    3.16300    0.68102    8.12851    2.00000
 180.03607   -0.06488   22.21787   21.95899    0.07423    0.04097   17.49376    2.79480   -1.37516    0.81990    2.00000
 179.95918   -0.02342   23.34721   22.96664    0.04705    0.02597    7.17499   -6.91600    0.19948   -8.85763    2.00000
 180.09373    0.15750   23.46935   23.07007    0.18328    0.10116    6.56273   -4.64899   -0.11869   -2.40948    2.00000
 180.02628    0.00038   21.12758   20.87767    0.02628    0.01450   43.46112   -0.01804    2.21429    1.53685    2.00000
 179.99536   -0.03710   22.63235   22.33771    0.03739    0.02064   12.73709    2.03757   -2.66791    1.15169    2.00000
 180.01854   -0.23320   22.59062   22.30021    0.23394    0.12912   13.18359   -8.61878   -0.02538  -10.49824    2.00000
 179.82463   -0.09874   23.76517   23.31735    0.20126    0.11108    5.31778   -1.13136    2.33857    3.17637    2.00000
 180.17520   -0.13970   21.04424   20.77314    0.22407    0.12367   47.37869   -4.49822   -1.33326   -5.50821    2.00000
 179.69308    0.17977   22.35091   22.08138    0.35570    0.19632   15.78942   -1.26021   -2.85443   -3.01376    2.00000
 179.90912    0.00598   22.68191   22.38224    0.09108    0.05027   12.20686    1.02956   -0.39505    0.88006    2.00000
 180.03441    0.11808   23.27661   22.90680    0.12299    0.06788    7.64046    4.66343   -3.57065    4.52403    2.00000
 179.96423    0.03445   22.76481   22.45640    0.04965    0.02741   11.32371    1.16812    1.17751    3.98673    2.00000
 179.96382   -0.02450   23.78422   23.33307    0.04369    0.02412    5.23861    0.35841    0.57805    3.24701    2.00000
 180.05003   -0.02128   22.55440   22.26763    0.05437    0.03001   13.57155    4.50985    3.28524   11.46123    2.00000
 180.02284   -0.01093   21.65304   21.42864    0.02533    0.01398   27.60150    1.51805    0.43431    2.74566    2.00000
 179.99794   -0.00917   22.84544   22.52844    0.00940    0.00519   10.58339   -2.35748    1.15241   -0.50141    2.00000
 179.93774   -0.07817   23.14022   22.78832    0.09993    0.05515    8.56195   -5.33250   -1.06624   -8.21626    2.00000
 180.02386    0.04477   22.69496   22.39396    0.05073    0.02800   12.06724   -0.62286    0.39003    1.22035    2.00000
 179.99974    0.04275   23.62060   23.19744    0.04275    0.02360    5.92145    0.94578    1.25108    3.66972    2.00000
 179.97487    0.04518   21.60924   21.38651    0.05170    0.02853   28.70975   -1.44060   -1.03932   -2.07158    2.00000
 179.97237    0.00699   23.10181   22.75476    0.02850    0.01573    8.82304   -3.79075    2.00684   -2.17580    2.00000
 179.99129    0.14153   22.65061   22.35412    0.14180    0.07826   12.54174    3.04920    2.94083    3.61072    2.00000
 180.03973   -0.00239   22.46300   22.18434    0.03980    0.02197   14.56336   -4.90135   -0.75207   -5.82921    2.00000
 179.98801   -0.07832   23.62382   23.20013    0.07923    0.04373    5.90794    0.27440   -0.66072    2.38020    2.00000
 179.99057    0.01677   18.01173   17.39451    0.01924    0.01062  393.40787   -2.04527    0.14193   -1.87588    2.00000
 180.01830   -0.00925   23.40437   23.01506    0.02050    0.01131    6.83968    3.26677    6.47067   13.60269    2.00000
 179.97481   -0.04509   22.53097   22.24628    0.05165    0.02850   13.82586   -4.13368    0.88090   -2.24522    2.00000
 179.95547   -0.04142   22.55440   22.26763    0.06082    0.03357   13.57155    2.44993   -3.33803   -1.01073    2.00000
 179.99733    0.02522   23.76993   23.32128    0.02537    0.01400    5.29799   -1.45636    1.82717   -2.18149    2.00000
 180.11139    0.18338   22.55682   22.26984    0.21456    0.11842   13.54530    9.68455    3.67158   12.63998    2.00000
 179.99823   -0.04259   23.51260   23.10666    0.04263    0.02353    6.37852    0.67312    2.22996    2.83164    2.00000
 180.08247    0.01226   21.43982   21.21768    0.08338    0.04602   33.15077   -3.29091   -1.60350   -4.94220    2.00000
 179.98454    0.04041   23.03460   22.69602    0.04326    0.02388    9.27994   -3.04798    1.70774   -1.96387    2.00000
 180.03030   -0.01955   21.06171   20.79616    0.03606    0.01990   46.51597    1.06590   -1.03084   -0.10449    2.00000
 180.00851    0.02139   22.06399   21.81647    0.02302    0.01271   20.04948    3.02992   -1.52792    1.18310    2.00000
 179.95255    0.01919   23.30911   22.93436    0.05119    0.02825    7.42608   -4.49993    2.43295   -2.02607    2.00000
 180.06064    0.03300   23.39620   23.00814    0.06903    0.03810    6.87450    2.13410   -2.68277   -0.23235    2.00000
 179.89653    0.18653   22.93934   22.61213    0.21330    0.11773    9.93244   -0.07922   -1.53257   -3.99387    2.00000
 179.99434    0.00047   21.83987   21.60725    0.00568    0.00314   23.80132   -0.13743    1.93827    2.06138    2.00000
 179.77779   -0.15904   21.99274   21.75013    0.27326    0.15082   21.23909   -0.53124   -3.18625   -4.23895    2.00000
 179.99652    0.01878   22.79724   22.48540    0.01910    0.01054   10.97848   -4.73972    1.97492   -2.75419    2.00000
 179.99040    0.03988   21.51864   21.29821    0.04102    0.02264   31.03254   -1.05660   -2.14306   -3.16230    2.00000
 180.09064    0.02676   22.61931   22.32599    0.09450    0.05216   12.87662   -2.33019   -2.10578   -1.74153    2.00000
 180.00833    0.03147   23.68312   23.24943    0.03256    0.01797    5.65971   -4.05643    3.03969    3.52245    2.00000
 179.93291    0.03091   22.71990   22.41626    0.07388    0.04078   11.80173    0.21985    2.19772    2.59943    2.00000
 179.89441    0.02800   22.00370   21.76034    0.10924    0.06029   21.05607   -1.92536   -0.61883   -3.08652    2.00000
 179.90289   -0.01445   22.71741   22.41403    0.09818    0.05419   11.82829   -0.11402   -0.21244   -0.30897    2.00000
 179.93248   -0.00637   23.13062   22.77993    0.06782    0.03743    8.62723   -5.15740   -2.19553   -9.55258    2.00000
 179.96907    0.03267   21.46329   21.24166    0.04499    0.02483   32.51989   -1.49926    0.54552   -0.99139    2.00000
 179.95972   -0.02080   23.78422   23.33307    0.04534    0.02503    5.23861   -3.85330    2.28493    1.90956    2.00000
 180.00800   -0.01516   23.71493   23.27578    0.01713    0.00946    5.52706   -2.42031    2.52414    1.96472    2.00000
 179.83978   -0.00914   22.85327   22.53541    0.16048    0.08857   10.52914   -1.46720    0.03185   -0.36807    2.00000
 179.95737   -0.00014   22.30526   22.03932    0.04264    0.02353   16.29024   -0.27836   -2.47617   -5.04192    2.00000
 179.98795    0.01082   23.75327   23.30752    0.01620    0.00894    5.36726    0.35454    2.46136   11.69792    2.00000
 179.91672    0.00290   23.76755   23.31931    0.08333    0.04599    5.30789    2.97057   -0.18181    9.89290    2.00000
 180.06583    0.01623   22.47941   22.19929    0.06780    0.03742   14.38535   -2.07510   -2.89071   -4.18331    2.00000
 179.99020    0.06899   22.23843   21.97789    0.06968    0.03846   17.15484    1.28641    0.32905    1.45638    2.00000
 179.82248    0.02991   23.37443   22.98970    0.18002    0.09936    6.99564   -0.86511   -3.87886   -4.42506    2.00000
 180.02431    0.01457   22.00370   21.76034    0.02833    0.01564   21.05607   -4.13912   -0.99768   -6.18970    2.00000
 180.00597    0.09764   23.64631   23.21892    0.09782    0.05399    5.81335    3.01631   -1.85463   -0.61396    2.00000
 180.06200   -0.11247   23.30095   22.92744    0.12843    0.07088    7.47988    6.20004    1.67834    7.70204    2.00000
 180.01472   -0.04758   22.82979   22.51449    0.04981    0.02749   10.69188   -0.03325   -1.23740    0.03883    2.00000
 179.98044   -0.05160   22.69994   22.39842    0.05518    0.03046   12.01418   -4.33630   -1.72196   -6.41124    2.00000
 179.89145   -0.01947   22.50753   22.22492    0.11028    0.06087   14.08017    3.07651    2.16647    4.08340    2.00000
 179.90054   -0.07854   21.70331   21.47712    0.12673    0.06994   26.32630    1.58405   -0.91676    0.96805    2.00000
 179.99841   -0.03698   23.32000   22.94358    0.03701    0.02043    7.35434   -0.58755    0.10418   -1.58395    2.00000
 180.00192    0.01843   23.02012   22.68335    0.01853    0.01023    9.37848    5.27533   -1.19995    4.18507    2.00000
 180.08492   -0.11879   22.68452   22.38458    0.14602    0.08059   12.17895    2.23663   -0.06522    0.56874    2.00000
 179.93398    0.11418   23.45044   23.05406    0.13189    0.07279    6.64333    0.71392   -1.73825   -0.12543    2.00000
 179.97900   -0.01980   18.14940   17.78942    0.02885    0.01593  321.72855   -2.87145    0.27351   -2.56507    2.00000
 179.89671   -0.02310   22.46066   22.18220    0.10584    0.05842   14.58880    8.22385   -1.61308    5.45692    2.00000
 180.00540   -0.00636   22.31731   22.05042    0.00835    0.00461   16.15806   -6.38031   -0.62122   -7.86263    2.00000
 179.94676   -0.04718   21.84259   21.60980    0.07114    0.03926   23.75556    1.72610   -0.82999    0.27785    2.00000
 179.86684   -0.10852   23.01473   22.67862    0.17178    0.09481    9.41523   -3.16869    1.82180   -2.80009    2.00000
 179.96153    0.10140   23.61257   23.19074    0.10845    0.05986    5.95523    3.43472   -1.32706    6.34902    2.00000
 179.95634   -0.01531   23.77708   23.32718    0.04626    0.02553    5.26830   -0.52864    0.36433    5.87833    2.00000
 179.99733    0.10473   23.09461   22.74846    0.10476    0.05782    8.87199   -0.13185    3.29850    1.43584    2.00000
 179.97372    0.04867   21.22136   20.98809    0.05531    0.03053   39.32300   -6.85235   -0.08509   -6.72458    2.00000
 180.04163    0.06723   23.79137   23.33897    0.07907    0.04364    5.20893    1.45815    3.47783   -1.02085    2.00000
 179.92159   -0.06249   23.38532   22.99892    0.10026    0.05534    6.92390    0.15131    0.54487    3.12438    2.00000
 180.03264    0.05947   21.97903   21.73738    0.06784    0.03744   21.46786   -2.82086    0.88745   -3.23006    2.00000
 179.96635   -0.11662   22.07129   21.82328    0.12138    0.06699   19.92747   -1.10486   -1.72344   -3.27875    2.00000
 180.00081   -0.02172   22.77229   22.46309    0.02174    0.01200   11.24404   -1.18008   -2.43909   -4.32391    2.00000
 180.06194    0.00012   21.19951   20.96271    0.06193    0.03418   40.27426    0.90581   -0.59299    0.68549    2.00000
 180.25993    0.00094   23.19616   22.83694    0.25993    0.14346    8.18380    0.42724   -0.72173    0.02340    2.00000
 180.02226   -0.03203   22.92630   22.60050    0.03901    0.02153   10.02285    1.57305   -2.75784    1.69039    2.00000
 179.98924   -0.01963   23.75088   23.30555    0.02239    0.01236    5.37716   -0.80352    0.30152   -2.36435    2.00000
 180.02016   -0.03282   23.76755   23.31931    0.03851    0.02125    5.30789    3.65814    2.47195    0.12119    2.00000
 180.02373   -0.01491   22.22301   21.96372    0.02802    0.01546   17.40903    1.41876    0.56524    1.68952    2.00000
 179.99358    0.01068   23.62221   23.19879    0.01247    0.00688    5.91469    5.45717    4.80263   10.36161    2.00000
 179.94775   -0.02482   23.81756   23.36059    0.05785    0.03193    5.10007    0.66772    0.43499    0.06607    2.00000
 179.99445    0.01508   22.99211   22.65878    0.01607    0.00887    9.56959   -2.25353    0.92339   -2.94036    2.00000
 179.90610   -0.02868   23.66628   23.23548    0.09819    0.05419    5.72993   -2.70696   -4.09973   -4.61038    2.00000
 179.96933    0.00423   21.20851   20.97316    0.03096    0.01709   39.88256   -2.55868    1.17716   -1.18128    2.00000
 179.99254   -0.01137   21.07418   20.81260    0.01360    0.00750   45.89974   -1.77373   -1.56879   -3.89431    2.00000
 179.98431    0.01790   22.09691   21.84765    0.02381    0.01314   19.49041   -1.60784   -1.66944   -3.42348    2.00000
 179.98010    0.03698   22.12464   21.87355    0.04199    0.02318   19.02594    1.37989    3.96388    5.06506    2.00000
 180.01520    0.00448   22.24614   21.98498    0.01584    0.00874   17.02775   -4.90034    1.33822   -1.96279    2.00000
 180.11780    0.05904   23.25711   22.88986    0.13176    0.07272    7.77218   -1.56933   -2.25101   -4.05124    2.00000
 180.02457   -0.00500   23.57723   23.16121    0.02506    0.01383    6.10386    0.58061   -4.94181   -5.86563    2.00000
 180.00250    0.00474   20.65571   20.21529    0.00536    0.00296   72.28755    2.42640    0.41398    2.84381    2.00000
 179.99039    0.01869   22.83762   22.52146    0.02102    0.01160   10.63763   -1.80677    0.36875   -3.41594    2.00000
 180.08823    0.03444   20.82931   20.44006    0.09470    0.05227   60.70390    2.52547    0.07940    2.71775    2.00000
 179.91457   -0.02492   23.02980   22.69182    0.08900    0.04912    9.31257    0.20236    3.51101   -3.44402    2.00000
 180.02277    0.00580   21.40852   21.18570    0.02350    0.01297   33.99195   -2.52159    1.29387   -1.77767    2.00000
 180.05391   -0.12023   21.31336   21.08670    0.13176    0.07272   36.59622    3.92711    2.36508    6.59425    2.00000
 179.89595    0.24284   23.31728   22.94128    0.26419    0.14581    7.37227   -2.95431   -3.92027   -5.43834    2.00000
 180.00775    0.01483   23.57401   23.15853    0.01673    0.00923    6.11737   -3.03089   -0.88602   -9.14249    2.00000
 180.00230   -0.01555   22.96281   22.63305    0.01571    0.00867    9.76970    2.77490    1.84183    6.01131    2.00000
 179.95827    0.02814   23.73551   23.29283    0.05033    0.02778    5.44123    5.16650    2.72214   16.28162    2.00000
 180.00986    0.02122   23.33633   22.95742    0.02340    0.01292    7.24673    6.04514    3.59341   11.28869    2.00000
 179.91724    0.18068   23.38532   22.99892    0.19873    0.10968    6.92390   -0.70327   -0.70297   -1.22094    2.00000
 179.95296   -0.03766   22.20501   21.94718    0.06027    0.03326   17.70559    1.51367    1.78783    3.75841    2.00000
 180.02223   -0.04027   23.27418   22.90468    0.04600    0.02539    7.65693    2.31725   -5.01901    0.36275    2.00000
 179.98035    0.01921   21.57031   21.34909    0.02748    0.01517   29.69411   -5.54201    0.48029   -6.03268    2.00000
 179.95222    0.12940   23.71119   23.27268    0.13794    0.07613    5.54267    0.62575    0.54258    2.98580    2.00000
 180.01871   -0.04370   19.83869   19.34042    0.04754    0.02624  131.64195   -0.55149   -3.23092   -3.86714    2.00000
 180.00665   -0.05370   20.71061   20.28144    0.05411    0.02986   68.87858   -4.17122    4.31435    0.12921    2.00000
 180.03752    0.02795   22.43957   22.16298    0.04679    0.02582   14.81768    0.27034    5.58952    4.81849    2.00000
 180.03812    0.03002   22.76730   22.45863    0.04851    0.02678   11.29716   -4.21025   -0.75508   -6.40040    2.00000
 179.93546   -0.09675   21.27291   21.04361    0.11630    0.06419   37.72973    2.40465    0.07905    2.14181    2.00000
 179.99443    0.01278   20.92092   20.59139    0.01394    0.00769   54.19004   -2.18986    1.19882   -0.60457    2.00000
 179.97932   -0.05889   20.82005   20.42551    0.06241    0.03445   61.45388   -1.39887    1.44642   -0.21379    2.00000
 180.07550    0.02751   22.77229   22.46309    0.08036    0.04435   11.24404   -2.59993    1.00823   -1.28469    2.00000
 179.82448   -0.05457   21.75888   21.53070    0.18380    0.10145   25.17394   -1.87659    0.97624    0.25249    2.00000
 180.24976    0.33347   22.93673   22.60980    0.41663    0.22995    9.95052    4.34484    1.48155    5.42764    2.00000
 180.06351   -0.03140   23.71306   23.27423    0.07085    0.03910    5.53487    0.43645   -2.35494    2.35668    2.00000
 180.00591   -0.02630   22.66626   22.36818    0.02695    0.01488   12.37430    3.49275    1.25258    2.42568    2.00000
 180.01224   -0.03281   21.71919   21.49243    0.03502    0.01933   25.92361   -2.90338   -0.71042   -3.95655    2.00000
 180.02370   -0.04118   22.24100   21.98026    0.04751    0.02622   17.11248    2.36439   -3.66496   -2.28220    2.00000
 179.92857    0.01519   21.18023   20.94031    0.07302    0.04030   41.11360    0.86608   -1.21391   -0.42529    2.00000
 180.27275    0.11146   21.90791   21.67104    0.29464    0.16262   22.65746   -0.74262   -1.05680   -1.24346    2.00000
 180.00209   -0.02371   21.94615   21.70676    0.02381    0.01314   22.01691   -4.42173   -1.56666   -6.32270    2.00000
 179.92429    0.14443   22.99211   22.65878    0.16307    0.09000    9.56959    4.90955   -1.92807    3.84070    2.00000
 180.03738    0.04806   22.97487   22.64366    0.06089    0.03361    9.68720    2.89026   -2.09667    3.64130    2.00000
 180.04424   -0.05117   20.36709   19.89741    0.06764    0.03733   90.39823   -1.39180   -2.24529   -3.35490    2.00000
 179.97540   -0.04904   22.92630   22.60050    0.05487    0.03028   10.02285   -0.33253    1.01549   -0.35888    2.00000
 180.04668   -0.07768   22.69234   22.39161    0.09062    0.05002   12.09523   -1.22969   -1.49212   -3.87841    2.00000
 180.04128   -0.06967   23.32816   22.95050    0.08098    0.04470    7.30053   -0.64675    1.67452   -2.72224    2.00000
 180.02371   -0.22265   23.05141   22.71070    0.22391    0.12358    9.16571   -2.10827    0.43661   -1.93733    2.00000
 180.06529    0.07733   23.22054   22.85811    0.10121    0.05586    8.01915   -3.09459   -0.11140   -3.45759    2.00000
 180.06310    0.05225   21.88886   21.65318    0.08192    0.04521   22.97774   -4.57239    1.49286   -2.94578    2.00000
 180.14375    0.00786   23.83185   23.37239    0.14397    0.07946    5.04069    3.09015   -3.26206   -3.52265    2.00000
 179.96124   -0.03509   23.53422   23.12495    0.05228    0.02885    6.28641   -3.60897   -0.71350    1.98967    2.00000
 180.03430    0.02753   23.02500   22.68763    0.04398    0.02428    9.34521    1.73112   -2.53479   -0.92064    2.00000
 180.06380    0.07346   23.19859   22.83906    0.09729    0.05370    8.16734    1.96984    2.73887    2.49311    2.00000
 179.97725    0.05868   23.18153   22.82424    0.06293    0.03473    8.28259    1.77048    1.06206    1.71094    2.00000
 179.93494   -0.01072   22.35811   22.08801    0.06594    0.03639   15.71042   -2.68698   -3.74282   -9.38440    2.00000
 179.94351    0.06659   23.18397   22.82636    0.08732    0.04820    8.26612   -0.02367    0.37214    1.40519    2.00000
 180.13190   -0.18908   23.10181   22.75476    0.23054    0.12724    8.82304    4.24298    0.10115    1.66135    2.00000
 180.07980    0.00980   23.54503   23.13410    0.08041    0.04438    6.24035    5.16067    3.82422    7.42966    2.00000
 180.00729    0.00286   23.76755   23.31931    0.00784    0.00433    5.30789   -0.44347   -1.82637    1.23482    2.00000
 180.01054   -0.02128   22.30771   22.04157    0.02374    0.01310   16.26338   -0.25892    1.71966    2.60047    2.00000
 179.97031    0.10039   23.63024   23.20550    0.10469    0.05778    5.88091    2.20516    1.27412   -0.04533    2.00000
 180.28665   -0.15614   23.24736   22.88139    0.32641    0.18016    7.83804   -3.58180    1.29954   -4.18817    2.00000
 180.07361   -0.09309   21.24646   21.01542    0.11868    0.06550   38.47121   -0.11032    5.26985    4.78489    2.00000
 180.02258   -0.02875   23.73364   23.29128    0.03657    0.02018    5.44904    6.88404   -2.64065   -2.60818    2.00000
 180.10471    0.06247   23.42881   23.03577    0.12192    0.06729    6.73544    3.45858    0.75972    0.22476    2.00000
 179.98573    0.01849   23.17909   22.82212    0.02335    0.01289    8.29905   -0.17217    4.64728    5.98038    2.00000
 180.00395    0.09141   23.84138   23.38025    0.09150    0.05050    5.00111    1.45869   -1.20307   -1.99320    2.00000
 179.94658    0.08244   23.44233   23.04720    0.09823    0.05422    6.67787    3.86398    3.76186    3.45214    2.00000
 180.02316    0.03884   21.46068   21.23900    0.04523    0.02496   32.58998   -1.40095   -1.85474   -3.26397    2.00000
 179.88602   -0.40353   23.58365   23.16658    0.41932    0.23143    6.07684   -5.09862    0.85678   -6.16226    2.00000
 179.94994   -0.02902   22.52628   22.24200    0.05787    0.03194   13.87672    3.28395   -0.25030    3.92461    2.00000
 180.09953   -0.06136   22.02836   21.78330    0.11694    0.06454   20.64429    2.18327    1.25252    3.34780    2.00000
 179.75797   -0.10368   23.73551   23.29283    0.26330    0.14532    5.44123    1.72146    2.14432    4.50404    2.00000
 180.04366    0.12977   21.61119   21.38838    0.13691    0.07557   28.66053    8.69973   -1.19957    6.85246    2.00000
 179.98055   -0.00666   22.61671   22.32365    0.02057    0.01135   12.90453   -1.19234    4.27868    2.14274    2.00000
 179.98099    0.02332   21.54695   21.32664    0.03010    0.01661   30.28473   -8.90036   -0.73003   -8.66102    2.00000
 180.03214    0.06219   23.39076   23.00353    0.07000    0.03863    6.89772   -3.98331    1.53059   -7.54249    2.00000
 180.05397    0.03064   23.66254   23.23239    0.06206    0.03425    5.74554    0.11026    0.88509    3.19115    2.00000
 180.03465    0.00523   22.53331   22.24841    0.03504    0.01934   13.80043   -1.19803    1.32187   -0.79148    2.00000
 179.98874   -0.02524   21.54111   21.32102    0.02764    0.01525   30.43238   -1.27448    1.61292    0.72713    2.00000
 179.92041    0.02622   22.68713   22.38693    0.08380    0.04625   12.15104   -4.99721   -2.09221   -5.93797    2.00000
 180.04054   -0.00845   22.76481   22.45640    0.04142    0.02286   11.32371    4.34211    3.44637    8.27735    2.00000
 180.06667   -0.00572   20.93492   20.61424    0.06690    0.03693   53.33370    6.39687    2.60010    8.76925    2.00000
 180.08170   -0.01713   20.92738   20.60194    0.08348    0.04607   53.79481   -1.83712    2.56491    1.39238    2.00000
 180.04295    0.00076   22.09304   21.84396    0.04296    0.02371   19.55650    1.51286   -0.63902    1.04767    2.00000
 179.99864   -0.00401   23.81042   23.35469    0.00424    0.00234    5.12976    0.45059    1.57605    7.52477    2.00000
 179.98489   -0.07373   21.89430   21.65828    0.07526    0.04154   22.88624    1.90117    0.66999    2.10222    2.00000
 179.97694   -0.01582   21.16866   20.92688    0.02795    0.01543   41.61721   -0.43715    0.11655   -0.50739    2.00000
 180.02701   -0.07624   23.70183   23.26493    0.08088    0.04464    5.58168    0.52268   -0.10073   -7.41726    2.00000
 179.98502   -0.06167   22.88196   22.56098    0.06347    0.03503   10.33024    1.84835    0.83267    1.22788    2.00000
 179.86520   -0.07444   21.67950   21.45416    0.15399    0.08499   26.93034    1.42748    1.64399    3.75524    2.00000
 179.74188   -0.19309   21.63455   21.41084    0.32235    0.17792   28.06991   -2.59670    3.85463    2.16978    2.00000
 179.97141    0.01772   23.75565   23.30949    0.03364    0.01856    5.35737   -7.01065    2.03347   -2.71999    2.00000
 180.03368    0.04255   20.07172   19.58497    0.05426    0.02995  111.76664    7.10142    1.91361    8.97456    2.00000
 179.93861    0.02268   21.19308   20.95524    0.06544    0.03612   40.55404    0.37421   -4.74288   -5.09292    2.00000
 180.04376    0.06325   22.76481   22.45640    0.07691    0.04245   11.32371    0.18767   -2.29644    0.80640    2.00000
 179.96201    0.16949   22.02014   21.77565    0.17369    0.09587   20.78155    1.91126    1.38877    2.84554    2.00000
 179.99103    0.09146   23.25467   22.88774    0.09190    0.05072    7.78864    1.09096    0.37714   -0.58874    2.00000
 179.96980   -0.01172   23.16934   22.81366    0.03239    0.01788    8.36491   -1.96404   -1.10641   -4.21682    2.00000
 179.93526    0.01924   23.25223   22.88563    0.06755    0.03728    7.80511   -2.93965    2.54643   -1.49273    2.00000
 179.74336    0.45933   23.59008   23.17195    0.52616    0.29041    6.04981   -1.15573   -0.70002   -1.41578    2.00000
 180.01527   -0.03231   22.72489   22.42072    0.03574    0.01973   11.74862   -0.34368    2.51959    2.67257    2.00000
 179.95264   -0.01420   21.90246   21.66593    0.04945    0.02729   22.74897   -2.01203   -0.08392   -2.27125    2.00000
 179.92650   -0.04536   22.68713   22.38693    0.08637    0.04767   12.15104    0.65838    1.14726    1.28077    2.00000
 179.84061   -0.10011   22.98457   22.65216    0.18823    0.10389    9.62105    2.31723    0.19269    2.11307    2.00000
 180.01868   -0.01145   22.65583   22.35880    0.02192    0.01210   12.48592   -3.18855    0.48590   -2.02387    2.00000
 179.99326   -0.00362   21.87525   21.64042    0.00765    0.00422   23.20651    2.63499   -1.30222    1.88941    2.00000
 180.05617   -0.12953   23.74112   23.29748    0.14118    0.07792    5.41783    0.29341    1.77762   -3.88217    2.00000
 179.92000    0.01017   22.70493   22.40288    0.08064    0.04451   11.96107    9.03993    1.77908    9.22950    2.00000
 179.97914    0.03323   23.50990   23.10437    0.03923    0.02165    6.39003   -3.58095    0.36104    3.87925    2.00000
 179.99579   -0.02241   22.65583   22.35880    0.02280    0.01259   12.48592   -4.05314   -0.95228   -6.99485    2.00000
 180.06892   -0.02372   23.63827   23.21221    0.07289    0.04023    5.84713    5.93112    1.45897    8.13512    2.00000
 180.08553   -0.00887   23.57883   23.16256    0.08599    0.04746    6.09710   -2.60585   -0.33124   -4.49188    2.00000
 179.87225    0.00223   23.47206   23.07236    0.12777    0.07052    6.55122    5.35667   -1.64268    7.95935    2.00000
 179.95940    0.03253   21.26887   21.03930    0.05203    0.02871   37.84308   -2.56520   -1.10710   -3.25572    2.00000
 180.06924   -0.08292   23.27661   22.90680    0.10803    0.05963    7.64046   -9.37641    0.28806   -9.17589    2.00000
 179.94563    0.02333   22.43722   22.16085    0.05915    0.03265   14.84311   -3.22756    4.15698   -0.31625    2.00000
 180.02530   -0.05189   23.17421   22.81789    0.05773    0.03186    8.33198   -4.03929   -2.36923   -6.22827    2.00000
 179.87335   -0.15065   23.64955   23.22162    0.19682    0.10863    5.79973    0.73860    0.75039   -1.81466    2.00000
 179.55127   -0.14201   23.12822   22.77783    0.47067    0.25978    8.64354    3.46920   -0.13072    0.57318    2.00000
 179.93219   -0.02700   22.75483   22.44748    0.07299    0.04029   11.42994   -1.17327   -1.55720   -1.17076    2.00000
 180.00056   -0.26438   23.56125   23.14782    0.26438    0.14592    6.17127   -3.30609    3.74285    2.74492    2.00000
 180.00929   -0.11652   21.80721   21.57663    0.11689    0.06451   24.35037    1.96260   -1.70630   -0.63165    2.00000
 181.25142    0.12962   23.46665   23.06778    1.25812    0.69449    6.57425    1.98470    3.01410    8.27607    2.00000
 180.01151    0.00595   23.16202   22.80731    0.01295    0.00715    8.41431    1.60100    0.47352    1.24562    2.00000
 179.98502   -0.02416   23.58847   23.17061    0.02842    0.01569    6.05657   -3.78718    2.13867   -4.80413    2.00000
 179.99268   -0.01135   22.00096   21.75779    0.01351    0.00746   21.10183   -3.16939   -0.30337   -3.18317    2.00000
 179.87988    0.08678   23.78422   23.33307    0.14818    0.08178    5.23861   -2.33880   -0.49402    5.04883    2.00000
 179.92458    0.05412   22.00918   21.76544    0.09283    0.05123   20.96456   -0.49336   -1.16965   -1.50871    2.00000
 179.91956   -0.03633   22.79475   22.48317    0.08826    0.04871   11.00504    2.47326   -0.53522    0.07395    2.00000
 179.95314   -0.04076   21.91607   21.67869    0.06211    0.03428   22.52020    3.30063   -2.02694    1.70554    2.00000
 179.95341   -0.03495   23.20347   22.84329    0.05824    0.03214    8.13441   -0.37386    0.82223    0.16987    2.00000
 180.01993    0.04874   21.96807   21.72717    0.05266    0.02906   21.65088   -2.06956   -2.40954   -5.13753    2.00000
 179.93427   -0.02167   21.55473   21.33412    0.06921    0.03820   30.08785    3.13747    2.69207    5.38269    2.00000
 180.03268   -0.04601   20.90799   20.57030    0.05644    0.03115   54.98052    0.28947    0.23580    0.46737    2.00000
 179.98360    0.00523   20.94569   20.63182    0.01722    0.00951   52.67497   -1.94661    2.00762    0.26132    2.00000
 180.05518   -0.06482   21.76682   21.53836    0.08513    0.04698   25.03668    1.01443   -0.29503    0.11481    2.00000
 180.12523   -0.03504   21.62287   21.39961    0.13004    0.07177   28.36522   -2.15208    1.37217   -0.76388    2.00000
 179.98279    0.08710   23.79851   23.34487    0.08878    0.04900    5.17924    0.69038   -2.44990    2.63894    2.00000
 179.97813    0.02451   23.15471   22.80096    0.03285    0.01813    8.46370   -2.23206   -3.94412   -7.58394    2.00000
 179.85085   -0.00717   23.54233   23.13182    0.14932    0.08241    6.25187    4.87054    0.61989    7.40511    2.00000
 180.00136   -0.01969   23.04661   22.70651    0.01973    0.01089    9.19835    5.08539    1.03069    5.25406    2.00000
 180.02911    0.01603   23.15958   22.80519    0.03324    0.01835    8.43077   -0.99800   -0.38102   -3.29033    2.00000
 180.05714   -0.14364   22.03384   21.78841    0.15459    0.08532   20.55278   -0.72665   -2.70255   -4.35198    2.00000
 180.04047   -0.16805   23.39076   23.00353    0.17286    0.09540    6.89772   -0.68035   -1.93327   -7.04094    2.00000
 180.00322    0.08544   22.88978   22.56796    0.08550    0.04719   10.27600    3.59215   -0.37967    3.30333    2.00000
 180.06726   -0.02769   22.79974   22.48763    0.07274    0.04015   10.95192   -3.26564    2.74182    0.95630    2.00000
 180.10924    0.14735   23.49098   23.08836    0.18342    0.10124    6.47062    2.36883    0.29908   -0.39456    2.00000
 179.96056    0.00637   21.58199   21.36032    0.03995    0.02205   29.39880    4.16054   -1.83509    3.07407    2.00000
 180.00966    0.03645   23.69435   23.25873    0.03771    0.02081    5.61289    0.44749   -0.23352    3.82833    2.00000
 180.00569    0.00916   23.21078   22.84964    0.01078    0.00595    8.08501    4.96358    2.27084    9.57586    2.00000
 179.99773   -0.03277   23.17665   22.82001    0.03285    0.01813    8.31552   -4.46095    0.09019   -4.01349    2.00000
 179.87244   -0.01212   23.34449   22.96433    0.12814    0.07072    7.19292   -4.51067    0.57328   -1.46483    2.00000
 180.12473    0.04432   21.25875   21.02852    0.13237    0.07306   38.12645    3.70486   -1.31440    2.04730    2.00000
 180.00955   -0.03025   17.82826   17.19459    0.03172    0.01751  435.70490   -4.84340    0.31258   -4.54837    2.00000
 180.06883   -0.09509   23.26686   22.89833    0.11739    0.06479    7.70632    1.13186   -0.72542   -2.09335    2.00000
 179.91508   -0.00974   21.77740   21.54857    0.08547    0.04717   24.85366    0.26936    0.22567   -0.93133    2.00000
 180.11307    0.01672   22.25899   21.99679    0.11429    0.06308   16.81592   -5.60066   -1.42073   -6.70504    2.00000
 180.08984   -0.00999   23.43692   23.04263    0.09041    0.04990    6.70090    0.85731    1.02579    3.40003    2.00000
 180.02528   -0.08438   22.47706   22.19715    0.08808    0.04862   14.41078    0.42085    0.74388    0.42980    2.00000
 180.13843   -0.05661   23.84138   23.38025    0.14956    0.08254    5.00111   -2.29897   -1.88914   -5.36604    2.00000
 179.94807    0.01923   23.45044   23.05406    0.05537    0.03056    6.64333   -5.10403   -2.21807   -2.69680    2.00000
 179.88435    0.01882   23.47476   23.07464    0.11717    0.06467    6.53971    1.38107   -1.05129   -2.07778    2.00000
 180.03210    0.04169   23.07061   22.72749    0.05262    0.02904    9.03517    1.65163    2.51038    8.25652    2.00000
 180.02884    0.05374   23.62542   23.20147    0.06099    0.03366    5.90118   -4.69837   -2.64379   -7.04346    2.00000
 179.99622    0.00054   22.85848   22.54006    0.00382    0.00211   10.49298   -3.59065    0.07656   -7.31471    2.00000
 179.99205   -0.01810   21.89158   21.65573    0.01977    0.01091   22.93199    0.51108   -4.01333   -3.08925    2.00000
 180.01515    0.00080   22.97918   22.64744    0.01517    0.00837    9.65780   -1.10255    0.23562    1.02313    2.00000
 180.01816   -0.04747   23.40437   23.01506    0.05082    0.02805    6.83968   -1.07963    4.46627    0.24435    2.00000
 180.06895   -0.00080   22.61931   22.32599    0.06896    0.03806   12.87662   -1.15547    4.36634    2.02412    2.00000
 179.95618    0.00026   23.68125   23.24788    0.04382    0.02419    5.66751   -2.57776   -2.96424   -3.77893    2.00000
 179.97067   -0.04186   22.72988   22.42518    0.05111    0.02821   11.69551    1.74076   -0.11276   -1.33295    2.00000
 179.58238    0.20205   21.28707   21.05869    0.46392    0.25605   37.33300   -1.91260   -1.47094   -3.80598    2.00000
 179.83453    0.23853   22.66365   22.36583    0.29030    0.16023   12.40220   -2.14087   -1.16686   -4.04168    2.00000
 180.04744   -0.01259   21.57225   21.35096    0.04908    0.02709   29.64489    4.37238   -2.12826    2.67047    2.00000
 179.79242   -0.06895   23.75803   23.31145    0.21873    0.12072    5.34747    4.05074   -0.84786    4.15525    2.00000
 180.02934   -0.06219   21.65569   21.43120    0.06877    0.03795   27.53438   -0.00293   -3.50430   -3.67561    2.00000
 179.57925    0.24687   23.31455   22.93897    0.48782    0.26924    7.39021   -5.81389   -1.74311  -13.46622    2.00000
 179.99033    0.02779   21.97629   21.73482    0.02942    0.01624   21.51361   -0.46312   -0.72397   -0.71333    2.00000
 179.93398    0.03288   22.50284   22.22065    0.07376    0.04071   14.13103   -4.13206    0.09760   -5.21858    2.00000
 179.98921    0.02871   21.17252   20.93135    0.03067    0.01693   41.44934    1.50011   -1.36767    0.10139    2.00000
 180.01546   -0.04778   22.80473   22.49209    0.05021    0.02771   10.89881   -0.54049    2.40537    5.48265    2.00000
 179.94296   -0.06790   23.20347   22.84329    0.08867    0.04894    8.13441   -0.70077   -2.53484   -2.61551    2.00000
 179.92563    0.01756   22.03932   21.79351    0.07642    0.04218   20.46127    7.77474    3.10077   12.38881    2.00000
 180.00008    0.02454   21.11862   20.86679    0.02454    0.01355   43.86910    3.02556   -1.62543    1.34835    2.00000
 180.00578   -0.05997   22.53565   22.25055    0.06024    0.03325   13.77500   -3.11614   -0.41034   -1.85955    2.00000
 179.96700   -0.04286   22.18445   21.92828    0.05409    0.02986   18.04451   -4.47008   -3.01379   -8.53413    2.00000
 179.99564   -0.03418   23.79375   23.34094    0.03446    0.01902    5.19903    4.45107   -1.25223    4.77873    2.00000
 179.98097   -0.20302   23.78899   23.33700    0.20391    0.11254    5.21882   -4.45542    3.92850    0.54223    2.00000
 180.00311   -0.02248   23.81756   23.36059    0.02269    0.01252    5.10007   -5.88861   -0.80014   -9.42916    2.00000
 180.00119   -0.02746   23.07781   22.73378    0.02748    0.01517    8.98622  -10.10762    0.68903   -6.21139    2.00000
 179.98772   -0.01325   21.17124   20.92986    0.01807    0.00998   41.50530   -2.13474   -0.39458   -3.16080    2.00000
 180.17702   -0.03058   23.24736   22.88139    0.17963    0.09914    7.83804    4.40822   -2.35296    3.53910    2.00000
 180.02226    0.03435   23.29278   22.92052    0.04094    0.02260    7.53369   -0.89395   -1.03721   -6.25823    2.00000
 180.03172    0.09967   22.70244   22.40065    0.10460    0.05773   11.98763   -1.47355   -1.03722   -1.75786    2.00000
 179.93318   -0.09117   23.49638   23.09294    0.11303    0.06238    6.44760    2.02633   -3.75448   -8.59655    2.00000
 180.01021    0.03723   18.19670   17.87790    0.03861    0.02131  306.63687    0.93329   -0.51889    0.38306    2.00000
 179.95908    0.07798   22.70244   22.40065    0.08807    0.04861   11.98763    2.94574   -0.99960    1.57140    2.00000
 179.90067   -0.10853   23.03941   22.70021    0.14712    0.08120    9.24730    2.79457    1.43045    7.48678    2.00000
 180.15953    0.08367   23.50990   23.10437    0.18014    0.09942    6.39003    1.43981    0.49008    0.18033    2.00000
 179.98048   -0.02392   23.78422   23.33307    0.03087    0.01704    5.23861   -2.01618    0.42953   -0.20672    2.00000
 180.11511    0.15198   22.64279   22.34708    0.19065    0.10523   12.62546    2.42900   -2.82168    0.33053    2.00000
 179.98672    0.04196   23.84138   23.38025    0.04401    0.02429    5.00111    1.34474   -0.80677   -1.65676    2.00000
 180.00240   -0.01297   23.74674   23.30213    0.01319    0.00728    5.39442    0.18554    1.80075    1.76206    2.00000
 180.03827   -0.06065   22.91587   22.59121    0.07171    0.03958   10.09518    3.07645    1.84124    2.22708    2.00000
 180.11015   -0.09241   23.43962   23.04491    0.14379    0.07936    6.68938   -4.00384   -2.66013  -11.09415    2.00000
 180.01752   -0.04340   23.15958   22.80519    0.04680    0.02583    8.43077   -4.03393   -1.70059   -6.52432    2.00000
 180.02040    0.11987   23.69622   23.26028    0.12159    0.06711    5.60509   -2.60354    0.88439   -5.97440    2.00000
 180.00751   -0.01932   23.35266   22.97125    0.02072    0.01144    7.13912    4.53398   -1.78149   10.45617    2.00000
 179.96107   -0.00619   23.10181   22.75476    0.03941    0.02175    8.82304   -0.61716    0.29388   -1.33965    2.00000
 180.00633    0.11360   22.13451   21.88257    0.11378    0.06280   18.86427    2.59097    0.52631    1.69942    2.00000
 180.01395    0.01999   23.25955   22.89198    0.02438    0.01345    7.75571    7.23326   -0.11930   12.56447    2.00000
 179.98050   -0.00903   21.52841   21.30819    0.02149    0.01186   30.77004   -7.34458   -3.04674  -11.18892    2.00000
 179.98676   -0.06296   19.04333   18.50377    0.06434    0.03551  216.52293   -2.29604   -2.60682   -4.90561    2.00000
 180.02390    0.04044   23.77946   23.32914    0.04698    0.02593    5.25841    2.08230    4.15839    1.39093    2.00000
 180.18320   -0.19483   22.99965   22.66539    0.26744    0.14760    9.51814   -2.06663    3.75134    0.37770    2.00000
 179.95442    0.07669   22.16849   21.91362    0.08921    0.04924   18.30743   -2.10051    0.61560   -1.21782    2.00000
 179.96664   -0.00920   21.42417   21.20169    0.03460    0.01910   33.57136    1.81841   -1.71547    0.98858    2.00000
 180.03004   -0.03213   23.40981   23.01967    0.04398    0.02428    6.81646   -0.55390   -2.12810   -7.62014    2.00000
 180.00896    0.01006   23.67189   23.24013    0.01347    0.00743    5.70652   -0.83794   -3.24888   -3.57724    2.00000
 179.99998    0.01765   23.68499   23.25098    0.01765    0.00974    5.65191    2.05273   -1.18776   -4.61062    2.00000
 179.96973   -0.02276   21.22922   20.99674    0.03788    0.02091   38.99879    3.75311   -2.35716    0.78980    2.00000
 179.97844    0.03808   22.02014   21.77565    0.04376    0.02415   20.78155   -2.21326   -2.88599   -5.47389    2.00000
 180.01733    0.00600   23.02740   22.68972    0.01834    0.01012    9.32889    3.07664    3.47556    2.86530    2.00000
 180.00639    0.01446   23.36082   22.97817    0.01582    0.00873    7.08531   -1.40366    0.98366   -4.64213    2.00000
 180.03049    0.02163   18.59360   18.02402    0.03738    0.02063  282.50342   -0.26903    0.53766    0.25515    2.00000
 180.03690   -0.14148   23.06581   22.72329    0.14621    0.08070    9.06781    0.12020   -1.77346   -8.95521    2.00000
 179.97981   -0.00070   19.45560   18.94012    0.02020    0.01115  168.26709    0.50288   -1.10219   -0.60464    2.00000
 179.95625   -0.04729   21.93245   21.69400    0.06442    0.03555   22.24568   -3.39587    0.11479   -3.29650    2.00000
 179.98463    0.03560   23.33905   22.95972    0.03877    0.02140    7.22879    1.02715    0.93542    8.96564    2.00000
 180.03766    0.09027   22.13341   21.88156    0.09781    0.05398   18.88223    0.13951    0.24762    0.78590    2.00000
 179.96394    0.00419   23.34994   22.96895    0.03630    0.02003    7.15705   -3.85509    0.11138    0.84262    2.00000
 179.97041   -0.09856   21.86164   21.62766    0.10290    0.05679   23.43528    0.05366   -0.21579    0.32622    2.00000
 180.05379   -0.02592   22.81221   22.49878    0.05970    0.03295   10.81914    2.43157    4.51806    7.83548    2.00000
 180.09114   -0.03142   21.37200   21.14839    0.09640    0.05321   34.97333    0.15264   -1.15308   -1.24628    2.00000
 179.95160    0.01438   22.58541   22.29553    0.05049    0.02787   13.23941    1.95490   -4.30524   -1.10930    2.00000
 179.92802    0.04104   22.77728   22.46756    0.08286    0.04573   11.19093    1.45854    0.83520    0.75230    2.00000
 180.03818   -0.02948   17.02314   16.35894    0.04823    0.02662  654.71509    3.62206   -1.30142    2.33123    2.00000
 179.99359   -0.06516   23.42341   23.03119    0.06547    0.03613    6.75847   -2.20549    2.85102   -3.35863    2.00000
 179.91998   -0.04486   21.62871   21.40522    0.09174    0.05063   28.21757    3.06874   -3.76985    0.53117    2.00000
 180.04620   -0.01875   22.02288   21.77820    0.04987    0.02752   20.73579   -0.66163   -0.87207   -2.13254    2.00000
 179.97739    0.00958   23.57562   23.15987    0.02457    0.01356    6.11062   -3.31178   -2.27248   -7.03351    2.00000
 179.89687    0.02966   23.62060   23.19744    0.10731    0.05923    5.92145   -3.47469   -3.75810   -8.58551    2.00000
 180.06313    0.05929   22.99749   22.66350    0.08660    0.04780    9.53284    0.34939    0.86707    1.61899    2.00000
 180.00369    0.01500   22.22558   21.96608    0.01545    0.00853   17.36667   -5.47262    1.00644   -4.04164    2.00000
 179.98994   -0.08554   21.59367   21.37154    0.08613    0.04754   29.10349   -3.52865    0.23033   -3.20288    2.00000
 179.97308   -0.05299   23.26198   22.89410    0.05943    0.03280    7.73925    3.85396    3.54121   11.31531    2.00000
 180.02594    0.03903   21.64775   21.42354    0.04686    0.02587   27.73573   -2.30414    2.27735   -0.47853    2.00000
 179.94778    0.00957   22.21015   21.95191    0.05308    0.02930   17.62086    0.70792    1.17689    1.74536    2.00000
 180.14246   -0.17780   21.34774   21.12333    0.22783    0.12574   35.63274    1.79746   -2.31961   -0.51540    2.00000
 179.93230   -0.04435   22.81720   22.50324    0.08094    0.04467   10.77940   -2.49766   -2.22255   -4.03481    2.00000
 180.08293   -0.03463   21.65039   21.42609    0.08987    0.04960   27.66861   -0.16424   -2.39264   -1.59046    2.00000
 180.00978    0.02211   23.24248   22.87716    0.02417    0.01334    7.87097    1.32699    2.49169    2.52396    2.00000
 180.00377   -0.01838   23.52881   23.12038    0.01876    0.01035    6.30943   -1.33192    3.63349    0.45975    2.00000
 179.94331   -0.04264   22.45363   22.17580    0.07094    0.03915   14.66509    2.50590    3.36133    5.03276    2.00000
 180.03294   -0.00512   22.96020   22.63073    0.03333    0.01840    9.78778   -4.07438    3.23694    1.15278    2.00000
 180.00945    0.03403   22.43957   22.16298    0.03532    0.01950   14.81768    2.53371    1.89246    3.80392    2.00000
 180.31337    0.07157   23.49368   23.09065    0.32144    0.17741    6.45911   -7.12001   -0.91220   -6.43409    2.00000
 180.08136   -0.04342   23.17909   22.82212    0.09222    0.05090    8.29905    4.35030   -1.23504    2.25206    2.00000
 179.86722   -0.01735   23.32816   22.95050    0.13391    0.07391    7.30053    3.33172   -2.53523   -2.03800    2.00000
 180.12209   -0.18548   23.38259   22.99661    0.22206    0.12256    6.94184   -1.95679   -0.77972   -0.60820    2.00000
 180.08887   -0.08634   23.81518   23.35863    0.12390    0.06838    5.10997    5.19435    0.27311   10.96762    2.00000
 179.91336    0.09526   23.30639   22.93205    0.12877    0.07107    7.44401   -2.58340    0.63208   -2.99649    2.00000
 179.99316    0.02214   23.30367   22.92975    0.02317    0.01279    7.46195   -8.90630   -0.23595   -8.86708    2.00000
 179.95605    0.02008   23.14022   22.78832    0.04832    0.02667    8.56195   -3.19689    0.28349   -2.02647    2.00000
 180.03969    0.04900   23.03220   22.69392    0.06306    0.03480    9.29626    0.39003    0.90996    4.11849    2.00000
 179.86617    0.08227   21.81809   21.58684    0.15711    0.08671   24.16735   -3.32381    0.11593   -4.61469    2.00000
 180.05267    0.02122   23.48287   23.08150    0.05679    0.03135    6.50517   -2.88729   -1.70567   -6.99243    2.00000
 180.00017   -0.09396   22.43722   22.16085    0.09396    0.05186   14.84311    3.71969    1.63773    4.44577    2.00000
 180.01643    0.06989   23.58365   23.16658    0.07180    0.03963    6.07684   -1.26687    1.50332    5.98894    2.00000
 180.07622    0.09179   23.05861   22.71700    0.11931    0.06585    9.11676   -7.07817    1.54380  -10.06681    2.00000
 180.02797   -0.13493   23.39348   23.00584    0.13780    0.07606    6.88611    0.70195   -0.85154    0.62817    2.00000
 180.10574   -0.00943   22.94195   22.61445    0.10617    0.05860    9.91436    3.63637   -2.90928    1.78311    2.00000
 180.00383    0.01834   22.33651   22.06811    0.01873    0.01034   15.94741    4.41785   -0.40594    2.52983    2.00000
 179.92877    0.24623   23.83423   23.37435    0.25633    0.14147    5.03080   -6.03852    1.80479   -3.81951    2.00000
 180.04546    0.01817   22.84023   22.52379    0.04896    0.02702   10.61955   -1.24853    3.66923    0.84059    2.00000
 180.09453    0.00760   22.56976   22.28146    0.09483    0.05234   13.40685   -2.24502    0.29012   -3.26189    2.00000
 180.07047   -0.02443   23.08261   22.73797    0.07459    0.04117    8.95358    3.28648    0.82035    3.08599    2.00000
 179.98769   -0.00384   23.37715   22.99200    0.01290    0.00712    6.97770    3.62798   -0.84578    1.85545    2.00000
 180.09460    0.12558   22.08297   21.83438    0.15723    0.08678   19.72833   -0.16671   -0.99917   -1.06326    2.00000
 180.03345   -0.03533   22.37972   22.10791    0.04865    0.02685   15.47344    5.18245    0.53943    3.46078    2.00000
 179.63080   -0.14209   23.45584   23.05863    0.39560    0.21834    6.62030    6.23027    0.96507    9.26861    2.00000
 180.02490   -0.01322   23.70744   23.26958    0.02819    0.01556    5.55827    2.66589   -4.20951    3.80952    2.00000
 180.00755   -0.08487   22.51222   22.22919    0.08520    0.04703   14.02931    0.46019    1.29531    3.05978    2.00000
 179.87013   -0.01090   22.93412   22.60748    0.13032    0.07193    9.96860    3.19544    2.19702    0.95131    2.00000
 179.86249   -0.07065   23.07781   22.73378    0.15459    0.08532    8.98622   -1.42891   -3.78672   -6.26099    2.00000
 179.99207    0.00475   19.71938   19.21605    0.00925    0.00510  142.60359   -2.19108   -0.10737   -2.20360    2.00000
 179.96364    0.02800   22.99965   22.66539    0.04589    0.02533    9.51814   -1.96343    1.36879    3.07744    2.00000
 179.97783   -0.04486   23.80566   23.35076    0.05003    0.02762    5.14955    1.52119   -0.27797   -7.60553    2.00000
 179.97212   -0.05446   22.85588   22.53774    0.06118    0.03377   10.51106   -4.79500    1.70691   -2.59600    2.00000
 179.93977    0.05567   23.65693   23.22774    0.08201    0.04526    5.76894    0.24918    0.68363   -4.45702    2.00000
 180.00476   -0.00539   21.93793   21.69910    0.00719    0.00397   22.15417   -3.35910   -1.29771   -3.94511    2.00000
 180.03203   -0.02646   22.79475   22.48317    0.04155    0.02293   11.00504   -1.79775   -2.95608   -4.60937    2.00000
 179.95880    0.04274   23.52611   23.11809    0.05937    0.03277    6.32095    4.98682    0.98649    4.92453    2.00000
 180.09224    0.09819   23.67564   23.24323    0.13472    0.07435    5.69092    0.48260    2.29865   -3.81302    2.00000
 180.07253   -0.05448   23.36626   22.98278    0.09071    0.05006    7.04944    0.71729    0.37969    1.68530    2.00000
 180.02124    0.03664   23.00719   22.67201    0.04235    0.02337    9.46669   -1.16269    0.04820   -5.30546    2.00000
 179.98994    0.00216   23.70183   23.26493    0.01029    0.00568    5.58168   -0.97877    0.16102   -4.63577    2.00000
 180.02339    0.02074   22.64018   22.34474    0.03126    0.01726   12.65337    1.56304   -0.70485   -0.39410    2.00000
 180.01260   -0.13307   22.69234   22.39161    0.13367    0.07377   12.09523   -4.97046   -0.94875   -5.55581    2.00000
 179.92139   -0.01938   22.49816   22.21638    0.08097    0.04469   14.18190    0.44269    0.33910    0.63459    2.00000
 179.52930    0.63014   21.09174   20.83413    0.78654    0.43413   45.09306   -2.47350   -1.67278   -4.10642    2.00000
 180.03632   -0.04507   20.20143   19.72162    0.05789    0.03195  102.42067   -3.29433   -2.70574   -5.90128    2.00000
 179.99391    0.00162   23.20591   22.84541    0.00630    0.00348    8.11794    3.66412   -0.17483    2.43741    2.00000
 179.99678    0.04495   22.87413   22.55401    0.04506    0.02487   10.38449    1.70915   -1.19388    3.85743    2.00000
 180.03632   -0.02033   23.76041   23.31342    0.04161    0.02297    5.33757    7.36900   -0.16396   10.59848    2.00000
 179.97786    0.03158   22.17160   21.91647    0.03857    0.02129   18.25633   -0.71181   -1.10908   -1.96089    2.00000
 179.90984    0.08910   21.41895   21.19636    0.12677    0.06997   33.71156    2.11731    0.33973    3.03157    2.00000
 179.85114    0.01286   22.88196   22.56098    0.14942    0.08247   10.33024   -2.48497   -0.05768   -0.20642    2.00000
 180.13142   -0.00544   21.84803   21.61490    0.13154    0.07260   23.66405    1.36260    1.10844    1.92988    2.00000
 180.03458    0.03079   23.65131   23.22309    0.04629    0.02555    5.79235   -1.26551    0.80476    5.22045    2.00000
 179.81715    0.08575   20.97929   20.68277    0.20195    0.11146   50.76562    2.84454   -1.30808    1.52872    2.00000
 179.96693   -0.00654   22.37492   22.10349    0.03370    0.01860   15.52610    0.25861    1.27617    4.24875    2.00000
 180.01353    0.01481   22.00370   21.76034    0.02006    0.01107   21.05607    1.85888    2.21262    3.65554    2.00000
 180.04269    0.05443   23.28190   22.91130    0.06917    0.03818    7.60543   -4.91715   -3.12119   -6.23186    2.00000
 180.02696   -0.00303   22.13341   21.88156    0.02713    0.01497   18.88223    6.81801   -1.61078    4.60518    2.00000
 180.03859    0.00888   22.31971   22.05263    0.03960    0.02185   16.13173    2.55105    1.87704    4.65975    2.00000
 180.03082   -0.00486   22.58280   22.29318    0.03121    0.01723   13.26732    2.93631   -1.54719    1.53218    2.00000
 180.04189   -0.03771   21.30122   21.07377    0.05636    0.03111   36.93627   -4.24160    3.25825   -0.59733    2.00000
 179.87544    0.04618   21.40069   21.17771    0.13284    0.07332   34.20225   -3.75255    0.09278   -4.14387    2.00000
 180.01083    0.03014   22.29498   22.02987    0.03202    0.01768   16.40276    1.09143   -2.31188   -0.10462    2.00000
 179.96957    0.27163   22.36532   22.09464    0.27333    0.15086   15.63143    2.95016    1.41794    6.00983    2.00000
 179.94141    0.09903   22.22044   21.96136    0.11507    0.06351   17.45140   -0.97766   -0.45004    0.88446    2.00000
 179.96506    0.01428   23.01688   22.68051    0.03776    0.02084    9.40053    1.65924    0.68966    4.40520    2.00000
 180.02501    0.00035   21.85620   21.62256    0.02501    0.01380   23.52679   -3.04163   -0.55355   -4.09066    2.00000
 179.92998    0.06874   22.36532   22.09464    0.09813    0.05416   15.63143    3.10847   -0.77615    2.23987    2.00000
 180.06699    0.06434   23.34177   22.96203    0.09288    0.05126    7.21086    0.71872   -0.57924   -0.21959    2.00000
 180.18234    0.16739   22.53097   22.24628    0.24752    0.13661   13.82586    2.87558    2.58308    5.19213    2.00000
 179.98283   -0.06001   23.59169   23.17329    0.06241    0.03445    6.04306   -0.27765   -0.51864   -2.13739    2.00000
 180.02310    0.01193   23.55044   23.13868    0.02600    0.01435    6.21732    0.77427    1.59361    4.75466    2.00000
 180.03340    0.00851   23.03941   22.70021    0.03447    0.01903    9.24730    5.80735   -1.46570    3.87548    2.00000
 179.99887   -0.01240   22.38212   22.11012    0.01245    0.00687   15.44711   -8.61014    0.66398   -9.00751    2.00000
 180.14685   -0.07483   23.10661   22.75895    0.16482    0.09097    8.79040   -3.75986    4.01090   -0.15258    2.00000
 180.13913   -0.04934   22.48175   22.20143    0.14762    0.08147   14.35991   -0.77504   -0.39717   -3.89160    2.00000
 179.98396    0.03054   23.80089   23.34683    0.03450    0.01904    5.16934   -1.87151   -1.84843    0.64399    2.00000
 179.98804   -0.10071   22.67669   22.37755    0.10141    0.05597   12.26267    3.64996   -1.84215    2.06979    2.00000
 180.03133    0.03734   23.08741   22.74217    0.04874    0.02690    8.92095   -1.30108   -0.00681   -3.42162    2.00000
 180.02554   -0.01723   23.15227   22.79884    0.03081    0.01700    8.48017    1.37112    1.26508    1.96174    2.00000
 180.01772    0.05178   21.46590   21.24433    0.05473    0.03021   32.44979    1.10402    1.66366    3.11020    2.00000
 179.94637   -0.06174   23.29822   22.92513    0.08178    0.04514    7.49782    3.98818   -1.97805    1.47202    2.00000
 180.06680    0.09312   22.65061   22.35412    0.11460    0.06325   12.54174    0.02420    0.14528    0.79079    2.00000
 179.91882    0.06574   22.74984   22.44302    0.10446    0.05765   11.48305   -1.42621    3.10252    2.42554    2.00000
 179.85168    0.13427   23.81518   23.35863    0.20006    0.11042    5.10997    6.04417   -0.84337    6.10812    2.00000
 180.03906   -0.04487   23.14022   22.78832    0.05950    0.03284    8.56195   -3.26003   -0.72984   -2.73979    2.00000
 179.98978   -0.13167   23.45314   23.05635    0.13207    0.07289    6.63182   -0.50526    0.16301   -0.99789    2.00000
 179.83238   -0.08400   22.59584   22.30490    0.18749    0.10348   13.12778    0.39081    0.84487    1.81073    2.00000
 180.48830    0.14797   22.94977   22.62143    0.51023    0.28161    9.86011    2.22058   -1.61486   -0.44119    2.00000
 180.04831   -0.00746   23.66628   23.23548    0.04888    0.02698    5.72993    0.70408    1.82027    3.71059    2.00000
 179.95003    0.04288   21.91335   21.67614    0.06585    0.03634   22.56596    2.47795   -0.95145    1.66692    2.00000
 179.98273    0.00580   21.76417   21.53581    0.01821    0.01005   25.08243   -3.06401   -2.06074   -5.81285    2.00000
 179.97984    0.18552   22.95760   22.62840    0.18661    0.10299    9.80587   -2.85942    1.37439   -0.31919    2.00000
 180.06027    0.03945   22.07599   21.82775    0.07204    0.03976   19.84729   -3.46991    0.50649   -3.89630    2.00000
 179.97942   -0.15661   22.78976   22.47871    0.15796    0.08718   11.05815    1.19604    0.85038    4.55874    2.00000
 179.97693    0.02753   22.37972   22.10791    0.03592    0.01982   15.47344    4.30934    2.03211    6.36285    2.00000
 179.99016   -0.12883   23.52611   23.11809    0.12920    0.07131    6.32095   -0.04015    0.38202    3.11018    2.00000
 180.06139    0.50873   22.91847   22.59353    0.51242    0.28283   10.07709    3.18643   -0.38025    1.19690    2.00000
 179.96136   -0.22337   22.68713   22.38693    0.22668    0.12511   12.15104    8.56821    2.06212    8.80218    2.00000
 180.01511   -0.02080   23.72616   23.28508    0.02571    0.01419    5.48025    0.84852   -0.50519    2.88344    2.00000
 179.94174   -0.02268   23.67377   23.24168    0.06251    0.03450    5.69872    1.54480    2.05322    9.63527    2.00000
 180.02747    0.02814   23.14022   22.78832    0.03933    0.02171    8.56195   -5.21142    2.16339   -0.98684    2.00000
 180.03210   -0.07299   23.70557   23.26803    0.07974    0.04401    5.56608   -7.33079    1.39280   -5.87110    2.00000
 180.02307   -0.00413   22.02562   21.78075    0.02344    0.01294   20.69004    1.97191   -0.54297   -0.39516    2.00000
 179.97292    0.03958   23.78899   23.33700    0.04797    0.02647    5.21882    5.31579    0.91569    6.65813    2.00000
 179.99635    0.04352   22.71242   22.40957    0.04367    0.02410   11.88140    6.59712    0.43663   10.14458    2.00000
 179.85330   -0.05807   22.47003   22.19075    0.15778    0.08708   14.48707   -2.82513    0.93060   -0.09027    2.00000
 180.17999   -0.07562   23.42070   23.02890    0.19524    0.10776    6.77002    0.40258   -0.45395    1.75909    2.00000
 180.07101   -0.17412   22.50519   22.22278    0.18805    0.10379   14.10560    6.08506    0.29716    5.56104    2.00000
 179.92665    0.04039   22.24100   21.98026    0.08373    0.04621   17.11248    4.52907    4.42806    9.44720    2.00000
 180.01694   -0.00659   22.27955   22.01569    0.01817    0.01003   16.57155    2.58099    0.94078    3.82382    2.00000
 180.00333   -0.00337   23.51260   23.10666    0.00474    0.00262    6.37852   -0.93445    1.41156    5.06136    2.00000
 180.06525    0.02682   23.11381   22.76525    0.07054    0.03893    8.74145   -2.03175    1.00857   -2.90679    2.00000
 179.97169    0.08043   23.47206   23.07236    0.08527    0.04706    6.55122    5.61432    0.90166    7.60099    2.00000
 179.97646    0.00118   22.77229   22.46309    0.02357    0.01301   11.24404   -0.21747    1.53287    2.00700    2.00000
 180.07048   -0.00462   23.08981   22.74427    0.07063    0.03898    8.90463    6.06149    1.62474    4.04879    2.00000
 180.02609    0.01737   23.82947   23.37042    0.03135    0.01730    5.05059   -1.82139    1.42535   -3.44917    2.00000
 180.00412   -0.02662   21.04175   20.76985    0.02694    0.01487   47.50193    2.71898   -1.12044    1.86258    2.00000
 179.91216    0.06714   23.66815   23.23703    0.11057    0.06103    5.72213   -2.34089    4.21104    3.03659    2.00000
 179.98560    0.01134   23.65505   23.22619    0.01833    0.01012    5.77675    1.88713    0.89338    4.42492    2.00000
 179.99797    0.05206   23.80804   23.35273    0.05210    0.02876    5.13965    1.74593    1.64898   -4.90135    2.00000
 179.90543   -0.02553   22.66105   22.36349    0.09796    0.05407   12.43011    0.96796    1.81239    2.30746    2.00000
 180.01639    0.04647   16.45080   15.66552    0.04927    0.02720  909.95062   -1.02483    1.43585    0.41397    2.00000
 180.05441    0.05012   22.96020   22.63073    0.07398    0.04083    9.78778   -0.26235    4.06071    5.75006    2.00000
 179.98196   -0.01632   22.48175   22.20143    0.02433    0.01343   14.35991    0.11370   -1.67246   -2.89616    2.00000
 179.94826   -0.05780   22.13560   21.88357    0.07758    0.04282   18.84631   -1.97041   -1.83407   -4.58766    2.00000
 180.02380   -0.05570   23.15958   22.80519    0.06057    0.03343    8.43077    0.61044    3.37219    5.33563    2.00000
 179.97575   -0.00961   21.79360   21.56387    0.02609    0.01440   24.57914    1.80657    4.94206    7.60978    2.00000
 180.13010    0.11027   22.78976   22.47871    0.17054    0.09412   11.05815   -1.29427   -0.50888   -4.71470    2.00000
 179.96573   -0.05108   23.14502   22.79252    0.06151    0.03395    8.52932    2.40777   -1.70848   -5.69929    2.00000
 181.09245    0.09280   22.48175   22.20143    1.09639    0.60520   14.35991   -4.20892   -0.26260   -2.29505    2.00000
 179.95277   -0.00568   21.33560   21.11040    0.04756    0.02625   35.97279   -1.31911    1.13597   -0.08388    2.00000
 180.04758   -0.01140   21.54695   21.32664    0.04892    0.02700   30.28473    2.19030   -0.71068    1.96641    2.00000
 179.89116    0.02795   21.71125   21.48478    0.11237    0.06202   26.12496   -3.52092   -0.51228   -4.35117    2.00000
 179.97337    0.03308   23.59008   23.17195    0.04246    0.02344    6.04981    0.04428   -1.02369    6.04604    2.00000
 180.08331   -0.07543   23.37715   22.99200    0.11238    0.06203    6.97770    3.04470   -1.05923    1.98807    2.00000
 180.02168    0.01339   23.18640   22.82847    0.02549    0.01407    8.24966    2.70944    0.74328    1.35558    2.00000
 179.94354    0.06998   22.69745   22.39619    0.08991    0.04962   12.04074   -1.27641   -0.12590   -2.37596    2.00000
 179.96773   -0.15430   22.01466   21.77055    0.15764    0.08700   20.87306   -1.62234    1.59340    0.78113    2.00000
 180.05469    0.00033   21.23376   21.00166    0.05468    0.03018   38.83314   -6.92364    0.24759   -6.47096    2.00000
 179.98665    0.04246   23.27418   22.90468    0.04450    0.02456    7.65693   -0.73279   -2.36789   -2.62184    2.00000
 179.90428   -0.23752   22.79724   22.48540    0.25608    0.14134   10.97848    0.92716    2.18468    2.70693    2.00000
 179.99458   -0.00493   21.54305   21.32290    0.00733    0.00405   30.38316   -3.12582   -0.48514   -4.29193    2.00000
 180.04333   -0.08520   22.26413   22.00152    0.09559    0.05276   16.74035    3.08908    1.30792    4.11176    2.00000
 179.92982    0.02357   22.21015   21.95191    0.07402    0.04085   17.62086    0.24341   -0.70091   -0.38731    2.00000
 179.98615   -0.16603   21.95985   21.71952    0.16661    0.09195   21.78814    2.00299   -0.44084    1.86054    2.00000
 179.88300    0.11625   21.29920   21.07161    0.16493    0.09103   36.99295    7.13719   -0.76334    6.39925    2.00000
 180.03020   -0.00010   22.58802   22.29787    0.03020    0.01667   13.21150    0.31428    0.52613    2.48657    2.00000
 180.24036    0.11247   23.46935   23.07007    0.26537    0.14646    6.56273    0.26742   -0.53738   -0.16069    2.00000
 179.95145    0.00739   21.77740   21.54857    0.04911    0.02710   24.85366   -2.61654    3.86508    0.41343    2.00000
 180.01852    0.05457   22.28984   22.02514    0.05763    0.03181   16.45903    1.06782    1.20698    3.35460    2.00000
 180.04236   -0.02889   20.78559   20.37711    0.05128    0.02830   63.94823   -3.09514   -5.38372   -8.37801    2.00000
 180.10780   -0.06250   22.89500   22.57261    0.12461    0.06878   10.23983    0.20236    3.42651    1.98709    2.00000
 180.02434   -0.02968   23.70370   23.26648    0.03838    0.02118    5.57388    0.81559   -3.29101    2.39954    2.00000
 180.04897   -0.07397   21.83170   21.59960    0.08871    0.04896   23.93858    0.60297    0.40853    0.59079    2.00000
 180.02373   -0.05210   23.02980   22.69182    0.05725    0.03160    9.31257    0.03209    1.64101    2.22848    2.00000
 179.97173   -0.00476   20.86091   20.49041    0.02868    0.01583   58.10911    0.86400    3.73910    4.39772    2.00000
 180.00208    0.00008   21.64510   21.42099    0.00207    0.00114   27.80285    0.36801    0.40755   -0.36745    2.00000
 179.99277   -0.00533   22.14328   21.89058    0.00899    0.00496   18.72057    1.47877    2.66921    4.88670    2.00000
 179.93121   -0.02151   21.66627   21.44140    0.07208    0.03978   27.26592   -2.73917    0.49028   -2.48757    2.00000
 179.97621    0.00775   22.87153   22.55169    0.02502    0.01381   10.40257    1.17791   -2.27134   -1.91458    2.00000
 180.01070    0.01686   22.62975   22.33537    0.01996    0.01102   12.76499   -4.20827   -1.14934   -2.88609    2.00000
 179.97981    0.04877   23.54233   23.13182    0.05279    0.02913    6.25187    0.54292    3.74033   -0.22757    2.00000
 180.00427    0.00139   23.36082   22.97817    0.00450    0.00249    7.08531    2.88170   -3.44510    3.32222    2.00000
 179.98183    0.00791   22.52394   22.23987    0.01982    0.01094   13.90215    3.38082    0.04592    4.62219    2.00000
 179.69199   -0.01675   22.08374   21.83512    0.30848    0.17026   19.71511   -2.64925   -4.02619   -7.17681    2.00000
 179.90344   -0.03247   21.78543   21.55622    0.10187    0.05622   24.71640    7.97843   -1.23542    8.30445    2.00000
 179.96776   -0.01911   21.40852   21.18570    0.03748    0.02069   33.99195   -1.27647   -2.70166   -4.12156    2.00000
 179.99117    0.00209   22.53331   22.24841    0.00908    0.00501   13.80043   -4.93694    3.79968   -0.98096    2.00000
 179.92114   -0.00102   22.20244   21.94482    0.07886    0.04353   17.74795   -2.06209   -0.16091   -2.08655    2.00000
 180.00438   -0.00205   23.11622   22.76735    0.00483    0.00267    8.72513   -4.71432   -0.33750   -1.80447    2.00000
 179.92268   -0.03555   23.76041   23.31342    0.08510    0.04697    5.33757    2.14391   -4.57868  -11.23613    2.00000
 179.93327    0.02009   23.61257   23.19074    0.06968    0.03846    5.95523    2.48600    2.22822    6.11664    2.00000
 180.00577   -0.02466   19.28362   18.75871    0.02533    0.01398  188.32968    4.70014    1.22334    5.95218    2.00000
 179.93033   -0.04007   21.90791   21.67104    0.08037    0.04436   22.65746    4.88111    0.17744    5.36105    2.00000
 180.02452   -0.09554   23.14984   22.79673    0.09864    0.05444    8.49659   -1.96868   -0.70968   -0.70109    2.00000
 180.00250   -0.00575   21.60924   21.38651    0.00627    0.00346   28.70975    5.02358    0.74721    5.41138    2.00000
 179.92545    0.03349   22.38452   22.11234    0.08173    0.04511   15.42078    0.09679    0.67542    0.96331    2.00000
 179.98653    0.03964   23.56598   23.15182    0.04187    0.02311    6.15115   -4.27218   -1.64034   -6.98815    2.00000
 179.98364   -0.12268   23.18884   22.83059    0.12376    0.06831    8.23320    0.72271    0.35701    0.96438    2.00000
 179.96452   -0.01180   23.37715   22.99200    0.03739    0.02064    6.97770   -2.49715   -1.01509   -4.34162    2.00000
 180.01161   -0.19497   23.39076   23.00353    0.19532    0.10780    6.89772   -2.73186    0.17428   -3.19515    2.00000
 179.99284   -0.01966   23.46395   23.06550    0.02093    0.01155    6.58576    0.97444    0.60767    1.67996    2.00000
 179.97913   -0.00761   23.14262   22.79042    0.02222    0.01226    8.54564   -0.04275   -0.94952   -4.95636    2.00000
 180.03587    0.10634   20.90045   20.55799    0.11223    0.06194   55.44163    3.44625   -2.02892    1.49299    2.00000
 179.93887    0.16403   22.19987   21.94246    0.17505    0.09662   17.79032   -2.87494   -0.40269   -4.35280    2.00000
 179.73453   -0.05855   23.06341   22.72119    0.27186    0.15005    9.08412   -2.51316    0.32905   -1.27945    2.00000
 179.95728   -0.03673   23.01688   22.68051    0.05635    0.03110    9.40053    2.70781   -1.33785    2.37437    2.00000
 180.04684   -0.03797   22.53800   22.25268    0.06030    0.03328   13.74957   -0.67466    0.02713   -0.23982    2.00000
 180.01724    0.03268   22.00644   21.76289    0.03696    0.02040   21.01032    0.77847   -3.57954   -3.88694    2.00000
 180.21327   -0.09229   21.89430   21.65828    0.23238    0.12826   22.88624    4.69868    0.54897    5.43967    2.00000
 180.02899   -0.00553   21.12310   20.87223    0.02951    0.01629   43.66511    2.69210    0.79346    3.52065    2.00000
 180.02457    0.01777   23.82471   23.36649    0.03031    0.01673    5.07038   -2.15765   -1.76247  -10.46875    2.00000
 180.05032    0.00766   23.34994   22.96895    0.05090    0.02809    7.15705    0.70593   -1.48066   -5.31819    2.00000
 180.06351    0.09955   23.32544   22.94819    0.11808    0.06517    7.31847   -1.42037   -0.61328   -1.11951    2.00000
 180.01921   -0.01517   22.31491   22.04821    0.02448    0.01351   16.18439    6.91758    0.13722    7.40512    2.00000
 180.01292   -0.00813   21.67950   21.45416    0.01527    0.00843   26.93034    0.64429   -0.17719    0.44839    2.00000
 180.11433   -0.04788   22.60366   22.31193    0.12395    0.06841   13.04406    1.47770   -0.03211    2.67070    2.00000
 180.06535    0.01497   21.57615   21.35470    0.06704    0.03700   29.54645    1.73929    2.10056    3.21406    2.00000
 180.10855   -0.02795   21.81537   21.58429    0.11209    0.06187   24.21310   -3.32023    1.15290   -1.90896    2.00000
 179.96863    0.07500   18.30751   17.71505    0.08130    0.04487  334.41238    1.54384    2.93841    4.50901    2.00000
 180.06956   -0.02925   23.78660   23.33504    0.07546    0.04165    5.22872   -1.99589   -2.62773   -1.73735    2.00000
 179.98216   -0.11403   21.55863   21.33786    0.11542    0.06370   29.98942   -2.47395   -1.49716   -3.74516    2.00000
 180.03401    0.06569   23.61257   23.19074    0.07397    0.04082    5.95523   -5.96240    0.94329   -0.15090    2.00000
 179.97636   -0.01592   23.13302   22.78203    0.02850    0.01573    8.61091    7.66618   -1.43613    8.84793    2.00000
 180.21095   -0.12596   23.46665   23.06778    0.24570    0.13561    6.57425    1.97695    1.58956   -0.59590    2.00000
 180.02739   -0.04855   23.09701   22.75056    0.05574    0.03077    8.85567   -4.31861    2.69833    2.46302    2.00000
 179.94627   -0.09092   22.16849   21.91362    0.10560    0.05828   18.30743    1.64084    2.12269    3.15653    2.00000
 179.89989    0.04888   23.67938   23.24633    0.11142    0.06150    5.67531   -0.04394    1.21834    1.80734    2.00000
 180.05547   -0.05195   21.51331   21.29277    0.07600    0.04194   31.17572   -0.84049   -0.48246   -1.60206    2.00000
 180.03227   -0.04022   22.13889   21.88657    0.05157    0.02846   18.79242   -4.83517   -1.63448   -6.45006    2.00000
 180.03197    0.02218   20.93600   20.61600    0.03891    0.02148   53.26783    3.89491   -2.51648    1.43160    2.00000
 179.98311    0.04446   22.48409   22.20356    0.04756    0.02625   14.33448    7.24705    0.68356    8.90007    2.00000
 180.06081    0.03810   23.59490   23.17597    0.07176    0.03961    6.02954    3.16127   -0.57228    4.62374    2.00000
 179.85825   -0.03288   22.63235   22.33771    0.14551    0.08031   12.73709   -1.76310   -4.36236   -5.73409    2.00000
 179.82990   -0.15661   22.51925   22.23560    0.23121    0.12761   13.95302   -3.13889   -1.67552   -2.98715    2.00000
 179.94376    0.14974   23.38259   22.99661    0.15996    0.08829    6.94184    0.69387   -0.41731   -0.98746    2.00000
 179.95183   -0.01263   23.09221   22.74637    0.04979    0.02748    8.88831   -3.59114    4.03678    1.13957    2.00000
 179.78500   -0.24246   23.23273   22.86869    0.32405    0.17885    7.93683    1.84008   -1.14963   -3.61726    2.00000
 180.00287   -0.01548   23.43962   23.04491    0.01574    0.00869    6.68938   -2.63539   -1.58502   -2.39669    2.00000
 179.94901   -0.04364   22.67409   22.37521    0.06712    0.03704   12.29058   -0.12114   -0.58592   -0.79792    2.00000
 180.04597   -0.05262   22.39172   22.11897    0.06987    0.03856   15.34178    2.50005   -2.56846   -0.44010    2.00000
 180.01071    0.03071   23.68873   23.25408    0.03252    0.01795    5.63630    2.11017   -2.41162   -5.56608    2.00000
 180.01138    0.03762   23.36354   22.98047    0.03930    0.02169    7.06738   -0.31276    0.95855   -0.84175    2.00000
 180.04616    0.01252   21.92151   21.68379    0.04783    0.02640   22.42869    1.48963    1.99694    2.77452    2.00000
 179.93457   -0.00680   22.75483   22.44748    0.06579    0.03631   11.42994   -3.84779    3.69538    0.54177    2.00000
 180.00435   -0.04972   23.68125   23.24788    0.04991    0.02755    5.66751   -0.54299   -1.14891   -2.82491    2.00000
 180.02332   -0.08129   22.91326   22.58888    0.08457    0.04668   10.11326    0.89893    2.82647    7.36688    2.00000
 179.82735   -0.02443   22.35571   22.08580    0.17438    0.09624   15.73676    2.74632    1.11495    4.00803    2.00000
 179.96107    0.08563   22.80223   22.48986    0.09406    0.05191   10.92537    1.38010    1.34103    0.93856    2.00000
 180.17644    0.03514   22.33411   22.06590    0.17990    0.09929   15.97374    4.67375   -0.68235    2.63185    2.00000
 179.99130    0.04042   23.47206   23.07236    0.04135    0.02282    6.55122    2.89354    0.60436   -0.42028    2.00000
 179.95044   -0.05910   22.32931   22.06148    0.07713    0.04257   16.02640   -1.27420   -2.35995   -4.37744    2.00000
 179.99635   -0.01269   22.95760   22.62840    0.01320    0.00729    9.80587    1.66283   -0.33237    5.83075    2.00000
 180.00436    0.04624   17.42533   16.74731    0.04645    0.02563  543.34186    0.87352   -0.54984    0.33241    2.00000
 179.90875   -0.01966   22.33411   22.06590    0.09333    0.05151   15.97374   -2.80961   -2.08352   -4.60940    2.00000
 179.94582    0.01492   23.15715   22.80307    0.05620    0.03102    8.44724   -3.44873    1.39891   -0.00398    2.00000
 179.98511    0.08044   23.24979   22.88351    0.08181    0.04515    7.82157   -5.24690   -1.28453   -7.69687    2.00000
 180.08083   -0.21188   22.63235   22.33771    0.22677    0.12516   12.73709   -1.06861    4.28148    2.25231    2.00000
 180.04092   -0.05238   23.30639   22.93205    0.06647    0.03669    7.44401   -0.45848    0.75627    0.19677    2.00000
 180.02615   -0.01160   22.46066   22.18220    0.02861    0.01579   14.58880    4.57009   -0.25452    7.33844    2.00000
 179.98566   -0.01017   23.10181   22.75476    0.01758    0.00970    8.82304   -1.37648   -0.80467   -5.08703    2.00000
 180.00954   -0.03473   21.77211   21.54346    0.03602    0.01988   24.94517    0.89802    0.66250    1.93726    2.00000
 180.02184    0.03214   21.04549   20.77478    0.03886    0.02145   47.31706   -5.30862    0.66633   -4.73943    2.00000
 180.03650   -0.00482   23.55854   23.14554    0.03682    0.02032    6.18278    0.47964    3.66017    0.74001    2.00000
 179.94557   -0.02690   21.06171   20.79616    0.06071    0.03351   46.51597   -1.22280   -2.15148   -3.47969    2.00000
 180.00325    0.03590   23.49908   23.09523    0.03605    0.01989    6.43608    2.37933    0.00104   -5.80934    2.00000
 180.05872    0.15323   23.15958   22.80519    0.16409    0.09057    8.43077   -4.72866   -2.49177   -7.52356    2.00000
 180.02058   -0.01012   20.83765   20.45316    0.02294    0.01266   60.02893   -2.35863    1.55550   -0.81950    2.00000
 179.91505    0.14956   22.02288   21.77820    0.17200    0.09493   20.73579   -2.01616    1.02179   -1.40235    2.00000
 180.02853    0.05336   23.62382   23.20013    0.06051    0.03340    5.90794    0.15276   -2.28202   -4.74169    2.00000
 180.08438   -0.00362   22.43722   22.16085    0.08446    0.04661   14.84311    1.69864    4.62952    6.03103    2.00000
 179.90483    0.07227   22.86631   22.54704    0.11950    0.06595   10.43873   -7.12710   -0.32416   -9.72846    2.00000
 179.96802   -0.04034   23.40165   23.01276    0.05148    0.02841    6.85129   -0.29786   -1.21992   -5.79818    2.00000
 180.01807   -0.07001   23.46935   23.07007    0.07231    0.03991    6.56273    0.73128   -1.86797   -1.57903    2.00000
 180.02876    0.00811   20.97513   20.67664    0.02988    0.01649   50.99511   -1.67631   -0.65542   -2.11602    2.00000
 179.90305    0.03864   21.78543   21.55622    0.10437    0.05760   24.71640   -1.77330   -1.95422   -4.40102    2.00000
 180.07697    0.02823   21.38765   21.16438    0.08197    0.04524   34.55274   -1.12476   -2.46202   -3.36366    2.00000
 180.05991    0.07435   23.26442   22.89621    0.09548    0.05270    7.72278   -2.97324    2.30692   -1.02235    2.00000
 179.98430   -0.02549   22.12135   21.87055    0.02993    0.01652   19.07982   -6.01423   -1.77572   -9.29893    2.00000
 179.98776    0.05773   22.31731   22.05042    0.05901    0.03257   16.15806    4.38061   -1.31427    2.88241    2.00000
 180.04573   -0.01269   22.46535   22.18648    0.04746    0.02619   14.53793    4.23513   -0.19785    5.15602    2.00000
 180.02496    0.04399   22.82219   22.50770    0.05058    0.02792   10.74471    0.11187    2.40606    2.34530    2.00000
 179.97739    0.00622   22.02836   21.78330    0.02346    0.01295   20.64429    1.39989    1.50104    2.25448    2.00000
 180.00551   -0.01761   23.54233   23.13182    0.01845    0.01019    6.25187    2.62291   -0.69770    5.06661    2.00000
 180.06459    0.04462   20.90045   20.55799    0.07851    0.04333   55.44163    3.55132    1.44511    4.68393    2.00000
 180.20740   -0.12950   21.61313   21.39026    0.24450    0.13495   28.61131    0.86524   -3.01259   -3.54391    2.00000
 179.95912    0.09764   23.27661   22.90680    0.10585    0.05842    7.64046    1.60104    1.57039    5.46877    2.00000
 180.06821    0.07774   23.67189   23.24013    0.10342    0.05708    5.70652   -1.49505   -0.96236    2.99514    2.00000
 180.03609    0.01865   23.84138   23.38025    0.04061    0.02241    5.00111   -0.92471    3.25242    1.45352    2.00000
 180.03874   -0.01474   23.77232   23.32325    0.04145    0.02288    5.28809    4.98563    1.44532   -0.32567    2.00000
 179.93130    0.00516   22.66626   22.36818    0.06889    0.03802   12.37430    6.38075    3.03375    8.54906    2.00000
 180.00377    0.01397   22.26927   22.00624    0.01447    0.00799   16.68408   -0.96609    2.37295    2.77912    2.00000
 179.97386    0.04927   18.54305   17.96961    0.05578    0.03079  290.99631   -2.26323    2.17653   -0.11836    2.00000
 180.03836   -0.01705   23.03220   22.69392    0.04198    0.02317    9.29626   -5.01252   -1.05717   -7.26561    2.00000
 180.00665   -0.02861   20.91876   20.58788    0.02937    0.01621   54.32179   -1.80799   -3.12578   -5.42242    2.00000
 180.00768    0.01195   22.42052   22.14550    0.01421    0.00784   15.02581    0.22153    0.66833    0.15811    2.00000
 180.21660   -0.01506   23.72241   23.28198    0.21712    0.11983    5.49585   -6.63488    0.36125   -2.55963    2.00000
 180.00345    0.00159   22.12574   21.87455    0.00380    0.00210   19.00797   -4.28550   -1.63354   -5.15509    2.00000
