#RA        DEC       MAG_G     MAG_I     ANGSEP    RPROJ     SNR       VTRUE       VSYS       VMEAS      VSYSERR    
 179.96320    0.04819   23.81280   23.35666    0.06064    0.03347    5.11986   -2.19136   -0.42025   -3.50900    2.00000
 179.97514    0.05551   23.74112   23.29748    0.06082    0.03357    5.41783    0.62733   -2.72713    1.41797    2.00000
 180.02879   -0.11569   22.95499   22.62608    0.11922    0.06580    9.82395    5.35409    1.95256    6.40509    2.00000
 180.03557   -0.01991   21.12011   20.86860    0.04076    0.02250   43.80110   -0.49430   -3.02422   -4.05861    2.00000
 179.86218    0.02841   21.43721   21.21502    0.14071    0.07766   33.22087    3.67936   -1.35114    2.43186    2.00000
 179.93822    0.01341   22.91847   22.59353    0.06323    0.03490   10.07709    0.95100    0.91220   -0.32507    2.00000
 179.95381    0.07826   22.41812   22.14329    0.09087    0.05016   15.05214    3.35859   -0.24879    1.24822    2.00000
 179.77579    0.26496   23.03941   22.70021    0.34710    0.19157    9.24730   -6.64345   -5.25862  -11.58192    2.00000
 180.07631   -0.02007   22.95760   22.62840    0.07890    0.04355    9.80587    5.16447    1.69343    7.49671    2.00000
 180.01392    0.09452   22.56193   22.27443    0.09554    0.05273   13.49057    5.66394   -1.03982    7.13319    2.00000
 179.99591    0.03672   21.41373   21.19103    0.03695    0.02039   33.85176   -0.17697   -3.29925   -3.77461    2.00000
 180.15663    0.11028   23.08261   22.73797    0.19155    0.10572    8.95358   -3.91264   -2.00707   -8.99622    2.00000
 180.06970   -0.06555   22.31491   22.04821    0.09568    0.05281   16.18439   -0.48884    0.42150    0.37700    2.00000
 179.96886   -0.02434   23.09461   22.74846    0.03952    0.02181    8.87199   -2.69933    0.76136   -1.80349    2.00000
 180.06178    0.02391   21.72448   21.49754    0.06624    0.03656   25.78938   -1.78582   -2.17876   -4.91373    2.00000
 180.06075    0.04390   23.38532   22.99892    0.07494    0.04136    6.92390   -1.47551   -2.34960   -6.83286    2.00000
 179.96603    0.04614   23.23760   22.87293    0.05729    0.03162    7.90390   -4.08918    0.12846   -7.25799    2.00000
 180.01562   -0.00153   22.22044   21.96136    0.01570    0.00867   17.45140   -3.00124    2.68613   -0.81971    2.00000
 179.94057   -0.01696   21.71390   21.48733    0.06182    0.03412   26.05784    0.25867    0.73649    2.39946    2.00000
 180.06123    0.01646   21.60340   21.38090    0.06342    0.03500   28.85740   -4.66929    2.04720   -2.22094    2.00000
 180.00032    0.04967   21.67685   21.45161    0.04967    0.02741   26.99746   -0.27314    1.64996    1.95252    2.00000
 179.95110    0.01978   23.24004   22.87504    0.05276    0.02912    7.88743   -3.20535    0.08154    0.41748    2.00000
 179.99788   -0.02888   23.11141   22.76315    0.02896    0.01598    8.75777   -7.09390    1.08589   -3.92482    2.00000
 179.84192    0.12216   23.08981   22.74427    0.19978    0.11027    8.90463   -3.67442   -3.50174   -6.40528    2.00000
 180.00217    0.07248   23.70744   23.26958    0.07251    0.04002    5.55827   -1.49973   -0.53993   -5.00723    2.00000
 180.08771   -0.02077   22.65061   22.35412    0.09014    0.04975   12.54174   -3.36728    2.80861    0.50493    2.00000
 180.72656   -0.40485   23.05381   22.71280    0.83174    0.45909    9.14940   -3.28108   -1.96979   -2.36378    2.00000
 180.10555   -0.01635   21.33560   21.11040    0.10680    0.05895   35.97279   -2.40645    1.92155   -0.79511    2.00000
 180.08888    0.00665   23.04181   22.70231    0.08912    0.04919    9.23099   -0.79596    1.02116   -0.18983    2.00000
 180.44389   -0.33702   23.63185   23.20684    0.55734    0.30762    5.87416    4.44300    0.50452    0.73244    2.00000
 179.93617   -0.00524   23.42341   23.03119    0.06405    0.03535    6.75847   -5.87068    1.16538   -1.64802    2.00000
 180.00681   -0.06422   22.11258   21.86253    0.06458    0.03564   19.22353    0.35387    1.92613    0.93925    2.00000
 179.92178   -0.06060   19.86812   19.37127    0.09894    0.05461  128.92284   -3.60076   -4.15082   -7.80897    2.00000
 180.01003    0.01266   22.63496   22.34005    0.01615    0.00891   12.70918    2.90850   -1.29680    3.00912    2.00000
 180.01355   -0.09342   21.75623   21.52815    0.09440    0.05210   25.21969   -2.26920    2.13455   -0.07044    2.00000
 179.98904    0.01702   23.24248   22.87716    0.02024    0.01117    7.87097    3.92064   -0.38626    5.04002    2.00000
 179.99817    0.02416   21.62676   21.40335    0.02422    0.01337   28.26678   -2.93975   -1.85435   -4.73656    2.00000
 179.98524    0.02139   21.12310   20.87223    0.02599    0.01434   43.66511   -8.22356    1.59099   -6.79678    2.00000
 180.21579    0.18028   22.12903   21.87756    0.28118    0.15519   18.95409   -4.48914    1.06714   -2.91197    2.00000
 180.01308    0.00170   23.38259   22.99661    0.01319    0.00728    6.94184   -0.68517    0.08164   -5.43202    2.00000
 179.93401    0.04010   23.47746   23.07693    0.07721    0.04262    6.52819   -3.85783    0.01936   -2.25947    2.00000
 180.02466   -0.05074   23.48827   23.08608    0.05641    0.03114    6.48214    2.09319    0.68342   -2.83292    2.00000
 180.14014    0.10126   21.63260   21.40897    0.17290    0.09543   28.11913    2.72227    1.42490    3.73281    2.00000
 179.87045   -0.26024   23.63988   23.21355    0.29070    0.16044    5.84038   -4.01122    1.21600    3.33872    2.00000
 179.92482   -0.05069   23.57562   23.15987    0.09067    0.05004    6.11062    0.45231    0.42934   -1.97478    2.00000
 180.01820    0.01652   23.30095   22.92744    0.02458    0.01357    7.47988   -0.79258   -0.22198    1.83548    2.00000
 180.00951   -0.01562   21.88613   21.65063    0.01829    0.01009   23.02350    3.58855   -1.00163    4.15808    2.00000
 179.87627    0.00034   22.85066   22.53309    0.12374    0.06829   10.54722    1.01023   -0.49047    0.85202    2.00000
 179.91284    0.05576   23.75565   23.30949    0.10347    0.05711    5.35737    1.55899   -1.52684    0.33339    2.00000
 179.95625   -0.01510   23.18640   22.82847    0.04627    0.02554    8.24966    2.82115   -0.43483    3.64646    2.00000
 180.00894   -0.03697   22.54268   22.25695    0.03804    0.02099   13.69870    0.18868   -1.08411   -1.10711    2.00000
 179.99913    0.02751   23.14262   22.79042    0.02752    0.01519    8.54564    1.88614    0.54605    2.93961    2.00000
 179.88794   -0.07478   22.28727   22.02278    0.13472    0.07435   16.48716    0.79260    3.41464    1.53162    2.00000
 179.99689   -0.06894   23.24979   22.88351    0.06901    0.03809    7.82157    0.52865    0.69634    4.59236    2.00000
 180.00240   -0.00162   23.42881   23.03577    0.00289    0.00160    6.73544    5.47246   -0.20359    7.32469    2.00000
 180.07330   -0.02581   21.60340   21.38090    0.07771    0.04289   28.85740   -9.62981    0.77376   -7.66365    2.00000
 180.02963   -0.09075   20.11506   19.63057    0.09547    0.05269  108.64773    0.02993   -0.30744   -0.13859    2.00000
 179.93741   -0.01806   22.90543   22.58191    0.06514    0.03595   10.16750   -0.93379    2.57287    3.18602    2.00000
 179.90747    0.03332   21.87797   21.64297    0.09834    0.05428   23.16076   -1.47095    3.02989    0.31029    2.00000
 180.05783    0.05845   23.56759   23.15316    0.08222    0.04538    6.14439   -6.13457   -1.56682   -9.07779    2.00000
 180.02484   -0.03958   22.94977   22.62143    0.04672    0.02579    9.86011   -1.77406   -0.45088   -1.46840    2.00000
 179.98653   -0.07808   23.06821   22.72539    0.07923    0.04373    9.05149    2.96553    0.76680    4.47082    2.00000
 180.02029    0.02838   19.62333   19.11523    0.03489    0.01926  151.48859   -2.50934   -3.40947   -5.85660    2.00000
 179.98743    0.00083   22.95238   22.62375    0.01261    0.00696    9.84203   -2.17602    1.36546   -1.62777    2.00000
 179.87856   -0.09287   23.28190   22.91130    0.15288    0.08438    7.60543    3.25209   -1.67148   -0.40323    2.00000
 180.02518    0.05604   23.44503   23.04949    0.06144    0.03391    6.66636    1.61571   -4.59916   -5.31800    2.00000
 180.32475   -0.08007   23.25711   22.88986    0.33448    0.18461    7.77218   -0.69879   -1.26910   -0.42209    2.00000
 180.03223   -0.05171   22.20501   21.94718    0.06093    0.03363   17.70559   -7.35208    0.97471   -6.88167    2.00000
 179.97282   -0.01125   22.86631   22.54704    0.02941    0.01623   10.43873   -1.62495   -0.13098    0.45962    2.00000
 180.03175   -0.10318   23.21810   22.85599    0.10796    0.05958    8.03562    3.74658    0.08754    6.96675    2.00000
 179.96893    0.00017   22.19216   21.93537    0.03107    0.01715   17.91741    3.25903   -0.16643    1.86356    2.00000
 180.01479   -0.06490   22.73487   22.42964    0.06656    0.03674   11.64239   -6.02170    1.87894   -5.06714    2.00000
 180.02988   -0.05777   21.68215   21.45671    0.06504    0.03590   26.86323    1.08518    2.73095    3.98713    2.00000
 180.01688    0.08369   23.80327   23.34880    0.08537    0.04712    5.15945   -4.83618    2.06327   -6.46144    2.00000
 179.89217   -0.00000   21.17895   20.93882    0.10784    0.05952   41.16956    3.88739   -1.20203    2.88715    2.00000
 180.00613   -0.12402   22.84023   22.52379    0.12417    0.06853   10.61955    1.50698    0.53714    4.01548    2.00000
 180.08939    0.02957   22.39412   22.12118    0.09415    0.05196   15.31545   -2.72858    1.81381   -0.13100    2.00000
 180.02028   -0.00258   23.22541   22.86234    0.02045    0.01128    7.98622    4.37262    0.22662    4.61617    2.00000
 179.77054    0.04054   22.77229   22.46309    0.23301    0.12861   11.24404   -0.98422    0.14382   -3.35810    2.00000
 179.99667    0.01000   22.05303   21.80627    0.01054    0.00582   20.23250    2.26950   -1.34414    1.52279    2.00000
 180.10999    0.08667   21.06420   20.79945    0.14003    0.07729   46.39272    3.27769    1.14555    4.61142    2.00000
 179.82669   -0.11589   21.22514   20.99232    0.20848    0.11507   39.16453    5.95689    1.88596    7.68583    2.00000
 179.93556   -0.05187   23.05861   22.71700    0.08272    0.04565    9.11676   -0.05744    0.12354    0.07327    2.00000
 179.96925    0.01215   22.18188   21.92592    0.03306    0.01825   18.08687    1.88554    1.46115    2.49379    2.00000
 179.99046    0.03233   21.69273   21.46692    0.03371    0.01861   26.59476   -3.58257   -0.31354   -3.85622    2.00000
 180.01263   -0.00314   22.68713   22.38693    0.01303    0.00719   12.15104    0.36645    1.42841    3.07271    2.00000
 179.92397   -0.09945   22.50519   22.22278    0.12519    0.06910   14.10560    5.51224    0.44366    5.15134    2.00000
 180.06827    0.05672   17.47404   16.89250    0.08876    0.04899  505.15079   -0.53333    0.80215    0.25964    2.00000
 180.03423   -0.02911   23.15715   22.80307    0.04492    0.02479    8.44724   -3.86304    1.62214   -0.55181    2.00000
 179.98557    0.05581   23.75327   23.30752    0.05764    0.03182    5.36726    0.82591    2.77768    3.57869    2.00000
 180.01476    0.05131   21.56057   21.33974    0.05338    0.02946   29.94020   -2.45233    3.17662   -0.43020    2.00000
 180.00095   -0.11649   21.69273   21.46692    0.11649    0.06430   26.59476   -5.73553   -0.68412   -6.29761    2.00000
 179.98058    0.03712   23.14502   22.79252    0.04189    0.02312    8.52932   -5.93751   -3.27828   -8.49649    2.00000
 179.96265    0.00451   23.04181   22.70231    0.03763    0.02077    9.23099    4.38402   -0.18700    4.79505    2.00000
 180.07642    0.02272   23.17178   22.81577    0.07973    0.04400    8.34845    1.25240   -0.00871    4.90127    2.00000
 179.91811   -0.00462   23.75565   23.30949    0.08203    0.04528    5.35737    2.19723   -1.72895    0.02310    2.00000
 179.95702    0.03219   23.71119   23.27268    0.05370    0.02964    5.54267    2.94828   -0.46080    1.13093    2.00000
 179.99223    0.04345   23.16690   22.81154    0.04414    0.02436    8.38138   -5.37356   -3.22158  -12.80992    2.00000
 179.66048    0.11986   23.26198   22.89410    0.36006    0.19873    7.73925   -2.75072   -1.33171   -8.20289    2.00000
 180.09663   -0.07734   16.35259   15.49070    0.12377    0.06831  982.71979   -0.71373   -0.82334   -1.54399    2.00000
 179.99203    0.02681   23.23273   22.86869    0.02797    0.01544    7.93683    0.97321    0.77321    3.86438    2.00000
 179.77724    0.16385   22.13012   21.87856    0.27653    0.15262   18.93612   -4.76261    1.41411   -2.48260    2.00000
 180.00845    0.01996   23.35810   22.97586    0.02168    0.01196    7.10325   -9.46230    2.75543   -7.73275    2.00000
 179.84949   -0.17140   22.22815   21.96844    0.22811    0.12590   17.32430    5.25740    4.19981    8.36502    2.00000
 180.01584   -0.01830   21.93245   21.69400    0.02420    0.01336   22.24568   -1.14861    0.16894   -1.57177    2.00000
 180.16675    0.09246   23.49098   23.08836    0.19066    0.10523    6.47062   -1.78465    2.85443    0.50260    2.00000
 180.07611    0.18300   22.84544   22.52844    0.19820    0.10939   10.58339   12.88607   -0.05103   15.53064    2.00000
 179.94501   -0.10330   23.49638   23.09294    0.11703    0.06459    6.44760    0.74497   -2.68219   -9.81893    2.00000
 180.00583   -0.10750   21.66362   21.43885    0.10765    0.05942   27.33304   -1.66216   -0.89772   -2.50386    2.00000
 180.03300   -0.05558   22.89761   22.57493    0.06463    0.03567   10.22175   -1.15095   -0.05607   -1.70633    2.00000
 179.98256    0.01003   23.72241   23.28198    0.02012    0.01110    5.49585   -3.99634   -1.60380   -1.48510    2.00000
 180.01450    0.06932   23.75088   23.30555    0.07082    0.03909    5.37716   -0.19862   -3.28219   -1.04897    2.00000
 180.02245   -0.02759   23.48287   23.08150    0.03556    0.01963    6.50517   -2.64894   -1.89594   -8.70733    2.00000
 179.96941    0.11394   23.64791   23.22026    0.11798    0.06511    5.80660   -1.00239    0.50981   -0.16097    2.00000
 179.47250   -0.92141   23.41525   23.02428    1.06171    0.58605    6.79324   -1.97255   -2.78724    0.50024    2.00000
 179.96976    0.01823   22.98026   22.64838    0.03532    0.01950    9.65045    0.34413    1.77470    1.70244    2.00000
 179.93224    0.14786   23.45044   23.05406    0.16265    0.08977    6.64333    0.71443   -2.75006   -3.92112    2.00000
 179.95729    0.05264   21.30931   21.08239    0.06779    0.03742   36.70957    1.29613   -1.25255    0.11724    2.00000
 179.97096    0.04178   23.01150   22.67579    0.05088    0.02808    9.43729   -3.09501   -0.22332   -3.83647    2.00000
 179.95152    0.08101   23.00503   22.67012    0.09441    0.05211    9.48139    0.52083   -3.65332   -6.45943    2.00000
 180.03600   -0.00565   23.76041   23.31342    0.03644    0.02011    5.33757    1.00894   -2.28267   -1.62684    2.00000
 179.99582   -0.00040   23.76041   23.31342    0.00420    0.00232    5.33757   -2.50118   -0.17637   -8.13565    2.00000
 180.01517   -0.24339   22.79974   22.48763    0.24386    0.13459   10.95192    0.11377   -0.06458    2.33940    2.00000
 179.97334   -0.01793   19.97949   19.48820    0.03213    0.01773  118.61769   10.19760   -4.62201    5.57539    2.00000
 180.15347   -0.11060   21.83170   21.59960    0.18917    0.10441   23.93858   10.19265   -3.68783    7.24188    2.00000
 180.19836   -0.24947   22.92630   22.60050    0.31871    0.17591   10.02285    5.20162    0.62699    3.00721    2.00000
 179.99387    0.01909   22.40372   22.13003    0.02005    0.01107   15.21013   -9.95113    0.59566   -7.07298    2.00000
 179.95924    0.05124   22.56715   22.27912    0.06547    0.03613   13.43476    4.97923   -4.56313    1.89055    2.00000
 179.96321   -0.02195   22.91587   22.59121    0.04284    0.02365   10.09518   -3.51822   -0.92031   -4.75182    2.00000
 180.14423    0.11385   22.09614   21.84691    0.18375    0.10142   19.50362    2.91966   -1.43906    0.83986    2.00000
 180.04816   -0.00580   20.68081   20.24553    0.04851    0.02678   70.72916    2.13197   -2.13615   -0.24524    2.00000
 179.95663    0.24963   21.64775   21.42354    0.25337    0.13984   27.73573   -1.42298   -3.82404   -6.28505    2.00000
 180.02638   -0.01977   22.30012   22.03459    0.03296    0.01819   16.34650   -4.22202   -3.61315   -8.14097    2.00000
 180.14420    0.07166   22.36292   22.09243    0.16102    0.08887   15.65776    0.41941   -1.59205   -0.19290    2.00000
 180.03915    0.04247   22.78477   22.47425    0.05777    0.03189   11.11126   -1.96246    0.68190    0.13894    2.00000
 180.01659   -0.04552   23.38532   22.99892    0.04845    0.02674    6.92390   -2.15613   -0.18457    1.06946    2.00000
 179.95261   -0.00824   22.31251   22.04600    0.04811    0.02655   16.21072   -1.74339   -2.20932   -2.87458    2.00000
 179.96358   -0.07425   23.72054   23.28043    0.08271    0.04565    5.50366    4.34460    4.44379   10.06194    2.00000
 179.99112   -0.02070   18.16261   17.55823    0.02253    0.01243  361.15857   -1.27831   -1.69053   -2.96585    2.00000
 179.97076   -0.10333   22.78477   22.47425    0.10739    0.05927   11.11126   -2.32082   -1.03245   -3.04704    2.00000
 180.07819    0.01511   22.77479   22.46533    0.07962    0.04395   11.21749    2.02795    1.34435    4.15599    2.00000
 179.94540   -0.00889   21.75359   21.52560    0.05531    0.03053   25.26545   -0.18977    1.46677    0.39109    2.00000
 179.93791   -0.01247   21.29313   21.06515    0.06333    0.03495   37.16297    1.20512    0.66345    1.80213    2.00000
 179.92883   -0.00717   23.73364   23.29128    0.07153    0.03948    5.44904   -2.14915    0.64103  -10.85837    2.00000
 180.11176    0.01871   20.69179   20.25876    0.11331    0.06254   70.04737   -0.03525   -3.03318   -3.11817    2.00000
 179.92984    0.06948   20.88790   20.53668    0.09874    0.05450   56.24040    5.13837   -2.54446    2.34969    2.00000
 180.03990   -0.03382   20.69806   20.26632    0.05231    0.02887   69.65777    0.52785    3.01264    3.68672    2.00000
 179.91806    0.04487   22.82723   22.51221    0.09342    0.05156   10.70962   -0.21436    0.49157    2.66972    2.00000
 179.99947    0.03548   21.88886   21.65318    0.03549    0.01959   22.97774    2.94173   -1.93291    1.12986    2.00000
 180.07637   -0.01012   23.13062   22.77993    0.07704    0.04252    8.62723   -7.92375    0.61497   -9.96296    2.00000
 180.02451   -0.14090   21.64259   21.41857    0.14301    0.07893   27.86649   -0.07996   -1.02534   -1.61218    2.00000
 179.89561    0.19182   22.42292   22.14772    0.21838    0.12053   14.99947   -4.37105   -1.57922   -6.00198    2.00000
 180.29073   -0.29496   23.33361   22.95511    0.41415    0.22858    7.26466    6.26317   -2.05781    7.33416    2.00000
 180.14699   -0.01509   22.83501   22.51914    0.14776    0.08155   10.65572    6.44047    0.56113    5.20820    2.00000
 179.97566    0.05418   23.51800   23.11123    0.05939    0.03278    6.35549   -3.36125   -0.54316   -2.79655    2.00000
 180.00153    0.10721   19.58254   19.07260    0.10722    0.05918  155.24654   -4.14322    0.72529   -3.44281    2.00000
 179.93758    0.03548   22.69994   22.39842    0.07181    0.03963   12.01418   -0.58379    1.17721   -0.07766    2.00000
 179.94873   -0.01242   22.42292   22.14772    0.05275    0.02911   14.99947   -0.78826    0.68111   -0.08912    2.00000
 179.98419    0.03761   22.84284   22.52611    0.04080    0.02252   10.60147    4.51450    0.94795    5.57941    2.00000
 180.03206    0.00114   22.22558   21.96608    0.03208    0.01770   17.36667    3.38398    2.33774    4.63166    2.00000
 180.08414    0.04509   23.81518   23.35863    0.09545    0.05268    5.10997    8.63183   -0.45077   11.46705    2.00000
 179.93529   -0.03351   22.19987   21.94246    0.07288    0.04022   17.79032    4.18394   -2.70586    1.86032    2.00000
 179.94299   -0.06279   22.49816   22.21638    0.08481    0.04681   14.18190    6.81740   -1.18276    6.66605    2.00000
 179.98598    0.01945   23.43962   23.04491    0.02397    0.01323    6.68938   -2.33297   -1.67107   -1.10044    2.00000
 180.21027   -0.11724   22.83501   22.51914    0.24074    0.13287   10.65572   -3.53334    1.27815   -4.69375    2.00000
 179.95467   -0.03275   23.73551   23.29283    0.05592    0.03086    5.44123    1.04602   -0.14336    4.14002    2.00000
 180.01540    0.02686   23.68125   23.24788    0.03096    0.01709    5.66751    0.78364    1.88028    1.80227    2.00000
 179.99348   -0.02639   22.39172   22.11897    0.02718    0.01500   15.34178   -1.86625   -2.28212   -4.79974    2.00000
 179.95796   -0.58933   23.36899   22.98509    0.59083    0.32610    7.03151   -1.27564    2.76383    2.27766    2.00000
 180.07187   -0.00045   23.37987   22.99431    0.07188    0.03967    6.95977    2.40602   -4.19706    1.47554    2.00000
 180.09467    0.22009   22.51456   22.23133    0.23958    0.13223   14.00388   -2.93374    0.53439   -0.99496    2.00000
 179.99242    0.01567   20.88472   20.53124    0.01741    0.00961   56.44439    8.11425    1.08511    9.21135    2.00000
 180.23721   -0.04662   23.72054   23.28043    0.24175    0.13343    5.50366    2.34390   -1.60854    0.07376    2.00000
 180.04745   -0.08898   21.80176   21.57153    0.10084    0.05566   24.44187    1.29363   -0.29524    0.57367    2.00000
 180.03763    0.08961   23.53692   23.12724    0.09719    0.05364    6.27489   -0.00981    3.22740    9.21206    2.00000
 179.99551    0.06027   23.60454   23.18403    0.06043    0.03336    5.98901   -1.20480   -3.18865   -4.53489    2.00000
 179.97630    0.04032   23.04901   22.70860    0.04676    0.02581    9.18203   -4.52238   -0.87199   -2.48026    2.00000
 179.98682   -0.01737   22.19216   21.93537    0.02181    0.01204   17.91741    0.97711    1.37558    3.00682    2.00000
 180.01747    0.08851   22.41812   22.14329    0.09021    0.04979   15.05214    5.33436    1.60334    7.23628    2.00000
 180.02728    0.02947   22.61931   22.32599    0.04017    0.02217   12.87662    2.06162    1.87658    1.74992    2.00000
 180.00143   -0.01881   21.76417   21.53581    0.01886    0.01041   25.08243   -7.37645    0.65917   -7.45949    2.00000
 180.01402   -0.07170   23.78899   23.33700    0.07305    0.04032    5.21882   -0.38803   -4.69431   -3.17668    2.00000
 180.08891   -0.04515   23.77470   23.32521    0.09973    0.05504    5.27820    2.05727    0.17826    2.64574    2.00000
 180.02130    0.03201   22.98564   22.65311    0.03846    0.02122    9.61369    0.94317    3.47601    6.50786    2.00000
 179.96886    0.11580   22.02288   21.77820    0.11992    0.06619   20.73579   -0.26264   -2.44660   -3.24896    2.00000
 179.89529   -0.08261   17.48606   16.90747    0.13336    0.07361  501.21332   -6.73052   -0.18696   -6.93633    2.00000
 179.92909    0.01818   22.46300   22.18434    0.07319    0.04040   14.56336    0.94016    0.07764   -1.39157    2.00000
 179.97694    0.02109   23.34449   22.96433    0.03124    0.01724    7.19292   -1.58277   -0.41501   -4.43128    2.00000
 180.11150    0.02526   21.94889   21.70931    0.11431    0.06309   21.97115   -1.10565    2.19544    0.07097    2.00000
 180.04227   -0.21008   23.83661   23.37632    0.21429    0.11827    5.02090   -3.99473   -2.39829  -15.07555    2.00000
 179.97133   -0.08980   21.80721   21.57663    0.09426    0.05202   24.35037   -1.26946   -0.45336   -1.22007    2.00000
 180.09677    0.10449   22.48409   22.20356    0.14242    0.07860   14.33448   -1.77036   -1.98072   -2.38180    2.00000
 180.00288    0.04083   22.62453   22.33068    0.04093    0.02259   12.82081   -0.03600   -0.59672   -1.87297    2.00000
 179.95995    0.06889   23.53422   23.12495    0.07969    0.04398    6.28641    2.91598    0.59757   -0.43665    2.00000
 179.82283   -0.11356   22.80473   22.49209    0.21044    0.11615   10.89881   -5.60678    0.18985   -7.25848    2.00000
 179.94370    0.04956   18.09364   18.10563    0.07501    0.04140  271.26306    1.85467    2.17275    3.96492    2.00000
 180.03197   -0.00217   21.24011   21.00854    0.03204    0.01768   38.65218   -1.94387    2.05305    0.01265    2.00000
 180.01143    0.07020   23.33905   22.95972    0.07113    0.03926    7.22879    3.29112    0.99844    9.36123    2.00000
 180.02731    0.02655   22.76481   22.45640    0.03810    0.02103   11.32371    1.88153   -3.57155    0.64206    2.00000
 179.92363   -0.11932   20.77266   20.36027    0.14167    0.07819   64.81606   -3.58993    1.26508   -2.31058    2.00000
 179.98058    0.06875   23.77946   23.32914    0.07144    0.03943    5.25841   -3.63125   -0.73870   -3.47728    2.00000
 180.06335   -0.02803   22.51222   22.22919    0.06928    0.03823   14.02931   -4.20376    1.14744   -5.26971    2.00000
 180.01590    0.01891   21.89430   21.65828    0.02471    0.01364   22.88624   -1.16672    1.81783    1.29306    2.00000
 180.14586    0.06414   23.37987   22.99431    0.15934    0.08794    6.95977    2.03385   -1.68165   -0.25367    2.00000
 180.02280   -0.00685   21.85347   21.62001    0.02379    0.01313   23.57255   -4.88722   -2.27000   -6.26125    2.00000
 180.03648   -0.07321   23.72616   23.28508    0.08179    0.04514    5.48025    7.16721    3.49657   12.35954    2.00000
 179.99117   -0.03411   21.67421   21.44906    0.03523    0.01945   27.06457    0.87628    1.72044    2.25654    2.00000
 179.91628    0.02768   23.25955   22.89198    0.08817    0.04866    7.75571   -4.87654    1.56471   -6.41102    2.00000
 179.92709   -0.02417   23.63827   23.21221    0.07681    0.04239    5.84713    1.34344   -0.40814    3.25647    2.00000
 180.02551    0.00408   21.87525   21.64042    0.02584    0.01426   23.20651   -1.58066   -1.28814   -3.13175    2.00000
 179.97156    0.16215   23.69060   23.25563    0.16463    0.09086    5.62850   -2.89175   -2.55485   -2.44054    2.00000
 179.99925    0.00208   18.62244   18.05472    0.00221    0.00122  278.27554   -4.04958    0.71812   -3.26328    2.00000
 179.98093   -0.03699   18.91299   18.36505    0.04161    0.02297  235.52898    0.61094    1.51731    2.14451    2.00000
 180.14893    0.20932   21.32347   21.09747    0.25690    0.14179   36.31284   -3.30396    1.33239   -1.83171    2.00000
 179.98390    0.00148   22.72240   22.41849    0.01617    0.00893   11.77518   -1.44112   -0.35624   -1.62908    2.00000
 179.98346    0.01817   23.24979   22.88351    0.02457    0.01356    7.82157    0.30051    0.01531    3.33381    2.00000
 179.94118    0.00937   21.83714   21.60470    0.05956    0.03287   23.84707    1.90731    1.74714    4.55893    2.00000
 179.86089   -0.04503   23.72054   23.28043    0.14622    0.08070    5.50366   -1.43054   -4.50734   -1.58494    2.00000
 179.97807    0.00542   23.18640   22.82847    0.02259    0.01247    8.24966   -3.38259   -2.45026   -7.29181    2.00000
 179.98862    0.00676   23.30095   22.92744    0.01324    0.00731    7.47988    2.49907   -1.07372    7.41286    2.00000
 179.95692    0.11600   23.59972   23.18000    0.12374    0.06829    6.00928   -6.01260   -1.26082   -6.66258    2.00000
 179.96048   -0.05967   22.99642   22.66256    0.07157    0.03950    9.54019   -3.40252    1.04191   -3.61069    2.00000
 180.01765   -0.02631   23.34449   22.96433    0.03168    0.01749    7.19292    4.01302   -0.85405    1.42736    2.00000
 179.94717   -0.03802   22.98457   22.65216    0.06509    0.03592    9.62105    0.61841    1.32365    4.81353    2.00000
 180.04575   -0.03153   23.58526   23.16792    0.05556    0.03067    6.07008   -4.58555    0.03547   -1.78633    2.00000
 179.97929    0.00978   21.62287   21.39961    0.02291    0.01264   28.36522   -2.42083   -1.96370   -3.96373    2.00000
 180.02966    0.01851   22.33891   22.07032    0.03497    0.01930   15.92108   -0.58843   -0.69141   -2.20284    2.00000
 179.94370   -0.09521   22.48878   22.20783    0.11061    0.06105   14.28362   -1.65428    1.27172    1.07942    2.00000
 180.20425   -0.19100   23.82947   23.37042    0.27964    0.15434    5.05059   -1.15159   -2.32533   -6.49103    2.00000
 180.04292    0.06538   21.59561   21.37342    0.07822    0.04317   29.05427    1.22800   -3.06557   -1.55440    2.00000
 180.03938    0.07792   22.03932   21.79351    0.08731    0.04819   20.46127   -5.42612    3.15781   -1.61939    2.00000
 179.96944   -0.04844   22.68713   22.38693    0.05728    0.03161   12.15104    5.44330   -3.55426    1.65521    2.00000
 179.94614   -0.01072   23.73738   23.29438    0.05492    0.03031    5.43343    5.24015   -3.30494   -0.67799    2.00000
 180.02444    0.00873   21.34369   21.11902    0.02596    0.01433   35.74609   -3.76169   -1.76507   -5.61873    2.00000
 179.97125   -0.08527   23.22054   22.85811    0.08999    0.04967    8.01915    1.93418   -0.32416    5.38707    2.00000
 179.60854    0.10753   23.30911   22.93436    0.40597    0.22407    7.42608    3.91204   -0.23738    5.27783    2.00000
 180.03178    0.06026   17.98992   18.02132    0.06813    0.03760  282.87561   -0.56485   -2.41849   -2.91824    2.00000
 180.02463    0.03112   22.87935   22.55866    0.03969    0.02190   10.34832   -2.26590    0.38816    0.13169    2.00000
 180.15833   -0.11885   22.33891   22.07032    0.19797    0.10926   15.92108   -4.79470    2.38080   -1.64868    2.00000
 180.01302    0.01683   22.24100   21.98026    0.02127    0.01174   17.11248    6.26854    0.35218    7.67237    2.00000
 180.00990    0.05354   23.82947   23.37042    0.05445    0.03005    5.05059   -0.86772   -2.29363   -3.57821    2.00000
 180.08339    0.03035   23.34449   22.96433    0.08874    0.04898    7.19292    0.70401    1.00250    4.55248    2.00000
 179.98135   -0.04039   22.41332   22.13887    0.04449    0.02456   15.10480    6.10516   -1.49028    3.89169    2.00000
 179.90686   -0.14691   23.58847   23.17061    0.17395    0.09601    6.05657   -2.24856    0.44518    0.68666    2.00000
 180.07367   -0.06269   23.25223   22.88563    0.09673    0.05339    7.80511   -2.41291   -1.01635   -2.26135    2.00000
 180.25162   -0.26770   22.09071   21.84175    0.36739    0.20277   19.59615   -3.13342    0.92832   -3.06112    2.00000
 179.98563    0.01736   23.25711   22.88986    0.02254    0.01244    7.77218    0.00845   -1.96031   -4.80648    2.00000
 179.90181    0.02465   23.76993   23.32128    0.10124    0.05587    5.29799   -3.28532   -2.73329   -4.88970    2.00000
 180.05330   -0.08849   23.70744   23.26958    0.10330    0.05702    5.55827    0.05913   -0.18496    0.69956    2.00000
 180.00328    0.00856   22.21015   21.95191    0.00917    0.00506   17.62086   -1.42076   -0.87356   -2.03511    2.00000
 180.01759   -0.02329   21.87525   21.64042    0.02918    0.01611   23.20651   -0.64682   -0.17688   -1.73245    2.00000
 180.01680    0.01832   23.64309   23.21623    0.02486    0.01372    5.82687   -0.14104    3.40720    9.86332    2.00000
 180.00908   -0.04261   22.82979   22.51449    0.04357    0.02405   10.69188   -1.98705   -1.37523   -7.41458    2.00000
 180.04169    0.09855   23.02740   22.68972    0.10701    0.05906    9.32889    0.01816   -0.04951   -0.95294    2.00000
 180.02081   -0.00741   23.09941   22.75266    0.02209    0.01219    8.83936    6.58336    2.20935    8.84689    2.00000
 179.98055   -0.03446   22.77229   22.46309    0.03957    0.02184   11.24404    2.03110    0.61752    5.75157    2.00000
 179.93016    0.13958   22.84284   22.52611    0.15608    0.08614   10.60147   -9.66931   -0.88554  -10.65320    2.00000
 180.04974    0.02586   23.78660   23.33504    0.05607    0.03095    5.22872   -3.40435    0.07170    0.67861    2.00000
 179.88818   -0.07963   23.60614   23.18537    0.13727    0.07576    5.98225    2.27671    1.87506    3.39501    2.00000
 180.00117    0.06902   23.46125   23.06321    0.06903    0.03810    6.59727   -3.95799   -2.57856   -4.60747    2.00000
 179.98772   -0.01494   21.42156   21.19903    0.01934    0.01068   33.64146    2.08412   -1.52647    0.36769    2.00000
 179.78938    0.09983   21.23331   21.00117    0.23308    0.12864   38.84607    4.76969   -2.15306    2.54512    2.00000
 180.03749   -0.03289   22.79724   22.48540    0.04987    0.02752   10.97848    2.46398   -2.00051    0.62105    2.00000
 180.01089   -0.01705   21.89974   21.66338    0.02023    0.01117   22.79473    2.08197    1.29694    3.27895    2.00000
 179.97493   -0.02351   22.81470   22.50101    0.03437    0.01897   10.79675    0.69800   -1.11796    2.13320    2.00000
 179.99815    0.02788   21.44764   21.22568    0.02794    0.01542   32.94048   -2.39609   -0.37279   -2.83400    2.00000
 179.91573    0.05719   22.53331   22.24841    0.10185    0.05621   13.80043   -0.32712    1.13905    1.40371    2.00000
 180.00368    0.00365   22.05851   21.81137    0.00517    0.00286   20.14099    1.44089   -2.47280   -0.64601    2.00000
 179.99300    0.00752   22.04207   21.79606    0.01027    0.00567   20.41551   -2.94577   -0.20667   -2.78724    2.00000
 179.98976    0.01017   21.35178   21.12763    0.01443    0.00797   35.51938    1.63764    1.63154    3.25876    2.00000
 179.99396    0.06425   22.78976   22.47871    0.06453    0.03562   11.05815   -1.40023   -0.28852   -0.90108    2.00000
 180.00494   -0.01295   17.99516   17.78432    0.01386    0.00765  322.59821   -1.91800   -0.82734   -2.79060    2.00000
 180.02225   -0.14994   23.75327   23.30752    0.15158    0.08366    5.36726   -3.21937   -1.36676   -7.08804    2.00000
 179.98265   -0.02636   22.13780   21.88557    0.03156    0.01742   18.81038    1.79392    4.30761    6.75724    2.00000
 179.99120    0.00157   23.70744   23.26958    0.00894    0.00494    5.55827    7.05859   -1.51798    6.51135    2.00000
 179.96481    0.03315   22.83240   22.51682    0.04834    0.02668   10.67380   -3.98725   -0.72388   -5.38810    2.00000
 179.99091   -0.00691   23.09701   22.75056    0.01141    0.00630    8.85567   -1.04282    1.91775   -3.27170    2.00000
 180.08508   -0.01392   23.15715   22.80307    0.08621    0.04758    8.44724   -0.85274   -0.50094    1.43772    2.00000
 179.97279   -0.04380   22.13012   21.87856    0.05156    0.02846   18.93612    2.73229    1.30202    2.69737    2.00000
 179.97655   -0.04409   22.44660   22.16939    0.04995    0.02757   14.74138    3.06245   -3.73912   -0.98062    2.00000
 179.97145    0.04774   21.94615   21.70676    0.05563    0.03070   22.01691    0.52541    4.27367    3.67709    2.00000
 179.86099    0.16781   21.82626   21.59449    0.21791    0.12027   24.03009    0.96534    1.30428    1.65990    2.00000
 180.04703    0.06203   23.29550   22.92283    0.07785    0.04297    7.51575   -3.72215    0.72963   -2.21070    2.00000
 180.07018   -0.03245   21.91335   21.67614    0.07732    0.04267   22.56596   -2.81149   -0.69239   -4.19706    2.00000
 180.00903    0.12816   21.39026   21.16705    0.12848    0.07091   34.48264   -3.80768   -0.82560   -4.94419    2.00000
 180.05286   -0.01325   23.52611   23.11809    0.05449    0.03007    6.32095   -0.05969    0.43737    2.65802    2.00000
 180.05078   -0.02053   23.55584   23.14325    0.05478    0.03023    6.19430   -0.30425    0.79767    0.76353    2.00000
 179.88991    0.04291   22.70244   22.40065    0.11816    0.06521   11.98763    0.73871    0.29273    0.96819    2.00000
 180.05293    0.05535   23.07301   22.72958    0.07658    0.04227    9.01885   -3.63959    0.06927   -2.08439    2.00000
 180.02805   -0.04919   21.00735   20.72410    0.05662    0.03125   49.21655    7.38517    0.25016    7.97405    2.00000
 180.04164    0.00276   21.85620   21.62256    0.04173    0.02303   23.52679    0.95836   -0.24384   -1.16211    2.00000
 180.10338    0.03635   22.54737   22.26123    0.10958    0.06048   13.64784   -4.38883   -0.48267   -5.07152    2.00000
 179.87086    0.03530   21.45546   21.23367    0.13387    0.07389   32.73018   -0.75040    3.67318    2.93527    2.00000
 179.95697    0.00078   23.26930   22.90045    0.04303    0.02375    7.68986    0.22786   -1.20352   -1.57033    2.00000
 179.92133    0.85130   22.08374   21.83512    0.85492    0.47189   19.71511   -6.20652   -0.00296   -5.34952    2.00000
 179.98943    0.02535   22.38692   22.11455    0.02747    0.01516   15.39445   -0.32999   -3.60312   -4.03297    2.00000
 180.08557    0.00139   22.38452   22.11234    0.08559    0.04724   15.42078    0.25391    0.76198    2.43279    2.00000
 180.19743    0.34076   21.08726   20.82868    0.39382    0.21736   45.29705   -1.39760   -2.03799   -3.69689    2.00000
 180.59142   -0.64558   21.84803   21.61490    0.87551    0.48325   23.66405   -3.01144    2.56263   -0.52359    2.00000
 179.97089    0.00285   23.48827   23.08608    0.02926    0.01615    6.48214   -5.85415   -0.55170   -1.69485    2.00000
 180.04562   -0.01648   22.21529   21.95663    0.04851    0.02678   17.53613   -4.85587   -0.69978   -6.17625    2.00000
 180.06902   -0.04987   22.56715   22.27912    0.08514    0.04699   13.43476    3.69314   -0.96614    1.59399    2.00000
 179.97774    0.06749   22.72739   22.42295    0.07106    0.03922   11.72206   -0.61031    1.08090    0.38997    2.00000
 180.01566   -0.22363   23.62864   23.20415    0.22417    0.12373    5.88767    2.74318    0.86729    2.65294    2.00000
 179.96902    0.00650   22.88457   22.56331    0.03166    0.01747   10.31216    6.52321   -0.30696    7.25004    2.00000
 180.01717    0.07515   22.86370   22.54471    0.07709    0.04255   10.45681   -5.30624    1.68340   -0.98788    2.00000
 179.95284   -0.02207   23.22785   22.86446    0.05206    0.02874    7.96976   -1.06621   -0.33421    5.69372    2.00000
 180.13371   -0.14642   22.05851   21.81137    0.19829    0.10944   20.14099   -7.87999   -0.13151   -8.45448    2.00000
 179.99413   -0.00426   22.42292   22.14772    0.00725    0.00400   14.99947   -4.81029   -1.10338   -5.77676    2.00000
 179.76340    0.13005   22.79974   22.48763    0.26999    0.14901   10.95192   -1.87842    1.31686   -3.60119    2.00000
 179.95087    0.00515   23.06101   22.71909    0.04941    0.02727    9.10044    1.48831   -0.03627    0.45455    2.00000
 180.02351    0.00569   22.00644   21.76289    0.02420    0.01336   21.01032   -2.64597    1.85051   -0.04945    2.00000
 180.16405   -0.04657   23.52341   23.11581    0.17052    0.09412    6.33246   -0.90330    1.97337    2.23481    2.00000
 179.98515    0.00781   23.32272   22.94589    0.01677    0.00925    7.33640    1.23365    0.92143    4.20015    2.00000
 180.02290    0.02400   22.71990   22.41626    0.03318    0.01831   11.80173    0.38762   -1.41904   -0.96121    2.00000
 179.93570    0.15481   22.56193   22.27443    0.16763    0.09252   13.49057    9.40228   -3.05141    3.23227    2.00000
 180.01465   -0.00520   23.14022   22.78832    0.01555    0.00858    8.56195   -2.98667    2.77111    0.00989    2.00000
 180.00632   -0.07506   21.48676   21.26565    0.07532    0.04157   31.88900   -0.67727   -1.20612   -1.35450    2.00000
 179.86555   -0.11929   23.39892   23.01045    0.17973    0.09920    6.86289   -3.23903    1.44846   -1.08556    2.00000
 179.99313   -0.00592   21.41634   21.19370    0.00907    0.00501   33.78166    3.55423   -1.88691    0.80045    2.00000
 180.03108   -0.01395   23.39076   23.00353    0.03407    0.01880    6.89772    1.15863   -0.54241    3.15287    2.00000
 180.01321   -0.02566   21.58393   21.36219    0.02887    0.01593   29.34958   -1.80741   -3.05446   -5.16906    2.00000
 179.97911   -0.02110   21.76417   21.53581    0.02969    0.01639   25.08243   -2.91801   -0.98663   -4.49006    2.00000
 180.06477    0.36659   22.14985   21.89659    0.37227    0.20547   18.61279    4.16238    1.03909    5.02931    2.00000
 179.79652   -0.32772   18.06739   18.08395    0.38576    0.21291  274.24847    4.65197    0.18595    4.82208    2.00000
 179.93942    0.00442   22.85588   22.53774    0.06073    0.03352   10.51106   -1.22878   -0.73423   -5.66196    2.00000
 179.93713   -0.07716   23.03460   22.69602    0.09952    0.05493    9.27994   -3.21072    1.33626   -1.48192    2.00000
 180.01724   -0.03165   23.29550   22.92283    0.03605    0.01989    7.51575    1.15341   -1.47376   -0.44326    2.00000
 179.97318   -0.04863   23.77946   23.32914    0.05554    0.03065    5.25841   -1.52642    3.96535    2.81411    2.00000
 179.84619   -0.10533   21.68215   21.45671    0.18642    0.10289   26.86323    0.52901    0.42209    0.25219    2.00000
 180.04176   -0.01449   22.84023   22.52379    0.04420    0.02440   10.61955   -4.43031   -0.42715   -5.09314    2.00000
 179.95563    0.04235   21.82354   21.59194    0.06134    0.03385   24.07584    3.25850   -1.07617    2.38964    2.00000
 180.12914    0.09397   22.56454   22.27678    0.15971    0.08815   13.46266   -1.98002   -0.30783    0.61695    2.00000
 180.11470    0.00332   23.55584   23.14325    0.11474    0.06333    6.19430    0.73460   -0.25324    3.51161    2.00000
 179.96996    0.11154   21.53108   21.31091    0.11552    0.06376   30.69845    4.84657   -3.87417    1.03504    2.00000
 180.09462   -0.40534   23.24492   22.87928    0.41623    0.22973    7.85450   -0.92632   -1.01209    0.03208    2.00000
 179.91792   -0.06058   21.02429   20.74683    0.10201    0.05630   48.36465    4.34817   -2.35996    2.12591    2.00000
 179.97826    0.09505   23.83185   23.37239    0.09751    0.05382    5.04069    0.44065   -0.99800   -2.40628    2.00000
 179.96556   -0.00463   23.60454   23.18403    0.03475    0.01918    5.98901    3.11307   -1.02620   -0.90569    2.00000
 179.94009    0.28102   23.48287   23.08150    0.28734    0.15859    6.50517   -2.13919   -0.57732    2.24373    2.00000
 180.02966    0.01736   22.68713   22.38693    0.03437    0.01897   12.15104    2.87808    4.55651    8.76739    2.00000
 180.01381    0.05387   23.79375   23.34094    0.05562    0.03070    5.19903   -4.86410    0.50142   -5.10488    2.00000
 179.83881    0.00808   23.50449   23.09980    0.16140    0.08908    6.41306   -2.71130    0.32049   -1.51388    2.00000
 180.03297   -0.04975   21.49643   21.27553    0.05969    0.03294   31.62912    6.24803   -0.99822    4.88481    2.00000
 179.98828    0.00446   23.82709   23.36845    0.01254    0.00692    5.06049   -4.18132    0.09998   -3.98179    2.00000
 180.03325   -0.00862   21.87253   21.63787    0.03435    0.01896   23.25227   -1.37099    3.02717    1.15892    2.00000
 179.99535    0.05984   22.22558   21.96608    0.06002    0.03312   17.36667    2.93329   -2.42903    0.10841    2.00000
 179.89487   -0.09711   23.71867   23.27888    0.14313    0.07900    5.51146   -1.16626   -1.77672    0.86003    2.00000
 179.84525   -0.21554   23.80804   23.35273    0.26534    0.14645    5.13965   -2.18571    0.94059   -3.75498    2.00000
 180.10550   -0.01580   23.62382   23.20013    0.10668    0.05888    5.90794   -2.34762   -0.14093   -3.35680    2.00000
 179.99965    0.03093   23.59490   23.17597    0.03093    0.01707    6.02954    2.20828    0.36221   -2.42324    2.00000
 180.04810   -0.01435   22.99534   22.66161    0.05020    0.02771    9.54754    1.46530   -2.50109   -1.39918    2.00000
 180.02460   -0.02240   21.99548   21.75269    0.03327    0.01836   21.19333   -1.53940    0.09441   -0.78192    2.00000
 180.13370   -0.08626   22.18188   21.92592    0.15911    0.08782   18.08687   -0.85317    0.70172   -0.65344    2.00000
 179.96426    0.05224   23.63345   23.20818    0.06329    0.03493    5.86740    4.35846   -2.90840   -0.52741    2.00000
 180.09589   -0.01862   23.54503   23.13410    0.09769    0.05391    6.24035   -0.01703    0.71530   -4.03939    2.00000
 179.95528    0.03003   22.79225   22.48094    0.05387    0.02973   11.03159   -2.96291   -5.53166   -9.25053    2.00000
 180.03172   -0.06436   23.51800   23.11123    0.07175    0.03960    6.35549   -3.73785    1.93124   -1.86752    2.00000
 180.05045   -0.03839   22.60106   22.30959    0.06339    0.03499   13.07197   -3.86589   -0.43040   -3.62759    2.00000
 179.95251    0.01831   21.49466   21.27371    0.05088    0.02808   31.67685    0.42450    0.83290    0.62000    2.00000
 180.00246    0.01665   22.53331   22.24841    0.01683    0.00929   13.80043    4.50908   -1.71479    2.99642    2.00000
 180.00812    0.08963   21.54500   21.32477    0.09000    0.04967   30.33394   -2.71290    1.78970   -0.63627    2.00000
 180.02419    0.02274   22.93934   22.61213    0.03319    0.01832    9.93244   -2.42623   -3.49225   -3.93344    2.00000
 180.09650    0.04406   22.32211   22.05484    0.10607    0.05854   16.10540    0.95077   -1.49135   -1.20250    2.00000
 179.97379   -0.09834   22.33651   22.06811    0.10177    0.05617   15.94741   -2.35928   -0.56727   -3.99783    2.00000
 179.99483   -0.00980   23.71493   23.27578    0.01109    0.00612    5.52706    1.33147    1.67116   -4.85655    2.00000
 180.02713    0.07629   23.63506   23.20952    0.08097    0.04469    5.86065   -1.01526    3.07978   -1.16084    2.00000
 179.95576   -0.03518   21.92151   21.68379    0.05652    0.03119   22.42869    0.60578    0.81492    1.52658    2.00000
 179.98334   -0.05200   22.97379   22.64271    0.05460    0.03014    9.69455    0.71163    1.01707   -1.01836    2.00000
 180.05151   -0.00682   22.46535   22.18648    0.05196    0.02868   14.53793    1.60326   -1.20080   -0.09167    2.00000
 180.00880   -0.01156   22.98564   22.65311    0.01453    0.00802    9.61369    3.30966    1.38243    9.27636    2.00000
 179.99600   -0.05272   23.65131   23.22309    0.05288    0.02918    5.79235   -0.07193   -0.40365   -1.63292    2.00000
 180.06606    0.00661   21.88613   21.65063    0.06638    0.03664   23.02350    0.79027    3.40945    4.35373    2.00000
 179.95094   -0.00314   22.84805   22.53076    0.04916    0.02713   10.56531   -0.58889    0.67689   -2.35423    2.00000
 180.03860    0.00754   21.32549   21.09962    0.03933    0.02171   36.25617    5.80083    2.67381    7.73683    2.00000
 180.01546    0.08607   22.61671   22.32365    0.08745    0.04827   12.90453    5.41920   -1.71185    2.28967    2.00000
 179.98923    0.00012   23.00503   22.67012    0.01077    0.00594    9.48139   -7.01742   -1.76723   -9.28499    2.00000
 180.01642   -0.05726   22.61149   22.31896    0.05957    0.03288   12.96034   -3.53570   -3.13775   -8.74068    2.00000
 180.04865   -0.05280   22.93934   22.61213    0.07180    0.03963    9.93244   -0.58788    0.42240    0.99568    2.00000
 180.00877    0.02581   17.99666   17.84845    0.02726    0.01504  311.65970   -2.18734   -0.99061   -3.14523    2.00000
 179.97079   -0.03617   21.78005   21.55112    0.04648    0.02566   24.80791  -11.46368    0.00346  -11.98120    2.00000
 179.97382    0.00430   23.83423   23.37435    0.02653    0.01464    5.03080   -1.92479   -0.44478   -0.35657    2.00000
 179.96713    0.11812   23.75565   23.30949    0.12261    0.06767    5.35737    3.18321   -0.70411   -0.53179    2.00000
 180.09993   -0.07487   22.39172   22.11897    0.12486    0.06892   15.34178   -3.21851    3.32053    0.50206    2.00000
 179.96503    0.08050   23.20347   22.84329    0.08777    0.04844    8.13441    0.55774    0.89422    2.08554    2.00000
 179.95753    0.06437   22.85327   22.53541    0.07711    0.04256   10.52914    2.60430    1.20437    1.05500    2.00000
 179.98817   -0.10970   20.91661   20.58436    0.11033    0.06089   54.45353    7.89113   -0.65351    7.49162    2.00000
 180.05447   -0.01698   22.54503   22.25909    0.05706    0.03149   13.67327    0.57070    2.48086    4.75175    2.00000
 180.06641   -0.03879   23.75565   23.30949    0.07691    0.04245    5.35737   -0.00717   -3.36126   -3.19341    2.00000
 180.05270   -0.02666   23.15958   22.80519    0.05907    0.03260    8.43077    0.53798   -3.98011   -0.21904    2.00000
 179.94890    0.00470   23.34177   22.96203    0.05132    0.02832    7.21086   -2.43329   -2.30564   -5.64103    2.00000
 180.05750   -0.05129   21.22968   20.99723    0.07705    0.04253   38.98037   -4.33965   -0.89733   -5.41585    2.00000
 179.90935    0.03733   23.68125   23.24788    0.09804    0.05411    5.66751   -2.96914    2.36253   -2.33085    2.00000
 179.98465   -0.01963   23.53962   23.12953    0.02492    0.01376    6.26338   -3.25222    0.90869   -1.14742    2.00000
 179.95598    0.02989   23.73738   23.29438    0.05321    0.02937    5.43343    1.76388   -1.96752   -2.85203    2.00000
 180.16914   -0.00206   23.03460   22.69602    0.16915    0.09336    9.27994   -5.60489   -0.75836   -6.50125    2.00000
 180.05470   -0.03278   22.37012   22.09907    0.06377    0.03520   15.57877   -1.13396    1.30922    0.39860    2.00000
 180.02554   -0.02644   23.09221   22.74637    0.03677    0.02029    8.88831   -0.75955    3.12542    5.41509    2.00000
 180.01144   -0.00693   23.63506   23.20952    0.01338    0.00739    5.86065    1.73141   -0.29115   -1.57089    2.00000
 180.03577    0.02349   22.13231   21.88056    0.04278    0.02361   18.90020   -3.96066   -0.90203   -4.56306    2.00000
 180.01691    0.02981   21.08278   20.82324    0.03427    0.01891   45.50104   -1.37392    0.20970   -1.49242    2.00000
 180.06760    0.04959   23.13542   22.78413    0.08384    0.04627    8.59459   -0.68677   -0.42645   -0.42110    2.00000
 180.03297   -0.12969   22.47941   22.19929    0.13382    0.07386   14.38535    1.28736   -1.13864    0.05617    2.00000
 180.07408    0.00170   22.75732   22.44971    0.07409    0.04089   11.40338   -3.87606   -0.05338   -4.62539    2.00000
 179.95999    0.49233   21.22514   20.99232    0.49396    0.27263   39.16453    3.60755   -0.55838    3.24894    2.00000
 179.99451   -0.03386   23.03941   22.70021    0.03431    0.01894    9.24730    2.34591   -1.55570   -4.12200    2.00000
 179.99277    0.04395   21.85075   21.61746    0.04454    0.02458   23.61830    3.85850   -3.78211   -0.39168    2.00000
 179.94888   -0.05848   21.35896   21.13507    0.07767    0.04287   35.32383   -4.62137   -3.26920   -7.96196    2.00000
 180.04924   -0.03172   22.67930   22.37990    0.05857    0.03233   12.23476   -0.17866    2.57036    1.73683    2.00000
 179.98204    0.06574   23.61900   23.19610    0.06815    0.03761    5.92821   -4.30501   -0.50442   -6.68137    2.00000
 179.87216    0.20448   23.13302   22.78203    0.24116    0.13310    8.61091    0.51559   -0.39953    1.70243    2.00000
 179.87349   -0.08404   22.05303   21.80627    0.15188    0.08383   20.23250   -8.11775    1.44429   -6.19270    2.00000
 180.00787   -0.06451   22.90282   22.57958    0.06499    0.03587   10.18559    2.07002   -1.82725   -1.42543    2.00000
 179.99290   -0.01699   18.08996   17.77900    0.01842    0.01016  323.50504   -0.44928   -0.49889   -0.93611    2.00000
 180.05215    0.02825   23.36899   22.98509    0.05931    0.03273    7.03151    1.38490    3.50529   -1.20086    2.00000
 179.76338   -0.06090   20.80709   20.40514    0.24433    0.13485   62.50336   -0.45586    1.64458    1.29709    2.00000
 180.01871    0.04451   23.54233   23.13182    0.04828    0.02665    6.25187    4.31220    2.13982   14.14878    2.00000
 180.00787    0.10809   18.71701   18.15557    0.10838    0.05982  264.38397    1.04589   -3.48071   -2.38775    2.00000
 179.82095    0.04445   23.69060   23.25563    0.18448    0.10182    5.62850    3.53921    3.35775    1.99366    2.00000
 180.20271   -0.09657   23.07781   22.73378    0.22454    0.12393    8.98622   -1.34774   -0.87214   -2.65138    2.00000
 179.99519    0.06391   23.27418   22.90468    0.06409    0.03537    7.65693   -3.54500    0.88975   -4.32909    2.00000
 179.92590    0.03232   22.15205   21.89859    0.08084    0.04462   18.57687    1.84692    0.23003    2.81619    2.00000
 180.05431    0.04022   20.86250   20.49313    0.06758    0.03730   57.96885   -1.09498    0.39109   -0.47738    2.00000
 179.96887   -0.00607   22.30012   22.03459    0.03172    0.01751   16.34650   -3.50350   -1.84999   -4.55055    2.00000
 179.99886   -0.03541   22.70493   22.40288    0.03542    0.01955   11.96107    2.54967    1.93969    3.96868    2.00000
 180.03026   -0.03322   23.35810   22.97586    0.04494    0.02480    7.10325   -2.18834    1.94927   -0.91855    2.00000
 180.01224    0.04561   22.92630   22.60050    0.04722    0.02606   10.02285    4.70310    2.67495    7.76205    2.00000
 179.99883   -0.01938   23.48557   23.08379    0.01942    0.01072    6.49365   -4.86760    3.87399    2.54533    2.00000
 180.00507   -0.21177   17.97963   17.94742    0.21183    0.11692  294.77948    2.48172   -1.72567    0.66916    2.00000
 180.01328   -0.01529   23.19372   22.83482    0.02025    0.01118    8.20027    1.01042   -0.18461   -0.28841    2.00000
 180.13721   -0.01656   23.71306   23.27423    0.13821    0.07628    5.53487    5.23707    2.60530    8.77713    2.00000
 179.93855   -0.03735   22.54034   22.25482    0.07190    0.03968   13.72413    1.15453    1.69694   -0.54499    2.00000
 179.94704   -0.03576   23.39620   23.00814    0.06390    0.03527    6.87450   -0.00757   -0.78385    0.00053    2.00000
 179.90321    0.01665   22.67409   22.37521    0.09821    0.05420   12.29058    0.77099    2.71328    1.47248    2.00000
 179.99452   -0.04183   23.56759   23.15316    0.04218    0.02328    6.14439    2.19372    1.70545    3.15410    2.00000
 180.06584   -0.01193   20.95324   20.64412    0.06692    0.03693   52.21386    2.54475   -0.53155    1.84319    2.00000
 179.96910    0.00101   23.56759   23.15316    0.03092    0.01707    6.14439    1.47514    1.67730    1.18127    2.00000
 179.96828   -0.00169   22.95238   22.62375    0.03177    0.01754    9.84203   -4.28288   -1.16185   -6.48486    2.00000
 180.05717   -0.10414   22.13231   21.88056    0.11880    0.06557   18.90020    3.13591   -0.53599    2.41383    2.00000
 180.02664   -0.07712   22.40132   22.12781    0.08159    0.04503   15.23646  -10.74895   -1.90075  -10.99526    2.00000
 180.03073   -0.10214   22.05577   21.80882    0.10666    0.05887   20.18674    0.78247   -0.95350    0.42948    2.00000
 179.96759    0.00213   23.57723   23.16121    0.03248    0.01793    6.10386    2.00353    0.02935    4.11627    2.00000
 179.99167    0.05662   22.73238   22.42741    0.05723    0.03158   11.66895   -0.72738   -0.50963   -1.92973    2.00000
 179.95482   -0.01355   21.79088   21.56132    0.04717    0.02603   24.62489   -0.14153    0.72302   -1.12486    2.00000
 180.01801    0.00701   22.81720   22.50324    0.01933    0.01067   10.77940   -1.64637   -0.29242   -0.20705    2.00000
 179.97018    0.00958   22.88978   22.56796    0.03131    0.01728   10.27600   -0.24509    1.76784    2.38362    2.00000
 180.07045   -0.04142   23.57723   23.16121    0.08173    0.04511    6.10386   -1.27397    3.90751    9.64593    2.00000
 180.02794   -0.03479   21.97355   21.73227    0.04462    0.02463   21.55937    5.12717    1.28588    5.97213    2.00000
 179.93515   -0.04530   23.35538   22.97356    0.07910    0.04366    7.12118    0.57298   -1.44630   -4.98116    2.00000
 180.15703    0.08190   21.53374   21.31363    0.17711    0.09775   30.62686   -2.84002   -0.56317   -3.53347    2.00000
 180.70599    0.59399   23.73364   23.29128    0.92263    0.50926    5.44904    2.08692    0.90986    3.45143    2.00000
 180.01035   -0.02154   20.91984   20.58963    0.02389    0.01319   54.25592    0.00000   -1.15031   -1.05402    2.00000
 179.99316    0.02858   23.69996   23.26338    0.02939    0.01622    5.58948   -1.50076    1.55062    1.93903    2.00000
 180.00681    0.00579   21.79632   21.56643    0.00893    0.00493   24.53338   -0.26956    0.76000   -0.14212    2.00000
 179.99150   -0.09653   21.08129   20.82143    0.09690    0.05348   45.56904    1.60710    0.67291    1.64817    2.00000
 179.98251   -0.02569   21.19051   20.95226    0.03107    0.01715   40.66595    2.97125    0.39079    4.12021    2.00000
 179.96631    0.02164   21.58004   21.35845    0.04004    0.02210   29.44802   -3.02038   -2.55119   -4.37564    2.00000
 180.25452   -0.18531   23.16690   22.81154    0.31483    0.17376    8.38138   -6.37803   -3.18603  -11.41985    2.00000
 179.97581   -0.04669   21.11264   20.85953    0.05258    0.02902   44.14109   -5.27145    3.17062   -2.20419    2.00000
 180.05962   -0.02212   22.11258   21.86253    0.06359    0.03510   19.22353    0.38370    3.27730    3.14862    2.00000
 180.04408    0.02749   23.21078   22.84964    0.05195    0.02867    8.08501   -3.60733   -0.59671   -8.28604    2.00000
 179.83652   -0.00566   23.03941   22.70021    0.16357    0.09028    9.24730   -6.15562    0.08983   -5.92820    2.00000
 179.94766   -0.04327   21.97903   21.73738    0.06791    0.03748   21.46786   -4.37111   -0.52358   -6.04167    2.00000
 179.97992    0.01704   22.54737   22.26123    0.02633    0.01453   13.64784    2.88992   -2.06226    0.93481    2.00000
 180.01794    0.03822   22.68713   22.38693    0.04222    0.02330   12.15104    0.66897    0.75484    2.23009    2.00000
 179.99495    0.02172   23.38532   22.99892    0.02230    0.01231    6.92390    0.34698   -0.83849   -1.10590    2.00000
 180.04877   -0.01918   22.40372   22.13003    0.05241    0.02892   15.21013    0.42961    3.13596    1.97027    2.00000
 180.07381   -0.02886   20.92846   20.60369    0.07924    0.04374   53.72893   -7.26094    1.04364   -6.22442    2.00000
 180.01196    0.11028   18.51414   17.93842    0.11093    0.06122  296.31503    2.84720   -1.75938    1.04097    2.00000
 180.04893   -0.01443   23.54773   23.13639    0.05102    0.02816    6.22884    4.68265    0.81251    5.97788    2.00000
 180.06845    0.00460   20.96161   20.65674    0.06860    0.03786   51.74096    1.68958   -1.23278    0.08889    2.00000
 180.01855   -0.03595   23.47746   23.07693    0.04046    0.02233    6.52819   -3.72478   -1.47806   -3.80873    2.00000
 179.96642    0.00703   22.92630   22.60050    0.03432    0.01894   10.02285    2.32801   -0.51857   -0.73153    2.00000
 179.61156   -0.31127   22.99857   22.66445    0.49777    0.27474    9.52549   -1.05952   -0.89236   -1.37942    2.00000
 180.12946    0.25287   22.58019   22.29084    0.28408    0.15679   13.29522    4.11987    0.12216    5.68956    2.00000
 179.99539    0.00874   23.15715   22.80307    0.00988    0.00545    8.44724   -4.59890    0.20798   -3.64030    2.00000
 180.02722   -0.07974   23.37443   22.98970    0.08425    0.04650    6.99564   -0.23511    3.61620    6.67509    2.00000
 179.53645    0.20759   21.46851   21.24699    0.50791    0.28033   32.37969   -4.41828   -0.53560   -4.22478    2.00000
 179.96687    0.03353   21.89158   21.65573    0.04713    0.02601   22.93199   -0.84297    1.22010    1.04886    2.00000
 179.98622    0.00218   22.16739   21.91262    0.01395    0.00770   18.32539    1.44909   -0.29182    2.34057    2.00000
 179.91328    0.11422   22.91065   22.58656    0.14341    0.07915   10.13134    0.68878   -0.01742    0.40397    2.00000
 179.99573   -0.03652   22.47003   22.19075    0.03677    0.02029   14.48707    1.44094   -3.61026   -4.15047    2.00000
 180.02493    0.06441   22.71491   22.41180    0.06907    0.03812   11.85484   -0.49995    1.54838    0.97484    2.00000
 179.99445    0.24778   21.11712   20.86497    0.24784    0.13679   43.93710    2.07068    0.40789    2.20877    2.00000
 180.01373   -0.04890   21.70331   21.47712    0.05080    0.02804   26.32630   -1.50930    3.62818    1.72835    2.00000
 180.06897   -0.00713   21.71125   21.48478    0.06934    0.03827   26.12496   -2.52398    1.23243   -1.13753    2.00000
 179.94490   -0.00186   23.48017   23.07922    0.05513    0.03043    6.51668    3.43810    2.64157    1.93481    2.00000
 180.02542    0.09933   23.59490   23.17597    0.10253    0.05659    6.02954   -3.31277    1.35384   -5.68028    2.00000
 179.95703   -0.05652   23.60775   23.18671    0.07100    0.03919    5.97550   -2.90956   -1.40926   -3.96948    2.00000
 180.08112    0.00611   21.58004   21.35845    0.08135    0.04490   29.44802   -1.69892    2.50293    0.77568    2.00000
 180.07130   -0.03624   21.49157   21.27056    0.07999    0.04415   31.75970    1.95457    1.17885    3.41756    2.00000
 180.03981   -0.02895   22.48644   22.20570    0.04922    0.02717   14.30905   -3.71324    2.39188   -1.01859    2.00000
 179.97867    0.01313   23.73177   23.28973    0.02505    0.01383    5.45684   -1.34776   -0.43967   -2.07186    2.00000
 180.01984   -0.04032   23.73551   23.29283    0.04494    0.02480    5.44123   -1.54255   -0.21154   -6.61405    2.00000
 180.28098   -0.15793   23.26198   22.89410    0.32233    0.17790    7.73925   -7.14007   -2.72621  -10.33409    2.00000
 180.21132    0.05844   20.38323   19.91474    0.21925    0.12101   89.21292   -0.46354    1.55603    1.18252    2.00000
 179.98663    0.01799   22.14547   21.89258    0.02241    0.01237   18.68465    3.59364    2.97402    6.31867    2.00000
 180.01566   -0.00018   23.58526   23.16792    0.01566    0.00865    6.07008    3.83534   -1.59619    4.60384    2.00000
 179.96967   -0.03479   22.99534   22.66161    0.04615    0.02547    9.54754    1.03879   -0.07244   -0.86252    2.00000
 180.06557   -0.28354   21.27695   21.04791    0.29103    0.16063   37.61637    6.36993   -0.57493    5.51933    2.00000
 180.01045   -0.00984   23.49098   23.08836    0.01436    0.00792    6.47062    0.42934   -0.43847   -3.12312    2.00000
 180.03093    0.01714   22.45128   22.17366    0.03536    0.01952   14.69052    1.83060    2.52407    6.24674    2.00000
 179.88330   -0.10999   22.28727   22.02278    0.16036    0.08851   16.48716   -1.22764   -2.83777   -4.98560    2.00000
 180.21109   -0.17011   22.78726   22.47648    0.27110    0.14963   11.08471    2.64502   -0.04371    1.80544    2.00000
 180.00137   -0.00216   22.62975   22.33537    0.00256    0.00141   12.76499    1.95937    1.32969    3.75578    2.00000
 179.97318   -0.04690   21.79360   21.56387    0.05403    0.02982   24.57914   -0.27592    0.90514    0.24468    2.00000
 180.05452   -0.06141   22.47472   22.19502    0.08212    0.04533   14.43621    0.32981    2.25207    3.43209    2.00000
 179.97369   -0.10323   23.45854   23.06092    0.10653    0.05879    6.60879    2.03846    1.48746    0.43810    2.00000
 179.98419    0.10706   22.67409   22.37521    0.10822    0.05973   12.29058   -3.87565   -3.18843   -2.74026    2.00000
 179.96027    0.09198   23.31183   22.93666    0.10020    0.05530    7.40814   -1.05291   -1.17817   -6.39307    2.00000
 179.97566   -0.07109   23.64149   23.21489    0.07515    0.04148    5.83362    1.22877   -0.63358   -0.24857    2.00000
 180.02821   -0.00085   23.11862   22.76944    0.02822    0.01558    8.70881   -1.51959    2.07886   -3.93656    2.00000
 179.99181   -0.03795   23.31183   22.93666    0.03882    0.02143    7.40814    6.82248    2.02975    5.79360    2.00000
 179.97729   -0.04751   23.15471   22.80096    0.05266    0.02906    8.46370    0.10917    2.78345   -1.54305    2.00000
 179.88016    0.00651   22.04755   21.80116    0.12002    0.06624   20.32401   -3.78411   -0.61352   -5.42560    2.00000
 179.92455    0.00507   23.51260   23.10666    0.07563    0.04174    6.37852   -0.61935   -1.50735   -1.79889    2.00000
 179.97704    0.05930   22.93934   22.61213    0.06359    0.03510    9.93244   -1.04151   -1.40202   -3.59518    2.00000
 179.95705    0.03216   23.74112   23.29748    0.05365    0.02961    5.41783    3.59715   -2.07509    4.28037    2.00000
 179.92815    0.03143   23.37715   22.99200    0.07843    0.04329    6.97770    1.42065   -2.61362   -1.67003    2.00000
 179.95038   -0.05073   22.10776   21.85797    0.07096    0.03917   19.30536    2.45679   -0.43237    2.53344    2.00000
 180.08051   -0.00838   22.99211   22.65878    0.08093    0.04467    9.56959    7.80892    0.05737    7.10308    2.00000
 180.04260    0.25042   21.42417   21.20169    0.25402    0.14020   33.57136    0.87909    1.11442    2.53719    2.00000
 179.88748    0.30460   22.39652   22.12339    0.32471    0.17922   15.28912    7.12998   -1.66228    5.47691    2.00000
 179.98662   -0.17076   17.84005   17.20729    0.17129    0.09454  433.01782   -1.73842    0.58847   -1.17483    2.00000
 180.05984    0.04093   20.77697   20.36588    0.07251    0.04002   64.52678   -1.39072   -1.51338   -2.86191    2.00000
 179.92566   -0.07846   23.83661   23.37632    0.10809    0.05965    5.02090   -0.72456   -1.23017   -5.13627    2.00000
 179.99619   -0.05936   22.84284   22.52611    0.05948    0.03283   10.60147   -1.75336    0.07254   -0.20266    2.00000
 179.96301    0.02431   21.90791   21.67104    0.04425    0.02442   22.65746   -0.50452    1.96733    2.36863    2.00000
 179.89865   -0.44002   21.31336   21.08670    0.45154    0.24922   36.59622    0.14449    1.34017    1.02146    2.00000
 179.92961    0.03381   23.55584   23.14325    0.07809    0.04310    6.19430    0.05591    1.88070    4.57724    2.00000
 180.06876   -0.01681   20.81449   20.41678    0.07078    0.03907   61.90386   -0.57478   -0.86560   -1.63412    2.00000
 180.01540   -0.04524   21.72448   21.49754    0.04779    0.02638   25.78938    2.34404   -0.60525    1.44060    2.00000
 180.04079    0.02595   22.71741   22.41403    0.04834    0.02668   11.82829   -0.14583    4.72542    2.77708    2.00000
 180.02711   -0.00603   22.53097   22.24628    0.02778    0.01533   13.82586   -7.29616    0.77746   -7.03990    2.00000
 179.89520   -0.10448   22.57497   22.28615    0.14797    0.08167   13.35104   -3.97932    0.42921   -7.23698    2.00000
 180.04161    0.05352   23.42881   23.03577    0.06779    0.03742    6.73544   -3.06580   -2.25553   -9.35135    2.00000
 180.05247    0.06963   22.79724   22.48540    0.08720    0.04813   10.97848   -1.40767    2.29448    0.89649    2.00000
 180.01434    0.03162   22.11916   21.86854    0.03471    0.01916   19.11575    0.30855   -0.71238    0.21338    2.00000
 179.91393    0.02784   21.82082   21.58939    0.09047    0.04993   24.12160    2.07226    1.62840    3.23728    2.00000
 179.99902   -0.03650   22.10776   21.85797    0.03651    0.02015   19.30536   -1.62384   -2.54386   -4.50599    2.00000
 180.01837   -0.00059   23.61578   23.19342    0.01838    0.01014    5.94172   -1.57716    3.19568    1.27601    2.00000
 180.00609   -0.08057   20.72787   20.30223    0.08080    0.04460   67.80719   -2.75261    2.30554   -0.70127    2.00000
 179.97452    0.02383   23.47206   23.07236    0.03489    0.01926    6.55122   -2.22877    1.37670   -4.32184    2.00000
 179.98792    0.03852   22.35811   22.08801    0.04037    0.02228   15.71042   -2.28611   -3.57888   -6.57720    2.00000
 180.03374    0.05768   23.40437   23.01506    0.06681    0.03688    6.83968    1.72688    0.46176   -5.15123    2.00000
 179.96173   -0.04326   22.70244   22.40065    0.05776    0.03188   11.98763   -0.11782   -0.91128   -1.55252    2.00000
 180.03197    0.01054   23.70744   23.26958    0.03366    0.01858    5.55827   -2.37723    0.25394   -4.92306    2.00000
 180.02014    0.03594   23.36354   22.98047    0.04119    0.02274    7.06738   10.79481   -2.54188    8.20500    2.00000
 180.15038    0.02727   22.32451   22.05705    0.15282    0.08434   16.07906   -4.78625    0.97684   -4.08785    2.00000
 179.97508    0.04436   22.65322   22.35646    0.05087    0.02808   12.51383   -0.80808    2.05853    2.23937    2.00000
 180.46783   -0.03717   23.52611   23.11809    0.46930    0.25902    6.32095    0.68660    1.25459   -1.81189    2.00000
 179.95522   -0.02254   21.62676   21.40335    0.05014    0.02767   28.26678    2.85604   -0.35499    2.54498    2.00000
 179.96346    0.00029   22.19473   21.93773    0.03654    0.02017   17.87505   -4.33707    1.31006   -3.78303    2.00000
 180.01128    0.04478   22.06673   21.81902    0.04618    0.02549   20.00373   -1.87874   -3.57397   -7.08935    2.00000
 179.97318   -0.00802   23.23517   22.87081    0.02800    0.01546    7.92036   -1.07069    0.86773    4.58000    2.00000
 179.94353   -0.00157   21.98177   21.73993    0.05650    0.03119   21.42210   -1.82224    0.66545   -0.51431    2.00000
 179.85722    0.05777   21.64259   21.41857    0.15401    0.08500   27.86649    1.45160    2.22320    3.40037    2.00000
 180.01141   -0.00642   23.67751   23.24478    0.01310    0.00723    5.68312    0.37770   -1.93913   -0.40858    2.00000
 179.97388    0.02194   23.02500   22.68763    0.03412    0.01883    9.34521    3.89573    3.65900   10.00822    2.00000
 180.02727    0.01954   22.47003   22.19075    0.03355    0.01852   14.48707    1.72693   -0.33704    2.69695    2.00000
 179.99794    0.02021   21.95711   21.71696    0.02032    0.01121   21.83389    0.12020    0.45669   -0.37471    2.00000
 179.98933    0.00044   23.20835   22.84753    0.01067    0.00589    8.10148    1.36651   -0.65755    1.65421    2.00000
 179.98340    0.01156   23.78184   23.33111    0.02023    0.01117    5.24851   -0.39711   -1.28542    4.97647    2.00000
 179.97539   -0.01542   23.32272   22.94589    0.02904    0.01603    7.33640   -0.74359   -0.85473   -1.89608    2.00000
 179.99385    0.00318   17.92460   17.91121    0.00692    0.00382  300.95541    1.38662    0.95593    2.27072    2.00000
 179.98317    0.02611   22.65322   22.35646    0.03106    0.01714   12.51383   -3.54874   -0.31693   -5.08310    2.00000
 180.02750    0.07515   22.33651   22.06811    0.08002    0.04416   15.94741   -2.26978   -2.00500   -5.11018    2.00000
 179.94566   -0.01621   23.58365   23.16658    0.05671    0.03130    6.07684   -2.19350    1.23668   -1.85761    2.00000
 180.03197    0.03790   22.22301   21.96372    0.04958    0.02736   17.40903    6.05897    1.38263    8.70123    2.00000
 180.01273    0.16898   21.39287   21.16971    0.16946    0.09353   34.41255    6.74467   -0.60439    6.66172    2.00000
 179.99255    0.00564   23.73551   23.29283    0.00933    0.00515    5.44123    1.70950   -0.23272    2.69750    2.00000
 180.05595    0.13553   21.29111   21.06300    0.14663    0.08093   37.21965    0.07951    1.40291    1.37281    2.00000
 179.95995   -0.02729   22.93151   22.60515    0.04846    0.02675    9.98668   -4.84711   -1.36433   -5.81092    2.00000
 179.99326   -0.01823   22.16849   21.91362    0.01944    0.01073   18.30743    1.26349   -0.11006    0.01513    2.00000
 179.98793    0.07235   23.71306   23.27423    0.07335    0.04048    5.53487   -1.14041    0.37806   -3.76630    2.00000
 179.94933   -0.00894   23.57562   23.15987    0.05146    0.02840    6.11062   -2.71922   -1.42547   -9.93662    2.00000
 179.98141   -0.03596   23.16690   22.81154    0.04048    0.02234    8.38138   -0.07873    2.18844    6.55337    2.00000
 180.01402   -0.00554   22.47941   22.19929    0.01508    0.00832   14.38535   -1.11195    3.00188   -0.08494    2.00000
 179.98938    0.06753   23.22541   22.86234    0.06836    0.03773    7.98622   -6.66866    2.64606   -5.01420    2.00000
 180.00902   -0.05660   23.43692   23.04263    0.05731    0.03163    6.70090    7.40995    0.45071    4.18859    2.00000
 179.98550   -0.15176   22.99534   22.66161    0.15245    0.08414    9.54754   -3.54241   -2.61689  -10.17255    2.00000
 180.10988    0.05365   23.72616   23.28508    0.12228    0.06749    5.48025   -3.63961   -2.30640   -6.41137    2.00000
 180.14780   -0.05052   23.52071   23.11352    0.15619    0.08621    6.34397   -1.38166    2.04426    3.77143    2.00000
 180.01038   -0.06593   22.92108   22.59586    0.06674    0.03683   10.05901    5.84408   -2.72693    5.02914    2.00000
 180.05865    0.06911   23.50719   23.10209    0.09065    0.05003    6.40154   -0.90064   -3.66620   -4.41402    2.00000
 180.18097   -0.11665   22.06399   21.81647    0.21531    0.11883   20.04948   -4.22338    4.30319    1.77170    2.00000
 179.94759    0.02233   22.31011   22.04378    0.05697    0.03144   16.23705   -1.37800   -1.12427   -2.17194    2.00000
 180.02052   -0.09351   22.83240   22.51682    0.09573    0.05284   10.67380   -0.06205   -1.06223   -3.32499    2.00000
 179.97618   -0.03147   23.42070   23.02890    0.03947    0.02178    6.77002   -1.13760   -2.30449   -5.09528    2.00000
 180.02248   -0.06080   22.48644   22.20570    0.06482    0.03578   14.30905    4.68594    5.40315   10.02633    2.00000
 180.08249    0.16340   23.01150   22.67579    0.18304    0.10103    9.43729   -4.60947    0.74113   -4.85582    2.00000
 179.97108    0.00740   21.37200   21.14839    0.02984    0.01647   34.97333   -3.55703   -0.33908   -4.32566    2.00000
 180.01930   -0.03044   21.62676   21.40335    0.03605    0.01989   28.26678    1.15258    0.25909    2.09030    2.00000
 180.05351    0.01137   22.88978   22.56796    0.05470    0.03019   10.27600   -1.64959    0.81735   -0.99133    2.00000
 179.86873   -0.03487   23.63506   23.20952    0.13582    0.07496    5.86065   -0.53758   -0.74696   -5.67161    2.00000
 180.00793   -0.06791   22.27698   22.01333    0.06837    0.03774   16.59969    5.02648    2.14781    8.39873    2.00000
 179.96735    0.22720   23.30095   22.92744    0.22954    0.12669    7.47988   -0.52141   -0.69759    1.40390    2.00000
 180.03436    0.01706   23.41525   23.02428    0.03837    0.02118    6.79324   -1.30556    0.93264   -1.22301    2.00000
 180.01669    0.07591   21.35896   21.13507    0.07772    0.04290   35.32383   -3.65071    2.46698   -1.25421    2.00000
 180.01273   -0.01981   21.48415   21.26298    0.02354    0.01299   31.95910    1.05784    3.09065    4.39068    2.00000
 179.98839    0.00384   23.34177   22.96203    0.01223    0.00675    7.21086   -2.87722   -0.39651   -3.12481    2.00000
 179.92883   -0.02372   20.33942   19.86770    0.07502    0.04141   92.43019   -2.89353   -6.23013   -9.13234    2.00000
 179.95251   -0.00414   21.93519   21.69655    0.04766    0.02631   22.19992   -2.53080    2.52865   -1.21110    2.00000
 179.97185   -0.01488   23.71306   23.27423    0.03185    0.01758    5.53487    1.80465    0.01391    9.77185    2.00000
 180.03218   -0.07538   23.11862   22.76944    0.08196    0.04523    8.70881    3.92702    0.66119    3.37715    2.00000
 179.96371   -0.03924   23.74674   23.30213    0.05345    0.02950    5.39442   -2.65522    0.02771  -11.19684    2.00000
 179.94228   -0.11836   22.25385   21.99207    0.13169    0.07268   16.90065   -2.02655    1.06131   -1.07870    2.00000
 180.26208    0.01909   22.53565   22.25055    0.26278    0.14504   13.77500    3.61882    0.90125    6.50749    2.00000
 179.98541   -0.01697   22.89239   22.57028    0.02237    0.01235   10.25791   -2.76133    0.16012   -0.79696    2.00000
 180.02522   -0.00582   22.49581   22.21424    0.02589    0.01429   14.20733   -0.23790   -2.90036   -3.92090    2.00000
 179.93831   -0.23908   23.28190   22.91130    0.24691    0.13628    7.60543   -3.58868   -0.52206   -6.14936    2.00000
 180.01823    0.08730   20.99592   20.70726    0.08919    0.04922   49.84765   -1.60569    0.80325   -1.09636    2.00000
 180.08585   -0.15883   23.77946   23.32914    0.18054    0.09965    5.25841    7.44438    0.13533    5.10523    2.00000
 180.02039   -0.01479   22.95760   22.62840    0.02519    0.01390    9.80587    2.55252    0.59552    5.89683    2.00000
 179.85683    0.07662   21.41113   21.18837    0.16238    0.08962   33.92186   -6.22123   -2.84840   -9.27716    2.00000
 180.05583    0.00902   23.79375   23.34094    0.05655    0.03121    5.19903   -3.95891   -0.94636   -8.35895    2.00000
 179.97542    0.06364   23.57723   23.16121    0.06822    0.03765    6.10386   -4.59683    0.20975   -5.65479    2.00000
 179.97881   -0.16552   17.98817   17.54740    0.16687    0.09210  363.00458   -1.77539   -2.62811   -4.36538    2.00000
 180.04224   -0.04799   21.35178   21.12763    0.06394    0.03529   35.51938   -5.09668   -0.92119   -5.61297    2.00000
 180.00964   -0.02694   23.74300   23.29903    0.02861    0.01579    5.41002   -2.49263   -1.69617   -8.64684    2.00000
 179.98857    0.03800   21.73242   21.50519    0.03969    0.02190   25.63148    8.01745   -0.22069    7.83937    2.00000
 180.07143    0.01681   22.39412   22.12118    0.07337    0.04050   15.31545    0.18573   -1.38014   -0.17435    2.00000
 180.03735   -0.09799   22.31011   22.04378    0.10486    0.05788   16.23705    1.87335    1.85162    5.14781    2.00000
 180.07104   -0.03407   19.37424   18.85478    0.07879    0.04348  177.70425   -1.57020    0.48011   -1.12695    2.00000
 180.02589   -0.00773   23.81994   23.36256    0.02701    0.01491    5.09017   -3.35459   -0.76482   -6.85719    2.00000
 179.95688    0.01148   21.65039   21.42609    0.04462    0.02463   27.66861   -0.94378   -1.34001   -1.89191    2.00000
 180.02016    0.02091   22.80722   22.49432    0.02904    0.01603   10.87225   -2.32740    2.13435   -3.66165    2.00000
 180.03380    0.00201   20.65100   20.20962    0.03386    0.01869   72.57974   -2.88697    2.14178   -1.03821    2.00000
 179.99315    0.04087   22.08762   21.83880    0.04144    0.02287   19.64902    2.51429   -0.19422    0.99476    2.00000
 180.03133    0.02959   21.98451   21.74248    0.04310    0.02379   21.37635    2.85570    1.58552    4.50176    2.00000
 179.99718   -0.00410   21.26684   21.03714    0.00498    0.00275   37.89975    0.69590   -1.72264   -0.79574    2.00000
 180.01028   -0.01884   22.51222   22.22919    0.02146    0.01184   14.02931    4.63022   -1.03907    5.16236    2.00000
 179.80972   -0.00942   23.78422   23.33307    0.19050    0.10514    5.23861   -1.56169   -2.72664   -7.69218    2.00000
 179.90636   -0.12502   22.43957   22.16298    0.15620    0.08621   14.81768   -8.57410   -3.01155  -12.56842    2.00000
 180.02164    0.00131   22.50753   22.22492    0.02168    0.01196   14.08017    3.77938    0.46396    2.91153    2.00000
 179.98489   -0.02191   23.27661   22.90680    0.02661    0.01469    7.64046    0.05437   -5.14244   -4.62881    2.00000
 179.98775    0.08588   21.04674   20.77643    0.08675    0.04788   47.25544    0.87777    1.24964    2.35847    2.00000
 180.00383    0.03478   23.48017   23.07922    0.03499    0.01931    6.51668    3.42710    1.53925    7.24356    2.00000
 180.00882    0.00639   22.04755   21.80116    0.01089    0.00601   20.32401    0.14718   -0.81947   -0.98033    2.00000
 180.02638   -0.03035   20.90260   20.56151    0.04022    0.02220   55.30988   -5.01482    0.27031   -4.94665    2.00000
 180.20929    0.18099   21.61508   21.39213    0.27669    0.15271   28.56209   -3.03860    0.70710   -1.74484    2.00000
 180.14178   -0.10777   23.42881   23.03577    0.17810    0.09830    6.73544   -0.39577   -3.51620   -4.85582    2.00000
 179.93993    0.02435   23.65318   23.22464    0.06482    0.03578    5.78455   -3.07366    2.63282   -0.12117    2.00000
 180.00471    0.00315   23.69060   23.25563    0.00567    0.00313    5.62850   -3.42079   -0.71085   -3.41890    2.00000
 180.00130    0.00401   22.24871   21.98734    0.00421    0.00232   16.98538   -2.50979    0.93380   -2.62304    2.00000
 179.87059    0.12836   22.37972   22.10791    0.18227    0.10060   15.47344   -0.78306    2.54737    0.38476    2.00000
 179.99532   -0.01348   23.50179   23.09751    0.01427    0.00788    6.42457    5.06596    3.65105   14.91144    2.00000
 179.99944   -0.03640   22.23329   21.97317    0.03640    0.02009   17.23957    2.94147    2.55923    4.90935    2.00000
 180.12520   -0.05440   22.86631   22.54704    0.13651    0.07534   10.43873   -1.84461    0.20329   -3.37610    2.00000
 180.00725   -0.09899   23.59651   23.17732    0.09926    0.05478    6.02279   -3.96678   -2.52726   -2.80844    2.00000
 179.98756   -0.01874   21.78816   21.55877    0.02249    0.01241   24.67064   -1.07569   -0.73393   -1.68448    2.00000
 180.13834   -0.08413   22.63235   22.33771    0.16191    0.08936   12.73709   -6.19791   -1.65766   -7.05376    2.00000
 179.96494   -0.04811   22.21272   21.95427    0.05953    0.03286   17.57849   -1.81001   -2.94807   -6.16720    2.00000
 180.05286    0.04084   22.41332   22.13887    0.06679    0.03686   15.10480   -0.87100   -0.76288   -1.94089    2.00000
 180.08273    0.05089   22.72489   22.42072    0.09714    0.05361   11.74862   -2.35125    2.47015   -1.17993    2.00000
 179.93732    0.05731   23.09221   22.74637    0.08494    0.04688    8.88831  -12.16182    1.77423   -9.98733    2.00000
 180.06255    0.11905   22.87674   22.55634    0.13448    0.07422   10.36640   -5.76644    1.44626   -2.63846    2.00000
 179.98669    0.00034   22.77229   22.46309    0.01332    0.00735   11.24404   -3.09578    1.97789   -3.35520    2.00000
 179.96497    0.02921   23.18640   22.82847    0.04561    0.02517    8.24966   -8.59523    1.18543   -6.89583    2.00000
 180.00331   -0.03649   23.68686   23.25253    0.03664    0.02022    5.64410   -0.03606   -1.32469   -2.18206    2.00000
 181.01779    0.15127   22.69745   22.39619    1.02897    0.56797   12.04074    4.04370   -0.43055    2.12249    2.00000
 179.98955   -0.04911   23.32816   22.95050    0.05021    0.02771    7.30053    1.09735   -1.51802   -2.20952    2.00000
 179.75787    0.11073   21.67950   21.45416    0.26624    0.14695   26.93034    4.92947    0.94920    6.63699    2.00000
 180.01103    0.10003   23.54503   23.13410    0.10064    0.05555    6.24035    7.65465    3.06529   12.51781    2.00000
 179.97974   -0.02449   21.97355   21.73227    0.03178    0.01754   21.55937   -3.48673    1.31527   -2.48045    2.00000
 179.96611   -0.01058   21.96533   21.72462    0.03550    0.01959   21.69663   -2.20529   -2.16768   -4.44073    2.00000
 179.75552   -0.09664   23.81756   23.36059    0.26288    0.14509    5.10007   -3.19054   -2.07993   -7.51670    2.00000
 180.30296    0.11278   20.86646   20.49994    0.32327    0.17842   57.61821    4.99106    1.87620    6.65520    2.00000
 179.92665   -0.15497   23.31183   22.93666    0.17145    0.09463    7.40814    1.88422   -2.97387    0.27084    2.00000
 180.00780   -0.04852   22.52628   22.24200    0.04915    0.02713   13.87672   -0.64841   -0.02651   -1.22555    2.00000
 179.98482    0.00381   23.43692   23.04263    0.01566    0.00865    6.70090   -3.40587    0.74276   -1.17759    2.00000
 180.01572    0.01538   23.46125   23.06321    0.02199    0.01214    6.59727   -0.97234    0.80670   -2.39022    2.00000
 180.00940    0.02124   23.52611   23.11809    0.02322    0.01282    6.32095   -0.69160    0.08262    1.03014    2.00000
 180.03110    0.00156   20.86329   20.49450    0.03112    0.01718   57.89872    1.98687   -0.76453    0.85755    2.00000
 179.99985    0.00140   22.46769   22.18861    0.00141    0.00078   14.51250    1.12626    5.06375    4.97179    2.00000
 179.99199   -0.00060   22.30526   22.03932    0.00803    0.00443   16.29024    1.94584    1.55570    4.62658    2.00000
 179.96936   -0.00432   22.16739   21.91262    0.03095    0.01708   18.32539   -2.11821    3.16788    0.81282    2.00000
 180.00827   -0.12215   23.39348   23.00584    0.12243    0.06757    6.88611   -1.33965   -4.15051   -2.14565    2.00000
 179.96049   -0.02388   23.52071   23.11352    0.04617    0.02548    6.34397    0.54958   -1.10051    0.19681    2.00000
 179.99091   -0.00437   22.80223   22.48986    0.01008    0.00557   10.92537   -3.15679   -0.15719   -1.49948    2.00000
 179.99501    0.04347   21.81537   21.58429    0.04376    0.02415   24.21310   -0.38794    3.17618    3.85904    2.00000
 180.00250    0.01812   21.56252   21.34161    0.01829    0.01009   29.89098    0.65353    2.93071    4.15475    2.00000
 179.91893    0.06206   22.17674   21.92119    0.10210    0.05635   18.17160   -5.91819   -1.61357   -6.40348    2.00000
 179.98833   -0.01377   23.54503   23.13410    0.01806    0.00997    6.24035    1.15226    0.87509    4.27592    2.00000
 179.91855    0.09716   22.16191   21.90761    0.12678    0.06997   18.41520    0.43785   -1.60772   -1.21584    2.00000
 179.97932   -0.03286   23.08741   22.74217    0.03882    0.02143    8.92095    2.24961   -1.07347    1.63641    2.00000
 180.03809    0.02071   22.92630   22.60050    0.04335    0.02393   10.02285   -0.70076   -1.06979   -2.85111    2.00000
 179.98964   -0.04982   22.69234   22.39161    0.05088    0.02808   12.09523   -6.93023    2.72365   -4.02189    2.00000
 180.04300   -0.03908   22.35811   22.08801    0.05810    0.03207   15.71042   -2.65632    3.39486    1.00783    2.00000
 180.02905   -0.03321   21.49910   21.27825    0.04412    0.02435   31.55753   -0.74138   -1.65462   -2.42096    2.00000
 179.84966    0.02784   21.95985   21.71952    0.15289    0.08439   21.78814   11.76710    0.61404   13.25303    2.00000
 180.02023    0.01120   23.15958   22.80519    0.02312    0.01276    8.43077   -2.42214    2.09398   -2.28119    2.00000
 180.03238    0.03553   23.60454   23.18403    0.04807    0.02653    5.98901   -0.07217    1.57946   -1.24523    2.00000
 179.92673   -0.09933   22.76980   22.46086    0.12343    0.06812   11.27060   -0.86790   -0.95977   -4.60835    2.00000
 180.00916    0.01799   22.49347   22.21210    0.02019    0.01114   14.23276    5.22382    0.99174    7.79618    2.00000
 180.03676    0.03428   22.59323   22.30256    0.05026    0.02774   13.15569    4.70517    0.49507    3.96022    2.00000
 180.06181   -0.07406   20.34172   19.87018    0.09647    0.05324   92.26086   -1.55781   -2.83074   -4.50886    2.00000
 180.00346    0.07361   22.72988   22.42518    0.07369    0.04067   11.69551   -0.76527   -3.60340   -6.28808    2.00000
 179.91222    0.04072   23.68125   23.24788    0.09677    0.05341    5.66751   -3.01844   -1.35103   -7.18366    2.00000
 179.98193    0.05347   22.09381   21.84470    0.05644    0.03115   19.54328   -2.72553   -1.13871   -2.86519    2.00000
 180.10883    0.15233   23.23273   22.86869    0.18722    0.10333    7.93683    5.61153    2.10562    8.38906    2.00000
 180.18478   -0.26349   23.36354   22.98047    0.32182    0.17762    7.06738   -8.79865    0.44449  -16.93021    2.00000
 180.00787    0.03990   22.68974   22.38927    0.04067    0.02245   12.12314    0.07728    0.31801    0.79403    2.00000
 179.96091    0.00620   22.87935   22.55866    0.03958    0.02185   10.34832    1.33046   -2.51789   -2.56524    2.00000
 180.01341   -0.07250   23.51260   23.10666    0.07373    0.04069    6.37852   -1.90258   -1.55326   -1.15134    2.00000
 180.07451   -0.02778   21.23467   21.00264    0.07952    0.04389   38.80729    3.13202    0.80646    3.82073    2.00000
 180.03386   -0.03611   21.20722   20.97167    0.04950    0.02732   39.93852    1.71883   -1.04155    1.09468    2.00000
 179.95030   -0.07500   21.24601   21.01492    0.08997    0.04966   38.48414   -2.69353    1.75057   -0.88811    2.00000
 179.97849    0.08571   23.40709   23.01737    0.08838    0.04878    6.82807   -4.30320    0.25197   -8.53062    2.00000
 179.97661   -0.10239   22.97164   22.64082    0.10503    0.05797    9.70925    7.71863   -3.90664    7.69742    2.00000
 179.96556   -0.07119   21.44503   21.22301    0.07908    0.04365   33.01057   -0.52700    1.69410    1.10526    2.00000
 179.87962   -0.17159   23.29822   22.92513    0.20960    0.11568    7.49782    3.21960   -2.39032    3.21684    2.00000
 180.03615   -0.00835   23.44233   23.04720    0.03710    0.02048    6.67787   -0.41471   -0.06070    2.02057    2.00000
 179.96561    0.00774   23.20347   22.84329    0.03525    0.01945    8.13441   -0.56648   -3.47800   -6.20699    2.00000
 180.00531    0.07079   22.94456   22.61678    0.07099    0.03918    9.89627   -1.94515   -1.08663   -0.45544    2.00000
 180.02232    0.01895   23.39348   23.00584    0.02929    0.01616    6.88611   -5.31624   -1.29725   -6.48645    2.00000
