#RA        DEC       MAG_G     MAG_I     ANGSEP    RPROJ     SNR       VTRUE       VSYS       VMEAS      VSYSERR    
 180.04782   -0.01371   21.67156   21.44651    0.04974    0.02745   27.13169    4.70881    0.65841    4.48313    2.00000
 180.06190   -0.09049   21.30527   21.07808    0.10963    0.06051   36.82292    1.49283    1.06794    3.24023    2.00000
 180.07185   -0.02095   23.43422   23.04034    0.07486    0.04131    6.71241    0.39586    2.54416   -3.18506    2.00000
 180.05870    0.01703   22.51925   22.23560    0.06112    0.03373   13.95302    1.87808    0.40259    0.56066    2.00000
 179.92398    0.03532   21.71390   21.48733    0.08382    0.04626   26.05784    1.13333   -1.65273    0.18521    2.00000
 179.91798   -0.00215   23.65693   23.22774    0.08203    0.04528    5.76894   -2.20905    1.73330   -4.97342    2.00000
 179.79626   -0.18149   21.62676   21.40335    0.27285    0.15059   28.26678    0.57695    1.32905    1.28494    2.00000
 180.04068    0.04668   23.43422   23.04034    0.06192    0.03417    6.71241   10.18122    2.16561   13.63279    2.00000
 179.95850    0.01605   19.69193   19.18724    0.04449    0.02456  145.14217    0.81166   -1.64570   -0.79908    2.00000
 180.06885   -0.03218   22.88196   22.56098    0.07600    0.04194   10.33024   -0.67581    1.69116    0.43391    2.00000
 179.86534   -0.06038   23.64149   23.21489    0.14758    0.08145    5.83362    0.41885    2.09360    9.02003    2.00000
 180.00137    0.07839   23.63024   23.20550    0.07841    0.04327    5.88091  -10.34845    1.66662   -7.93900    2.00000
 179.92921   -0.01166   23.23029   22.86658    0.07174    0.03959    7.95329   -0.88061    2.92504   -1.31455    2.00000
 180.07584    0.01964   21.26280   21.03283    0.07834    0.04324   38.01310    4.88796   -0.25413    4.20381    2.00000
 180.17381    0.47200   23.69622   23.26028    0.50299    0.27762    5.60509   -2.52185   -1.00720  -11.07602    2.00000
 180.02240    0.05436   23.00719   22.67201    0.05880    0.03245    9.46669   -5.36967   -2.59722   -8.43220    2.00000
 180.00639    0.08475   23.81756   23.36059    0.08499    0.04691    5.10007   -1.30212    0.82826    1.23794    2.00000
 179.26784    0.11231   23.24492   22.87928    0.74073    0.40885    7.85450   -4.76120    0.27994  -10.74550    2.00000
 180.00047   -0.04104   22.65061   22.35412    0.04104    0.02265   12.54174    3.14219   -2.29468    2.63609    2.00000
 179.97903    0.02667   23.39076   23.00353    0.03391    0.01872    6.89772    0.06106    1.96104    3.14455    2.00000
 180.09801   -0.07652   22.77978   22.46979    0.12433    0.06862   11.16438    0.63929    2.46087    3.87318    2.00000
 179.98544    0.00325   20.98136   20.68583    0.01492    0.00823   50.65087   -0.78067   -3.36076   -4.13771    2.00000
 180.00063    0.00463   22.50987   22.22705    0.00467    0.00258   14.05474    2.59762   -0.59647    3.73766    2.00000
 179.84940    0.23382   23.12822   22.77783    0.27813    0.15351    8.64354    2.71393    0.14971    7.52291    2.00000
 180.01666   -0.13356   21.95985   21.71952    0.13459    0.07428   21.78814   -9.26840    3.24372   -4.44791    2.00000
 180.04308    0.07198   22.99965   22.66539    0.08389    0.04630    9.51814   -1.01725    2.32720    5.06554    2.00000
 180.14111   -0.06261   20.87440   20.51355    0.15438    0.08521   57.10737    5.62329    1.10270    6.85950    2.00000
 179.97023   -0.02027   23.08261   22.73797    0.03602    0.01988    8.95358   -1.24165   -0.20364   -0.63348    2.00000
 179.94826    0.03511   20.93384   20.61248    0.06254    0.03452   53.39957    0.57846    1.46822    1.69373    2.00000
 180.05579    0.06693   22.50519   22.22278    0.08713    0.04809   14.10560    3.84677   -1.18404    3.99503    2.00000
 179.91486    0.04689   21.63260   21.40897    0.09720    0.05365   28.11913   -1.24874   -2.42845   -3.55013    2.00000
 180.01083    0.01028   22.79225   22.48094    0.01493    0.00824   11.03159    2.57257    1.50493    3.74528    2.00000
 180.08452   -0.08861   18.09512   18.12588    0.12246    0.06759  268.47369    0.76977   -2.87949   -2.07257    2.00000
 179.87112    0.00808   23.76993   23.32128    0.12913    0.07127    5.29799    2.20743   -0.54325    4.24785    2.00000
 179.95854    0.13757   23.14742   22.79462    0.14369    0.07930    8.51300   -0.76960    2.23553   -0.41505    2.00000
 180.04877   -0.02732   19.99332   19.50272    0.05589    0.03085  117.39202   -1.77300    2.68473    0.63721    2.00000
 179.94177    0.04374   23.59490   23.17597    0.07283    0.04019    6.02954    0.97670   -1.13615    4.57623    2.00000
 180.00340   -0.00109   21.22333   20.99035    0.00358    0.00197   39.23820   -6.12299   -3.76759  -10.03634    2.00000
 180.10622   -0.00421   22.77978   22.46979    0.10630    0.05867   11.16438    9.58107   -2.37260   10.01595    2.00000
 180.09065    0.00444   20.81264   20.41387    0.09076    0.05009   62.05386    6.24280    1.67513    7.98927    2.00000
 180.02289    0.01322   22.96733   22.63704    0.02643    0.01459    9.73865   -2.23505   -2.37842   -3.94630    2.00000
 179.95209    0.00888   21.69008   21.46437    0.04873    0.02689   26.66188   -2.92961    1.67537   -0.91707    2.00000
 179.96333    0.00867   21.91335   21.67614    0.03767    0.02079   22.56596    1.04114   -0.48098    1.07712    2.00000
 180.03706    0.02231   22.70992   22.40734    0.04326    0.02388   11.90796   -0.87683   -3.52598   -3.35434    2.00000
 180.10509   -0.03616   23.58044   23.16390    0.11113    0.06133    6.09035    0.17915    1.21640   -4.08040    2.00000
 180.01286    0.02937   23.49908   23.09523    0.03206    0.01770    6.43608    5.07705    1.99172   10.92425    2.00000
 179.99059   -0.04993   23.25223   22.88563    0.05081    0.02804    7.80511    1.43009   -3.12954   -2.15649    2.00000
 179.93326   -0.25390   22.58019   22.29084    0.26253    0.14490   13.29522   -1.45701    0.51788   -1.73491    2.00000
 180.12778   -0.11026   22.17160   21.91647    0.16877    0.09315   18.25633    1.28590   -4.62850   -3.62417    2.00000
 179.92909   -0.03727   22.79974   22.48763    0.08011    0.04421   10.95192   -0.64063   -0.13906   -1.74096    2.00000
 179.65051   -0.04631   21.76682   21.53836    0.35254    0.19458   25.03668    0.34464    0.02589   -0.03140    2.00000
 179.95576   -0.01129   23.39348   23.00584    0.04565    0.02519    6.88611   -3.76754    0.57518    0.67881    2.00000
 179.96581    0.03445   22.13780   21.88557    0.04854    0.02679   18.81038    3.10980    1.88436    5.54755    2.00000
 180.03908   -0.00023   22.24871   21.98734    0.03908    0.02157   16.98538   -5.09236    1.09138   -1.63844    2.00000
 180.03023    0.02472   22.86631   22.54704    0.03905    0.02155   10.43873    1.46214    2.50042    0.96821    2.00000
 180.00372    0.00488   22.73986   22.43410    0.00614    0.00339   11.58928   -2.82817    1.49532   -0.60162    2.00000
 179.83858    0.08881   22.50519   22.22278    0.18423    0.10168   14.10560   -1.36982   -1.80688   -0.91594    2.00000
 179.95004   -0.04072   23.06101   22.71909    0.06444    0.03557    9.10044   -5.09990   -0.31856   -7.48981    2.00000
 179.95203    0.09309   22.92369   22.59818    0.10472    0.05780   10.04093    0.77229   -3.27869    0.02179    2.00000
 179.99059    0.01234   22.95499   22.62608    0.01552    0.00857    9.82395   -3.05307   -1.76210   -3.42667    2.00000
 180.04846   -0.00629   23.05141   22.71070    0.04887    0.02697    9.16571    1.36746   -0.65700   -3.10727    2.00000
 179.98170    0.14538   23.13782   22.78623    0.14653    0.08087    8.57827   -3.42077   -0.23208   -2.85034    2.00000
 180.07368   -0.01339   20.06711   19.58013    0.07489    0.04134  112.09754   -2.40250    1.77500   -0.51246    2.00000
 179.91199   -0.03745   23.78899   23.33700    0.09564    0.05279    5.21882   -1.89412   -1.69361   -9.79378    2.00000
 179.99203    0.01800   22.41812   22.14329    0.01968    0.01086   15.05214    0.79113    1.24637    2.61448    2.00000
 179.97791    0.00502   22.03384   21.78841    0.02265    0.01250   20.55278    4.16216   -1.65995    1.06956    2.00000
 180.05782    0.02071   23.60775   23.18671    0.06141    0.03389    5.97550   -2.26647   -2.33102   -8.06139    2.00000
 179.99170    0.03351   23.52071   23.11352    0.03452    0.01905    6.34397   -0.33764    2.67924    3.35865    2.00000
 180.01901   -0.02711   20.62936   20.18470    0.03312    0.01828   73.86371    1.34365   -0.46399    0.91406    2.00000
 180.03117   -0.07408   22.52862   22.24414    0.08037    0.04436   13.85129    0.02865    0.97664    1.14678    2.00000
 179.96838    0.02182   22.92108   22.59586    0.03842    0.02120   10.05901   -1.65702   -3.63685   -7.87019    2.00000
 179.90228    0.03202   22.83501   22.51914    0.10282    0.05675   10.65572   -4.59161   -2.48849   -8.28017    2.00000
 180.08282    0.02652   23.11622   22.76735    0.08697    0.04800    8.72513   -2.38810   -1.34504   -7.53140    2.00000
 179.97029    0.03386   22.47238   22.19288    0.04505    0.02486   14.46164   -0.71816    3.31841    1.09885    2.00000
 180.01691    0.05308   21.43460   21.21235    0.05570    0.03074   33.29097   -1.72694   -0.20718   -1.54385    2.00000
 179.97385   -0.01023   22.97271   22.64177    0.02808    0.01550    9.70190    4.84203    0.53838    3.37673    2.00000
 179.94691    0.00637   22.34611   22.07695    0.05346    0.02951   15.84208    0.11169   -0.88173   -0.02119    2.00000
 179.98337    0.04951   22.60627   22.31427    0.05223    0.02883   13.01615   -1.36151   -1.11442   -4.62718    2.00000
 180.03706   -0.05961   22.12464   21.87355    0.07019    0.03874   19.02594    1.39962   -3.18849   -1.04763    2.00000
 180.01550    0.01438   22.67148   22.37286    0.02114    0.01167   12.31848   -6.72805   -2.60593   -8.55633    2.00000
 180.16734    0.09944   21.91607   21.67869    0.19466    0.10744   22.52020    0.73513   -0.58039   -0.54001    2.00000
 180.10481   -0.01914   21.04923   20.77972    0.10655    0.05881   47.13220   -7.28438    0.99637   -6.61403    2.00000
 180.02716   -0.07787   21.88069   21.64552    0.08247    0.04551   23.11501    1.54103   -3.26612   -2.07716    2.00000
 179.97063   -0.00043   23.39076   23.00353    0.02937    0.01621    6.89772    1.64234    1.70656    4.82449    2.00000
 179.96155   -0.10214   21.75359   21.52560    0.10914    0.06024   25.26545   -1.92453   -0.55750   -2.41219    2.00000
 180.01260    0.01566   22.18445   21.92828    0.02010    0.01110   18.04451   -0.21916   -0.70582    0.01294    2.00000
 179.97176   -0.03345   22.73737   22.43187    0.04378    0.02416   11.61584    4.63430   -0.14010    3.41196    2.00000
 179.98132    0.02886   23.14502   22.79252    0.03438    0.01898    8.52932    0.57512   -1.08409   -1.11034    2.00000
 180.05888    0.11461   23.72803   23.28663    0.12885    0.07111    5.47245    0.51428   -1.69587   -7.36876    2.00000
 180.12341    0.04072   22.50753   22.22492    0.12996    0.07173   14.08017    0.12354    1.83901    2.82331    2.00000
 180.05913    0.01418   23.25955   22.89198    0.06080    0.03356    7.75571   -2.04749   -0.71388   -2.38542    2.00000
 179.98331   -0.01745   22.77978   22.46979    0.02415    0.01333   11.16438    3.85841   -1.31426    1.59959    2.00000
 179.97096   -0.02548   23.37715   22.99200    0.03863    0.02132    6.97770   -0.98820    0.59115   -2.86577    2.00000
 179.99046    0.03484   23.25955   22.89198    0.03612    0.01994    7.75571   -3.55475    6.41636    0.57867    2.00000
 180.00867    0.01696   20.94785   20.63533    0.01905    0.01051   52.54323    4.04841    0.24141    4.27508    2.00000
 180.05611    0.02075   21.30931   21.08239    0.05981    0.03301   36.70957   -2.87251    3.46943    0.45801    2.00000
 179.99976   -0.03306   23.23517   22.87081    0.03306    0.01825    7.92036   -0.87506    0.01374    3.96255    2.00000
 179.99590   -0.01747   23.21566   22.85388    0.01795    0.00991    8.05208    0.49553   -1.64267   -3.40994    2.00000
 179.48186    0.12340   23.75803   23.31145    0.53263    0.29398    5.34747   -2.12856    2.06914    5.04694    2.00000
 180.00433   -0.09195   22.91326   22.58888    0.09205    0.05081   10.11326    0.33119   -0.68407   -1.70599    2.00000
 179.95964   -0.06403   23.34994   22.96895    0.07569    0.04178    7.15705    2.17927   -2.48967   -4.85066    2.00000
 179.92575   -0.02150   22.22044   21.96136    0.07730    0.04267   17.45140   -1.00037   -0.89966   -0.68184    2.00000
 180.12112   -0.19848   23.79375   23.34094    0.23252    0.12833    5.19903    4.23404   -4.52795   -0.07294    2.00000
 180.08112   -0.13578   18.09381   17.48391    0.15816    0.08729  374.49448    0.05463   -0.60101   -0.55477    2.00000
 179.90642    0.07228   23.73551   23.29283    0.11824    0.06526    5.44123    4.12110    0.49385   -2.32550    2.00000
 180.00130   -0.02912   18.05072   18.07119    0.02915    0.01609  276.00656    7.39518   -4.70348    2.68782    2.00000
 180.03758    0.02529   23.21566   22.85388    0.04530    0.02500    8.05208    2.72021    3.28777    9.79485    2.00000
 180.01665    0.01429   22.22044   21.96136    0.02194    0.01211   17.45140    3.47810   -1.54848    2.87462    2.00000
 179.99789    0.07412   22.73238   22.42741    0.07415    0.04092   11.66895   -4.00868   -1.71864   -6.81782    2.00000
 180.00755   -0.03400   23.13782   22.78623    0.03483    0.01922    8.57827    2.45782   -4.43363   -1.47426    2.00000
 180.01666   -0.00950   22.86370   22.54471    0.01918    0.01058   10.45681   -2.13584   -3.13823   -7.35388    2.00000
 180.07401    0.06204   23.60132   23.18134    0.09657    0.05330    6.00252   -3.68966    0.48947   -9.93145    2.00000
 180.00562    0.03763   22.46769   22.18861    0.03805    0.02100   14.51250   -2.50152    1.06907   -0.69421    2.00000
 180.21727    0.09976   22.23843   21.97789    0.23908    0.13195   17.15484   -3.81644   -2.74571   -8.06577    2.00000
 179.95982    0.06487   21.39287   21.16971    0.07630    0.04211   34.41255   -1.39027   -1.41091   -3.16418    2.00000
 179.97285    0.09339   23.43422   23.04034    0.09725    0.05368    6.71241    0.32481    3.89584   -1.99367    2.00000
 180.03111   -0.07592   20.98552   20.69195    0.08205    0.04528   50.42138   -2.97768   -2.36318   -5.30249    2.00000
 179.98849   -0.07406   20.82376   20.43133    0.07494    0.04136   61.15389    4.62589   -2.06805    2.39130    2.00000
 180.00438   -0.00138   23.83900   23.37828    0.00459    0.00253    5.01101    3.59978   -0.40172   -3.75317    2.00000
 180.04417    0.13593   22.76481   22.45640    0.14293    0.07888   11.32371   -2.12279    0.15492   -1.97224    2.00000
 179.93468    0.01920   23.30911   22.93436    0.06810    0.03758    7.42608    3.12419   -0.23424    3.33891    2.00000
 179.95921   -0.68478   23.22298   22.86023    0.68599    0.37863    8.00269    4.08053   -1.45507    1.11426    2.00000
 180.02402   -0.00643   23.21566   22.85388    0.02486    0.01372    8.05208    0.33982   -1.17758    0.02569    2.00000
 179.99052   -0.00767   23.63827   23.21221    0.01219    0.00673    5.84713   -0.39627   -2.72599    5.92822    2.00000
 180.03181   -0.02950   23.00180   22.66728    0.04339    0.02395    9.50344   -4.18509   -1.39329   -6.80548    2.00000
 179.99297    0.01487   23.68686   23.25253    0.01645    0.00908    5.64410    4.93549   -0.48100   12.32768    2.00000
 180.03159    0.02730   22.71990   22.41626    0.04174    0.02304   11.80173   -3.61907    0.62207   -5.32071    2.00000
 179.96773    0.03434   22.07444   21.82627    0.04712    0.02601   19.87372   -2.29505   -3.01424   -5.91162    2.00000
 179.99724   -0.02305   23.75327   23.30752    0.02321    0.01281    5.36726   -3.75813   -2.08648   -9.02315    2.00000
 179.80383   -0.07422   23.81756   23.36059    0.20974    0.11576    5.10007    5.70343    0.76533   -0.28300    2.00000
 179.99927   -0.03169   22.30269   22.03696    0.03170    0.01749   16.31837    2.76873   -0.00305    2.47532    2.00000
 180.00832    0.05538   20.96057   20.65521    0.05600    0.03091   51.79833   -3.53260   -0.18694   -3.54787    2.00000
 180.01385   -0.07542   22.58541   22.29553    0.07668    0.04232   13.23941    2.58436    2.55685    6.83198    2.00000
 179.49586    0.32911   22.64279   22.34708    0.60204    0.33229   12.62546   -2.03801    3.26643    1.39832    2.00000
 179.96825   -0.04394   22.19216   21.93537    0.05422    0.02993   17.91741   -1.27208   -0.83888   -2.18884    2.00000
 179.98535    0.03146   21.90246   21.66593    0.03470    0.01915   22.74897    3.38669    2.39094    7.26499    2.00000
 179.96986   -0.03622   22.80971   22.49655    0.04712    0.02601   10.84570    1.79254   -1.09239   -0.06803    2.00000
 180.03194   -0.02909   23.49098   23.08836    0.04320    0.02384    6.47062   -0.09376   -2.01281   -3.39874    2.00000
 179.98508    0.02176   23.55314   23.14096    0.02638    0.01456    6.20581    0.15274   -1.95268   -5.72666    2.00000
 179.93259   -0.04001   23.77946   23.32914    0.07839    0.04327    5.25841   -2.30404    0.17480   -2.11695    2.00000
 179.99297    0.42344   21.00215   20.71645    0.42350    0.23374   49.50341    3.49314    0.49358    3.75345    2.00000
 179.87675   -0.15188   17.93416   17.94300    0.19560    0.10796  295.53415    1.47526    0.23983    1.68293    2.00000
 180.17989    0.05592   23.77470   23.32521    0.18837    0.10397    5.27820   -0.36930   -2.54112   -4.36392    2.00000
 180.04391   -0.01753   21.80993   21.57918    0.04728    0.02610   24.30461    0.48747   -0.55896    0.07939    2.00000
 179.62785   -0.04540   23.13062   22.77993    0.37490    0.20692    8.62723   -2.60042   -2.42588   -7.10650    2.00000
 180.00981   -0.35476   22.12135   21.87055    0.35490    0.19588   19.07982    5.91762    2.58198    7.34885    2.00000
 179.95181   -0.13676   22.20501   21.94718    0.14501    0.08003   17.70559    4.14041   -1.06733    3.34413    2.00000
 179.92784    0.00700   22.46535   22.18648    0.07250    0.04001   14.53793    0.97110   -1.20192   -0.62672    2.00000
 180.01472    0.03553   22.40612   22.13224    0.03847    0.02123   15.18380   -3.50674   -0.26356   -3.60915    2.00000
 179.94502    0.04871   23.44503   23.04949    0.07345    0.04054    6.66636    0.47961    3.69096    5.81431    2.00000
 179.99895    0.06350   22.44660   22.16939    0.06350    0.03505   14.74138    1.73885   -0.93855   -0.05901    2.00000
 180.03052    0.01551   22.55933   22.27209    0.03423    0.01889   13.51848    1.75278    3.81540    6.96002    2.00000
 179.96892   -0.04444   21.57615   21.35470    0.05423    0.02993   29.54645    1.21945    0.33116    0.99322    2.00000
 179.99844    0.01880   20.93708   20.61776    0.01886    0.01041   53.20195   -1.80146   -2.32312   -4.21267    2.00000
 179.96164    0.05773   23.75803   23.31145    0.06931    0.03826    5.34747    0.46178   -0.11778   -3.37614    2.00000
 180.03729   -0.04952   23.30095   22.92744    0.06199    0.03422    7.47988   -1.74231    3.76814    1.51806    2.00000
 179.85104    0.00043   22.56193   22.27443    0.14896    0.08222   13.49057    4.68769    1.09267    4.99071    2.00000
 179.97823   -0.06428   21.91879   21.68124    0.06787    0.03746   22.47445    1.69529    0.73265    1.58622    2.00000
 179.94673    0.08411   20.94785   20.63533    0.09956    0.05495   52.54323   -0.69264   -2.41765   -2.80013    2.00000
 180.01115   -0.00320   22.13780   21.88557    0.01161    0.00641   18.81038   -4.99159   -0.31492   -4.52473    2.00000
 180.01285   -0.04163   22.12464   21.87355    0.04357    0.02405   19.02594    0.21049    5.79339    5.91868    2.00000
 179.97501    0.24372   23.29278   22.92052    0.24500    0.13522    7.53369   -3.22956   -2.80339   -3.50687    2.00000
 179.89998   -0.19596   21.95711   21.71696    0.22001    0.12143   21.83389   -1.65199   -1.11567   -2.16550    2.00000
 179.91151    0.02005   23.52341   23.11581    0.09072    0.05007    6.33246   -0.66266   -0.37655    2.34216    2.00000
 179.96701   -0.00661   21.53019   21.31000    0.03365    0.01857   30.72231    0.30748    2.14124    2.58516    2.00000
 180.00359   -0.00167   23.74674   23.30213    0.00396    0.00218    5.39442   -1.72950    1.46113   -2.96264    2.00000
 179.82156    0.01455   21.80449   21.57408    0.17903    0.09881   24.39612   -2.26187   -0.40621   -2.02539    2.00000
 179.96564    0.01807   23.18153   22.82424    0.03884    0.02143    8.28259    1.90934    1.69057    6.82995    2.00000
 179.97092   -0.04680   20.84783   20.46917    0.05511    0.03042   59.20396   -3.48457    2.79757   -0.85110    2.00000
 179.98499    0.00325   21.53641   21.31635    0.01537    0.00848   30.55527    2.63443    0.31254    2.61075    2.00000
 179.91591   -0.03506   21.71919   21.49243    0.09110    0.05028   25.92361   -1.78665    2.92820    1.41613    2.00000
 179.90883    0.06699   23.25467   22.88774    0.11313    0.06244    7.78864   -5.48269    2.76073   -2.89706    2.00000
 179.96555   -0.10015   23.63024   23.20550    0.10592    0.05846    5.88091   -1.47602    2.28537    0.97204    2.00000
 180.09171   -0.07349   23.15471   22.80096    0.11752    0.06486    8.46370   -0.83044    0.54065   -5.37302    2.00000
 180.01738   -0.06629   23.37987   22.99431    0.06853    0.03782    6.95977   -1.69622    1.80941    1.96646    2.00000
 179.90894    0.02014   20.92199   20.59315    0.09327    0.05148   54.12417    3.11846   -0.65799    2.28049    2.00000
 179.94092   -0.04415   22.00096   21.75779    0.07375    0.04071   21.10183   -0.85316    3.88562    2.73665    2.00000
 179.98355   -0.03685   23.13542   22.78413    0.04036    0.02227    8.59459   -1.54412    3.42721    1.45754    2.00000
 179.94424    0.05505   22.62453   22.33068    0.07834    0.04324   12.82081    0.51153    1.21929    1.75774    2.00000
 179.96883    0.01790   23.69248   23.25718    0.03596    0.01985    5.62070    0.50963    2.09565    2.53353    2.00000
 180.01311    0.01531   23.27918   22.90900    0.02015    0.01112    7.62329    3.81176   -2.71409   -3.90057    2.00000
 180.03525   -0.01602   22.82468   22.50993    0.03872    0.02137   10.72736   -3.40252   -1.54675   -3.25528    2.00000
 180.04187    0.01799   22.78726   22.47648    0.04557    0.02515   11.08471    1.59358    2.72303    3.81188    2.00000
 179.96049    0.02808   23.56598   23.15182    0.04847    0.02675    6.15115    0.78455    3.43191    4.57785    2.00000
 180.01968   -0.04550   22.29241   22.02751    0.04958    0.02736   16.43089    3.12193   -2.13606   -0.01176    2.00000
 180.02847    0.01333   23.21810   22.85599    0.03144    0.01735    8.03562    0.99802   -1.97654   -5.13239    2.00000
 180.01006    0.00103   22.81969   22.50547    0.01011    0.00558   10.76205   -2.74431    1.89690   -0.59220    2.00000
 180.00253    0.03385   22.37732   22.10570    0.03394    0.01873   15.49977    2.39343   -2.79366    2.24678    2.00000
 179.88541    0.60469   21.70331   21.47712    0.61545    0.33969   26.32630   -1.46606   -3.64813   -5.36727    2.00000
 179.99432    0.03512   23.82233   23.36452    0.03558    0.01964    5.08028    3.31723    2.18048    3.80619    2.00000
 180.03107   -0.02995   22.71741   22.41403    0.04315    0.02381   11.82829   -3.73401   -3.62468   -5.19642    2.00000
 179.92773   -0.05435   23.29278   22.92052    0.09042    0.04990    7.53369   -1.79826    0.32340   -2.71061    2.00000
 180.11201   -0.09929   22.65061   22.35412    0.14969    0.08262   12.54174    2.95030   -0.39518    4.39130    2.00000
 180.00302    0.00213   22.04755   21.80116    0.00369    0.00204   20.32401   -2.40230    0.93971   -2.16716    2.00000
 180.00835   -0.07819   23.67564   23.24323    0.07864    0.04340    5.69092    2.85966   -0.98193    5.06294    2.00000
 179.95619   -0.05307   22.73238   22.42741    0.06882    0.03798   11.66895   -2.11659   -0.60352   -1.07897    2.00000
 179.97241   -0.02298   23.52071   23.11352    0.03591    0.01982    6.34397    0.52166   -2.90046    2.70352    2.00000
 180.02226    0.00431   22.66105   22.36349    0.02268    0.01252   12.43011   -0.32088    1.84323    2.15814    2.00000
 179.98975   -0.03210   22.56454   22.27678    0.03370    0.01860   13.46266    0.88061   -2.25999   -0.86882    2.00000
 180.03725   -0.07316   17.23631   16.53309    0.08210    0.04531  599.68994   -0.27487    1.99899    1.74951    2.00000
 179.97308    0.07099   22.39892   22.12560    0.07592    0.04190   15.26279   -2.21114    1.44935   -1.01795    2.00000
 179.98706    0.08796   22.81470   22.50101    0.08891    0.04907   10.79675   -2.83020   -1.30646   -3.66793    2.00000
 179.96574   -0.00314   22.42772   22.15214    0.03440    0.01898   14.94681   -0.07033   -0.46878   -2.04541    2.00000
 180.00484   -0.00928   18.10690   18.06675    0.01046    0.00578  276.61746   -0.09753   -2.30831   -2.39392    2.00000
 179.99637   -0.03854   23.73551   23.29283    0.03871    0.02136    5.44123    0.30783    0.02723    0.33205    2.00000
 180.03192   -0.02687   22.53565   22.25055    0.04173    0.02303   13.77500   -8.07935    3.12587   -4.81297    2.00000
 180.11206    0.01894   21.58977   21.36780    0.11365    0.06273   29.20193   -0.96484   -2.12472   -2.79968    2.00000
 180.12714   -0.11993   22.59062   22.30021    0.17477    0.09646   13.18359   -0.32480   -1.86823   -2.58141    2.00000
 179.97986   -0.07904   23.49638   23.09294    0.08156    0.04502    6.44760   -3.17801    2.45832   -5.34176    2.00000
 180.03926   -0.04331   22.55933   22.27209    0.05846    0.03226   13.51848   -5.12396   -2.17604   -6.52924    2.00000
 179.94843   -0.03972   22.64018   22.34474    0.06509    0.03592   12.65337   -0.20505   -0.25524   -0.25871    2.00000
 180.19060   -0.10603   23.26198   22.89410    0.21810    0.12037    7.73925   -0.73909    1.44131    1.02173    2.00000
 179.97546   -0.00676   20.89583   20.55029    0.02545    0.01405   55.73042   -1.09654    0.83932   -0.40740    2.00000
 180.03400   -0.01636   21.43982   21.21768    0.03773    0.02083   33.15077    0.94155    0.17570    0.38097    2.00000
 179.88976   -0.00106   22.44660   22.16939    0.11024    0.06084   14.74138   -5.75342    1.83671   -2.77169    2.00000
 180.00008   -0.15927   23.15227   22.79884    0.15927    0.08791    8.48017   -4.46605   -4.41787  -10.74220    2.00000
 180.10995   -0.02035   22.72988   22.42518    0.11183    0.06172   11.69551   -0.41403    2.27797   -0.92936    2.00000
 179.97704   -0.00121   22.79225   22.48094    0.02299    0.01269   11.03159    4.85362   -1.81752    3.68073    2.00000
 179.96140    0.04559   23.42611   23.03348    0.05974    0.03297    6.74695   -0.20438   -0.20833    5.10585    2.00000
 180.11963   -0.03813   22.83501   22.51914    0.12556    0.06930   10.65572    6.38609    2.76572    9.14089    2.00000
 180.02603   -0.04440   22.52628   22.24200    0.05147    0.02841   13.87672    4.55591   -0.85498    3.04332    2.00000
 179.95512    0.03430   23.81756   23.36059    0.05649    0.03118    5.10007   -0.07225   -1.45398   -1.32492    2.00000
 179.97668   -0.00318   21.23648   21.00461    0.02354    0.01299   38.75559    3.45177   -0.23699    3.50885    2.00000
 180.14069   -0.08034   22.53097   22.24628    0.16201    0.08942   13.82586   -1.87247    0.06236   -2.43076    2.00000
 179.97050   -0.05638   22.61671   22.32365    0.06363    0.03512   12.90453    2.20381   -2.58915    0.15396    2.00000
 180.10632    0.12985   20.95108   20.64061    0.16784    0.09263   52.34561   -5.03021    1.27240   -3.73172    2.00000
 180.01125    0.04621   18.10117   18.12089    0.04756    0.02625  269.16098    6.07240    2.54708    8.54427    2.00000
 180.01981    0.14572   23.24004   22.87504    0.14706    0.08117    7.88743   -2.27354    2.50823    4.87238    2.00000
 180.03764    0.16749   23.01365   22.67768    0.17167    0.09475    9.42258    1.86213   -4.12341   -6.46153    2.00000
 180.00369   -0.05778   22.61931   22.32599    0.05790    0.03196   12.87662    4.47991   -0.58933    2.10166    2.00000
 180.14294    0.05944   23.38532   22.99892    0.15481    0.08544    6.92390    0.91101   -0.39401    5.01631    2.00000
 180.01653   -0.07008   21.14699   20.90126    0.07200    0.03974   42.57715   -1.61437   -1.72399   -3.23425    2.00000
 179.99020   -0.07287   23.47746   23.07693    0.07352    0.04058    6.52819   -3.70029   -2.22790   -9.33422    2.00000
 180.05695    0.03259   23.47476   23.07464    0.06561    0.03621    6.53971    2.23661   -1.68553   -4.40049    2.00000
 179.94981   -0.03055   22.79724   22.48540    0.05875    0.03242   10.97848    1.38482    1.12248   -1.92525    2.00000
 180.01295    0.03165   22.75982   22.45194    0.03421    0.01888   11.37683   -1.49916   -0.93499   -1.06173    2.00000
 180.02216    0.09135   22.67409   22.37521    0.09399    0.05188   12.29058    0.25607   -0.89326   -2.28181    2.00000
 180.07388   -0.00419   23.21810   22.85599    0.07401    0.04085    8.03562   -2.38695    1.53278    0.44272    2.00000
 179.97713   -0.00098   23.23029   22.86658    0.02291    0.01264    7.95329    3.00215    0.77689    9.02556    2.00000
 180.06584    0.03345   22.76231   22.45417    0.07385    0.04076   11.35027   -1.76244    0.61645   -1.51053    2.00000
 179.98041   -0.02579   23.49098   23.08836    0.03239    0.01788    6.47062    0.80603    2.46913   -0.68504    2.00000
 180.00487   -0.00904   23.81756   23.36059    0.01026    0.00566    5.10007   -2.95945   -2.27711   -8.90097    2.00000
 179.96912    0.05273   23.36899   22.98509    0.06111    0.03373    7.03151    4.30164   -0.58711    6.75022    2.00000
 179.99689   -0.01796   22.00644   21.76289    0.01823    0.01006   21.01032   -3.00298   -0.01173   -2.34545    2.00000
 180.02330    0.00482   20.94785   20.63533    0.02379    0.01313   52.54323    1.49128   -0.00152    1.04937    2.00000
 179.96309    0.02341   22.02288   21.77820    0.04371    0.02412   20.73579   -1.41580   -3.50962   -6.08177    2.00000
 179.91302    0.16513   23.34449   22.96433    0.18663    0.10301    7.19292    0.79197    0.26754    1.47593    2.00000
 179.93855    0.02673   21.45286   21.23101    0.06700    0.03698   32.80028   -1.47927   -0.85138   -2.19510    2.00000
 180.01520    0.03077   22.91587   22.59121    0.03432    0.01894   10.09518    2.06316   -1.14402   -2.49004    2.00000
 179.98914   -0.01394   22.27184   22.00861    0.01767    0.00975   16.65595    0.62217    2.31636    0.91970    2.00000
 180.01149   -0.05713   22.23843   21.97789    0.05828    0.03217   17.15484   -1.22153    0.87322    0.95927    2.00000
 180.03970    0.00154   23.74112   23.29748    0.03974    0.02193    5.41783   -2.88604   -0.59247   -2.73286    2.00000
 179.96931   -0.02557   23.60132   23.18134    0.03994    0.02204    6.00252   -0.91525   -0.14761    4.53183    2.00000
 179.95895   -1.12838   21.68479   21.45926    1.12913    0.62327   26.79611   -2.03462   -1.15629   -3.20857    2.00000
 180.04059   -0.01091   23.59651   23.17732    0.04203    0.02320    6.02279    4.05367   -0.24530    2.29447    2.00000
 180.03096    0.04870   23.67751   23.24478    0.05771    0.03185    5.68312   -2.81577   -2.77424   -2.59229    2.00000
 180.12935    0.08596   22.48409   22.20356    0.15530    0.08572   14.33448    1.67184    2.83231    2.78471    2.00000
 180.14265    0.11541   22.90282   22.57958    0.18350    0.10128   10.18559   -1.71333    0.89849   -1.33849    2.00000
 179.94559   -0.01901   21.55863   21.33786    0.05763    0.03181   29.98942   -4.10468   -1.44782   -4.89250    2.00000
 180.11816    0.13866   21.77211   21.54346    0.18218    0.10055   24.94517   -2.61753    3.67759    1.09421    2.00000
 179.99753   -0.06290   23.15715   22.80307    0.06295    0.03474    8.44724    6.54390    0.96770   10.43060    2.00000
 180.07828    0.15869   22.53565   22.25055    0.17694    0.09766   13.77500   -4.19284   -0.76463   -4.76647    2.00000
 179.91521    0.07371   22.14657   21.89359    0.11235    0.06201   18.66668    3.57630    0.57094    4.59203    2.00000
 179.95537    0.01413   22.13670   21.88457    0.04681    0.02584   18.82835   -5.62109   -3.71710   -9.42886    2.00000
 180.04308   -0.15526   23.58365   23.16658    0.16113    0.08893    6.07684   -3.84895    1.99445   -7.03652    2.00000
 180.12825   -0.03452   22.72739   22.42295    0.13282    0.07330   11.72206    5.22494   -2.18816   -0.60349    2.00000
 180.08455   -0.07502   22.89761   22.57493    0.11303    0.06238   10.22175   -1.98948    1.02985   -1.11762    2.00000
 179.97713    0.01612   23.03460   22.69602    0.02799    0.01545    9.27994   -0.04768    1.73364    2.04771    2.00000
 180.15942    0.02229   23.57883   23.16256    0.16097    0.08885    6.09710    5.68951    3.34555   19.02129    2.00000
 179.90948   -0.06305   23.81518   23.35863    0.11032    0.06089    5.10997   -3.91030    0.03968   -8.64961    2.00000
 179.93221   -0.06329   21.25066   21.01990    0.09275    0.05119   38.35315   -0.27246   -0.58672   -1.00051    2.00000
 179.95421   -0.03852   23.62060   23.19744    0.05984    0.03303    5.92145    6.80518   -1.83914    9.86936    2.00000
 180.05493    0.05421   20.83024   20.44152    0.07718    0.04260   60.62891   -1.70517    0.60952   -1.22845    2.00000
 180.01122   -0.01476   23.43962   23.04491    0.01853    0.01023    6.68938    6.53524    1.55690    3.54622    2.00000
 180.22943    0.36129   23.50719   23.10209    0.42798    0.23622    6.40154   -1.85650   -0.60734   -4.82952    2.00000
 179.98299   -0.04906   23.25223   22.88563    0.05192    0.02866    7.80511   -1.92960   -0.82467   -0.82692    2.00000
 179.92274    0.01593   19.98871   19.49788    0.07888    0.04353  117.76484   -1.92957    2.07133    0.09134    2.00000
 180.03909   -0.02853   23.26686   22.89833    0.04840    0.02671    7.70632    0.45436   -1.60731   -3.24239    2.00000
 179.96661   -0.00424   22.18702   21.93064    0.03366    0.01858   18.00214    2.06176    0.84167    0.68638    2.00000
 179.99278    0.03591   22.80971   22.49655    0.03663    0.02022   10.84570    5.71596   -0.31242    6.28426    2.00000
 180.00676    0.00751   23.33905   22.95972    0.01011    0.00558    7.22879    1.57066   -0.95269    3.33105    2.00000
 179.93356    0.02372   23.57401   23.15853    0.07054    0.03893    6.11737    2.18995    2.74469    3.42497    2.00000
 179.92558   -0.01880   23.12822   22.77783    0.07676    0.04236    8.64354    1.03516    2.76773    3.83774    2.00000
 179.95341    0.02181   22.45597   22.17793    0.05143    0.02839   14.63966   -3.57539   -2.33992   -6.40466    2.00000
 180.06201   -0.03671   23.06101   22.71909    0.07207    0.03977    9.10044    0.81425    4.73505    5.70168    2.00000
 180.03133    0.02862   22.50987   22.22705    0.04244    0.02342   14.05474   -0.44150   -1.90994   -2.92047    2.00000
 179.99863   -0.02204   23.24492   22.87928    0.02208    0.01219    7.85450   -0.02964    1.16373    0.23875    2.00000
 179.92274    0.05804   22.58280   22.29318    0.09663    0.05333   13.26732    5.14968   -0.40912    6.85579    2.00000
 179.97771    0.04112   23.72803   23.28663    0.04678    0.02582    5.47245   -2.40585    1.56241    0.14158    2.00000
 180.06952    0.01642   21.74300   21.51540    0.07143    0.03942   25.44846   -0.32056    3.29880    2.56088    2.00000
 179.91016    0.17969   22.28984   22.02514    0.20090    0.11088   16.45903   -0.03699    1.16502    0.84227    2.00000
 180.04118    0.04259   23.10661   22.75895    0.05924    0.03270    8.79040   -2.55609   -1.21204   -0.64444    2.00000
 179.96606   -0.08091   23.53962   23.12953    0.08774    0.04843    6.26338   -2.59453    0.84450   -1.47855    2.00000
 179.95062    0.00393   21.22832   20.99576    0.04953    0.02734   39.03562    2.53765   -3.21369   -1.09124    2.00000
 179.95810    0.05566   23.49908   23.09523    0.06967    0.03845    6.43608   -1.93816   -0.06561   -8.35155    2.00000
 180.01308    0.03045   23.02119   22.68429    0.03314    0.01829    9.37113    9.53862    0.44645   10.58440    2.00000
 179.99297    0.02200   22.98241   22.65027    0.02310    0.01275    9.63575    0.80425    1.01294    0.88599    2.00000
 179.99821    0.01463   21.52042   21.30002    0.01474    0.00813   30.98481   -4.46741   -3.31830   -7.78877    2.00000
 180.03703    0.06605   23.63827   23.21221    0.07573    0.04180    5.84713    2.10597   -0.22459    2.81294    2.00000
 180.13693    0.05176   22.54503   22.25909    0.14639    0.08079   13.67327   -1.14658   -1.80098   -3.30398    2.00000
 180.11292   -0.01261   21.35178   21.12763    0.11362    0.06271   35.51938   -3.06252    0.32885   -1.96313    2.00000
 180.10728   -0.07843   22.46535   22.18648    0.13289    0.07335   14.53793   -1.24840    2.15178    1.34695    2.00000
 180.03230    0.01659   23.16446   22.80942    0.03632    0.02005    8.39784   -1.08350    0.50069   -1.52091    2.00000
 179.98560    0.07152   22.90282   22.57958    0.07295    0.04026   10.18559    0.41340   -1.76747    0.03550    2.00000
 180.09332    0.00901   22.52394   22.23987    0.09375    0.05174   13.90215    4.23604   -4.01242   -0.04075    2.00000
 179.91151    0.13539   23.36354   22.98047    0.16175    0.08927    7.06738   -2.48219    0.38665   -0.15757    2.00000
 180.01541   -0.01613   22.61149   22.31896    0.02231    0.01231   12.96034    7.53797    0.67639   10.27284    2.00000
 180.01697    0.03302   20.95746   20.65062    0.03712    0.02049   51.97045   -4.55939    1.38925   -2.70852    2.00000
 179.99640   -0.03204   23.80566   23.35076    0.03224    0.01779    5.14955    1.25712    1.04970    0.98496    2.00000
 179.97884   -0.00465   22.26927   22.00624    0.02168    0.01196   16.68408   -0.67600   -2.01543   -2.36212    2.00000
 180.02287   -0.00100   22.85066   22.53309    0.02291    0.01264   10.54722    4.55341    0.98396    9.94362    2.00000
 179.42113    0.27291   22.36772   22.09686    0.63998    0.35323   15.60510   -2.12758   -3.60254   -4.36677    2.00000
 180.03175   -0.03262   23.29278   22.92052    0.04552    0.02512    7.53369   -0.72666   -0.04284    5.81377    2.00000
 180.07300   -0.00668   22.93673   22.60980    0.07331    0.04046    9.95052   -6.18014   -1.56893   -6.14660    2.00000
 180.02145    0.01818   23.50449   23.09980    0.02813    0.01553    6.41306   -0.29021    1.55462    4.82768    2.00000
 180.09160    0.09417   23.20103   22.84118    0.13137    0.07251    8.15087   -3.48405    3.13235    1.89803    2.00000
 179.97060    0.02250   23.79613   23.34290    0.03702    0.02043    5.18913   -4.46603   -1.03212   -0.96520    2.00000
 179.93285   -0.03098   21.87797   21.64297    0.07396    0.04082   23.16076   -1.69718    1.78315   -0.81321    2.00000
 180.01385    0.07262   21.60924   21.38651    0.07393    0.04080   28.70975   -2.13970   -4.66798   -6.02770    2.00000
 180.02061    0.02090   22.77229   22.46309    0.02935    0.01620   11.24404    1.89418   -2.79256   -1.15647    2.00000
 179.92519   -0.03118   23.60293   23.18268    0.08106    0.04474    5.99576    1.52656    0.84121    1.32598    2.00000
 179.89845   -0.05204   21.26684   21.03714    0.11410    0.06297   37.89975    3.45461   -0.55004    3.08361    2.00000
 180.07159    0.06626   22.72240   22.41849    0.09755    0.05384   11.77518    2.53389    0.00317    3.16317    2.00000
 179.94525   -0.02767   22.55933   22.27209    0.06135    0.03386   13.51848    2.91473    0.09615    2.48973    2.00000
 179.98128    0.03653   21.92151   21.68379    0.04106    0.02266   22.42869   -9.49712   -1.20506  -10.55654    2.00000
 179.99611    0.04141   20.71845   20.29089    0.04159    0.02295   68.39158   -3.59370   -2.25752   -5.64167    2.00000
 179.98859    0.00970   21.47894   21.25765    0.01498    0.00827   32.09929    2.97788   -0.00386    3.71713    2.00000
 179.97833   -0.00339   22.87935   22.55866    0.02193    0.01210   10.34832   -4.52543    0.78258   -6.12198    2.00000
 180.01900    0.00876   23.29006   22.91822    0.02091    0.01154    7.55162   -1.07535    0.67396    1.02491    2.00000
 179.96204   -0.04782   21.95711   21.71696    0.06106    0.03370   21.83389    0.49347    3.76888    5.32711    2.00000
 180.08946    0.15688   22.90282   22.57958    0.18059    0.09967   10.18559   -1.50014   -0.38561   -1.41542    2.00000
 180.01456    0.03050   23.10661   22.75895    0.03379    0.01865    8.79040    2.13420   -3.84272   -1.38738    2.00000
 180.00545    0.00625   23.20103   22.84118    0.00828    0.00457    8.15087    3.62327    0.06880    2.53954    2.00000
 179.95486   -0.03971   22.61671   22.32365    0.06012    0.03318   12.90453    3.56401    0.37977    7.17368    2.00000
 179.99034    0.00370   21.87525   21.64042    0.01035    0.00571   23.20651    4.61946   -0.66025    3.56296    2.00000
 179.97714   -0.01056   22.82468   22.50993    0.02518    0.01390   10.72736    1.72762    0.95424    3.36365    2.00000
 180.01013    0.00272   23.11622   22.76735    0.01049    0.00579    8.72513    4.32705    0.43566    7.41622    2.00000
 180.03012   -0.03474   23.83661   23.37632    0.04598    0.02538    5.02090   -1.57745   -0.66802   -1.59324    2.00000
 179.93329    0.05120   22.38692   22.11455    0.08409    0.04641   15.39445   -3.24233   -1.02593   -5.09260    2.00000
 180.01169   -0.01292   22.90543   22.58191    0.01743    0.00962   10.16750   -9.22603    2.10122   -3.98531    2.00000
 180.01489    0.19559   18.53920   17.96545    0.19616    0.10826  291.70547    6.24968   -2.79254    3.42267    2.00000
 180.02803    0.06790   23.72241   23.28198    0.07346    0.04054    5.49585    0.81227   -1.25715    2.39838    2.00000
 179.92879   -0.02118   23.15715   22.80307    0.07430    0.04101    8.44724    5.78874   -1.40686    6.14584    2.00000
 180.03920    0.00262   20.89742   20.55301    0.03929    0.02169   55.62842    4.24568   -3.35079    0.67668    2.00000
 179.92207    0.19486   22.00918   21.76544    0.20987    0.11583   20.96456   -1.55867    0.09622   -1.11865    2.00000
 180.01961    0.03959   23.14742   22.79462    0.04418    0.02438    8.51300    2.12674   -0.76314    1.18712    2.00000
 179.94560    0.00834   23.43962   23.04491    0.05503    0.03037    6.68938   -2.27356   -0.49139   -2.60032    2.00000
 180.29167   -0.36194   23.43152   23.03805    0.46484    0.25656    6.72392    1.70196   -0.03518   -3.74095    2.00000
 179.97978    0.03539   23.75088   23.30555    0.04076    0.02250    5.37716   -4.16282    4.21530   -3.96451    2.00000
 179.86797    0.04400   23.11862   22.76944    0.13917    0.07681    8.70881   -3.44019    2.54873   -2.08225    2.00000
 179.99986   -0.07671   21.19437   20.95674    0.07671    0.04234   40.49808    0.08133   -2.03860   -2.74220    2.00000
 179.99281    0.04300   22.47003   22.19075    0.04359    0.02406   14.48707    6.47824    2.18418    9.44188    2.00000
 180.04858    0.00440   21.80449   21.57408    0.04878    0.02692   24.39612    1.95244    0.65471    3.31317    2.00000
 180.05109    0.04236   23.07781   22.73378    0.06637    0.03663    8.98622    3.14221    1.14686    3.42966    2.00000
 180.01317   -0.01471   23.40981   23.01967    0.01975    0.01090    6.81646    1.89789   -2.54412    3.25741    2.00000
 180.01476   -0.00884   22.93412   22.60748    0.01720    0.00949    9.96860   -2.58626   -1.85559   -3.90809    2.00000
 180.19247   -0.15361   22.86109   22.54239    0.24625    0.13591   10.47490   -0.60840    0.10167   -2.30363    2.00000
 180.05162   -0.01001   23.74300   23.29903    0.05258    0.02902    5.41002   -1.61287   -1.71128   -0.85611    2.00000
 180.01553    0.03709   22.48644   22.20570    0.04022    0.02220   14.30905   -3.22825   -2.61895   -5.94526    2.00000
 179.82919   -0.10510   20.90260   20.56151    0.20056    0.11069   55.30988    1.99045    0.73409    2.08095    2.00000
 180.00336   -0.00241   22.65322   22.35646    0.00413    0.00228   12.51383   -1.79652   -2.83075   -2.83744    2.00000
 180.04852   -0.04146   22.93673   22.60980    0.06382    0.03522    9.95052    1.10529    1.44908   -1.16480    2.00000
 179.88576   -0.34296   23.33088   22.95280    0.36148    0.19951    7.28260    5.22286    3.91509   13.34177    2.00000
 179.85571   -0.21690   22.98672   22.65405    0.26051    0.14378    9.60634   -4.03759    0.52741   -5.51562    2.00000
 180.01743    0.00082   22.96281   22.63305    0.01745    0.00963    9.76970    3.26273    2.94246    6.43847    2.00000
 180.07660   -0.01438   22.77728   22.46756    0.07794    0.04302   11.19093   -0.54754   -2.31774   -3.13628    2.00000
 180.06615    0.25859   23.56919   23.15450    0.26692    0.14732    6.13764   -3.83732    2.30999   -0.52953    2.00000
 179.98506    0.00037   23.43692   23.04263    0.01494    0.00825    6.70090    2.62932    0.27092    3.06406    2.00000
 180.05997    0.01104   20.77697   20.36588    0.06097    0.03365   64.52678   -1.79105   -1.64204   -3.23349    2.00000
 180.04671   -0.01524   23.21078   22.84964    0.04912    0.02711    8.08501    1.78510    1.57504    4.12794    2.00000
 180.02458   -0.01324   22.59584   22.30490    0.02792    0.01541   13.12778    1.28325   -0.58624   -2.18477    2.00000
 180.05640    0.03391   23.16202   22.80731    0.06580    0.03632    8.41431   -1.54507   -1.28293   -1.25729    2.00000
 180.10683   -0.23265   22.62714   22.33302    0.25601    0.14130   12.79290    4.09831   -1.14322    1.94400    2.00000
 180.01643   -0.00769   22.52159   22.23773    0.01814    0.01001   13.92758    2.70167   -2.68094    0.91289    2.00000
 179.90984   -0.03809   21.07044   20.80767    0.09789    0.05403   46.08461    4.01830    0.05607    4.10999    2.00000
 179.99477    0.02161   23.81994   23.36256    0.02223    0.01227    5.09017   -2.03442   -2.29350   -3.34021    2.00000
 179.94865    0.02454   23.81280   23.35666    0.05691    0.03141    5.11986   -0.27424   -1.46640   -0.28587    2.00000
 179.95676   -0.03643   23.74868   23.30374    0.05655    0.03121    5.38631    1.06378   -1.10982    4.34433    2.00000
 180.00163    0.05532   23.04421   22.70441    0.05535    0.03055    9.21467    3.65321   -2.00677    7.06316    2.00000
 180.18275   -0.13389   22.65322   22.35646    0.22656    0.12504   12.51383   -4.19495    6.26637    1.19769    2.00000
 179.99419   -0.01184   23.14022   22.78832    0.01319    0.00728    8.56195   -0.10451   -0.50846   -2.32834    2.00000
 179.95839    0.04716   20.82561   20.43424    0.06290    0.03471   61.00389   -7.03873    0.61884   -6.53883    2.00000
 179.94600    0.03661   23.08741   22.74217    0.06524    0.03601    8.92095   -2.01719   -4.26259   -8.59096    2.00000
 179.97269   -0.07548   23.67377   23.24168    0.08027    0.04430    5.69872    4.13188    1.93906   12.46596    2.00000
 179.94461    0.01453   23.60293   23.18268    0.05726    0.03161    5.99576   -4.79279   -2.29437  -13.55731    2.00000
 180.02267   -0.04992   19.74872   19.24668    0.05483    0.03026  139.90396    4.43834   -3.84329    0.52145    2.00000
 179.99802   -0.02444   21.68215   21.45671    0.02452    0.01353   26.86323   -0.57834   -2.20309   -2.96483    2.00000
 180.11021    0.04771   22.87674   22.55634    0.12010    0.06628   10.36640    3.72190   -5.09692   -4.13297    2.00000
 179.99202   -0.06377   22.88978   22.56796    0.06427    0.03547   10.27600   -0.55024   -2.29762   -4.58817    2.00000
 180.01839    0.15580   22.96948   22.63893    0.15688    0.08658    9.72395    1.20775   -2.23906   -0.76243    2.00000
 180.01736   -0.14922   23.49368   23.09065    0.15023    0.08292    6.45911   -0.41721    1.21905    2.68270    2.00000
 179.93651    0.00552   23.29550   22.92283    0.06373    0.03518    7.51575    1.74457    2.09149    8.04786    2.00000
 179.93190   -0.24905   21.93245   21.69400    0.25819    0.14250   22.24568   -0.82740    0.11779   -1.79276    2.00000
 179.99258    0.00114   22.40132   22.12781    0.00750    0.00414   15.23646   -3.62658   -3.90773   -6.96250    2.00000
 179.95786    0.06988   23.63345   23.20818    0.08160    0.04504    5.86740   -0.72920   -0.02662    4.00509    2.00000
 179.97890    0.05017   21.78816   21.55877    0.05442    0.03004   24.67064   -0.55761    2.62388    1.83997    2.00000
 180.07582   -0.10675   22.76730   22.45863    0.13094    0.07227   11.29716   -0.45857    0.82179    0.99380    2.00000
 179.90794   -0.07981   22.46300   22.18434    0.12183    0.06724   14.56336    4.13817    0.74767    2.40890    2.00000
 179.94672    0.02412   22.29755   22.03223    0.05849    0.03228   16.37463   -6.04409    3.44930   -2.90423    2.00000
 180.04346    0.00779   23.55854   23.14554    0.04415    0.02437    6.18278    2.19817   -0.11434    2.77797    2.00000
 180.05008   -0.01463   19.56455   19.05385    0.05218    0.02880  156.89894    5.84948    1.47408    7.27779    2.00000
 179.98189   -0.02342   22.85848   22.54006    0.02960    0.01634   10.49298   -2.34208    0.89287   -2.71429    2.00000
 179.97232    0.03182   22.39652   22.12339    0.04217    0.02328   15.28912   -0.32784   -1.90440   -1.51177    2.00000
 180.11400   -0.00200   23.34721   22.96664    0.11402    0.06293    7.17499   -4.13307   -1.33463   -2.17288    2.00000
 179.89555   -0.01869   22.89500   22.57261    0.10609    0.05856   10.23983    5.32512   -0.83537    4.38060    2.00000
 179.96959   -0.02792   23.57080   23.15585    0.04128    0.02279    6.13088    3.76206   -1.13538    3.35094    2.00000
 179.97353   -0.08292   23.41525   23.02428    0.08704    0.04804    6.79324    5.04200   -1.29062    1.24550    2.00000
 179.90851    0.03845   22.99965   22.66539    0.09925    0.05478    9.51814    2.94585    1.95488    7.56528    2.00000
 179.99667    0.03320   23.33633   22.95742    0.03337    0.01842    7.24673    4.24803    0.11644    3.88008    2.00000
 180.02174    0.11158   21.59172   21.36967    0.11368    0.06274   29.15271    4.09705    0.84543    4.87477    2.00000
 179.89571   -0.03835   23.41525   23.02428    0.11113    0.06133    6.79324   -5.76751   -2.42917   -6.31124    2.00000
 180.07967    0.00640   22.99642   22.66256    0.07992    0.04411    9.54019   -2.72453   -2.33850   -3.32613    2.00000
 180.04039   -0.01197   23.06821   22.72539    0.04212    0.02325    9.05149   -3.57986    2.94956   -5.10970    2.00000
 180.00674    0.00941   23.56919   23.15450    0.01158    0.00639    6.13764    0.35236    1.36581   -4.60405    2.00000
 179.86446   -0.12175   23.49638   23.09294    0.18219    0.10056    6.44760    6.05433    0.01743   11.77631    2.00000
 179.96358   -0.01259   21.03426   20.75999    0.03854    0.02127   47.87167   -0.77900    3.77017    3.28425    2.00000
 179.94048   -0.05512   21.67950   21.45416    0.08112    0.04477   26.93034   -3.85610   -4.03179   -7.06117    2.00000
 180.08122   -0.03286   22.40372   22.13003    0.08763    0.04836   15.21013   -4.30886   -1.26124   -5.79869    2.00000
 179.99438   -0.05477   22.95760   22.62840    0.05506    0.03039    9.80587    3.57448    1.75138    5.17929    2.00000
 179.91891    0.07986   23.20835   22.84753    0.11381    0.06281    8.10148    0.55080    3.44425    1.47704    2.00000
 180.00336    0.00636   20.90907   20.57206    0.00719    0.00397   54.91464    1.62643   -1.23546    0.26081    2.00000
 180.10497   -0.02827   22.92108   22.59586    0.10871    0.06000   10.05901    1.81562    0.48587    3.87950    2.00000
 180.02361   -0.20921   23.07061   22.72749    0.21054    0.11620    9.03517   -4.04871    2.14687    1.20830    2.00000
 180.04808    0.02143   22.40132   22.12781    0.05263    0.02905   15.23646   -4.28503   -1.30852   -5.72731    2.00000
 179.97787    0.03068   23.62221   23.19879    0.03782    0.02087    5.91469    1.35486    0.25173   -4.23746    2.00000
 179.84875   -0.17170   19.67821   19.17284    0.22882    0.12629  146.41145    3.33647    1.20833    4.54405    2.00000
 179.94954    0.04650   22.18702   21.93064    0.06862    0.03787   18.00214   -5.03110    3.92714   -1.15871    2.00000
 179.92358   -0.01222   21.53939   21.31938    0.07739    0.04271   30.47575   -3.30103   -0.89023   -5.00087    2.00000
 180.07863    0.02681   20.64127   20.19831    0.08307    0.04585   73.16244    2.92875   -0.05044    2.87552    2.00000
 179.98932    0.04038   22.31251   22.04600    0.04177    0.02305   16.21072    3.23935    1.91366    5.74539    2.00000
 179.99884    0.02836   22.86892   22.54936    0.02838    0.01567   10.42065    1.70610    1.80132    4.96096    2.00000
 180.03204   -0.01452   23.40165   23.01276    0.03518    0.01942    6.85129   -3.23469    0.24966    3.59846    2.00000
 180.00671   -0.05250   22.41092   22.13666    0.05293    0.02921   15.13113    2.20305   -2.31681   -1.14808    2.00000
 179.86389   -0.05403   22.69994   22.39842    0.14644    0.08082   12.01418    1.74886    0.73518    2.10851    2.00000
 180.15388    0.04905   22.45363   22.17580    0.16152    0.08915   14.66509   -1.90386   -4.00742   -6.59280    2.00000
 180.01781   -0.02856   21.80176   21.57153    0.03365    0.01857   24.44187   -1.14734    3.44624    1.10434    2.00000
 180.05045    0.02347   22.03384   21.78841    0.05563    0.03070   20.55278    0.45720    0.80821    1.62237    2.00000
 180.00278    0.07172   23.69060   23.25563    0.07177    0.03961    5.62850   -0.39278   -0.42823    2.07185    2.00000
 180.05952   -0.00483   22.53800   22.25268    0.05972    0.03296   13.74957    4.87677    3.44123    8.10269    2.00000
 180.11195   -0.08213   23.70932   23.27113    0.13884    0.07663    5.55047   -5.32098    1.04785   -7.04822    2.00000
 179.93787    0.03619   23.22785   22.86446    0.07191    0.03969    7.96976   -2.81483    1.62737   -2.04060    2.00000
 179.98750   -0.00061   22.72988   22.42518    0.01252    0.00691   11.69551   -4.26333    3.09360   -2.01444    2.00000
 179.98611    0.00668   23.50719   23.10209    0.01541    0.00851    6.40154    4.38081   -0.52222    3.54260    2.00000
 179.97920    0.05610   23.62864   23.20415    0.05983    0.03302    5.88767    3.12750    2.33328    7.10068    2.00000
 179.82848   -0.07646   23.01150   22.67579    0.18780    0.10365    9.43729    9.42780   -0.25177    8.59412    2.00000
 179.94685    0.02890   21.64259   21.41857    0.06050    0.03339   27.86649    0.08647    1.93060    2.03757    2.00000
 179.95787   -0.04624   22.81720   22.50324    0.06255    0.03452   10.77940    4.84837    0.52094    3.99597    2.00000
 180.01019    0.05574   21.77476   21.54601    0.05667    0.03128   24.89941    1.80084   -1.70178    0.47100    2.00000
 180.02036    0.10901   21.82898   21.59704    0.11089    0.06120   23.98433   -1.52502   -4.93465   -6.68640    2.00000
 180.03223   -0.05239   23.14502   22.79252    0.06150    0.03394    8.52932    5.31288   -1.41053    5.86103    2.00000
 180.02440   -0.03511   22.46300   22.18434    0.04275    0.02360   14.56336   -5.49106   -1.79224   -9.23743    2.00000
 180.16901   -0.09681   22.83762   22.52146    0.19476    0.10749   10.63763    1.54897   -1.23938    2.32172    2.00000
 179.96069    0.00697   23.16446   22.80942    0.03993    0.02204    8.39784    1.48706   -2.02667    2.85727    2.00000
 180.01945   -0.04003   21.61508   21.39213    0.04450    0.02456   28.56209   -1.06846    1.58225    0.13637    2.00000
 179.99718    0.05897   22.37252   22.10128    0.05904    0.03259   15.55244    5.14756    0.40186    5.43351    2.00000
 179.90588   -0.01273   23.74300   23.29903    0.09497    0.05242    5.41002    0.58439    1.46520   -1.07938    2.00000
 179.88351   -0.37503   23.70932   23.27113    0.39271    0.21675    5.55047   -4.41284   -2.52803  -11.19663    2.00000
 179.97900    0.03169   23.26686   22.89833    0.03801    0.02098    7.70632   -3.92762    0.06820   -6.64540    2.00000
 180.03099    0.00273   22.43488   22.15871    0.03111    0.01717   14.86854    0.83932   -2.29766   -1.37153    2.00000
 179.95401    0.01410   23.33088   22.95280    0.04811    0.02655    7.28260    3.08163   -2.50601    0.88258    2.00000
 180.04668    0.02936   22.62714   22.33302    0.05513    0.03043   12.79290   -1.72889    0.96784   -0.22270    2.00000
 179.98808    0.01065   23.02500   22.68763    0.01598    0.00882    9.34521    0.92557   -2.27384   -6.32518    2.00000
 180.01021    0.06034   23.76755   23.31931    0.06120    0.03378    5.30789   -0.51423    2.73711    3.83518    2.00000
 179.98445    0.01467   21.17124   20.92986    0.02138    0.01180   41.50530    2.78179    2.10257    4.92514    2.00000
 179.90025    0.02553   23.38804   23.00123    0.10296    0.05683    6.90933   -2.19368   -1.90373   -4.62999    2.00000
 179.88673    0.05263   23.55584   23.14325    0.12490    0.06894    6.19430   -0.00870   -4.22348  -10.32772    2.00000
 179.93123    0.15492   22.09846   21.84912    0.16950    0.09355   19.46397   -1.57040    4.23505    2.89187    2.00000
 180.02858    0.02917   23.17665   22.82001    0.04084    0.02254    8.31552    4.88673    0.80908    3.67590    2.00000
 180.00970    0.07760   21.28707   21.05869    0.07820    0.04316   37.33300    3.25878    1.03877    5.06862    2.00000
 180.04324   -0.45900   23.46665   23.06778    0.46103    0.25446    6.57425    1.03852    0.93300   -1.31659    2.00000
 179.90392   -0.08286   22.37492   22.10349    0.12688    0.07003   15.52610    9.09160   -0.60540   11.44130    2.00000
 179.96413    0.08013   22.88457   22.56331    0.08779    0.04845   10.31216    0.49842    0.25492    1.68163    2.00000
 180.03091    0.01527   21.74565   21.51795    0.03449    0.01903   25.40271   -2.08902    0.51675   -1.42474    2.00000
 180.07292    0.00914   22.51222   22.22919    0.07349    0.04056   14.02931   -4.84729    2.95776   -1.27497    2.00000
 179.80441    0.41989   21.95163   21.71186    0.46320    0.25566   21.92540    4.88949   -4.12797    0.78819    2.00000
 180.07043    0.00075   23.33633   22.95742    0.07043    0.03887    7.24673   -0.60811    4.58643    0.51468    2.00000
 180.04778    0.03604   22.17674   21.92119    0.05985    0.03303   18.17160    2.13390   -1.83353    0.82548    2.00000
 179.99318    0.08120   22.56715   22.27912    0.08149    0.04498   13.43476   -2.36546   -1.98729   -4.90220    2.00000
 180.04922   -0.01533   22.84023   22.52379    0.05156    0.02846   10.61955   -2.71683    1.02847    0.17546    2.00000
 179.94908    0.01273   23.73551   23.29283    0.05248    0.02897    5.44123    0.91165    0.25601    3.35835    2.00000
 180.00822    0.10314   22.83762   22.52146    0.10347    0.05711   10.63763    1.52735   -4.78048   -5.32716    2.00000
 180.03148   -0.04223   23.45584   23.05863    0.05267    0.02907    6.62030    4.47149    0.55053    5.38695    2.00000
 180.00607   -0.11950   23.74487   23.30058    0.11965    0.06604    5.40222   -1.22768    1.79299    7.01747    2.00000
 180.00652    0.01706   23.47746   23.07693    0.01826    0.01008    6.52819    6.98400   -2.06317    2.84671    2.00000
 179.93524   -0.01193   21.40069   21.17771    0.06585    0.03634   34.20225    1.69508    3.29577    4.78641    2.00000
 180.00769    0.00439   22.73487   22.42964    0.00885    0.00489   11.64239    0.69074   -0.93900   -3.28135    2.00000
 179.95676   -0.04728   21.97355   21.73227    0.06407    0.03536   21.55937   -0.20979    0.44466    0.58059    2.00000
 179.98077   -0.00855   21.82082   21.58939    0.02104    0.01161   24.12160   -1.67727    2.04409   -0.67344    2.00000
 180.00986   -0.07591   23.71680   23.27733    0.07654    0.04225    5.51926   -4.90076    2.92428   -1.07259    2.00000
 180.01091    0.05602   17.94823   17.94030    0.05707    0.03150  295.99530    0.23599    0.58293    0.84778    2.00000
 179.92287   -0.04125   22.68191   22.38224    0.08748    0.04828   12.20686   -3.51009    1.90742   -3.56788    2.00000
 179.97096   -0.00353   21.41113   21.18837    0.02925    0.01614   33.92186    7.39985    0.92809    8.26322    2.00000
 180.01167    0.05903   22.09691   21.84765    0.06017    0.03321   19.49041   -7.29000   -2.51907   -9.45538    2.00000
 179.99744   -0.03184   23.73925   23.29593    0.03195    0.01763    5.42563    2.58695    2.13525    6.13444    2.00000
 179.98660   -0.00073   23.22298   22.86023    0.01341    0.00740    8.00269    2.75210    1.93200    8.06154    2.00000
 179.92941   -0.05354   22.13341   21.88156    0.08860    0.04890   18.88223   -3.39548    3.33109   -1.30792    2.00000
 180.02386    0.00711   21.24238   21.01099    0.02490    0.01374   38.58755    4.38230   -2.94449    1.54626    2.00000
 180.19077    0.14183   23.31455   22.93897    0.23772    0.13120    7.39021    0.73778    1.29765   -0.75837    2.00000
 180.01936    0.02590   23.29550   22.92283    0.03234    0.01785    7.51575   -1.96724   -0.30345   -8.26626    2.00000
 179.96552    0.07381   23.69435   23.25873    0.08146    0.04496    5.61289    1.99411   -0.86949    4.46681    2.00000
 179.96297   -0.03059   22.61149   22.31896    0.04803    0.02651   12.96034    4.26720    0.05205    5.43136    2.00000
 180.00754   -0.02649   23.27661   22.90680    0.02755    0.01520    7.64046   -2.90714    3.79700    1.63505    2.00000
 179.94299   -0.04896   23.35266   22.97125    0.07515    0.04148    7.13912   -6.19614   -0.54937  -10.87616    2.00000
 180.06334   -0.03973   23.45584   23.05863    0.07477    0.04127    6.62030   -0.15505   -5.19222   -3.53582    2.00000
 180.03841   -0.02062   22.94977   22.62143    0.04359    0.02406    9.86011    1.45998    1.70453    0.39038    2.00000
 179.97125    0.02982   23.48557   23.08379    0.04142    0.02286    6.49365   -1.58819   -1.49215   -6.76123    2.00000
 180.00594    0.03880   22.49347   22.21210    0.03925    0.02167   14.23276    1.38707    1.07434    2.90499    2.00000
 179.94949    0.21274   22.56193   22.27443    0.21866    0.12068   13.49057    0.28192    2.40574    3.77592    2.00000
 179.97156    0.04130   22.14437   21.89158    0.05015    0.02768   18.70261    0.61595    2.07255    2.26520    2.00000
 180.14433   -0.11712   23.06101   22.71909    0.18587    0.10259    9.10044   -6.71398    0.52356   -7.76355    2.00000
 180.14381   -0.02471   22.49347   22.21210    0.14593    0.08054   14.23276    2.44180    0.20668    1.53320    2.00000
 179.96236    0.01579   23.66815   23.23703    0.04083    0.02253    5.72213    3.00362   -0.24932   -2.15389    2.00000
 179.98837   -0.11276   23.10181   22.75476    0.11336    0.06257    8.82304   -2.51362    0.09033   -3.80592    2.00000
 180.11746   -0.04075   22.72739   22.42295    0.12433    0.06862   11.72206    4.21257    2.29903    3.27153    2.00000
 180.00906    0.05766   23.64631   23.21892    0.05837    0.03221    5.81335   -0.37437   -3.08507  -13.34632    2.00000
 180.09583    0.03140   22.25128   21.98971    0.10084    0.05566   16.94302   -0.10158   -2.17694   -2.74978    2.00000
 180.07037   -0.03349   23.20835   22.84753    0.07794    0.04302    8.10148   -3.03756    0.94480   -0.85326    2.00000
 180.06622    0.02170   22.89239   22.57028    0.06969    0.03847   10.25791    2.65626   -1.38584    0.97525    2.00000
 179.95918    0.00970   23.27918   22.90900    0.04194    0.02315    7.62329   -2.11877   -1.14301   -2.49779    2.00000
 180.03777   -0.02216   23.72054   23.28043    0.04378    0.02416    5.50366    4.69234   -2.55590    3.84669    2.00000
 179.91229   -0.10046   21.71654   21.48988    0.13335    0.07360   25.99072    0.37231    0.11504    0.58158    2.00000
 179.96211    0.07512   23.57723   23.16121    0.08413    0.04643    6.10386   -1.31798   -0.34496   -3.12644    2.00000
 180.05852    0.03114   23.79375   23.34094    0.06628    0.03658    5.19903   -2.27592    3.04374   -5.59784    2.00000
 179.99948    0.03428   23.56125   23.14782    0.03428    0.01892    6.17127   -2.97924   -0.76676    0.80620    2.00000
 179.99136    0.02719   22.78976   22.47871    0.02852    0.01574   11.05815   -2.05226   -4.63048   -4.57580    2.00000
 179.85216    0.03042   21.78005   21.55112    0.15094    0.08331   24.80791    0.95631    1.42621    3.24993    2.00000
 179.98512   -0.12173   23.71867   23.27888    0.12263    0.06768    5.51146   -0.29946   -0.11200    8.51056    2.00000
 179.88773   -0.03910   21.75623   21.52815    0.11889    0.06562   25.21969    0.39700    1.30055    2.38004    2.00000
 179.98808    0.02769   21.37983   21.15639    0.03015    0.01664   34.76304    1.53938   -4.45021   -3.54811    2.00000
 179.97169    0.02356   23.34449   22.96433    0.03683    0.02033    7.19292    3.22560    0.44417    6.54368    2.00000
 179.68274   -0.02990   22.46300   22.18434    0.31866    0.17588   14.56336    3.76529   -0.50579    1.99992    2.00000
 179.99408    0.03666   21.52220   21.30184    0.03714    0.02050   30.93708    1.40311   -3.04425   -1.45968    2.00000
 180.21011   -0.12762   21.29111   21.06300    0.24584    0.13568   37.21965    3.83054   -4.03414   -0.16831    2.00000
 179.98167    0.03696   22.61931   22.32599    0.04126    0.02277   12.87662    1.55109    4.01150    3.46756    2.00000
 179.84193    0.03446   21.27695   21.04791    0.16177    0.08929   37.61637    3.36659    1.45092    5.08884    2.00000
 179.99773   -0.08218   21.74036   21.51284    0.08221    0.04537   25.49422   -1.66675    1.82150   -0.77345    2.00000
 180.03078    0.08513   22.44660   22.16939    0.09052    0.04996   14.74138    2.01409   -3.00382   -0.71064    2.00000
 180.03925   -0.14664   22.50753   22.22492    0.15180    0.08378   14.08017   -4.68708   -0.30679   -6.36960    2.00000
 179.98476    0.06258   23.23760   22.87293    0.06440    0.03555    7.90390    0.62249   -1.51861    1.67798    2.00000
 180.05334   -0.05060   21.75623   21.52815    0.07352    0.04058   25.21969   -1.67395    1.04750    0.72200    2.00000
 180.04222    0.08972   22.68713   22.38693    0.09916    0.05473   12.15104    1.34988    3.42384    2.52474    2.00000
 179.94144    0.36705   23.80566   23.35076    0.37169    0.20515    5.14955    0.05222   -2.32124   -4.03378    2.00000
 179.93900    0.11341   21.56836   21.34722    0.12877    0.07107   29.74333   -4.28824    1.03631   -2.84512    2.00000
 179.98753   -0.00519   23.63185   23.20684    0.01349    0.00745    5.87416   -2.64944   -4.39893  -10.53690    2.00000
 180.24771   -0.04167   23.46125   23.06321    0.25119    0.13864    6.59727    3.24560   -1.23410    0.43645    2.00000
 180.04208   -0.14035   22.12026   21.86954    0.14653    0.08087   19.09779    3.62567   -0.73804    2.68830    2.00000
 180.05077    0.00634   23.41525   23.02428    0.05115    0.02823    6.79324    3.27655    2.41487    5.65645    2.00000
 179.99983   -0.06372   23.76755   23.31931    0.06372    0.03517    5.30789    0.43848   -1.52599   -1.25424    2.00000
 179.92686    0.01904   23.14262   22.79042    0.07557    0.04171    8.54564    1.45192   -1.33923   -1.44827    2.00000
 180.00954    0.09487   22.46535   22.18648    0.09535    0.05263   14.53793   -0.54032    0.51081    1.28826    2.00000
 180.29317   -0.25161   23.18397   22.82636    0.38634    0.21323    8.26612   -0.80189   -0.33247    1.59725    2.00000
 180.03548   -0.01047   22.30771   22.04157    0.03698    0.02041   16.26338    1.92115   -2.14287   -0.55167    2.00000
 179.99603   -0.04843   21.03551   20.76163    0.04859    0.02682   47.81005   -4.69324   -0.18687   -4.74497    2.00000
 180.00182   -0.09055   22.77229   22.46309    0.09057    0.04999   11.24404    3.76017   -0.82557    4.72124    2.00000
 180.00119   -0.01685   23.42611   23.03348    0.01689    0.00932    6.74695    5.24039   -2.69511    3.38894    2.00000
 180.04601   -0.02085   21.41373   21.19103    0.05050    0.02787   33.85176    2.60077    2.59469    5.20233    2.00000
 180.02289    0.00980   23.10181   22.75476    0.02490    0.01374    8.82304    3.63641   -0.63079    3.31813    2.00000
 180.01869    0.00511   23.31728   22.94128    0.01938    0.01070    7.37227   -3.65649   -0.33175   -7.63638    2.00000
 179.95946    0.05874   20.56702   20.11373    0.07138    0.03940   77.52123    3.13859    2.34838    5.53297    2.00000
 180.05817    0.05334   22.60106   22.30959    0.07891    0.04355   13.07197   -0.17590   -0.61396   -0.86137    2.00000
 180.04694   -0.06412   20.71689   20.28900    0.07946    0.04386   68.48898    1.69139   -4.71991   -3.04472    2.00000
 180.01161    0.03438   23.03701   22.69811    0.03629    0.02003    9.26362   -4.88098   -0.54182   -3.58641    2.00000
 180.00026   -0.01834   23.72803   23.28663    0.01834    0.01012    5.47245   -1.94479    1.84004    0.17443    2.00000
 180.00903    0.00299   23.83900   23.37828    0.00952    0.00526    5.01101   -0.04675    0.14540   -7.82414    2.00000
 180.01405    0.11357   23.34177   22.96203    0.11444    0.06316    7.21086    1.95399    3.29905   12.93140    2.00000
 180.04752    0.00718   22.89239   22.57028    0.04806    0.02652   10.25791    2.36641   -1.80728   -1.57352    2.00000
 179.94594   -0.04201   22.66365   22.36583    0.06846    0.03779   12.40220   -0.92836   -1.33322   -0.99918    2.00000
 179.89873   -0.06708   23.39348   23.00584    0.12148    0.06705    6.88611    3.22747    1.56998    5.14421    2.00000
 180.01562   -0.00520   23.83185   23.37239    0.01648    0.00909    5.04069   -0.57183    0.32203   -4.21441    2.00000
 179.96217    0.02054   21.60924   21.38651    0.04303    0.02375   28.70975    4.01450    0.09334    4.76441    2.00000
 179.98894    0.28008   21.28100   21.05222    0.28030    0.15470   37.50302   -1.24648   -1.07085   -2.60416    2.00000
 179.93578    0.01254   20.87361   20.51219    0.06544    0.03612   57.15837   -1.20286   -4.75410   -5.96414    2.00000
 180.01076    0.01465   23.13302   22.78203    0.01817    0.01003    8.61091   -1.04609   -1.85201   -2.08491    2.00000
 179.97269    0.03191   23.70370   23.26648    0.04201    0.02318    5.57388   -4.30296   -2.49648   -5.57871    2.00000
 180.00230   -0.00950   21.65039   21.42609    0.00978    0.00540   27.66861    0.58220    1.23794    1.66507    2.00000
 179.96844    0.01763   23.59008   23.17195    0.03615    0.01995    6.04981   -2.37891   -0.50382   -1.11595    2.00000
 179.99744    0.01308   23.19859   22.83906    0.01333    0.00736    8.16734   -1.35132   -3.70616   -2.67666    2.00000
 179.95428   -0.02830   23.35266   22.97125    0.05376    0.02967    7.13912   -0.87445    0.13769    0.30803    2.00000
 180.01740    0.03365   22.65583   22.35880    0.03788    0.02091   12.48592   -5.94737    1.16302   -5.50124    2.00000
 180.02438    0.02419   22.67148   22.37286    0.03435    0.01896   12.31848    2.86509   -0.34628    3.26266    2.00000
 179.99435    0.03856   22.61410   22.32131    0.03898    0.02151   12.93243   -0.90017    1.67440    1.07237    2.00000
 179.96428   -0.00187   23.37715   22.99200    0.03577    0.01974    6.97770   -2.70496    0.62490   -1.43311    2.00000
 180.04355   -0.03589   21.76153   21.53326    0.05644    0.03115   25.12819   -4.52537    2.46554   -3.28630    2.00000
 180.02318   -0.01273   21.69538   21.46947    0.02644    0.01460   26.52765    0.86602    0.12205    1.03129    2.00000
 179.99643   -0.01967   23.65318   23.22464    0.01999    0.01103    5.78455   -3.03483    0.82313    1.68380    2.00000
 180.04456    0.02885   21.63065   21.40710    0.05308    0.02930   28.16835    0.26484    0.40215    0.79319    2.00000
 179.97408   -0.01579   23.08261   22.73797    0.03035    0.01675    8.95358   -0.77468    0.44641    1.68894    2.00000
 180.04436    0.08082   23.23029   22.86658    0.09219    0.05088    7.95329   -3.57906   -2.99294   -2.74464    2.00000
 180.02171   -0.15630   22.57758   22.28849    0.15780    0.08710   13.32313    2.92301   -3.77087   -1.50850    2.00000
 179.96812   -0.00424   21.69008   21.46437    0.03215    0.01775   26.66188   -2.33707   -2.03720   -3.86763    2.00000
 179.94553    0.00359   23.13302   22.78203    0.05460    0.03014    8.61091    4.38839    4.05684   11.43469    2.00000
 180.08112    0.12712   20.91122   20.57557    0.15079    0.08322   54.78290    1.34475    0.10470    1.39559    2.00000
 180.03299   -0.10738   21.89974   21.66338    0.11233    0.06200   22.79473   -4.81282   -1.11424   -8.03656    2.00000
 180.06560   -0.01299   23.08501   22.74007    0.06688    0.03691    8.93726   -0.12494    1.86289   -0.89443    2.00000
 179.91692   -0.08035   21.61313   21.39026    0.11558    0.06379   28.61131    2.21822    0.47144    2.43763    2.00000
 179.98280   -0.00679   22.15643   21.90260    0.01849    0.01021   18.50502   -1.41537   -1.05371   -1.18666    2.00000
 180.05051   -0.00332   23.09941   22.75266    0.05062    0.02794    8.83936   -2.35374   -0.81426   -0.67625    2.00000
 180.02571    0.02378   22.59062   22.30021    0.03502    0.01933   13.18359   -4.34398    0.49545   -3.97458    2.00000
 179.97165   -0.04082   23.00288   22.66823    0.04969    0.02743    9.49609    2.73351   -0.39515    1.68150    2.00000
 180.01508    0.05602   23.23273   22.86869    0.05801    0.03202    7.93683    6.98482    2.43107    6.65562    2.00000
 180.03899    0.06039   21.04300   20.77150    0.07188    0.03967   47.44031   -2.23620    3.23156    0.95981    2.00000
 179.98940    0.05706   22.34131   22.07253    0.05804    0.03203   15.89474   -3.01293    0.64448   -4.49806    2.00000
 180.18289    0.12894   22.59845   22.30724    0.22377    0.12350   13.09987    1.18241    2.17322    4.63557    2.00000
 179.95596    0.00645   23.77708   23.32718    0.04450    0.02456    5.26830   -1.57347    2.33174   -0.66918    2.00000
 180.11719   -0.03435   22.97271   22.64177    0.12213    0.06740    9.70190   -6.89566   -0.31705   -8.01365    2.00000
 179.99554    0.01119   20.34864   19.87760    0.01204    0.00664   91.75287    2.49551   -0.94965    1.66098    2.00000
 179.99049    0.04233   23.48287   23.08150    0.04339    0.02395    6.50517   -2.51962    0.04956   -0.96039    2.00000
 180.01363    0.03230   22.62453   22.33068    0.03506    0.01935   12.82081    0.60603    1.54889    2.97177    2.00000
 180.01723   -0.16094   22.54503   22.25909    0.16186    0.08934   13.67327   -1.55375   -3.39917   -5.06028    2.00000
 180.02441    0.08118   23.73177   23.28973    0.08477    0.04679    5.45684   -4.78124   -0.23175   -4.35446    2.00000
 180.12999    0.03390   21.47111   21.24966    0.13434    0.07414   32.30959    4.21862    1.90168    6.26757    2.00000
 179.94864    0.05993   23.79137   23.33897    0.07893    0.04356    5.20893    3.25682   -0.41726    3.31630    2.00000
 180.03633    0.01159   20.49186   20.03195    0.03814    0.02105   81.73556    1.14826   -4.19548   -2.88563    2.00000
 179.95100   -0.03561   18.63686   18.07006    0.06056    0.03343  276.16162   -5.44581    4.04187   -1.39346    2.00000
 180.03944    0.05919   21.91607   21.67869    0.07113    0.03926   22.52020    4.26272   -1.85620    3.19238    2.00000
 180.03596   -0.05649   23.05381   22.71280    0.06697    0.03696    9.14940    3.75137    1.59778    9.37737    2.00000
 179.93787    0.08985   17.07529   16.42046    0.10924    0.06029  634.51331    2.27349    2.43443    4.71858    2.00000
 179.79749    0.12488   22.25899   21.99679    0.23792    0.13132   16.81592   -4.13138    2.11982    0.51886    2.00000
 179.96420   -0.04546   23.40981   23.01967    0.05786    0.03193    6.81646   -0.53624    2.15753    1.60983    2.00000
 179.98811   -0.02399   22.27441   22.01097    0.02677    0.01478   16.62782    6.73501    1.41731    8.64535    2.00000
 180.04073   -0.01353   23.66628   23.23548    0.04291    0.02368    5.72993   -0.34704    0.21941    3.12324    2.00000
 180.02238   -0.01979   21.30122   21.07377    0.02987    0.01649   36.93627   -5.03207    3.85123   -2.04363    2.00000
 180.00581    0.00076   23.61900   23.19610    0.00587    0.00324    5.92821   -0.36005   -0.14170    1.45430    2.00000
 179.95586    0.03690   23.81994   23.36256    0.05753    0.03175    5.09017   -2.46587    0.28202   -3.76652    2.00000
 179.99918    0.04034   22.12683   21.87555    0.04034    0.02227   18.99001    3.32486    2.50008    5.95088    2.00000
 179.93163    0.18925   23.82471   23.36649    0.20122    0.11106    5.07038    8.37611    2.29252    5.14165    2.00000
 179.96065    0.02603   23.80089   23.34683    0.04718    0.02604    5.16934   -0.60972    0.63224   -2.76779    2.00000
 179.94922   -0.02626   22.42052   22.14550    0.05716    0.03155   15.02581    1.42999    0.07032    2.01712    2.00000
 179.91170   -0.02867   21.60340   21.38090    0.09284    0.05124   28.85740   -2.55054    0.93528   -1.62592    2.00000
 179.99660   -0.00518   23.46395   23.06550    0.00620    0.00342    6.58576    1.83424   -1.25378   -0.33249    2.00000
 180.05472   -0.01919   23.07781   22.73378    0.05799    0.03200    8.98622    2.24822    0.35238    1.38745    2.00000
 179.91162    0.03559   23.74300   23.29903    0.09528    0.05258    5.41002   -1.01474    3.10044   -3.06325    2.00000
 180.07777   -0.04229   23.63506   23.20952    0.08853    0.04886    5.86065   -2.66085    0.91395   -3.60669    2.00000
 179.95605   -0.02529   20.46532   20.00315    0.05071    0.02799   83.21992   -3.20665   -2.48453   -5.49370    2.00000
 180.01762    0.02568   23.32000   22.94358    0.03115    0.01719    7.35434   -3.94661   -1.74261   -3.56602    2.00000
 180.04132   -0.20346   22.85588   22.53774    0.20761    0.11458   10.51106   -0.44482    1.05596    1.38307    2.00000
 180.05923   -0.00027   22.38452   22.11234    0.05923    0.03269   15.42078    0.78157    1.22477    0.28172    2.00000
