#RA        DEC       MAG_G     MAG_I     ANGSEP    RPROJ     SNR       VTRUE       VSYS       VMEAS      VSYSERR    
 179.97096    0.03565   22.02014   21.77565    0.04598    0.02538   20.78155   -3.31625   -0.66376   -3.51820    2.00000
 180.11990   -0.03979   23.34177   22.96203    0.12634    0.06973    7.21086    0.41768    1.75135    6.51510    2.00000
 179.90417   -0.00571   21.63065   21.40710    0.09599    0.05298   28.16835   -0.61658    0.63276    0.03566    2.00000
 179.94176   -0.01800   22.98995   22.65689    0.06097    0.03365    9.58429    2.64978   -0.48574    1.95697    2.00000
 179.97017   -0.02832   21.07293   20.81096    0.04113    0.02270   45.96136   -7.13374    3.39731   -3.78810    2.00000
 179.91985   -0.01013   23.37171   22.98739    0.08079    0.04459    7.01357    0.64055    3.69263    2.93547    2.00000
 180.02043    0.03061   23.70370   23.26648    0.03681    0.02031    5.57388   -2.06147    0.37661   -3.11450    2.00000
 179.97356    0.00393   23.27661   22.90680    0.02674    0.01476    7.64046   -5.30498    0.06814   -0.75407    2.00000
 180.09756   -0.01385   22.23843   21.97789    0.09855    0.05439   17.15484   -1.26996    1.91422   -1.37429    2.00000
 179.96683    0.02398   23.70932   23.27113    0.04094    0.02260    5.55047  -14.18000   -0.18749  -11.44121    2.00000
 179.93193    0.09881   22.98133   22.64933    0.11998    0.06622    9.64310    3.68682   -0.06913    5.44969    2.00000
 179.98906   -0.00094   21.25269   21.02206    0.01098    0.00606   38.29648   -2.80502   -2.93547   -5.11089    2.00000
 180.12064    0.00925   22.64018   22.34474    0.12098    0.06677   12.65337    1.60189   -0.90218    1.17663    2.00000
 180.02252   -0.02858   21.81809   21.58684    0.03639    0.02008   24.16735   -6.00440   -1.18459   -7.10685    2.00000
 179.95473    0.15229   21.62481   21.40148    0.15888    0.08769   28.31600   -0.52545    1.89515    0.50868    2.00000
 180.12782    0.06614   22.29498   22.02987    0.14391    0.07943   16.40276   -3.98389    0.60509   -2.51697    2.00000
 180.03061   -0.00554   22.05303   21.80627    0.03111    0.01717   20.23250    4.39626    0.70189    5.17730    2.00000
 180.08807    0.03739   22.99857   22.66445    0.09568    0.05281    9.52549   -2.99933   -1.33230   -5.75773    2.00000
 180.02390    0.06223   21.00631   20.72257    0.06666    0.03679   49.27392    2.22387    0.21079    2.49032    2.00000
 180.03912    0.08409   22.99318   22.65972    0.09275    0.05119    9.56224   -0.90449   -0.20736   -1.08311    2.00000
 180.00966    0.04006   22.97595   22.64460    0.04121    0.02274    9.67985   -5.57940   -0.46720   -6.93242    2.00000
 179.90720    0.20501   23.07301   22.72958    0.22504    0.12420    9.01885    3.30577    0.23188   -1.21549    2.00000
 179.88936   -0.04698   22.51925   22.23560    0.12020    0.06634   13.95302    2.30364    2.56312    4.57591    2.00000
 180.06076    0.01854   18.16354   17.88227    0.06353    0.03506  305.89255    2.10981    1.28105    3.34958    2.00000
 180.05571   -0.03313   23.30367   22.92975    0.06482    0.03578    7.46195    2.33998   -1.87675   -0.05687    2.00000
 180.01225    0.02215   22.29241   22.02751    0.02532    0.01397   16.43089    1.42534   -1.50513    0.57345    2.00000
 179.98660    0.01644   23.30639   22.93205    0.02121    0.01170    7.44401    1.15918   -2.10902   -1.69119    2.00000
 180.00233    0.02931   22.70992   22.40734    0.02940    0.01623   11.90796   -7.41542   -1.98269   -9.47847    2.00000
 179.91608    0.09160   23.74487   23.30058    0.12423    0.06857    5.40222   -2.76070   -0.75051   -3.76471    2.00000
 180.04570   -0.01331   22.65583   22.35880    0.04760    0.02627   12.48592    3.40951   -1.12629    3.53928    2.00000
 180.22520    0.03088   23.37443   22.98970    0.22732    0.12546    6.99564   -1.32474   -2.16578   -1.29219    2.00000
 180.28706    0.36454   22.76730   22.45863    0.46400    0.25610   11.29716   -0.88951   -0.41219   -2.95726    2.00000
 179.87802    0.11127   22.58802   22.29787    0.16511    0.09113   13.21150   -0.98498   -0.57358   -3.80980    2.00000
 179.96547    0.00124   23.29822   22.92513    0.03455    0.01907    7.49782   -2.71151    1.85991    1.03877    2.00000
 180.00471    0.01613   23.13542   22.78413    0.01681    0.00928    8.59459    3.92112    2.80132    6.46375    2.00000
 180.07268    0.05026   22.89500   22.57261    0.08836    0.04877   10.23983    3.36070   -0.30727    1.93458    2.00000
 180.19366   -0.06665   21.64039   21.41645    0.20481    0.11304   27.92226    5.64428   -0.77048    4.46553    2.00000
 179.95065   -0.02867   23.03460   22.69602    0.05706    0.03149    9.27994   -4.69832    0.35283   -5.89115    2.00000
 180.00658    0.02905   23.81042   23.35469    0.02978    0.01644    5.12976    0.80933    3.70660    8.50619    2.00000
 180.00990   -0.02445   23.59008   23.17195    0.02638    0.01456    6.04981   -7.48623   -1.68548  -10.33449    2.00000
 180.00111    0.00563   21.26280   21.03283    0.00575    0.00317   38.01310   -1.64198    4.44510    2.85688    2.00000
 179.97557    0.02664   22.61149   22.31896    0.03615    0.01995   12.96034    4.94596    1.47979    7.81293    2.00000
 179.99731    0.00491   21.92970   21.69145    0.00559    0.00309   22.29143   -6.37939    0.38052   -5.44556    2.00000
 180.00233    0.01730   22.13451   21.88257    0.01745    0.00963   18.86427    0.15976    0.54257    1.05114    2.00000
 179.95724   -0.00319   21.99548   21.75269    0.04287    0.02366   21.19333    3.01067   -2.73223   -0.64662    2.00000
 180.00124   -0.06712   23.53152   23.12267    0.06713    0.03705    6.29792   -0.66452   -0.64286   -0.86417    2.00000
 179.97816   -0.07835   23.82233   23.36452    0.08134    0.04489    5.08028   -2.65911   -2.99706   -5.21810    2.00000
 179.97072   -0.03194   20.99696   20.70879    0.04333    0.02391   49.79028    0.81218    2.16267    2.82665    2.00000
 180.02695   -0.02066   23.30095   22.92744    0.03395    0.01874    7.47988    2.78464    3.69925    3.98430    2.00000
 180.04771   -0.03000   22.65844   22.36115    0.05636    0.03111   12.45802   -1.44768    0.00277   -0.74263    2.00000
 180.00142    0.03300   18.11721   18.12778    0.03303    0.01823  268.21103   -2.82860    0.70298   -2.17233    2.00000
 180.02872   -0.00432   22.68452   22.38458    0.02903    0.01602   12.17895   -6.11548    0.91946   -7.57333    2.00000
 180.06271    0.01581   23.41525   23.02428    0.06468    0.03570    6.79324   -5.32748   -2.15781   -5.04318    2.00000
 180.05038    0.04364   23.28462   22.91361    0.06665    0.03679    7.58749   -0.82960   -1.35094   -4.49807    2.00000
 180.05150    0.05002   22.67930   22.37990    0.07179    0.03962   12.23476    2.03847   -0.06221    1.36633    2.00000
 180.01425    0.01780   23.43692   23.04263    0.02280    0.01259    6.70090   -6.37057    2.65350  -10.95559    2.00000
 179.76283   -0.11178   21.58393   21.36219    0.26218    0.14471   29.34958    7.03103    3.41652   10.22666    2.00000
 179.98741    0.01543   23.63024   23.20550    0.01991    0.01099    5.88091    3.51085   -1.24156    6.85994    2.00000
 180.01811    0.01403   22.39652   22.12339    0.02291    0.01264   15.28912    4.96229    1.67308    7.84663    2.00000
 180.07140    0.00094   21.64775   21.42354    0.07141    0.03941   27.73573    2.34084   -1.11448    0.63693    2.00000
 180.00386   -0.03713   23.04661   22.70651    0.03733    0.02060    9.19835   -1.73020    0.58122   -3.17318    2.00000
 179.98975    0.00840   21.99548   21.75269    0.01327    0.00732   21.19333   -3.72550    0.57938   -1.13076    2.00000
 179.84190    0.05640   23.44503   23.04949    0.16785    0.09264    6.66636   -3.92467    2.13386   -3.12024    2.00000
 179.99336    0.04331   22.72739   22.42295    0.04382    0.02419   11.72206   -4.63393   -3.91059   -5.94801    2.00000
 179.91048    0.01118   23.69622   23.26028    0.09023    0.04980    5.60509    2.48878    0.79639    4.31102    2.00000
 180.07080    0.04445   21.34369   21.11902    0.08359    0.04614   35.74609   -2.50962    0.36181   -2.86897    2.00000
 179.76923   -0.17485   21.79904   21.56898    0.28953    0.15980   24.48763   -5.52172   -2.13904   -6.72726    2.00000
 180.03322   -0.07462   23.69060   23.25563    0.08168    0.04508    5.62850    1.37542   -0.10945   -1.28395    2.00000
 180.02000   -0.01110   23.72054   23.28043    0.02288    0.01263    5.50366    1.53859   -1.47330   -0.09604    2.00000
 180.02831   -0.01618   23.10901   22.76105    0.03261    0.01800    8.77409   -0.48026   -2.00433   -2.97965    2.00000
 180.03854    0.00127   22.97918   22.64744    0.03856    0.02128    9.65780   -2.12852   -0.35541   -2.46517    2.00000
 180.11932   -0.05880   21.08577   20.82687    0.13303    0.07342   45.36505    2.13632   -3.65341   -1.30612    2.00000
 180.02333    0.02564   23.08021   22.73588    0.03466    0.01913    8.96990    0.41540   -2.95502   -1.97178    2.00000
 178.96246   -0.00131   22.15095   21.89759    1.03753    0.57270   18.59483    0.27282    1.50596    1.33729    2.00000
 180.00145   -0.03442   22.56976   22.28146    0.03445    0.01901   13.40685   -3.19418    0.31362   -2.80175    2.00000
 179.99309    0.02562   22.26927   22.00624    0.02653    0.01464   16.68408   -5.13644    0.88395   -5.10197    2.00000
 179.93687   -0.05857   22.23329   21.97317    0.08611    0.04752   17.23957   -0.78888    4.28127    4.56099    2.00000
 180.00487   -0.00960   21.37200   21.14839    0.01076    0.00594   34.97333   -0.40072    2.68180    2.26579    2.00000
 179.95584   -0.13613   22.77479   22.46533    0.14312    0.07899   11.21749   -1.74833    1.14699   -1.64820    2.00000
 179.97855   -0.01374   18.38997   17.80473    0.02548    0.01406  319.11679    2.14182   -0.95148    1.14974    2.00000
 179.95804   -0.08985   23.11381   22.76525    0.09917    0.05473    8.74145   -7.83649   -0.63462   -7.01965    2.00000
 179.92154    0.00561   23.71680   23.27733    0.07866    0.04341    5.51926   -0.08201   -0.92342   -5.42684    2.00000
 180.00069    0.03889   22.65322   22.35646    0.03890    0.02147   12.51383    0.72428   -1.07454    0.71260    2.00000
 179.94960   -0.01883   23.75565   23.30949    0.05380    0.02969    5.35737   -4.92061    0.58739   -0.95949    2.00000
 180.05450   -0.02118   23.76041   23.31342    0.05848    0.03228    5.33757    4.52565    2.85522   14.00966    2.00000
 180.01482    0.05092   23.34449   22.96433    0.05303    0.02927    7.19292   -0.71940   -3.59104   -5.37824    2.00000
 179.97630    0.00283   22.64540   22.34943    0.02387    0.01317   12.59755    1.80381   -0.40617    4.58767    2.00000
 180.07001    0.11817   22.83240   22.51682    0.13735    0.07580   10.67380    0.87005    4.47780    7.86096    2.00000
 180.08992   -0.01029   17.99323   17.92075    0.09051    0.04995  299.32922   -1.50420    0.39354   -1.10981    2.00000
 179.95193    0.02159   23.11141   22.76315    0.05269    0.02908    8.75777   -5.12665    2.39405   -2.94113    2.00000
 180.19748   -0.12941   23.59008   23.17195    0.23611    0.13031    6.04981   -2.62281   -2.99795   -4.59732    2.00000
 179.88606    0.01322   23.33088   22.95280    0.11471    0.06331    7.28260    0.10619   -2.60536   -3.31026    2.00000
 179.97528   -0.16220   23.47206   23.07236    0.16407    0.09055    6.55122    0.43112    0.68515    2.04835    2.00000
 180.01227    0.01046   23.53152   23.12267    0.01612    0.00890    6.29792   -0.96182   -0.58034  -11.33991    2.00000
 180.05292    0.02603   21.89158   21.65573    0.05896    0.03254   22.93199   -2.61979    0.04562   -2.72291    2.00000
 180.02557   -0.04197   22.54972   22.26336    0.04915    0.02713   13.62241    1.52485    1.44869    4.34042    2.00000
 180.01219    0.01690   23.53152   23.12267    0.02084    0.01150    6.29792    1.96328   -1.67456    5.68600    2.00000
 179.96899    0.02596   22.64279   22.34708    0.04043    0.02232   12.62546    1.61447    0.41033    2.89002    2.00000
 180.43895   -0.14839   21.24717   21.01618    0.46335    0.25574   38.45117   -5.32571   -0.95733   -5.97018    2.00000
 180.01587    0.02611   21.50621   21.28551    0.03055    0.01686   31.36662    2.49397    1.73823    3.94865    2.00000
 180.02991   -0.02652   23.30911   22.93436    0.03996    0.02206    7.42608   -3.18012    1.72437   -3.07440    2.00000
 180.20242    0.17405   23.08501   22.74007    0.26697    0.14735    8.93726    0.37569   -2.72854   -0.81401    2.00000
 180.00249    0.05837   21.24717   21.01618    0.05842    0.03224   38.45117   -0.82672    0.78946   -0.57110    2.00000
 179.97134    0.05980   22.87153   22.55169    0.06631    0.03660   10.40257    2.44090    1.76629    0.80845    2.00000
 179.99960   -0.02865   21.17638   20.93583    0.02865    0.01581   41.28147    7.07119   -0.36958    6.51245    2.00000
 179.91647    0.10007   23.65693   23.22774    0.13034    0.07194    5.76894    2.82271   -2.37923    5.22175    2.00000
 180.16701   -0.07644   23.78184   23.33111    0.18368    0.10138    5.24851   -0.96945   -0.86334    0.16575    2.00000
 180.06232   -0.04794   21.68479   21.45926    0.07862    0.04339   26.79611   -1.16762   -4.10312   -5.18964    2.00000
 179.93094    0.10005   19.42073   18.90355    0.12157    0.06710  172.31158   -0.68552   -2.49037   -3.20931    2.00000
 179.90179   -0.06100   23.07541   22.73168    0.11561    0.06381    9.00254   -2.55058    0.42602   -1.69671    2.00000
 180.01459    0.10201   22.41812   22.14329    0.10305    0.05688   15.05214   -0.90984   -2.42975   -1.22755    2.00000
 180.03123   -0.02642   23.04421   22.70441    0.04092    0.02258    9.21467    2.05701    3.52331    5.72509    2.00000
 180.00018    0.04728   21.92970   21.69145    0.04728    0.02610   22.29143    0.83648   -0.80261   -1.56658    2.00000
 180.06297    0.01610   23.71306   23.27423    0.06500    0.03588    5.53487   -1.65280   -1.56740   -2.82187    2.00000
 179.99568   -0.00969   23.72054   23.28043    0.01060    0.00585    5.50366   -0.80844    3.79424   11.20510    2.00000
 179.86185   -0.05643   21.31336   21.08670    0.14923    0.08236   36.59622    8.87457   -2.40588    6.08520    2.00000
 180.13132    0.02892   19.07009   18.53235    0.13447    0.07421  213.36258   -5.12224    0.89258   -4.19473    2.00000
 179.99333   -0.02228   23.44233   23.04720    0.02326    0.01284    6.67787    0.28503    1.75852   -2.97788    2.00000
 179.97012    0.01212   22.39892   22.12560    0.03224    0.01779   15.26279    1.58014    2.75804    2.23127    2.00000
 179.99892    0.02695   22.37732   22.10570    0.02698    0.01489   15.49977    4.84228    0.52768    5.15412    2.00000
 179.98610    0.04333   22.89761   22.57493    0.04551    0.02512   10.22175   -1.15831   -0.95261   -1.01532    2.00000
 179.96062    0.11365   23.80089   23.34683    0.12029    0.06639    5.16934   -3.76460    0.11458   -3.53204    2.00000
 180.03336   -0.00585   22.36051   22.09022    0.03386    0.01869   15.68409   -3.41973   -2.53145   -7.36335    2.00000
 180.20663   -0.01656   22.10621   21.85650    0.20729    0.11441   19.33179   -0.36851   -1.04197   -0.88416    2.00000
 179.96133    0.00482   21.95163   21.71186    0.03896    0.02150   21.92540    0.59282   -1.02238   -1.00310    2.00000
 179.96742   -0.01246   21.92424   21.68635    0.03488    0.01925   22.38294    1.30507   -0.52631   -0.62364    2.00000
 180.07138    0.14072   22.67148   22.37286    0.15779    0.08709   12.31848    7.85890   -2.46435    5.74566    2.00000
 180.00198   -0.17172   23.30911   22.93436    0.17173    0.09478    7.42608    4.68317   -0.89090    1.13048    2.00000
 180.06802    0.02570   23.22054   22.85811    0.07271    0.04013    8.01915   -2.23988    1.57201   -1.98695    2.00000
 179.97748   -0.02776   23.69996   23.26338    0.03574    0.01973    5.58948    0.26889   -1.50017   -4.16369    2.00000
 179.98260   -0.04304   23.46935   23.07007    0.04642    0.02562    6.56273    1.27306   -0.02239   -3.21078    2.00000
 180.06528    0.02417   23.80089   23.34683    0.06960    0.03842    5.16934    2.70836   -1.94978   -1.86561    2.00000
 180.03381    0.03035   21.95437   21.71441    0.04544    0.02508   21.87965    1.11645    0.17386    1.32274    2.00000
 179.98734    0.00032   23.76993   23.32128    0.01267    0.00699    5.29799   -3.75148    2.03494   -6.12954    2.00000
 179.98488    0.07132   22.93412   22.60748    0.07290    0.04024    9.96860    0.99675    3.62101    4.19630    2.00000
 180.12105   -0.16205   21.56836   21.34722    0.20227    0.11164   29.74333    3.76861   -3.23009    0.61128    2.00000
 179.97986   -0.02746   21.88069   21.64552    0.03405    0.01880   23.11501    0.30134   -0.70674   -0.58143    2.00000
 180.01530    0.02797   21.83170   21.59960    0.03189    0.01760   23.93858   -5.97520    0.05232   -7.18699    2.00000
 179.90811   -0.14317   22.55682   22.26984    0.17012    0.09389   13.54530   -3.32972    0.61181   -2.10554    2.00000
 179.98286    0.01741   22.97379   22.64271    0.02443    0.01348    9.69455   -3.24571    2.58140    3.09519    2.00000
 179.99655    0.03503   21.90518   21.66849    0.03520    0.01943   22.70322   -1.15635   -3.83415   -6.48454    2.00000
 180.02454    0.03568   22.67148   22.37286    0.04330    0.02390   12.31848   -2.54297    0.29136   -1.91741    2.00000
 180.00774   -0.05110   23.80327   23.34880    0.05168    0.02853    5.15945   -1.46710   -1.56540   -1.21489    2.00000
 180.00481   -0.03629   18.07580   18.05759    0.03660    0.02020  277.88055   -0.81375   -3.22663   -4.01549    2.00000
 180.02750   -0.02352   21.43982   21.21768    0.03618    0.01997   33.15077    0.95032    2.89639    4.20422    2.00000
 179.96608   -0.01953   21.90518   21.66849    0.03914    0.02160   22.70322   -4.84915   -0.08974   -4.09644    2.00000
 179.97842    0.01987   23.30911   22.93436    0.02934    0.01619    7.42608   -5.72910   -2.18726   -8.40469    2.00000
 180.14594    0.05650   23.69809   23.26183    0.15648    0.08637    5.59729   -1.49190    0.50419   -0.57194    2.00000
 179.95412    0.00458   22.19473   21.93773    0.04612    0.02545   17.87505   -2.24643   -2.20038   -3.63577    2.00000
 180.01540   -0.07386   21.61703   21.39400    0.07545    0.04164   28.51287    1.45471   -0.91200   -0.84041    2.00000
 180.00262   -0.00439   22.41812   22.14329    0.00512    0.00283   15.05214    0.19594   -0.87167   -0.33974    2.00000
 180.02408   -0.03622   21.79904   21.56898    0.04349    0.02400   24.48763    1.86687   -2.16306   -0.03131    2.00000
 179.92178    0.06703   23.41525   23.02428    0.10301    0.05685    6.79324    0.56718   -1.44123   -4.59837    2.00000
 180.06462    0.05792   20.97617   20.67817    0.08678    0.04789   50.93774   -1.11813   -0.22166   -0.89287    2.00000
 180.03798    0.01780   23.80566   23.35076    0.04194    0.02315    5.14955    0.51269   -4.09130  -10.50667    2.00000
 180.11259   -0.22662   23.32272   22.94589    0.25305    0.13967    7.33640   -0.01669    0.13915   -2.25096    2.00000
 180.05724   -0.01292   22.81969   22.50547    0.05867    0.03238   10.76205    2.81224   -0.44280    1.80337    2.00000
 179.99985   -0.04159   23.54233   23.13182    0.04159    0.02295    6.25187    4.40604   -2.30072    3.11919    2.00000
 179.97450   -0.04989   22.16301   21.90861    0.05603    0.03093   18.39724   -0.55238    1.59371    1.63994    2.00000
 180.07381    0.05019   23.32272   22.94589    0.08925    0.04926    7.33640    8.28424    0.25947    7.73424    2.00000
 179.98454    0.01957   22.04481   21.79861    0.02493    0.01376   20.36976   -1.31733    0.30722   -0.75787    2.00000
 179.97050   -0.01818   21.59951   21.37716    0.03465    0.01912   28.95584    4.91321    0.93228    5.20902    2.00000
 179.98627    0.00672   23.29822   22.92513    0.01530    0.00844    7.49782    0.00485   -1.09425    0.65932    2.00000
 179.95502   -0.10007   23.26198   22.89410    0.10972    0.06056    7.73925    2.18093   -0.42261   -1.25898    2.00000
 180.06909    0.06890   23.80566   23.35076    0.09757    0.05385    5.14955    5.22498   -2.15546    6.32068    2.00000
 179.99547   -0.06956   21.01057   20.72875    0.06971    0.03847   49.04222   -8.23788   -3.54400  -11.81487    2.00000
 179.96562   -0.12208   23.20835   22.84753    0.12683    0.07000    8.10148   -2.40444    2.24090   -1.07552    2.00000
 180.03442   -0.00650   20.90907   20.57206    0.03503    0.01933   54.91464   -4.47857    0.56049   -4.36876    2.00000
 180.00563    0.01075   23.49368   23.09065    0.01214    0.00670    6.45911   -2.27249   -2.49985   -8.58162    2.00000
 179.98477   -0.08703   23.34177   22.96203    0.08835    0.04876    7.21086   -7.69078    1.23887   -5.54689    2.00000
 180.05280    0.03200   23.35538   22.97356    0.06174    0.03408    7.12118   -0.59592    2.62102   -1.67909    2.00000
 179.98650    0.00787   22.05303   21.80627    0.01563    0.00862   20.23250    2.66936   -1.06266    2.19665    2.00000
 179.96347   -0.02207   23.48557   23.08379    0.04268    0.02356    6.49365    3.41342    4.39252    5.57847    2.00000
 179.98315   -0.02250   21.63844   21.41458    0.02811    0.01551   27.97148    9.27092    1.76906   10.94329    2.00000
 179.97208    0.02770   21.39808   21.17504    0.03933    0.02171   34.27235   -0.18328    0.33272   -0.03954    2.00000
 180.01041    0.00093   21.91063   21.67359    0.01044    0.00576   22.61171   -2.26861   -2.42122   -4.46250    2.00000
 180.03580   -0.00176   21.25673   21.02637    0.03584    0.01978   38.18313    1.82575    0.74016    2.18916    2.00000
 180.07018   -0.00738   23.06341   22.72119    0.07056    0.03894    9.08412    2.71776    0.55326    5.49749    2.00000
 179.98985    0.02141   23.24979   22.88351    0.02369    0.01308    7.82157   -0.84217    2.84841    2.89488    2.00000
 179.99496    0.02889   22.47941   22.19929    0.02932    0.01618   14.38535    0.73584   -3.59066   -4.00053    2.00000
 180.03996   -0.02117   21.87525   21.64042    0.04523    0.02496   23.20651   -1.32706   -1.36845   -2.33975    2.00000
 180.37042    0.33780   23.64470   23.21757    0.50131    0.27669    5.82011   -4.08370   -1.50946   -5.33388    2.00000
 179.99573    0.00395   23.34994   22.96895    0.00582    0.00321    7.15705    4.34399    5.24612    9.24302    2.00000
 180.14410   -0.04243   23.08501   22.74007    0.15022    0.08291    8.93726    2.71071    0.79201    1.36207    2.00000
 179.90909   -0.22939   21.02803   20.75176    0.24675    0.13619   48.17978    5.48875    4.68335    9.62602    2.00000
 179.94102    0.08381   23.36354   22.98047    0.10248    0.05656    7.06738    1.72204   -1.08502    2.92819    2.00000
 180.08678   -0.00291   22.53097   22.24628    0.08683    0.04792   13.82586    2.94401    1.41472    4.31481    2.00000
 179.99727   -0.07337   23.11141   22.76315    0.07342    0.04052    8.75777    1.11336   -0.03229    4.16213    2.00000
 180.00598   -0.03227   23.04901   22.70860    0.03282    0.01812    9.18203   -3.59221    0.33502   -5.65459    2.00000
 179.91566   -0.11589   21.75359   21.52560    0.14332    0.07910   25.26545   -1.14897    0.61974   -0.98992    2.00000
 179.95398    0.02125   23.37715   22.99200    0.05069    0.02798    6.97770   -2.17923    2.04407    1.81940    2.00000
 179.98328   -0.06852   23.75565   23.30949    0.07053    0.03893    5.35737    1.72293    1.97136    3.07230    2.00000
 179.99094   -0.09951   22.10931   21.85944    0.09992    0.05515   19.27892    4.06990   -2.14863    0.88243    2.00000
 180.73788   -0.46352   22.56976   22.28146    0.87139    0.48097   13.40685    5.51693   -0.35603    4.09425    2.00000
 180.02100   -0.08496   18.13847   18.01085    0.08751    0.04830  284.31799   -0.79660    0.90309    0.11006    2.00000
 179.95967    0.06162   23.74300   23.29903    0.07365    0.04065    5.41002   -3.56885    0.72272   -9.24271    2.00000
 179.99092   -0.03000   23.17421   22.81789    0.03134    0.01730    8.33198   -3.19597    0.97550   -3.66602    2.00000
 180.06892    0.04018   23.63667   23.21086    0.07978    0.04403    5.85389   -0.27462   -1.78641    0.89367    2.00000
 180.03648    0.05254   18.43561   17.85385    0.06397    0.03531  310.73898   -0.19910    1.09843    0.83861    2.00000
 180.11072    0.06538   23.45854   23.06092    0.12858    0.07097    6.60879    0.35715    4.22659    2.31449    2.00000
 180.01521    0.00593   22.22044   21.96136    0.01634    0.00902   17.45140   -1.78024   -1.59489   -2.48900    2.00000
 180.02153    0.03729   22.86109   22.54239    0.04306    0.02377   10.47490    1.69900    2.88497    4.46015    2.00000
 180.11436   -0.04591   21.86164   21.62766    0.12323    0.06801   23.43528   -0.59769    4.41616    3.82192    2.00000
 180.09714    0.00058   22.03932   21.79351    0.09714    0.05361   20.46127    0.16705   -0.67565    0.60935    2.00000
 180.04277    0.02733   22.75982   22.45194    0.05076    0.02801   11.37683   -0.92725    1.40092    1.87167    2.00000
 179.99910    0.00664   21.80449   21.57408    0.00670    0.00370   24.39612    1.95031   -0.67264    0.30253    2.00000
 180.02357   -0.08491   23.67189   23.24013    0.08812    0.04864    5.70652    2.24959    0.57611    7.78442    2.00000
 180.03011    0.08193   22.33891   22.07032    0.08728    0.04817   15.92108   -3.84213   -0.19196   -3.74194    2.00000
 180.05161   -0.07146   23.43692   23.04263    0.08815    0.04865    6.70090   -4.61183    1.18572    2.09510    2.00000
 179.92224   -0.03148   23.45044   23.05406    0.08389    0.04630    6.64333    0.85291    0.62761    4.18352    2.00000
 180.11401   -0.02816   21.60535   21.38277    0.11743    0.06481   28.80818    0.07478    0.32548    0.77677    2.00000
 180.03706    0.03413   22.01740   21.77310    0.05039    0.02781   20.82730   -1.42151    1.87848   -0.20149    2.00000
 180.04881    0.05080   23.16934   22.81366    0.07045    0.03889    8.36491   -2.94722   -1.54823   -5.09608    2.00000
 180.03725   -0.00796   22.81221   22.49878    0.03809    0.02102   10.81914   -4.20640    1.46705   -1.30960    2.00000
 179.95541    0.00291   23.29278   22.92052    0.04468    0.02466    7.53369    5.89656   -0.93359    6.12196    2.00000
 179.93680   -0.03370   21.88886   21.65318    0.07162    0.03953   22.97774   -6.12378   -1.01594   -7.14188    2.00000
 179.98154    0.01964   23.63667   23.21086    0.02696    0.01488    5.85389    0.12032   -2.87692    3.40163    2.00000
 179.99614   -0.03193   22.86370   22.54471    0.03216    0.01775   10.45681   -1.10684   -0.14640   -1.43031    2.00000
 179.99403   -0.05305   23.79375   23.34094    0.05338    0.02946    5.19903   -1.82314    0.79127   -0.76674    2.00000
 180.11307   -0.18888   21.31538   21.08885    0.22013    0.12149   36.53954    1.98449    3.44534    5.68160    2.00000
 179.90045   -0.01205   22.72240   22.41849    0.10027    0.05534   11.77518    1.21018    2.44645    4.89294    2.00000
 179.93597   -0.10106   22.25128   21.98971    0.11963    0.06602   16.94302    2.35832   -1.19815    0.79358    2.00000
 179.86412   -0.01541   23.19128   22.83271    0.13675    0.07547    8.21673   -0.74331   -0.48849   -0.69066    2.00000
 179.95322    0.00243   22.83240   22.51682    0.04684    0.02585   10.67380    6.29637   -2.08158    3.42003    2.00000
 180.01041   -0.04555   21.48155   21.26032    0.04672    0.02579   32.02920   -0.04781    2.54804    2.29475    2.00000
 180.03845    0.02233   21.95985   21.71952    0.04447    0.02454   21.78814   -3.42682   -1.62601   -4.80760    2.00000
 179.93053    0.04050   21.91607   21.67869    0.08041    0.04438   22.52020    4.62348   -1.01501    3.11172    2.00000
 179.97050    0.00346   22.13012   21.87856    0.02970    0.01639   18.93612    1.63570    1.16370    2.32575    2.00000
 180.01183    0.04473   23.09701   22.75056    0.04627    0.02554    8.85567    2.50205   -0.00406   -2.88242    2.00000
 180.00383   -0.02479   23.21078   22.84964    0.02509    0.01385    8.08501    4.26469    1.76648    0.59858    2.00000
 179.98459   -0.04903   21.09473   20.83776    0.05139    0.02836   44.95706   -1.28115   -0.40527   -2.18450    2.00000
 180.03383   -0.00154   23.19372   22.83482    0.03386    0.01869    8.20027   -9.00820    5.36818   -4.80050    2.00000
 179.81248   -0.08889   23.56125   23.14782    0.20752    0.11454    6.17127    9.26137    3.05476   10.38611    2.00000
 180.00529    0.00233   23.67938   23.24633    0.00578    0.00319    5.67531   -0.66490   -3.06197   -8.36429    2.00000
 180.01132   -0.01273   22.74236   22.43633    0.01703    0.00940   11.56272   -3.24490    3.59305    1.98042    2.00000
 179.98856   -0.03084   23.25223   22.88563    0.03290    0.01816    7.80511   -2.38443   -0.32984   -0.26790    2.00000
 179.95934   -0.03797   22.26670   22.00388    0.05564    0.03071   16.71221   -1.46407   -0.07275   -2.81824    2.00000
 179.94666   -0.02367   21.79632   21.56643    0.05837    0.03221   24.53338   -1.09643    3.10031    1.87836    2.00000
 180.02180    0.00881   21.80721   21.57663    0.02351    0.01298   24.35037   -1.31483    2.66125    2.09337    2.00000
 179.91910    0.04793   23.23760   22.87293    0.09403    0.05190    7.90390    0.86024    3.41525    6.24533    2.00000
 179.92285    0.09254   22.22301   21.96372    0.12048    0.06649   17.40903   -0.21346   -0.62175    0.49391    2.00000
 179.87839   -0.09533   18.26933   17.67356    0.15453    0.08529  341.48770    0.83629    2.64240    3.51076    2.00000
 180.12431   -0.12741   23.08741   22.74217    0.17801    0.09825    8.92095   -7.93699    0.79202   -9.20031    2.00000
 179.99422    0.02257   23.15227   22.79884    0.02330    0.01286    8.48017    8.42714    1.46437    7.63656    2.00000
 180.17442    0.03927   21.83170   21.59960    0.17879    0.09868   23.93858    3.06366   -0.52375    2.24776    2.00000
 180.00569   -0.05629   23.36082   22.97817    0.05658    0.03123    7.08531   -6.89838   -0.54476   -4.61980    2.00000
 180.21826    0.07615   22.97595   22.64460    0.23116    0.12758    9.67985   -1.95315   -1.17464   -5.60943    2.00000
 180.03525   -0.05583   22.62453   22.33068    0.06603    0.03644   12.82081    1.38301    4.10597    2.67239    2.00000
 180.00166   -0.05104   21.91063   21.67359    0.05106    0.02818   22.61171   -5.48215    0.83804   -6.54089    2.00000
 180.11375    0.02662   23.28734   22.91591    0.11682    0.06448    7.56956   -6.87523   -0.27220   -7.66504    2.00000
 180.02373   -0.00548   23.42611   23.03348    0.02435    0.01344    6.74695   -0.27431    1.30091   -2.06128    2.00000
 179.99326   -0.03989   22.82979   22.51449    0.04046    0.02233   10.69188    1.77486    3.02461    4.07455    2.00000
 179.86166    0.06454   23.21322   22.85176    0.15265    0.08425    8.06855   -1.57963   -0.76957   -3.91687    2.00000
 180.04787   -0.08997   21.82898   21.59704    0.10191    0.05625   23.98433   -0.10945    4.54632    5.01689    2.00000
 180.01114    0.03670   21.91879   21.68124    0.03835    0.02117   22.47445   -2.91883   -2.37432   -5.35655    2.00000
 179.94791    0.00750   23.29822   22.92513    0.05263    0.02905    7.49782   -6.25698   -1.26027   -2.93365    2.00000
 179.90431   -0.04699   23.36626   22.98278    0.10660    0.05884    7.04944    0.18891    0.99577    3.94761    2.00000
 179.98744    0.06818   23.49908   23.09523    0.06933    0.03826    6.43608    0.74970    3.60414    4.33354    2.00000
 179.96819    0.02983   22.84023   22.52379    0.04360    0.02407   10.61955   -5.77117    0.00754   -5.58175    2.00000
 180.20638    0.16305   22.22815   21.96844    0.26302    0.14517   17.32430    0.01490   -3.70510   -4.99789    2.00000
 179.96928   -0.08487   23.21078   22.84964    0.09025    0.04981    8.08501   -1.60786   -0.39107   -2.38707    2.00000
 179.98705   -0.01329   23.53692   23.12724    0.01856    0.01024    6.27489    1.56562    1.05636    6.88785    2.00000
 179.95738   -0.06269   22.80971   22.49655    0.07581    0.04184   10.84570    0.11112    1.02957   -2.43950    2.00000
 179.92522   -0.03149   22.00096   21.75779    0.08115    0.04479   21.10183    2.46308   -5.25086   -2.12173    2.00000
 180.03169    0.01039   22.01192   21.76799    0.03336    0.01841   20.91881   -0.36494    3.73595    4.23627    2.00000
 180.13412   -0.05009   23.10661   22.75895    0.14318    0.07902    8.79040    4.10148    0.50102    2.79319    2.00000
 180.18164    0.14763   22.08917   21.84028    0.23407    0.12919   19.62258   -1.66961   -2.08886   -4.21856    2.00000
 179.97433   -0.03041   23.65693   23.22774    0.03979    0.02196    5.76894    0.83267    1.15555    5.00745    2.00000
 180.07426   -0.04252   22.70992   22.40734    0.08557    0.04723   11.90796    4.82852   -1.09454    0.98594    2.00000
 180.05052   -0.10891   22.96020   22.63073    0.12006    0.06626    9.78778   -1.30631    0.57192   -0.50070    2.00000
 180.07819   -0.00150   22.73986   22.43410    0.07820    0.04316   11.58928   -1.43625    1.33652    0.18520    2.00000
 179.99442    0.00547   23.51800   23.11123    0.00781    0.00431    6.35549    2.75582   -3.98461   -0.01272    2.00000
 180.03545    0.07393   23.00288   22.66823    0.08198    0.04525    9.49609    4.91958    1.45024    6.46860    2.00000
 180.03975    0.02990   23.45044   23.05406    0.04974    0.02745    6.64333   -2.91761    1.27755   -4.89954    2.00000
 180.01544    0.03298   23.62703   23.20281    0.03641    0.02010    5.89443   -2.20739   -2.47773   -4.39988    2.00000
 180.01547    0.05704   22.41572   22.14108    0.05910    0.03262   15.07847    0.63845    1.65498    0.72675    2.00000
 180.06679   -0.07467   21.62676   21.40335    0.10018    0.05529   28.26678   -2.31614    1.23790   -2.27690    2.00000
 179.93077   -0.11629   21.62676   21.40335    0.13534    0.07470   28.26678    1.21067    2.39720    4.03923    2.00000
 179.91934    0.17408   23.32544   22.94819    0.19186    0.10589    7.31847   -3.85615   -0.88638   -5.66053    2.00000
 179.71483    0.05744   21.43460   21.21235    0.29090    0.16055   33.29097   -3.39335    1.72015   -2.37967    2.00000
 179.90813   -0.04369   21.41113   21.18837    0.10174    0.05615   33.92186   -0.33987   -1.22953   -1.51217    2.00000
 179.97694    0.06222   22.22044   21.96136    0.06636    0.03662   17.45140   -0.26115    0.03336    0.16285    2.00000
 180.12968   -0.07053   23.65693   23.22774    0.14762    0.08147    5.76894   -1.57939    1.21413    5.54001    2.00000
 180.02946   -0.06567   22.86631   22.54704    0.07198    0.03973   10.43873   -3.20675   -1.07759   -3.39363    2.00000
 179.19727   -0.69908   23.46125   23.06321    1.06446    0.58757    6.59727   -3.66937   -0.38804   -6.39025    2.00000
 179.87206    0.02564   22.95499   22.62608    0.13050    0.07202    9.82395   -2.20445   -0.98258   -1.84646    2.00000
 180.13316   -0.04202   23.53422   23.12495    0.13964    0.07707    6.28641   -3.43533   -2.86108   -9.81913    2.00000
 180.01202   -0.01283   22.23586   21.97553    0.01759    0.00971   17.19721    2.75660    1.79030    3.52589    2.00000
 179.97171   -0.04331   23.24004   22.87504    0.05173    0.02855    7.88743   -2.62905    1.20537    1.60993    2.00000
 180.23151    0.19855   23.55854   23.14554    0.30499    0.16833    6.18278  -14.03039   -1.09801  -14.29365    2.00000
 180.10141   -0.07421   21.65569   21.43120    0.12566    0.06936   27.53438   -1.86706   -3.11233   -3.99592    2.00000
 180.01404    0.05808   21.59756   21.37529    0.05975    0.03298   29.00506    0.44823    1.15230    1.30984    2.00000
 180.06477    0.32143   23.20591   22.84541    0.32790    0.18097    8.11794   -0.93347   -0.21406    2.60442    2.00000
 180.03220    0.01257   21.32751   21.10178    0.03456    0.01908   36.19949    5.28408   -0.57217    4.66969    2.00000
 179.98222    0.02157   21.14549   20.89945    0.02795    0.01543   42.64514    0.13323   -0.19366    0.61623    2.00000
 180.00261   -0.00171   21.93793   21.69910    0.00312    0.00172   22.15417    1.58808    0.91683    2.14398    2.00000
 179.99635    0.07171   21.14848   20.90308    0.07180    0.03963   42.50915    1.25534    1.50794    2.65519    2.00000
 180.10048    0.00807   23.30911   22.93436    0.10081    0.05564    7.42608   -5.41627   -0.36880   -2.87727    2.00000
 180.02678    0.07490   22.82723   22.51221    0.07955    0.04390   10.70962   -1.33736    3.34938    0.49271    2.00000
 179.98161   -0.01274   21.66098   21.43630    0.02236    0.01234   27.40015    4.98304   -0.78696    3.33853    2.00000
 180.06796    0.07517   20.58570   20.13480    0.10134    0.05593   76.43505   -2.18366   -0.96938   -2.96041    2.00000
 179.89088   -0.17957   21.35635   21.13240    0.21012    0.11597   35.39392    0.16765   -0.14409    0.36296    2.00000
 179.94945    0.01675   23.68873   23.25408    0.05326    0.02939    5.63630    2.79182   -1.39899    5.39582    2.00000
 180.04651    0.00059   22.91847   22.59353    0.04651    0.02567   10.07709    2.99879    0.86501    2.57227    2.00000
 179.97784   -0.04243   21.78816   21.55877    0.04787    0.02642   24.67064   -1.04681   -0.64002   -1.22308    2.00000
 180.08041   -0.03011   21.91607   21.67869    0.08586    0.04739   22.52020   -1.37597    0.25030   -1.44238    2.00000
 180.17535    0.13150   23.12582   22.77574    0.21919    0.12098    8.65986   -0.99042   -1.06697   -3.39120    2.00000
 179.88998   -0.06222   23.73364   23.29128    0.12639    0.06976    5.44904    5.49064    0.67990   -0.70419    2.00000
 179.95905    0.04163   22.31731   22.05042    0.05839    0.03223   16.15806   -0.03516   -5.53946   -5.65429    2.00000
 180.00993    0.06167   22.10621   21.85650    0.06246    0.03448   19.33179    0.45510    1.05963    1.34300    2.00000
 180.00233    0.00192   17.97273   17.99827    0.00302    0.00167  286.10782    1.77402   -2.15927   -0.39556    2.00000
 180.05548    0.02665   22.12683   21.87555    0.06155    0.03397   18.99001   -0.05355    0.90556    2.38186    2.00000
 180.20985   -0.06090   23.54773   23.13639    0.21852    0.12060    6.22884    1.93758    0.11773   -0.99705    2.00000
 180.01498   -0.00163   23.56389   23.15006    0.01508    0.00832    6.16001    2.24142    1.13593    0.57885    2.00000
 180.00104    0.01832   23.83900   23.37828    0.01835    0.01013    5.01101   -3.65644    0.16751   -4.73692    2.00000
 180.07199    0.06137   22.67930   22.37990    0.09460    0.05221   12.23476   -1.42891    1.15581    0.40506    2.00000
 180.02213   -0.01847   21.39808   21.17504    0.02882    0.01590   34.27235   -2.70108    1.45521   -1.64091    2.00000
 179.95213    0.01917   21.39808   21.17504    0.05156    0.02846   34.27235   -1.27581   -0.45217   -2.18479    2.00000
 179.94022    0.04648   22.39412   22.12118    0.07573    0.04180   15.31545   -3.47122    0.60046   -2.59304    2.00000
 180.00639    0.00072   23.33361   22.95511    0.00643    0.00355    7.26466    4.98710    1.45756    2.26669    2.00000
 180.00601    0.02195   21.85347   21.62001    0.02275    0.01256   23.57255    4.02638    0.97856    5.93873    2.00000
 180.00108   -0.00733   23.03220   22.69392    0.00741    0.00409    9.29626   -1.89631   -1.91851   -3.05564    2.00000
 180.05659    0.13043   23.26198   22.89410    0.14218    0.07847    7.73925    2.29734   -3.53529   -0.60079    2.00000
 179.93916   -0.04935   23.02740   22.68972    0.07833    0.04323    9.32889   -1.84377   -1.51324   -5.45409    2.00000
 179.87593   -0.05189   22.95238   22.62375    0.13448    0.07422    9.84203   -1.94374    0.04367   -0.04541    2.00000
 179.81927   -0.00403   23.52341   23.11581    0.18077    0.09977    6.33246    3.34387    3.64779   12.09344    2.00000
 180.41510    0.29260   22.97271   22.64177    0.50786    0.28031    9.70190   -4.58280    2.31620   -3.69528    2.00000
 180.04141   -0.03749   22.85848   22.54006    0.05586    0.03083   10.49298   -0.27508   -0.03460   -0.82552    2.00000
 180.01723   -0.01354   23.71119   23.27268    0.02192    0.01210    5.54267    1.65213   -1.64415   -3.73230    2.00000
 180.12495    0.00767   22.69994   22.39842    0.12518    0.06909   12.01418   -1.78100   -0.38128   -3.87119    2.00000
 180.02094   -0.03127   23.36626   22.98278    0.03763    0.02077    7.04944   -4.56084   -0.75171  -11.26812    2.00000
 179.85928   -0.03472   22.62192   22.32834    0.14494    0.08000   12.84871    3.94388   -0.77000    4.07136    2.00000
 179.93272    0.02971   21.05422   20.78629    0.07354    0.04059   46.88570   -0.07908    0.13769   -0.01800    2.00000
 179.97485   -0.01737   22.72988   22.42518    0.03057    0.01687   11.69551   -2.29774    2.15431    1.92929    2.00000
 180.20918   -0.09380   22.47238   22.19288    0.22926    0.12653   14.46164    0.07312    0.50783   -1.15496    2.00000
 179.93561   -0.13300   22.26156   21.99916    0.14777    0.08156   16.77356    5.16980    0.63587    4.90041    2.00000
 180.04124    0.05979   23.13302   22.78203    0.07264    0.04009    8.61091   -2.24792    4.13748    6.69924    2.00000
 180.11218    0.04558   23.25467   22.88774    0.12109    0.06683    7.78864   -1.30590   -1.84177   -5.75685    2.00000
 179.99942   -0.01412   22.27698   22.01333    0.01413    0.00780   16.59969    1.93969   -0.02413    3.16055    2.00000
 180.03333    0.02238   21.59367   21.37154    0.04014    0.02216   29.10349    1.73992   -0.46692    1.81190    2.00000
 179.95816   -0.00837   22.29498   22.02987    0.04267    0.02355   16.40276    0.51885    0.70054    1.09348    2.00000
 179.86797   -0.07878   22.34611   22.07695    0.15376    0.08486   15.84208   -7.77228   -2.92316  -11.69527    2.00000
 180.09154    0.04158   23.77946   23.32914    0.10053    0.05548    5.25841    2.68659   -2.74142   -1.90879    2.00000
 180.02699   -0.05523   23.18884   22.83059    0.06147    0.03393    8.23320    0.56043   -1.70672   -1.12746    2.00000
 180.03845    0.02161   23.18153   22.82424    0.04411    0.02435    8.28259   -1.18445   -1.36471   -6.51722    2.00000
 180.04710   -0.10318   23.18153   22.82424    0.11342    0.06260    8.28259    3.14885    2.56200    7.92103    2.00000
 179.93617   -0.06025   22.95499   22.62608    0.08777    0.04844    9.82395   -3.18635   -1.76883   -3.84460    2.00000
 179.99217    0.30417   21.40591   21.18304    0.30427    0.16793   34.06205    6.12184   -0.91753    5.03486    2.00000
 179.92336    0.05957   23.47746   23.07693    0.09708    0.05358    6.52819   -0.06776    1.56523   -3.06937    2.00000
 179.96239    0.02542   22.57497   22.28615    0.04539    0.02505   13.35104    4.19836   -1.41435    3.49632    2.00000
 179.98154    0.01416   23.57401   23.15853    0.02326    0.01284    6.11737    1.54569    1.82368    1.09813    2.00000
 179.89351   -0.15735   20.15701   19.67480    0.18999    0.10486  105.62306   -1.42549   -1.16067   -2.63521    2.00000
 180.00954    0.01713   22.72739   22.42295    0.01961    0.01082   11.72206   -4.22896   -1.32059   -5.77577    2.00000
 180.01987   -0.02796   22.49347   22.21210    0.03430    0.01893   14.23276   -8.45420    0.36942   -8.24409    2.00000
 179.94498   -0.02059   22.33891   22.07032    0.05876    0.03243   15.92108    1.14110   -0.01673    2.36773    2.00000
 179.97549    0.17491   20.56927   20.11624    0.17661    0.09748   77.39169    0.80883    0.74753    1.65047    2.00000
 180.00189   -0.04749   23.26930   22.90045    0.04752    0.02623    7.68986    1.41297   -1.78498    2.46066    2.00000
 179.98433   -0.00604   22.47003   22.19075    0.01679    0.00927   14.48707   -4.18598   -2.99720   -6.85514    2.00000
 179.92805   -0.05006   23.17421   22.81789    0.08764    0.04837    8.33198   -1.70356   -3.66710   -4.28560    2.00000
 179.98166   -0.02989   21.90246   21.66593    0.03507    0.01936   22.74897   -4.44312   -1.49029   -5.38422    2.00000
 179.97551   -0.08950   23.39348   23.00584    0.09279    0.05121    6.88611    2.47478   -1.55549    0.08070    2.00000
 179.94678   -0.03181   22.59062   22.30021    0.06201    0.03422   13.18359   -1.42569   -0.70792   -5.35021    2.00000
 179.96922   -0.02627   23.24736   22.88139    0.04046    0.02233    7.83804   -2.92788   -0.57556   -5.01012    2.00000
 179.97348   -0.00943   23.07061   22.72749    0.02814    0.01553    9.03517   -0.26676   -0.06393   -1.54199    2.00000
 180.03445   -0.05724   23.18884   22.83059    0.06680    0.03687    8.23320   -2.03562    1.37419    2.30698    2.00000
 180.02361    0.02251   23.01150   22.67579    0.03262    0.01800    9.43729    0.58823   -1.75085   -1.46183    2.00000
 179.96175    0.18158   21.58004   21.35845    0.18557    0.10242   29.44802   -5.87542    0.82273   -5.27276    2.00000
 179.87444    0.07823   22.84023   22.52379    0.14794    0.08165   10.61955    0.82216   -0.20218    0.66356    2.00000
 180.12563    0.22248   22.03932   21.79351    0.25550    0.14102   20.46127   -5.19083   -0.16458   -5.38892    2.00000
 180.00081   -0.04139   23.09941   22.75266    0.04140    0.02285    8.83936   -2.55298    0.22520    0.09506    2.00000
 180.04234   -0.04837   20.74250   20.32097    0.06429    0.03548   66.84099   -0.29808   -0.90504   -1.08238    2.00000
 180.04713    0.11232   23.26686   22.89833    0.12181    0.06723    7.70632   -0.07743    3.44556    7.74799    2.00000
 179.87694    0.03729   22.22815   21.96844    0.12858    0.07097   17.32430    0.10237    3.68797    2.65902    2.00000
 179.99611    0.04411   23.76041   23.31342    0.04428    0.02444    5.33757    3.86385    2.42178    0.08876    2.00000
 179.98273    0.01315   23.45314   23.05635    0.02171    0.01198    6.63182   -0.44257    1.63706    0.25740    2.00000
 180.05406    0.00790   21.94889   21.70931    0.05464    0.03016   21.97115   -3.22467   -0.00412   -4.12817    2.00000
 179.91124    0.00548   23.66254   23.23239    0.08893    0.04908    5.74554   -2.90985    0.35684   -3.04935    2.00000
 179.87148    0.03736   20.96369   20.65980    0.13384    0.07387   51.62621    0.48793   -2.21050   -2.12481    2.00000
 179.98831   -0.01019   20.32327   19.85037    0.01551    0.00856   93.61550    0.12495   -2.49714   -2.24492    2.00000
 179.97420   -0.03632   22.20244   21.94482    0.04456    0.02459   17.74795    2.55169    0.58174    3.87393    2.00000
 180.01773    0.01823   22.98349   22.65122    0.02543    0.01404    9.62840    2.73348   -0.07838    5.05195    2.00000
 179.97809    0.08742   23.36354   22.98047    0.09013    0.04974    7.06738   -2.50716   -2.66509   -5.77472    2.00000
 179.94032   -0.00504   23.34177   22.96203    0.05989    0.03305    7.21086    0.80109    1.79633   -0.06236    2.00000
 180.00552    0.11985   22.01192   21.76799    0.11998    0.06622   20.91881   -0.15772   -0.24473   -0.21875    2.00000
 179.99283   -0.03048   23.45044   23.05406    0.03131    0.01728    6.64333    0.46745   -1.24031    4.61385    2.00000
 180.00398    0.02031   23.77232   23.32325    0.02070    0.01142    5.28809    0.97959    1.35177   -0.08531    2.00000
 179.98482   -0.02007   20.97825   20.68123    0.02516    0.01389   50.82299   -1.75306   -3.63143   -5.37445    2.00000
 180.02431    0.09758   20.99904   20.71185    0.10056    0.05550   49.67553   -3.48392   -2.88228   -6.61715    2.00000
 180.06377   -0.01884   23.65880   23.22929    0.06650    0.03670    5.76114   -3.39162   -1.27439   -5.62344    2.00000
 179.95264    0.03477   22.49113   22.20997    0.05875    0.03242   14.25819   -4.15747   -1.10543   -4.50051    2.00000
 180.02298    0.07168   23.33088   22.95280    0.07527    0.04155    7.28260   -1.07155   -1.49599   -5.55848    2.00000
 179.99713    0.03097   23.16934   22.81366    0.03110    0.01716    8.36491    3.98094    2.97033    8.07275    2.00000
 178.87622   -0.40612   23.17909   22.82212    1.19490    0.65959    8.29905    0.13350   -0.31053    0.78387    2.00000
 180.00121    0.01624   22.18188   21.92592    0.01629    0.00899   18.08687   -0.29435    1.52541    1.77388    2.00000
 179.94177   -0.03803   23.09221   22.74637    0.06954    0.03838    8.88831   -4.66599    2.30666   -2.10305    2.00000
 180.04672   -0.09414   21.91607   21.67869    0.10510    0.05801   22.52020    1.65496   -2.02163    0.47451    2.00000
 180.02969    0.04356   23.55314   23.14096    0.05272    0.02910    6.20581   -0.36857   -0.52916   -4.18344    2.00000
 180.03517    0.01604   23.42070   23.02890    0.03866    0.02134    6.77002    0.98102    0.56392   -4.69904    2.00000
 180.03767    0.04729   21.97903   21.73738    0.06046    0.03337   21.46786    6.90590   -2.95766    3.44996    2.00000
 179.97736   -0.00934   21.63455   21.41084    0.02450    0.01352   28.06991    4.86000   -2.91742    2.46385    2.00000
 179.75479    0.10316   23.80327   23.34880    0.26603    0.14683    5.15945   -5.90031   -2.15032   -5.92913    2.00000
 179.99484   -0.05604   22.78477   22.47425    0.05627    0.03106   11.11126    7.93114    1.08777   11.62648    2.00000
 179.94960   -0.08504   23.36899   22.98509    0.09885    0.05456    7.03151    1.06558    2.46926   -0.53870    2.00000
 179.91463    0.11194   22.86631   22.54704    0.14078    0.07770   10.43873   -1.99324   -3.76066   -8.77231    2.00000
 179.99770    0.00263   23.34721   22.96664    0.00350    0.00193    7.17499   -5.35017    0.54056  -10.12327    2.00000
 179.89835    0.04339   19.09685   18.56093    0.11052    0.06100  210.20222    0.19545    0.67793    0.84353    2.00000
 180.05112    0.01661   21.47633   21.25499    0.05375    0.02967   32.16939   -6.23082   -3.18377   -9.71042    2.00000
 179.97363    0.14269   23.61096   23.18939    0.14511    0.08009    5.96198   -0.15911   -1.22823    3.51599    2.00000
 179.87036    0.05383   23.72241   23.28198    0.14038    0.07748    5.49585    3.17504   -0.60116    7.43349    2.00000
 179.99867    0.01703   22.13670   21.88457    0.01708    0.00943   18.82835    1.07700    0.42921    1.04044    2.00000
 180.01082    0.07129   21.47633   21.25499    0.07210    0.03980   32.16939   -0.52989   -3.85792   -4.78038    2.00000
 179.92751    0.03871   20.06250   19.57529    0.08219    0.04536  112.42845   -0.33404   -0.13178   -0.66323    2.00000
 180.04156    0.02083   23.68125   23.24788    0.04650    0.02566    5.66751   -0.41616    0.54192    9.21736    2.00000
 179.93959    0.00990   23.35538   22.97356    0.06122    0.03379    7.12118   -0.58819    0.33481    7.08271    2.00000
 180.03529    0.04681   23.36354   22.98047    0.05862    0.03235    7.06738    2.47023   -2.31617    3.42386    2.00000
 180.05014    0.05950   23.21322   22.85176    0.07781    0.04295    8.06855   -2.69326    0.80615   -6.33001    2.00000
 180.06303    0.10228   21.82082   21.58939    0.12015    0.06631   24.12160    1.45112   -1.96380    0.86059    2.00000
 180.02341   -0.29223   21.79360   21.56387    0.29317    0.16181   24.57914    1.55713    1.62254    3.75212    2.00000
 180.00941   -0.00861   21.52042   21.30002    0.01276    0.00704   30.98481    0.80291    1.41078    3.23883    2.00000
 179.98131    0.00554   21.72184   21.49498    0.01949    0.01076   25.85649    1.65941   -0.86914    1.65351    2.00000
 179.94983   -0.08859   22.32211   22.05484    0.10181    0.05619   16.10540    0.04082    2.48104    3.32035    2.00000
 179.95889    0.00492   23.72428   23.28353    0.04140    0.02285    5.48805   -4.76009    2.17510    8.69716    2.00000
 180.03011    0.01643   22.89761   22.57493    0.03430    0.01893   10.22175    2.56991   -0.85505    3.49630    2.00000
 180.01402    0.05032   22.66887   22.37052    0.05224    0.02883   12.34639   -0.65114    2.81202    3.63219    2.00000
 180.01892    0.00458   23.09941   22.75266    0.01947    0.01075    8.83936   -6.30032    1.00130   -4.17278    2.00000
 180.09253   -0.02462   23.04661   22.70651    0.09574    0.05284    9.19835   -1.10137    1.73948   -1.40891    2.00000
 179.87505    0.11796   22.17160   21.91647    0.17184    0.09484   18.25633    1.48522    1.57945    3.20868    2.00000
 179.96965   -0.00023   22.64018   22.34474    0.03035    0.01675   12.65337    2.22436   -0.51325    1.00477    2.00000
 180.03690   -0.02132   23.52341   23.11581    0.04262    0.02352    6.33246   -0.27278    1.54370    2.72652    2.00000
 179.94502    0.03161   21.70331   21.47712    0.06342    0.03500   26.32630    0.45432    0.54570    1.12743    2.00000
 179.91733    0.01490   22.74984   22.44302    0.08400    0.04636   11.48305   -2.92810    2.57162   -1.20819    2.00000
 180.03488    0.01696   21.72448   21.49754    0.03878    0.02141   25.78938    4.48417   -3.72379    1.88775    2.00000
 179.95215    0.16243   23.03701   22.69811    0.16933    0.09346    9.26362    0.65870   -3.54234   -4.36773    2.00000
 180.10295   -0.12132   22.73986   22.43410    0.15911    0.08782   11.58928    2.49858    0.54155    2.15463    2.00000
 180.01624    0.00227   22.19987   21.94246    0.01639    0.00904   17.79032    2.14449   -2.53319   -0.01473    2.00000
 180.00584    0.01982   22.88978   22.56796    0.02066    0.01140   10.27600   -0.72045    2.06106    3.74450    2.00000
 180.03867    0.01079   23.14262   22.79042    0.04014    0.02216    8.54564    4.46457   -1.51867    1.75336    2.00000
 179.99759    0.03464   23.07301   22.72958    0.03473    0.01917    9.01885   -1.13128    1.51027   -1.48229    2.00000
 180.01530    0.00457   22.05851   21.81137    0.01597    0.00881   20.14099    3.93111   -0.00358    2.73572    2.00000
 180.03349   -0.13890   22.99749   22.66350    0.14287    0.07886    9.53284    2.51628   -2.43553    0.35227    2.00000
 179.99707   -0.01524   22.93151   22.60515    0.01552    0.00857    9.98668    2.37797    0.43700    5.09457    2.00000
 180.06935   -0.08556   22.93151   22.60515    0.11014    0.06079    9.98668   -1.85204    0.61414   -3.14571    2.00000
 179.66005    0.16866   22.95499   22.62608    0.37949    0.20945    9.82395   -5.13117    1.07159   -5.79409    2.00000
 179.90572    0.00995   22.96625   22.63610    0.09481    0.05233    9.74600   -1.81326    1.78540   -0.52156    2.00000
 179.96484   -0.01787   23.71493   23.27578    0.03943    0.02176    5.52706    2.03416   -1.47929    1.59484    2.00000
 180.06247   -0.10632   22.64540   22.34943    0.12332    0.06806   12.59755   -2.14533   -1.89289   -5.25923    2.00000
 180.69307    0.09549   22.11916   21.86854    0.69961    0.38615   19.11575    0.39601    2.07258    1.24624    2.00000
 179.92532    0.01389   22.68191   22.38224    0.07596    0.04192   12.20686    1.97464   -3.96273   -3.51680    2.00000
 180.05508    0.01151   22.49581   22.21424    0.05627    0.03106   14.20733   -0.72208   -1.15435   -2.94956    2.00000
 179.98402   -0.11825   22.85848   22.54006    0.11932    0.06586   10.49298   -4.82005    1.97567   -2.08275    2.00000
 180.03561   -0.01069   23.72990   23.28818    0.03719    0.02052    5.46464    2.76744   -1.55263    1.00188    2.00000
 179.85852    0.02525   23.58687   23.16926    0.14371    0.07932    6.06332    4.47635    4.29611   11.57708    2.00000
 179.98857    0.00378   22.70992   22.40734    0.01204    0.00664   11.90796    1.22551    2.37012    6.73715    2.00000
 180.02898    0.00633   18.09058   18.12758    0.02965    0.01637  268.23978    0.24737    0.17719    0.46113    2.00000
 179.94513    0.00571   23.17909   22.82212    0.05517    0.03045    8.29905    3.51337    0.49910    2.97256    2.00000
 180.03632   -0.00731   23.81042   23.35469    0.03705    0.02045    5.12976   -1.05331    0.55642   -4.16308    2.00000
 179.97647   -0.02153   22.14657   21.89359    0.03190    0.01761   18.66668    2.78690   -2.42328   -1.36589    2.00000
 180.04308   -0.00152   20.31627   19.84294    0.04310    0.02379   94.12349    0.99447    2.47310    3.63209    2.00000
 179.99809    0.06655   21.97081   21.72972    0.06657    0.03674   21.60512    0.21163   -0.43502   -0.38762    2.00000
 179.96487   -0.01004   20.95108   20.64061    0.03654    0.02017   52.34561   -4.19210    1.04694   -3.03078    2.00000
 179.97354   -0.01100   22.90282   22.57958    0.02865    0.01581   10.18559    0.88970   -2.93948   -2.60356    2.00000
 179.94112    0.05264   23.22054   22.85811    0.07898    0.04359    8.01915    6.17878   -0.59589    4.93309    2.00000
 180.02074    0.04179   23.07301   22.72958    0.04665    0.02575    9.01885   -0.98040   -1.49594   -4.85083    2.00000
 180.06418    0.01064   22.90282   22.57958    0.06505    0.03590   10.18559    1.29908   -2.33779   -7.25383    2.00000
 180.06218   -0.01191   23.31183   22.93666    0.06331    0.03494    7.40814   -0.71596   -1.46640   -0.94676    2.00000
 179.99628   -0.00472   23.43152   23.03805    0.00601    0.00332    6.72392   -2.66962   -0.31656    0.84958    2.00000
 179.87254    0.12520   22.95238   22.62375    0.17865    0.09860    9.84203   -2.48437   -0.24992   -2.31483    2.00000
 180.06825   -0.02394   23.78660   23.33504    0.07233    0.03992    5.22872    6.80959    0.51805    8.80358    2.00000
 180.03889   -0.01783   23.61578   23.19342    0.04279    0.02362    5.94172   -3.30777   -1.55991   -3.57900    2.00000
 180.24767   -0.07782   22.43957   22.16298    0.25960    0.14328   14.81768   -4.00734    0.19435   -3.07817    2.00000
 180.21503    0.23886   22.63496   22.34005    0.32139    0.17738   12.70918    1.00229    0.59831    2.63641    2.00000
 179.96783    0.03632   22.89239   22.57028    0.04851    0.02678   10.25791   -0.23486    0.18182   -3.13796    2.00000
 179.95915    0.00059   23.69996   23.26338    0.04085    0.02255    5.58948   -1.09093    3.80278    2.20110    2.00000
 179.84680   -0.01901   20.97409   20.67511    0.15438    0.08521   51.05248   -4.21051   -3.56673   -7.56610    2.00000
 179.98196   -0.19475   23.31728   22.94128    0.19559    0.10795    7.37227   -0.89079    1.06942    0.58072    2.00000
 179.94951    0.09321   21.83987   21.60725    0.10601    0.05851   23.80132   -2.54588   -1.57048   -3.72380    2.00000
 180.03133   -0.00024   23.26198   22.89410    0.03133    0.01729    7.73925   -2.96295    0.28660    1.89637    2.00000
 180.01646    0.05339   23.26686   22.89833    0.05587    0.03084    7.70632   -9.15913    0.60193   -8.71735    2.00000
 179.99033   -0.00098   23.77232   23.32325    0.00973    0.00537    5.28809   -2.03258   -1.09555    1.39858    2.00000
 180.05611    0.01293   23.20103   22.84118    0.05758    0.03178    8.15087   -2.58224   -2.83891   -4.81093    2.00000
 180.07904    0.08377   23.34721   22.96664    0.11518    0.06357    7.17499   -4.95240    0.32001   -9.04702    2.00000
 180.06078   -0.05650   22.96733   22.63704    0.08299    0.04580    9.73865   -6.86209   -0.42890   -7.86925    2.00000
 180.03252    0.01864   22.06947   21.82158    0.03748    0.02069   19.95797    2.69629   -1.26546    1.62598    2.00000
 180.02348    0.03287   22.94195   22.61445    0.04040    0.02230    9.91436   -1.71734   -5.07840   -3.14839    2.00000
 179.94736   -0.27950   21.49999   21.27916    0.28442    0.15698   31.53367   -1.71194   -3.25869   -5.20387    2.00000
 180.04747    0.03057   21.68215   21.45671    0.05647    0.03116   26.86323    0.59859   -0.59845   -0.78563    2.00000
 179.98579   -0.02931   23.26930   22.90045    0.03257    0.01798    7.68986    3.97264    1.80856    1.82773    2.00000
 180.03757   -0.03450   23.40165   23.01276    0.05101    0.02815    6.85129    1.32250   -0.59017   -1.19625    2.00000
 179.97301    0.03436   23.79851   23.34487    0.04369    0.02412    5.17924   -2.40300    1.35185    2.16842    2.00000
 179.44014   -0.22239   21.25471   21.02421    0.60241    0.33250   38.23980    7.66844   -1.01954    6.10691    2.00000
 180.03223   -0.03997   22.85066   22.53309    0.05134    0.02834   10.54722   -1.17174   -0.54392   -2.54062    2.00000
 180.06252   -0.00578   22.38932   22.11676    0.06278    0.03465   15.36812    0.49272   -0.46777    3.27392    2.00000
 179.95770   -0.00525   22.06947   21.82158    0.04263    0.02353   19.95797   -0.34889    1.62967    1.00601    2.00000
 179.94751   -0.01327   21.95985   21.71952    0.05414    0.02988   21.78814   -1.23664   -3.14251   -4.00379    2.00000
 179.97865    0.05050   23.57401   23.15853    0.05483    0.03026    6.11737   -0.44143   -0.30619   -4.48652    2.00000
 180.07318   -0.01239   22.85848   22.54006    0.07422    0.04096   10.49298    2.28457   -1.19314    3.22760    2.00000
 179.82840   -0.14361   23.00827   22.67295    0.22377    0.12350    9.45934    2.40547   -1.54326    0.72855    2.00000
 180.05884   -0.03349   22.81969   22.50547    0.06770    0.03737   10.76205    0.46705    2.34286    4.03342    2.00000
 180.03140   -0.04159   22.63757   22.34240    0.05211    0.02876   12.68127    0.91824   -0.38805    0.42890    2.00000
 180.07385   -0.07522   23.52881   23.12038    0.10542    0.05818    6.30943    0.55362    1.79126    4.05067    2.00000
 179.99545   -0.06342   23.74674   23.30213    0.06358    0.03509    5.39442    4.03992   -1.41213    1.08815    2.00000
 180.04454    0.13836   22.54737   22.26123    0.14535    0.08022   13.64784   -9.27488    0.13212   -8.60997    2.00000
 179.99583   -0.05714   23.72054   23.28043    0.05729    0.03162    5.50366    3.78261    4.73614    7.08457    2.00000
 180.00496    0.01655   22.56454   22.27678    0.01727    0.00953   13.46266    2.53079   -0.00383    0.18077    2.00000
 179.96104   -0.02969   23.68499   23.25098    0.04898    0.02703    5.65191    5.00717   -0.38473    4.36601    2.00000
 180.01230   -0.02495   23.41253   23.02198    0.02781    0.01535    6.80485    3.97770   -2.26870    4.75120    2.00000
 179.97166    0.08888   23.56389   23.15006    0.09328    0.05149    6.16001    1.74884   -3.95666    2.51754    2.00000
 180.16458    0.08156   22.77978   22.46979    0.18368    0.10138   11.16438    0.47279   -3.70032   -5.70836    2.00000
 179.99149    0.03551   22.00096   21.75779    0.03651    0.02015   21.10183   -5.20143    0.53114   -5.37650    2.00000
 179.99072    0.00394   22.94977   22.62143    0.01008    0.00557    9.86011    0.54035    2.55273    7.89610    2.00000
 179.97768    0.04451   23.72241   23.28198    0.04979    0.02748    5.49585   -1.21779    1.02729   -2.71846    2.00000
 180.03543   -0.00421   23.02740   22.68972    0.03568    0.01969    9.32889   -4.63497    0.16774   -4.80608    2.00000
 179.94402   -0.04367   23.37171   22.98739    0.07100    0.03919    7.01357   -1.72666    3.31758    1.67008    2.00000
 180.04701    0.00495   21.11862   20.86679    0.04727    0.02609   43.86910    7.14787    1.92327    8.70450    2.00000
 180.03468    0.00587   23.83185   23.37239    0.03518    0.01942    5.04069    4.27814   -3.19671   -2.10422    2.00000
 180.01312   -0.02332   22.88978   22.56796    0.02676    0.01477   10.27600   -1.94406   -1.30610   -2.88477    2.00000
 180.00395   -0.04951   18.13899   17.85470    0.04967    0.02741  310.59479    2.46995    0.77257    3.20109    2.00000
 180.01070    0.06369   20.16960   19.68807    0.06458    0.03564  104.71566    0.67721   -1.63530   -1.01215    2.00000
 180.20988    0.44266   23.25955   22.89198    0.48990    0.27039    7.75571   -3.74365   -2.70954   -3.92354    2.00000
 180.01010    0.10824   21.49288   21.27190    0.10871    0.06000   31.72457   -1.32959   -0.25438   -0.85843    2.00000
 179.99841    0.01906   23.74300   23.29903    0.01913    0.01056    5.41002   -3.28971    2.07635   -5.81960    2.00000
 180.10208    0.12208   23.03460   22.69602    0.15913    0.08783    9.27994   -0.15869   -2.80965   -5.74320    2.00000
 180.00262   -0.09000   23.82947   23.37042    0.09004    0.04969    5.05059   -1.95598    5.26070   -1.20808    2.00000
 180.01845    0.04885   23.79137   23.33897    0.05222    0.02882    5.20893   -0.32011    0.97536   -0.03230    2.00000
 179.95847    0.00603   22.88196   22.56098    0.04197    0.02316   10.33024   -4.87764    1.78698   -4.79678    2.00000
 180.09380   -0.02330   23.73364   23.29128    0.09665    0.05334    5.44904    1.57171   -1.72727    8.07479    2.00000
 179.97160    0.02453   22.74984   22.44302    0.03753    0.02071   11.48305   -0.94905   -3.55781   -1.98473    2.00000
 180.05949   -0.04065   21.92698   21.68891    0.07205    0.03977   22.33690   -2.85851    0.46278   -1.92315    2.00000
 180.01852    0.00753   20.84413   20.46335    0.01999    0.01103   59.50395   -0.36668   -3.46873   -4.08341    2.00000
 179.61331   -0.41234   22.39892   22.12560    0.56529    0.31200   15.26279    3.84589    1.93663    5.70296    2.00000
 180.02797    0.06704   22.80971   22.49655    0.07264    0.04009   10.84570   -5.17470   -0.82103   -5.38375    2.00000
 180.03334   -0.08225   23.02980   22.69182    0.08876    0.04899    9.31257   -9.21559   -0.81619  -12.67358    2.00000
 179.94940    0.04583   23.03941   22.70021    0.06827    0.03768    9.24730   -3.84534    0.57570   -3.78245    2.00000
 179.95520    0.07922   22.01740   21.77310    0.09101    0.05023   20.82730    3.63379    1.28518    4.52641    2.00000
 180.08353    0.05531   22.97810   22.64649    0.10018    0.05529    9.66515   -2.05957   -0.30484   -1.05633    2.00000
 179.98257    0.04512   18.06694   18.10300    0.04836    0.02669  271.62488    2.56796   -2.44384    0.12221    2.00000
 180.02419   -0.08428   23.44503   23.04949    0.08768    0.04839    6.66636    1.59542   -3.95595   -5.82718    2.00000
 180.03821   -0.05205   22.25385   21.99207    0.06457    0.03564   16.90065   -1.25780    1.07462   -0.66167    2.00000
 179.90842   -0.01232   21.98177   21.73993    0.09241    0.05100   21.42210    3.22486    2.39928    6.62320    2.00000
 179.98740   -0.00176   20.02330   19.53416    0.01273    0.00703  115.24114   -6.56671    1.73202   -4.83676    2.00000
 180.05798    0.01870   23.83423   23.37435    0.06092    0.03362    5.03080   -1.62332    1.49534    2.28280    2.00000
 180.04314   -0.12049   23.52611   23.11809    0.12797    0.07063    6.32095    6.77267   -1.80552    4.23464    2.00000
 179.76813    0.10017   22.80223   22.48986    0.25258    0.13941   10.92537   -0.55990   -0.16402    0.39463    2.00000
 180.00578    0.04254   22.41572   22.14108    0.04293    0.02370   15.07847    2.85266   -0.87674    1.71198    2.00000
 180.02913   -0.04251   20.74106   20.31910    0.05153    0.02844   66.93741   -1.20024   -2.38231   -3.62624    2.00000
 180.01138   -0.02255   22.14657   21.89359    0.02526    0.01394   18.66668   -0.56802   -2.50099   -2.95540    2.00000
 180.00336    0.02845   23.19616   22.83694    0.02865    0.01581    8.18380   -9.63394    0.39227  -11.31545    2.00000
 179.96928   -0.02377   21.03551   20.76163    0.03884    0.02143   47.81005    0.83591   -0.55581    0.32905    2.00000
 180.00525   -0.07960   23.28190   22.91130    0.07978    0.04403    7.60543   -1.16095   -0.96039   -1.34082    2.00000
 180.04633    0.06131   22.52394   22.23987    0.07685    0.04241   13.90215   -3.88781    1.84810   -1.48815    2.00000
 180.11281    0.02032   21.12310   20.87223    0.11463    0.06327   43.66511   -1.28210   -1.29713   -2.67875    2.00000
 180.06238   -0.10332   23.37171   22.98739    0.12069    0.06661    7.01357    1.36404   -1.88489   -3.24779    2.00000
 179.99538    0.00289   20.33480   19.86275    0.00545    0.00301   92.76885   -3.55124    0.31128   -3.36595    2.00000
 180.04030   -0.09685   23.37715   22.99200    0.10490    0.05790    6.97770   -2.61727   -3.06950   -8.29589    2.00000
 180.01134    0.11818   21.69802   21.47202    0.11873    0.06553   26.46053   -6.47707   -1.22938   -8.61609    2.00000
 179.95995   -0.02890   23.65880   23.22929    0.04939    0.02726    5.76114    2.80351   -0.83768   -0.43199    2.00000
 179.97433   -0.02121   22.44425   22.16725    0.03329    0.01838   14.76681    1.15778   -1.49740    1.93978    2.00000
 179.95357    0.14225   23.69435   23.25873    0.14964    0.08259    5.61289   -3.07749   -1.15236    2.57232    2.00000
 180.08624   -0.01213   21.89430   21.65828    0.08709    0.04807   22.88624   -4.27339    0.23092   -3.23094    2.00000
 179.91888   -0.13846   23.37443   22.98970    0.16047    0.08857    6.99564    3.76394   -0.92449    3.59984    2.00000
 180.00339    0.01433   22.38932   22.11676    0.01473    0.00813   15.36812    1.80533    2.12567    2.53812    2.00000
 180.04213   -0.01884   23.02740   22.68972    0.04615    0.02547    9.32889    3.88607    3.76623    5.32121    2.00000
 180.08163   -0.10195   23.20347   22.84329    0.13061    0.07209    8.13441    2.69984   -0.17611    2.51818    2.00000
 180.01089   -0.00182   22.33411   22.06590    0.01105    0.00610   15.97374   -0.40010    0.71625    0.95719    2.00000
 179.98112    0.47782   22.38692   22.11455    0.47819    0.26393   15.39445    7.49623    2.73445   10.22998    2.00000
 179.99033    0.02327   22.83762   22.52146    0.02520    0.01391   10.63763   -1.25246   -0.70921   -3.55516    2.00000
 180.01271   -0.01151   21.14549   20.89945    0.01715    0.00946   42.64514   -3.14891    1.16697   -2.13106    2.00000
 179.92737    0.03689   21.36418   21.14040    0.08146    0.04496   35.18363   -4.21258    0.55319   -3.80997    2.00000
 180.06773    0.00447   23.47206   23.07236    0.06788    0.03746    6.55122    2.64701   -0.19121    2.02401    2.00000
 180.02957    0.02912   21.12459   20.87404    0.04150    0.02290   43.59711    1.01610    0.81639    1.72300    2.00000
 180.11214   -0.05595   23.30367   22.92975    0.12532    0.06917    7.46195   -1.64181   -0.65888   -3.11595    2.00000
 179.94437   -0.01881   23.03460   22.69602    0.05874    0.03242    9.27994    3.30712    1.89874    2.87144    2.00000
 179.97211   -0.05634   23.48017   23.07922    0.06287    0.03470    6.51668   -1.04330   -0.81028    1.67601    2.00000
 180.02635   -0.05605   23.62060   23.19744    0.06193    0.03418    5.92145   -1.62617   -0.40515   -0.95788    2.00000
 180.18996   -0.08523   23.27918   22.90900    0.20821    0.11491    7.62329    2.93844    4.26457    7.59367    2.00000
 179.93738   -0.03083   23.35810   22.97586    0.06980    0.03852    7.10325    3.19624    4.50346    6.56569    2.00000
 180.03676    0.09746   22.53565   22.25055    0.10417    0.05749   13.77500   -7.47230   -2.75258  -10.03752    2.00000
 179.97127    0.01512   23.15958   22.80519    0.03247    0.01792    8.43077   -2.22752    1.36390    1.74349    2.00000
 179.98820   -0.04621   23.18884   22.83059    0.04769    0.02632    8.23320    0.59178    0.48641   -1.04923    2.00000
 180.10291    0.00528   23.13782   22.78623    0.10304    0.05687    8.57827    1.02617    3.37329    5.84270    2.00000
 179.82513   -0.08373   23.08261   22.73797    0.19389    0.10701    8.95358    6.48330   -2.02948    4.04798    2.00000
 179.94112    0.02986   22.98887   22.65594    0.06603    0.03644    9.59164   -2.74969   -0.67552   -3.38430    2.00000
 180.05324   -0.05019   23.71119   23.27268    0.07317    0.04038    5.54267   -0.50168    0.78543    0.96886    2.00000
 180.05916    0.00356   21.92698   21.68891    0.05927    0.03271   22.33690   -0.67327    2.02845    2.13687    2.00000
 180.01569    0.01332   22.77479   22.46533    0.02057    0.01135   11.21749   -3.84788    1.11615   -0.63920    2.00000
 179.90038   -0.10077   23.30367   22.92975    0.14170    0.07820    7.46195    0.47408   -1.45465   -4.42442    2.00000
 180.00877    0.00979   21.26887   21.03930    0.01315    0.00726   37.84308    3.32618   -0.21992    3.30508    2.00000
 179.99043    0.03703   21.83442   21.60215    0.03824    0.02111   23.89283   -7.69236    2.38901   -5.03840    2.00000
 180.04361   -0.02324   20.89425   20.54757    0.04941    0.02727   55.83242   -6.48192   -0.51954   -6.32771    2.00000
 179.96867   -0.07781   23.67938   23.24633    0.08387    0.04629    5.67531    2.55049   -1.53514   -1.85297    2.00000
 179.96555    0.02463   22.88978   22.56796    0.04235    0.02337   10.27600   -0.48322   -0.08320   -1.10753    2.00000
 180.06232    0.04409   21.96533   21.72462    0.07634    0.04213   21.69663   -3.02146   -0.93846   -3.83713    2.00000
 179.87416   -0.16270   23.34994   22.96895    0.20568    0.11352    7.15705    5.05663    1.05430    9.38660    2.00000
 180.11702   -0.03563   22.37972   22.10791    0.12233    0.06752   15.47344    3.30586    3.07522    6.49303    2.00000
 180.06566    0.08235   22.78227   22.47202    0.10532    0.05813   11.13782    2.02598    1.37949    0.44736    2.00000
 179.94662   -0.02546   22.32691   22.05926    0.05913    0.03263   16.05273   -0.63727   -2.01089   -4.38309    2.00000
 179.99100   -0.07145   23.36354   22.98047    0.07201    0.03975    7.06738   -3.03480   -0.94083   -7.50366    2.00000
 180.01445   -0.02511   23.51530   23.10895    0.02897    0.01599    6.36700    0.77584    2.13408   -8.01606    2.00000
 179.99323   -0.00060   23.02980   22.69182    0.00680    0.00375    9.31257    4.61745   -0.13433    3.72877    2.00000
 179.93620    0.02693   21.89702   21.66083    0.06925    0.03822   22.84048   -5.96665    0.22190   -5.72565    2.00000
 180.02933    0.02196   21.85347   21.62001    0.03664    0.02022   23.57255   -0.89263    0.08947    0.29541    2.00000
 179.96548   -0.08758   22.61410   22.32131    0.09413    0.05195   12.93243    1.17622    4.78567    6.37189    2.00000
 180.02739    0.02196   22.63757   22.34240    0.03511    0.01938   12.68127   -0.04682    1.68733   -2.02206    2.00000
 179.93279    0.00284   22.62453   22.33068    0.06728    0.03714   12.82081   -3.78234   -2.96066   -7.64482    2.00000
 179.95616    0.01526   23.45044   23.05406    0.04642    0.02562    6.64333   -1.83689    1.34006   -3.75452    2.00000
 179.99866   -0.01701   23.57080   23.15585    0.01706    0.00942    6.13088   -0.97245   -1.81900   -1.56272    2.00000
 179.97514    0.00641   23.22054   22.85811    0.02567    0.01417    8.01915   -0.59276   -0.16404   -1.48284    2.00000
 179.97250    0.12082   22.29241   22.02751    0.12391    0.06839   16.43089   -0.91359    0.50592    1.50354    2.00000
 179.69186    0.07379   22.34371   22.07474    0.31685    0.17488   15.86841   -0.67940   -0.59197   -2.12598    2.00000
 179.93323   -0.05825   22.49113   22.20997    0.08860    0.04890   14.25819   -2.12208    4.62080    2.88679    2.00000
 180.00443    0.02994   23.29550   22.92283    0.03026    0.01670    7.51575   -4.21898    1.25581   -2.89229    2.00000
 180.03445   -0.02458   23.76993   23.32128    0.04232    0.02336    5.29799   -1.80395    0.74791    5.29335    2.00000
 179.96309   -0.11966   22.38692   22.11455    0.12522    0.06911   15.39445    3.22747    0.73277    3.98980    2.00000
 180.08386    0.06483   23.59169   23.17329    0.10599    0.05850    6.04306    0.69448   -2.64890   -2.54624    2.00000
 180.14696   -0.62763   22.58280   22.29318    0.64461    0.35579   13.26732    4.03788   -1.70999    3.56616    2.00000
 179.84198    0.01678   22.27698   22.01333    0.15891    0.08770   16.59969   -8.22055    1.81499   -6.45457    2.00000
 179.94717   -0.03072   23.54233   23.13182    0.06111    0.03373    6.25187   -3.11612    0.30050   -7.10859    2.00000
 179.01392    0.25895   22.99534   22.66161    1.01951    0.56275    9.54754   -0.93109    3.89530    1.70371    2.00000
 179.97986   -0.10455   16.11402   15.19158    0.10647    0.05877 1136.78235   -5.07583   -4.42283   -9.49264    2.00000
 180.11406   -0.01377   23.66628   23.23548    0.11488    0.06341    5.72993    9.84427    0.83505   10.64524    2.00000
 179.99127   -0.05810   22.19987   21.94246    0.05875    0.03242   17.79032    4.57887    0.87617    4.64767    2.00000
 180.03484    0.00660   22.78726   22.47648    0.03546    0.01957   11.08471    0.93171   -0.34348   -1.71068    2.00000
 179.95996   -0.00381   20.74680   20.32659    0.04022    0.02220   66.55171    2.13869    0.11958    2.21140    2.00000
 179.96873    0.01933   23.39892   23.01045    0.03676    0.02029    6.86289    3.85152    1.08608    8.13697    2.00000
 180.00391   -0.05133   18.00129   17.60003    0.05148    0.02841  354.02966    1.86500    1.92199    3.77364    2.00000
 180.02068    0.06210   22.68452   22.38458    0.06546    0.03613   12.17895    2.36826   -2.53221   -0.07517    2.00000
 180.01730   -0.00866   22.98780   22.65500    0.01934    0.01068    9.59899   -5.20419    2.06379   -2.58132    2.00000
 179.99976    0.01843   22.09769   21.84839    0.01843    0.01017   19.47719    1.60511   -2.19630   -0.49779    2.00000
 180.00716   -0.03455   23.29278   22.92052    0.03528    0.01947    7.53369   -1.38144   -2.29629   -1.24320    2.00000
 179.97163   -0.01352   21.80176   21.57153    0.03143    0.01735   24.44187    0.55992   -3.52894   -1.71861    2.00000
 179.97369    0.05045   22.15533   21.90160    0.05690    0.03140   18.52298   -7.58835    1.15658   -7.33614    2.00000
 180.00584    0.03391   20.99592   20.70726    0.03441    0.01899   49.84765    3.25128   -1.32241    2.49233    2.00000
 179.91382    0.06883   23.46395   23.06550    0.11029    0.06087    6.58576   -5.87965    1.33254   -5.57550    2.00000
 180.02254   -0.03117   22.28984   22.02514    0.03846    0.02122   16.45903   -2.90724   -4.76303   -7.34692    2.00000
 179.95271    0.02098   23.72803   23.28663    0.05172    0.02855    5.47245    5.71700   -1.96334    0.19981    2.00000
 180.11684    0.05637   23.30911   22.93436    0.12972    0.07160    7.42608   -3.82161    2.31898   -1.78453    2.00000
 180.05447   -0.14326   21.64259   21.41857    0.15326    0.08459   27.86649    2.51480    1.83417    3.14939    2.00000
 179.92926   -0.00204   23.38259   22.99661    0.07077    0.03906    6.94184   -0.68383    0.57663    3.77529    2.00000
 180.02893   -0.01437   22.47472   22.19502    0.03230    0.01783   14.43621   -4.39901   -1.28299   -5.13073    2.00000
 180.21855    0.12457   23.51800   23.11123    0.25156    0.13884    6.35549   -3.95896   -2.51804   -6.02202    2.00000
 180.06944    0.06322   22.27184   22.00861    0.09391    0.05183   16.65595   -3.93544   -2.22041   -6.56459    2.00000
 179.97307    0.02711   23.66628   23.23548    0.03821    0.02109    5.72993   -1.68303   -0.07351   -0.70267    2.00000
 179.98373    0.09981   22.38212   22.11012    0.10112    0.05581   15.44711    0.39827    0.78532    3.09276    2.00000
 180.03157   -0.01618   19.81170   19.31230    0.03547    0.01958  134.12054   -4.84104   -0.00484   -4.85468    2.00000
 179.97354    0.05194   23.38259   22.99661    0.05829    0.03217    6.94184    6.25277   -2.94480   -1.10538    2.00000
 180.11960   -0.10109   22.23586   21.97553    0.15660    0.08643   17.19721   -1.32331   -4.17922   -3.68874    2.00000
 180.02773    0.12291   22.48878   22.20783    0.12599    0.06954   14.28362   -4.59233    0.16610   -2.76555    2.00000
 180.01135    0.05914   23.78660   23.33504    0.06022    0.03324    5.22872    0.11009   -0.28979   -0.97160    2.00000
 179.98602    0.01132   23.83423   23.37435    0.01798    0.00993    5.03080   -3.80101   -2.79992   -5.93272    2.00000
 180.00758   -0.03494   22.37492   22.10349    0.03575    0.01973   15.52610   -2.65293    5.54699    4.53503    2.00000
 180.01654    0.24130   23.14502   22.79252    0.24187    0.13349    8.52932    1.93942    0.37482    0.63753    2.00000
 179.95897    0.01743   22.76980   22.46086    0.04458    0.02461   11.27060    1.34740    0.66981    1.69009    2.00000
 179.99443   -0.07168   23.12582   22.77574    0.07190    0.03968    8.65986    6.03057    1.36368    6.93942    2.00000
 179.92123   -0.00199   23.46395   23.06550    0.07879    0.04348    6.58576   -0.79348   -0.41579    1.73082    2.00000
 179.98784   -0.06529   22.57497   22.28615    0.06641    0.03665   13.35104    4.28543    2.84471    7.91853    2.00000
 179.88422   -0.08799   23.26198   22.89410    0.14542    0.08026    7.73925   -6.82091    1.81562    1.17041    2.00000
 180.09001    0.03077   23.33088   22.95280    0.09512    0.05250    7.28260   -3.84171   -0.53941   -3.15050    2.00000
 179.97739   -0.05943   21.93519   21.69655    0.06359    0.03510   22.19992   -9.02346    1.36236   -7.36199    2.00000
 179.99538    0.02921   21.97629   21.73482    0.02958    0.01632   21.51361   -6.76275   -0.03273   -6.02307    2.00000
 179.96983   -0.00103   21.14699   20.90126    0.03019    0.01666   42.57715   -1.97748   -0.37352   -2.05024    2.00000
 179.99263    0.14100   23.35810   22.97586    0.14119    0.07792    7.10325   -0.42163   -2.57542   -5.36441    2.00000
 179.90298   -0.27178   22.29498   22.02987    0.28858    0.15927   16.40276    1.72061   -1.42587   -0.62678    2.00000
 180.01170    0.00431   23.48557   23.08379    0.01247    0.00688    6.49365    3.06045   -0.48651    2.51813    2.00000
 180.05072    0.03600   23.71867   23.27888    0.06220    0.03433    5.51146   -3.55155    2.36900   -4.44682    2.00000
 179.99683   -0.03352   22.47003   22.19075    0.03367    0.01859   14.48707   -4.67728   -1.66137   -4.85148    2.00000
 179.79825   -0.06679   22.90804   22.58423    0.21252    0.11729   10.14942    8.66940    1.67885   14.34079    2.00000
 179.95374    0.00585   23.23760   22.87293    0.04664    0.02574    7.90390    4.77694    3.31598   10.69363    2.00000
 179.95288   -0.04210   23.18640   22.82847    0.06319    0.03487    8.24966   -4.70944    0.13146   -9.06525    2.00000
 180.02959   -0.03735   23.63185   23.20684    0.04765    0.02630    5.87416   -1.61942    4.56541    3.58431    2.00000
 180.05571    0.05162   23.41525   23.02428    0.07595    0.04192    6.79324   -0.64325   -1.79904   -9.00341    2.00000
 179.87804    0.09292   20.30689   19.83304    0.15333    0.08462   94.80081   -1.74971   -1.13617   -2.62260    2.00000
 179.81264    0.11741   23.59169   23.17329    0.22110    0.12203    6.04306   -1.86874   -0.57529   -9.82870    2.00000
 180.05553    0.06215   22.70992   22.40734    0.08334    0.04600   11.90796   -2.79525    1.02698   -4.91512    2.00000
