#RA        DEC       MAG_G     MAG_I     ANGSEP    RPROJ     SNR       VTRUE       VSYS       VMEAS      VSYSERR    
 180.16641   -0.26014   22.44660   22.16939    0.30881    0.17044   14.74138    3.01331   -1.30660    4.00725    2.00000
 180.12228    0.08159   23.51800   23.11123    0.14701    0.08114    6.35549   -1.38277   -1.92314   -1.36390    2.00000
 179.99213    0.01611   23.39620   23.00814    0.01793    0.00990    6.87450   -0.76744   -2.60056   -2.00509    2.00000
 179.88704    0.16080   23.49368   23.09065    0.19651    0.10846    6.45911    2.47018   -0.04479    5.51749    2.00000
 180.03894   -0.00139   22.25385   21.99207    0.03896    0.02150   16.90065   -2.01922   -0.56182   -2.10990    2.00000
 179.93182   -0.07576   22.53800   22.25268    0.10192    0.05625   13.74957    2.06567   -2.75598   -1.55493    2.00000
 180.11244    0.22239   21.22922   20.99674    0.24920    0.13754   38.99879    2.87054   -2.16929    1.04078    2.00000
 179.99825    0.04868   23.03941   22.70021    0.04872    0.02689    9.24730   -2.55300    1.19667   -1.65104    2.00000
 179.97969    0.00044   20.95000   20.63885    0.02032    0.01121   52.41148   -2.11712    0.40251   -1.47472    2.00000
 179.95876    0.21872   22.41812   22.14329    0.22258    0.12284   15.05214   -2.01865   -1.73154   -5.96270    2.00000
 180.06883    0.02750   21.68479   21.45926    0.07413    0.04092   26.79611    0.42224   -0.76365    0.87402    2.00000
 180.06569    0.03826   22.43957   22.16298    0.07602    0.04196   14.81768   -1.45647   -1.78523   -2.64923    2.00000
 180.06380    0.25073   23.59811   23.17866    0.25872    0.14280    6.01603    0.22022    1.48416    4.06022    2.00000
 180.08836   -0.09307   21.08129   20.82143    0.12833    0.07083   45.56904   -0.29977    0.34764   -0.36664    2.00000
 179.95238    0.05987   22.30269   22.03696    0.07650    0.04222   16.31837    0.54394   -2.24567   -1.78477    2.00000
 179.97845   -0.02547   23.26442   22.89621    0.03336    0.01841    7.72278    0.53484    0.85661    1.17574    2.00000
 179.93398    0.05684   22.25385   21.99207    0.08712    0.04808   16.90065    1.33783   -0.37400    1.72754    2.00000
 180.03210    0.28267   23.70932   23.27113    0.28448    0.15701    5.55047    3.17769   -1.27190   -3.80779    2.00000
 180.10591   -0.01213   23.72990   23.28818    0.10660    0.05884    5.46464    4.35052   -0.74250    6.18632    2.00000
 179.96034   -0.02517   23.33361   22.95511    0.04697    0.02592    7.26466    3.74610   -1.14972    4.09000    2.00000
 180.12570    0.22424   21.44503   21.22301    0.25707    0.14189   33.01057   -5.70267    2.13831   -4.15852    2.00000
 179.88062    0.01297   22.95238   22.62375    0.12008    0.06628    9.84203    0.57121   -2.16964   -2.30363    2.00000
 180.01486    0.02888   20.95538   20.64755    0.03248    0.01793   52.08529    4.50342   -2.16357    2.20418    2.00000
 180.05525    0.16442   23.52341   23.11581    0.17345    0.09573    6.33246    1.79918    0.73758    4.27687    2.00000
 180.03287    0.01868   22.67409   22.37521    0.03781    0.02087   12.29058    0.02002   -2.60228   -2.11597    2.00000
 180.03491   -0.00469   23.46665   23.06778    0.03522    0.01944    6.57425    1.71165   -0.43908   -2.16872    2.00000
 180.04083   -0.00400   22.97702   22.64555    0.04103    0.02265    9.67250   -0.85320    1.82048    0.58375    2.00000
 179.98865   -0.07096   20.80801   20.40659    0.07186    0.03966   62.42884   -1.65504    0.51134   -1.10444    2.00000
 180.15112   -0.03520   21.31133   21.08454    0.15516    0.08564   36.65289    2.62393    0.31446    2.40180    2.00000
 179.98659   -0.03896   23.13302   22.78203    0.04121    0.02274    8.61091   -0.86920    2.92423    0.56633    2.00000
 180.01511   -0.01771   20.95538   20.64755    0.02327    0.01285   52.08529    7.84198    0.56903    8.24063    2.00000
 179.98598    0.01626   21.53019   21.31000    0.02147    0.01185   30.72231   -5.85860   -5.01418  -10.94637    2.00000
 179.99043    0.00153   21.32953   21.10393    0.00968    0.00534   36.14281   -3.15647    0.69881   -2.29955    2.00000
 179.98247   -0.00071   23.74300   23.29903    0.01754    0.00968    5.41002   -2.03797   -2.33622    5.03898    2.00000
 179.94644   -0.13550   23.49908   23.09523    0.14570    0.08042    6.43608    8.41496    0.12688   11.10691    2.00000
 179.95486   -0.00758   19.62790   19.12003    0.04577    0.02526  151.06549    3.40277   -2.35666    1.23383    2.00000
 180.04887   -0.13376   23.52611   23.11809    0.14241    0.07860    6.32095   -2.05190   -2.43487  -10.12574    2.00000
 179.93987    0.04090   23.14984   22.79673    0.07272    0.04014    8.49659    1.31732   -0.80228   -0.06000    2.00000
 180.02792    0.01673   23.54773   23.13639    0.03256    0.01797    6.22884    0.12477   -1.96851   -3.59321    2.00000
 180.01714   -0.02568   23.35538   22.97356    0.03087    0.01704    7.12118   -1.46575    1.55338   -3.23879    2.00000
 180.00226    0.13653   23.16202   22.80731    0.13655    0.07536    8.41431   -4.75678   -3.56146   -7.53720    2.00000
 180.03758   -0.01396   23.03701   22.69811    0.04010    0.02213    9.26362    2.25561   -0.23165    1.51987    2.00000
 179.98839    0.06162   21.22423   20.99134    0.06271    0.03461   39.20136    0.82591   -2.06687   -1.15356    2.00000
 179.95250   -0.01187   21.97903   21.73738    0.04896    0.02702   21.46786   -4.38415   -1.50021   -6.60788    2.00000
 179.93552    0.10869   23.24004   22.87504    0.12637    0.06975    7.88743    0.53308    2.21208    5.49753    2.00000
 180.04086    0.02549   22.11086   21.86092    0.04816    0.02658   19.25249    4.92323    0.96192    8.23436    2.00000
 179.96005   -0.04376   22.91847   22.59353    0.05924    0.03270   10.07709    2.73117    0.23102    3.31470    2.00000
 179.96599   -0.05212   22.90543   22.58191    0.06224    0.03435   10.16750   -6.68202   -1.21496   -8.06407    2.00000
 180.01189    0.00649   20.36017   19.88998    0.01355    0.00748   90.90622   -3.22677    4.51183    1.29475    2.00000
 179.96536    0.05978   23.48287   23.08150    0.06908    0.03813    6.50517    3.12072   -0.74343   -0.39029    2.00000
 179.99124    0.03026   23.73177   23.28973    0.03150    0.01739    5.45684    2.06530   -2.10483    3.33498    2.00000
 180.09621   -0.25172   22.64540   22.34943    0.26948    0.14873   12.59755    5.35378    0.47396    1.37968    2.00000
 179.82271   -0.00780   22.10699   21.85723    0.17746    0.09795   19.31857    5.51006    1.47484    8.51841    2.00000
 180.00084    0.00339   23.60454   23.18403    0.00349    0.00193    5.98901    1.58633   -2.17718    1.50174    2.00000
 179.98566    0.06203   21.02553   20.74848    0.06367    0.03514   48.30303    0.82668   -1.69026   -0.99233    2.00000
 179.87320    0.00196   22.90804   22.58423    0.12682    0.06999   10.14942    2.69832    1.04402    5.01314    2.00000
 180.11743   -0.09477   22.62192   22.32834    0.15090    0.08329   12.84871    2.66030   -0.15635    1.72885    2.00000
 180.02380   -0.00059   23.14502   22.79252    0.02382    0.01315    8.52932    0.71396    2.00379   -0.30437    2.00000
 180.04807    0.01029   20.96161   20.65674    0.04915    0.02713   51.74096   -2.66583    0.26945   -2.64335    2.00000
 180.02216    0.00735   23.46125   23.06321    0.02335    0.01289    6.59727    5.45173    2.11984    8.43987    2.00000
 180.00600   -0.07676   22.05851   21.81137    0.07700    0.04250   20.14099   -8.31847    2.56294   -5.12642    2.00000
 180.01865   -0.12007   23.59490   23.17597    0.12150    0.06706    6.02954   -4.37458    4.33679   -3.08769    2.00000
 180.11493   -0.12280   23.10661   22.75895    0.16819    0.09283    8.79040   -3.89149   -0.38004   -8.33786    2.00000
 179.99336    0.05836   23.38532   22.99892    0.05874    0.03242    6.92390   -2.60831    0.34639   -6.28723    2.00000
 179.97600   -0.01851   23.29006   22.91822    0.03031    0.01673    7.55162   -5.64068    0.21394   -8.04280    2.00000
 179.93633   -0.08137   22.80223   22.48986    0.10333    0.05703   10.92537    4.99865    1.08460    7.44020    2.00000
 180.01210   -0.06142   23.23273   22.86869    0.06260    0.03455    7.93683    5.52472   -0.25053    4.16735    2.00000
 180.00162   -0.02329   23.16202   22.80731    0.02335    0.01289    8.41431    1.94789   -1.09044    1.00436    2.00000
 180.10062   -0.10113   23.71119   23.27268    0.14266    0.07874    5.54267   -4.88064    0.90025   -3.81879    2.00000
 179.99414    0.00018   23.13062   22.77993    0.00586    0.00323    8.62723    0.29805   -1.37822   -3.70184    2.00000
 179.91756    0.02464   23.64149   23.21489    0.08604    0.04749    5.83362    2.46009    1.30943    6.89575    2.00000
 179.98637   -0.02115   21.81265   21.58173    0.02515    0.01388   24.25886   -1.81930    1.06429   -0.72187    2.00000
 179.99251    0.04591   23.67938   23.24633    0.04652    0.02568    5.67531   -4.13989   -0.73431   -2.87624    2.00000
 179.96239    0.02231   22.75233   22.44525    0.04373    0.02414   11.45650   -3.32281   -1.74294   -5.45346    2.00000
 180.05704    0.06327   23.12342   22.77364    0.08518    0.04701    8.67618    3.95076   -1.66107    1.99821    2.00000
 180.12544   -0.02898   22.06947   21.82158    0.12875    0.07106   19.95797   -1.02320    0.59897   -1.21581    2.00000
 179.99390   -0.04568   23.72241   23.28198    0.04609    0.02544    5.49585   -7.18228    2.02543   -8.84941    2.00000
 180.02501   -0.02999   22.72988   22.42518    0.03905    0.02155   11.69551   -2.62415    0.98342   -0.03580    2.00000
 179.97029   -0.01670   23.37171   22.98739    0.03408    0.01881    7.01357   -1.08304    1.08881   -4.58083    2.00000
 179.99461   -0.01222   23.04661   22.70651    0.01336    0.00737    9.19835    7.09670   -0.02601    5.81738    2.00000
 180.01073    0.14671   23.30095   22.92744    0.14710    0.08119    7.47988   -2.57525   -1.58474   -7.21409    2.00000
 180.05321    0.04337   22.17160   21.91647    0.06864    0.03788   18.25633   -4.02544    0.14223   -3.40372    2.00000
 180.14886   -0.08346   21.15710   20.91344    0.17066    0.09419   42.12082   -3.54555    1.48047   -1.96290    2.00000
 179.96101    0.02184   23.76279   23.31538    0.04470    0.02467    5.32768   -1.13746   -0.11518   -2.29109    2.00000
 180.05450   -0.06736   23.48557   23.08379    0.08665    0.04782    6.49365    4.94083   -0.91287   10.89597    2.00000
 180.03619   -0.00666   22.67669   22.37755    0.03679    0.02031   12.26267   -2.74002   -0.35063   -1.59168    2.00000
 180.02927    0.00753   22.77728   22.46756    0.03021    0.01667   11.19093    7.00123   -0.50938    5.94065    2.00000
 180.03293    0.03088   22.86370   22.54471    0.04514    0.02491   10.45681    4.62624    0.64937    2.61140    2.00000
 179.89799   -0.07735   23.58365   23.16658    0.12801    0.07065    6.07684   -3.74381   -0.95765   -7.29930    2.00000
 179.98640   -0.02498   23.33905   22.95972    0.02844    0.01569    7.22879    2.87754    1.09943    5.33781    2.00000
 179.96936   -0.00494   21.67421   21.44906    0.03104    0.01713   27.06457   -0.62805    0.59772   -0.30689    2.00000
 180.02464    0.31983   22.78227   22.47202    0.32078    0.17705   11.13782    0.93593    0.33393    0.34281    2.00000
 180.00394   -0.07591   22.94716   22.61910    0.07601    0.04195    9.87819    3.49538   -3.89499    0.77394    2.00000
 179.96394    0.00383   22.30526   22.03932    0.03626    0.02001   16.29024    1.11954    1.24940    1.80574    2.00000
 179.98453   -0.05690   23.08981   22.74427    0.05896    0.03254    8.90463   -0.14880   -0.93298   -1.79533    2.00000
 179.90883   -0.19947   22.06673   21.81902    0.21932    0.12105   20.00373   -1.86742   -0.90196   -3.45876    2.00000
 180.00333    0.02351   22.05303   21.80627    0.02374    0.01310   20.23250    2.33892    3.30384    5.63579    2.00000
 179.98627   -0.40966   23.25223   22.88563    0.40989    0.22623    7.80511   -0.68466    2.31479   -0.06521    2.00000
 179.98392   -0.02051   21.43199   21.20969    0.02606    0.01439   33.36107   -0.03422    2.13267    2.41685    2.00000
 179.93578   -0.05162   23.80327   23.34880    0.08240    0.04548    5.15945    3.70249    3.05065    8.33655    2.00000
 179.97211    0.05695   23.56125   23.14782    0.06342    0.03500    6.17127    0.71722    0.63342   -3.30290    2.00000
 179.81714   -0.09742   21.26684   21.03714    0.20719    0.11435   37.89975   -4.25483    0.84260   -2.63066    2.00000
 180.18303    0.23424   23.64631   23.21892    0.29727    0.16407    5.81335    1.73619    0.09668    0.96673    2.00000
 179.94093   -0.01433   17.94008   17.53141    0.06078    0.03354  365.73267    1.87824    4.52172    6.41340    2.00000
 179.87178    0.08191   22.31251   22.04600    0.15215    0.08397   16.21072    1.54609    1.06349    1.66296    2.00000
 180.13374   -0.10065   20.95431   20.64588    0.16738    0.09238   52.14799   -1.21318   -0.41353   -1.36781    2.00000
 179.95091    0.02992   23.59169   23.17329    0.05749    0.03173    6.04306    5.72227   -2.00987    2.84946    2.00000
 179.98972   -0.07189   22.29755   22.03223    0.07262    0.04008   16.37463   -1.36317    1.11213   -0.33494    2.00000
 179.93756    0.04431   23.37987   22.99431    0.07657    0.04226    6.95977   -1.38133    0.39783   -7.89350    2.00000
 179.98944    0.03111   22.85848   22.54006    0.03285    0.01813   10.49298    3.81129   -1.85889   -0.35630    2.00000
 180.04520    0.06490   22.53800   22.25268    0.07909    0.04365   13.74957    1.68095    2.44201    5.39008    2.00000
 179.99078    0.01206   21.07980   20.81961    0.01517    0.00837   45.63704    2.99863   -0.50403    2.95655    2.00000
 180.04424   -0.23525   22.70493   22.40288    0.23937    0.13211   11.96107   -2.42608    1.72448   -0.23900    2.00000
 180.11253   -0.29098   22.18188   21.92592    0.31198    0.17219   18.08687   -0.63413   -3.43885   -5.33341    2.00000
 180.00768   -0.02685   21.29516   21.06731    0.02793    0.01541   37.10630   -0.12152   -1.08206   -1.39914    2.00000
 179.89185   -0.03861   22.78976   22.47871    0.11485    0.06339   11.05815    4.34944    2.58359    8.32853    2.00000
 179.92491    0.02124   23.26442   22.89621    0.07804    0.04307    7.72278   -2.19985    0.53728   -0.82867    2.00000
 180.08640    0.11564   22.20244   21.94482    0.14435    0.07967   17.74795   -1.65633    1.61972    0.20340    2.00000
 179.98125   -0.01351   23.54233   23.13182    0.02311    0.01275    6.25187    2.20892   -1.50754    1.71819    2.00000
 179.97363    0.03372   23.08981   22.74427    0.04281    0.02363    8.90463   -0.08387   -0.10553   -3.09696    2.00000
 180.02457   -0.02009   23.53152   23.12267    0.03173    0.01751    6.29792    0.76793    2.23278    4.69331    2.00000
 180.01714   -0.01555   22.06399   21.81647    0.02315    0.01278   20.04948   -5.43641    2.75999   -2.72580    2.00000
 180.04436    0.00566   23.19128   22.83271    0.04471    0.02468    8.21673   -1.43334   -4.19659   -7.26011    2.00000
 179.99261    0.00537   23.31183   22.93666    0.00913    0.00504    7.40814   -1.56131   -0.28607    3.94969    2.00000
 180.01544   -0.04882   22.72988   22.42518    0.05120    0.02826   11.69551    0.93034    1.72593    5.41198    2.00000
 179.92233   -0.12556   21.60340   21.38090    0.14764    0.08149   28.85740   -4.79294   -0.63600   -5.23463    2.00000
 180.17805   -0.01228   23.37987   22.99431    0.17848    0.09851    6.95977   -0.33347    3.35912    2.16312    2.00000
 180.10751   -0.00359   23.37715   22.99200    0.10758    0.05937    6.97770   -1.45499   -1.16431   -5.49261    2.00000
 179.99388    0.00103   22.66105   22.36349    0.00620    0.00342   12.43011   -3.88688   -0.68777   -5.19267    2.00000
 180.06844    0.04602   22.87153   22.55169    0.08247    0.04551   10.40257   -0.23370   -0.70489   -1.45467    2.00000
 179.95576   -0.02752   22.38692   22.11455    0.05210    0.02876   15.39445   -2.76561    0.40271   -0.69169    2.00000
 180.04305   -0.01498   22.64800   22.35177    0.04558    0.02516   12.56964   -0.09132   -3.40440   -2.17034    2.00000
 180.44066   -0.02807   21.85620   21.62256    0.44155    0.24371   23.52679    1.57776   -0.08318    1.17771    2.00000
 180.04604    0.00227   21.64259   21.41857    0.04609    0.02544   27.86649   -2.51714   -0.02640   -1.43010    2.00000
 179.99940    0.07216   18.35141   17.76286    0.07217    0.03983  326.25702    5.25037    1.41363    6.63118    2.00000
 179.85628   -0.02207   22.14218   21.88958    0.14541    0.08026   18.73853    2.23585   -0.39255    1.38899    2.00000
 179.99312   -0.02362   22.46066   22.18220    0.02461    0.01358   14.58880   -3.38422   -0.75970   -6.50485    2.00000
 180.10748    0.17787   22.20758   21.94954    0.20783    0.11470   17.66322    5.64415   -0.77250    6.18570    2.00000
 179.97865    0.01668   22.78976   22.47871    0.02709    0.01495   11.05815   -3.69139    0.73538   -4.26018    2.00000
 179.79726    0.07032   22.87153   22.55169    0.21459    0.11843   10.40257   -0.71330   -1.79680   -4.80548    2.00000
 180.39197   -0.51832   23.60614   23.18537    0.64984    0.35867    5.98225    4.98119   -0.21887    4.83404    2.00000
 179.96799   -0.02560   23.36899   22.98509    0.04099    0.02262    7.03151   -1.38863   -3.85778   -7.62084    2.00000
 179.99107    0.04460   23.06821   22.72539    0.04548    0.02510    9.05149   -3.11939   -0.32739   -4.20488    2.00000
 179.98621   -0.10176   20.41781   19.95188    0.10269    0.05668   86.67297   -8.79434    3.22128   -5.39941    2.00000
 179.97104    0.05336   21.54695   21.32664    0.06071    0.03351   30.28473    0.77980   -4.09390   -3.66673    2.00000
 180.05099    0.00443   23.37443   22.98970    0.05119    0.02825    6.99564   -2.00894    2.28876    0.35243    2.00000
 179.97658   -0.03870   21.06545   20.80109    0.04524    0.02497   46.33110    3.62744    1.22751    4.85016    2.00000
 180.06088    0.05095   21.77211   21.54346    0.07938    0.04381   24.94517   -0.98416    0.48088   -1.39072    2.00000
 180.20721   -0.31289   22.67409   22.37521    0.37528    0.20713   12.29058    0.24087   -0.38040    1.95674    2.00000
 180.03595    0.04750   23.75565   23.30949    0.05957    0.03288    5.35737    2.77707   -4.34772    0.77878    2.00000
 180.02097   -0.10078   21.01555   20.73532    0.10294    0.05681   48.79601    0.01017   -2.70636   -2.32600    2.00000
 179.95811    0.20194   19.65306   19.14644    0.20624    0.11383  148.73846   -0.40737   -2.03846   -2.53597    2.00000
 179.96043    0.34814   23.61900   23.19610    0.35038    0.19339    5.92821    2.84660   -0.90755    9.04905    2.00000
 179.97243   -0.16163   21.84803   21.61490    0.16397    0.09050   23.66405   -5.07988   -3.10095   -7.70903    2.00000
 180.21104   -0.02847   22.77728   22.46756    0.21296    0.11754   11.19093    1.72889   -2.24544   -1.46952    2.00000
 180.12991    0.00265   22.70743   22.40511    0.12994    0.07172   11.93451    2.48123    1.55031    5.61846    2.00000
 179.96765    0.05692   22.71741   22.41403    0.06547    0.03613   11.82829   -5.52583    2.11814   -2.27027    2.00000
 180.02818    0.03159   23.06101   22.71909    0.04234    0.02337    9.10044   -2.31598   -4.12997   -5.17841    2.00000
 180.01370   -0.05880   21.69538   21.46947    0.06037    0.03332   26.52765   -4.20560    2.02657   -2.26823    2.00000
 180.01350    0.00810   21.43460   21.21235    0.01575    0.00869   33.29097   -3.46526   -5.23181   -8.85383    2.00000
 180.08397    0.04885   23.14984   22.79673    0.09714    0.05361    8.49659   -1.70551   -1.97669   -1.74648    2.00000
 180.10284    0.03148   22.86109   22.54239    0.10755    0.05936   10.47490    3.62582   -2.15660    3.02323    2.00000
 180.00882    0.03791   22.51925   22.23560    0.03892    0.02148   13.95302    3.63686   -2.89210   -1.16424    2.00000
 179.99986    0.00208   23.27418   22.90468    0.00208    0.00115    7.65693   -1.54538    2.63236    5.73426    2.00000
 180.00356   -0.03968   23.64631   23.21892    0.03984    0.02199    5.81335    5.75122    2.15451    5.52530    2.00000
 179.97925    0.06434   23.31183   22.93666    0.06760    0.03731    7.40814   -1.19842   -0.09294   -1.99150    2.00000
 179.99828    0.01952   20.99800   20.71032    0.01960    0.01082   49.73290    2.85846   -0.90806    2.32513    2.00000
 180.03943   -0.23724   23.40165   23.01276    0.24050    0.13274    6.85129   -2.30359   -0.57479   -0.34627    2.00000
 180.01752    0.02840   21.73242   21.50519    0.03337    0.01842   25.63148   -1.77023   -1.87857   -2.83720    2.00000
 180.12202    0.21181   22.94195   22.61445    0.24445    0.13492    9.91436   -2.05445    1.49925   -1.65471    2.00000
 180.01617   -0.09153   23.60293   23.18268    0.09295    0.05130    5.99576    2.75885   -0.50093   -0.15467    2.00000
 179.90221   -0.00256   22.40612   22.13224    0.09784    0.05400   15.18380    3.03179   -0.00698    3.76905    2.00000
 180.02020    0.05541   23.77470   23.32521    0.05898    0.03255    5.27820   -1.77221    0.62599    6.93195    2.00000
 179.99144   -0.09772   23.72241   23.28198    0.09809    0.05414    5.49585   -8.45200    2.72076   -7.36049    2.00000
 180.02954    0.04223   22.85848   22.54006    0.05153    0.02844   10.49298    1.82787    1.62648    2.37129    2.00000
 180.06952    0.00897   22.35331   22.08359    0.07010    0.03869   15.76309    3.39932   -2.83410    0.37286    2.00000
 180.02007    0.04403   23.42070   23.02890    0.04839    0.02671    6.77002    0.09069   -0.72893   -1.87001    2.00000
 180.03017    0.09083   23.78660   23.33504    0.09571    0.05282    5.22872    1.83141   -1.48725    0.36114    2.00000
 179.93730    0.19708   23.58365   23.16658    0.20681    0.11414    6.07684    4.04456    0.58298    3.73190    2.00000
 180.02121    0.02780   23.77946   23.32914    0.03497    0.01930    5.25841   -3.78431   -2.13085   -0.02792    2.00000
 179.98726    0.09606   22.84284   22.52611    0.09690    0.05348   10.60147    4.45927   -2.30863    1.15517    2.00000
 180.06737    0.05266   23.04901   22.70860    0.08551    0.04719    9.18203    0.65535    0.67340    2.18390    2.00000
 180.03403    0.01015   23.17665   22.82001    0.03551    0.01960    8.31552    4.01866    2.29994    8.53313    2.00000
 180.03107   -0.07224   22.93151   22.60515    0.07864    0.04340    9.98668   -2.35794    0.22096   -1.63058    2.00000
 180.04996    0.14296   22.91326   22.58888    0.15144    0.08358   10.11326    0.92276   -1.26538   -0.28947    2.00000
 179.98322    0.00781   23.50990   23.10437    0.01850    0.01021    6.39003   -2.71016   -1.11400   -3.86143    2.00000
 179.95442    0.03095   23.27418   22.90468    0.05510    0.03041    7.65693    6.51920   -4.22546    3.39537    2.00000
 180.13493   -0.25238   22.79974   22.48763    0.28619    0.15796   10.95192    2.94146   -0.04456    5.56274    2.00000
 180.03139    0.05296   21.01057   20.72875    0.06156    0.03398   49.04222    4.56734   -0.59886    4.34698    2.00000
 180.08194    0.04269   22.86109   22.54239    0.09240    0.05100   10.47490   -3.29118    5.02549    0.50737    2.00000
 180.00298    0.14452   23.32816   22.95050    0.14455    0.07978    7.30053   -2.13393   -1.64516   -3.41680    2.00000
 179.99123   -0.00267   23.48827   23.08608    0.00918    0.00507    6.48214    0.86390    2.58501    3.08381    2.00000
 180.21997    0.01468   21.64259   21.41857    0.22046    0.12168   27.86649    4.43356   -0.52037    4.94745    2.00000
 179.98415   -0.05207   20.43626   19.97169    0.05444    0.03004   85.31832    1.95090    1.92140    4.04687    2.00000
 179.94826   -0.06708   23.43152   23.03805    0.08472    0.04676    6.72392   -0.65356    1.43194   -2.28152    2.00000
 179.99857    0.00998   23.64149   23.21489    0.01008    0.00557    5.83362    4.61583   -2.15595    0.74731    2.00000
 179.85773    0.07291   22.07909   21.83070    0.15987    0.08824   19.79442   -2.38865   -0.71593   -4.27916    2.00000
 179.76260   -0.32154   23.24248   22.87716    0.39968    0.22060    7.87097   -4.18354   -1.69400   -7.65869    2.00000
 180.03210   -0.00595   23.00934   22.67390    0.03266    0.01803    9.45199   -1.04748    2.02437   -0.42152    2.00000
 179.99817   -0.07633   22.29755   22.03223    0.07635    0.04214   16.37463    5.68479   -3.28797    1.81715    2.00000
 180.02911    0.00813   21.24864   21.01775    0.03024    0.01669   38.40983    1.79091    0.14054    2.33793    2.00000
 180.03618    0.03114   23.46935   23.07007    0.04774    0.02635    6.56273   -0.80018   -0.96744   -1.52976    2.00000
 179.78552   -0.12311   21.47111   21.24966    0.24729    0.13649   32.30959   -0.19357    0.82464    0.22524    2.00000
 180.02568   -0.01672   22.70743   22.40511    0.03064    0.01691   11.93451    0.09506   -1.08739   -2.39889    2.00000
 180.04445    0.03397   23.59008   23.17195    0.05595    0.03088    6.04981   -5.76781    0.76863   -5.93172    2.00000
 180.00159   -0.05963   23.84138   23.38025    0.05965    0.03292    5.00111    3.21833    1.96724    2.31078    2.00000
 180.09785    0.03627   23.64149   23.21489    0.10436    0.05760    5.83362    4.39066    2.18293    0.51438    2.00000
 179.94611    0.04259   21.61897   21.39587    0.06869    0.03791   28.46366    1.78050    0.11930    3.27754    2.00000
 179.78714   -0.26652   21.09921   20.84320    0.34109    0.18826   44.75307   15.23515    1.01685   15.98501    2.00000
 180.02455   -0.01746   23.60132   23.18134    0.03012    0.01663    6.00252   -1.13319   -0.22853   -5.20492    2.00000
 179.88152   -0.15602   23.42341   23.03119    0.19592    0.10813    6.75847    1.89394   -0.60780   -1.34274    2.00000
 180.05777   -0.04535   21.15710   20.91344    0.07345    0.04054   42.12082   -4.03922   -0.85309   -5.42511    2.00000
 180.01347    0.03804   23.71119   23.27268    0.04036    0.02227    5.54267   -1.93102   -0.60195   -4.00690    2.00000
 179.93279    0.05381   22.45128   22.17366    0.08611    0.04752   14.69052    0.57236   -0.76028   -0.57820    2.00000
 180.07001   -0.18679   21.13056   20.88130    0.19948    0.11010   43.32512   -4.28478    1.63114   -3.06626    2.00000
 179.97906    0.00030   20.05097   19.56320    0.02094    0.01156  113.25571   -6.17916    1.58673   -4.49971    2.00000
 180.06206   -0.00746   23.79375   23.34094    0.06250    0.03450    5.19903   -1.65294   -0.58784   -1.58385    2.00000
 179.98218    0.02656   22.59845   22.30724    0.03199    0.01765   13.09987    0.36135   -0.42043   -0.62974    2.00000
 180.00598   -0.05303   22.17931   21.92356    0.05337    0.02946   18.12924    4.75899    0.01612    3.14582    2.00000
 179.97829    0.02434   23.65880   23.22929    0.03262    0.01800    5.76114   -9.72662    3.22198   -5.96902    2.00000
 180.02499    0.01064   22.83501   22.51914    0.02717    0.01499   10.65572    2.03735   -2.68509   -1.76956    2.00000
 179.98660   -0.01627   21.01930   20.74025    0.02108    0.01163   48.61114    2.65943    2.64096    4.96271    2.00000
 179.96329    0.07377   23.38804   23.00123    0.08240    0.04548    6.90933    1.27224   -1.37337   -2.37885    2.00000
 179.95570   -0.02981   22.44894   22.17153    0.05340    0.02947   14.71595    0.50020    4.08855    4.41163    2.00000
 180.00476   -0.00837   18.21970   17.62000    0.00963    0.00531  350.62302    1.96836   -0.00859    1.98065    2.00000
 179.99513    0.05404   22.21529   21.95663    0.05426    0.02995   17.53613   -1.32980    0.18782   -1.28260    2.00000
 179.90211   -0.01041   21.39548   21.17238    0.09845    0.05433   34.34245   -3.84427   -0.88111   -4.03086    2.00000
 179.97797   -0.05166   23.72990   23.28818    0.05616    0.03100    5.46464   -1.20501   -2.06593   -4.33142    2.00000
 180.06778    0.20360   22.46535   22.18648    0.21459    0.11843   14.53793    6.76434    2.04203    6.47804    2.00000
 180.00233    0.11513   22.99103   22.65783    0.11515    0.06355    9.57694    0.22524    0.80644    0.27947    2.00000
 180.02397    0.01986   22.08994   21.84102    0.03112    0.01718   19.60937   -1.86693   -0.45733   -3.02985    2.00000
 180.02339   -0.02771   23.23029   22.86658    0.03626    0.02001    7.95329   -5.00486   -0.04535   -7.26542    2.00000
 179.97327   -0.17757   21.94615   21.70676    0.17957    0.09911   22.01691    1.10203   -0.28160   -0.32612    2.00000
 180.04070   -0.03584   22.00918   21.76544    0.05423    0.02993   20.96456   -4.09157   -2.20675   -4.72748    2.00000
 179.97800   -0.02900   21.93245   21.69400    0.03640    0.02009   22.24568    3.15597   -2.38203    1.24573    2.00000
 179.98026    0.01687   23.25711   22.88986    0.02597    0.01434    7.77218    1.39310   -0.62542   -1.19218    2.00000
 180.00507   -0.01243   23.51260   23.10666    0.01342    0.00741    6.37852   -5.05660   -0.37921   -3.00361    2.00000
 180.01596    0.00275   21.83714   21.60470    0.01620    0.00894   23.84707    0.64721    0.46228    0.94085    2.00000
 180.01117   -0.04231   22.54268   22.25695    0.04376    0.02415   13.69870   -3.92115    2.23650   -4.19176    2.00000
 179.95699    0.04848   23.33633   22.95742    0.06481    0.03577    7.24673    5.27581    2.54533   10.29271    2.00000
 180.05077    0.03501   21.73242   21.50519    0.06167    0.03403   25.63148   -4.54431    0.85907   -3.53752    2.00000
 180.05244   -0.01494   19.91121   19.41652    0.05454    0.03010  124.93508    0.20896   -2.55600   -2.47476    2.00000
 179.99617    0.00386   21.88069   21.64552    0.00544    0.00300   23.11501    2.47679    1.14279    3.28666    2.00000
 180.01231   -0.04123   22.04207   21.79606    0.04303    0.02375   20.41551    3.38151   -2.33253    0.00413    2.00000
 180.06705    0.00189   22.49113   22.20997    0.06707    0.03702   14.25819   -3.80601   -3.25196   -8.10191    2.00000
 179.98122   -0.07372   22.43722   22.16085    0.07607    0.04199   14.84311    0.69865   -0.20294   -0.08493    2.00000
 180.01570   -0.00611   21.10966   20.85590    0.01684    0.00930   44.27709   -4.66905   -1.03932   -5.58842    2.00000
 179.87714   -0.06744   22.96281   22.63305    0.14016    0.07736    9.76970   -2.12919   -1.42200   -5.06407    2.00000
 179.96011    0.03482   23.55584   23.14325    0.05295    0.02923    6.19430    1.12721    2.68549    7.32729    2.00000
 180.03990    0.19010   21.07044   20.80767    0.19424    0.10721   46.08461   -2.74271   -0.84861   -3.84953    2.00000
 180.05026   -0.06001   22.58019   22.29084    0.07828    0.04320   13.29522    0.10279    1.84677    3.43319    2.00000
 180.26917    0.10767   21.33965   21.11471    0.28991    0.16001   35.85944   -5.64060    0.66052   -5.14088    2.00000
 179.97672   -0.02847   22.85327   22.53541    0.03678    0.02030   10.52914   -0.08582   -1.10106   -3.08782    2.00000
 180.00188   -0.01109   23.49368   23.09065    0.01125    0.00621    6.45911    2.89758    1.72376    2.41221    2.00000
 180.03255   -0.05870   23.37443   22.98970    0.06712    0.03704    6.99564   -1.91825    0.47108   -4.45399    2.00000
 180.01172   -0.12498   22.78976   22.47871    0.12552    0.06928   11.05815   -0.38329   -0.55711    1.97672    2.00000
 179.94814   -0.02600   23.67938   23.24633    0.05801    0.03202    5.67531   -5.47043   -0.47680   -1.56634    2.00000
 180.00095    0.00465   23.09701   22.75056    0.00474    0.00262    8.85567   -0.44557   -0.99595   -0.06930    2.00000
 179.93944    0.04827   22.74984   22.44302    0.07744    0.04274   11.48305   -7.20668    0.54914  -10.21552    2.00000
 180.00237    0.03018   21.26887   21.03930    0.03027    0.01671   37.84308   -2.83761   -0.73682   -4.63548    2.00000
 179.99860    0.15237   23.64955   23.22162    0.15237    0.08410    5.79973   -1.31550    0.08997    2.03165    2.00000
 179.97467   -0.04563   21.74565   21.51795    0.05219    0.02881   25.40271    6.85113   -0.25598    5.75793    2.00000
 179.94276   -0.00609   23.02500   22.68763    0.05756    0.03177    9.34521   -3.21835    3.33611   -2.10700    2.00000
 179.99583    0.02484   22.09459   21.84544    0.02519    0.01390   19.53006    5.41099    2.87340    8.43085    2.00000
 179.90009   -0.14638   19.48585   18.97184    0.17723    0.09782  164.75896   -2.35908   -1.27632   -3.63789    2.00000
 180.05478    0.04166   23.14984   22.79673    0.06882    0.03798    8.49659    1.00723   -2.56771    3.46953    2.00000
 179.86501    0.11198   21.95163   21.71186    0.17539    0.09680   21.92540   -1.56022   -1.61760   -2.12141    2.00000
 179.95546    0.00210   23.40709   23.01737    0.04459    0.02461    6.82807    2.19843   -0.84851    0.90186    2.00000
 179.82417   -0.02056   22.97810   22.64649    0.17702    0.09770    9.66515   -5.61235   -2.25870   -7.85591    2.00000
 179.97772    0.00430   23.66628   23.23548    0.02269    0.01252    5.72993    0.52055   -0.18684    4.59200    2.00000
 179.93158   -0.02135   23.73364   23.29128    0.07167    0.03956    5.44904   -1.44689    3.26076    4.49798    2.00000
 180.01942    0.00188   22.65061   22.35412    0.01952    0.01077   12.54174   -2.93301   -0.52831   -4.59634    2.00000
 179.97449   -0.03447   23.50179   23.09751    0.04288    0.02367    6.42457    0.83491   -0.79539    0.95436    2.00000
 179.92477    0.05366   22.55682   22.26984    0.09241    0.05100   13.54530    8.61119   -2.53225    7.79647    2.00000
 180.02496    0.01092   23.10661   22.75895    0.02724    0.01504    8.79040   -4.03966   -0.75445   -1.50770    2.00000
 180.02547   -0.01788   21.61508   21.39213    0.03111    0.01717   28.56209   -2.87868    0.65010   -1.98266    2.00000
 179.94426   -0.04891   22.23072   21.97081    0.07416    0.04093   17.28194    1.43824   -0.79753   -0.01343    2.00000
 179.94968   -0.07115   19.65763   19.15124    0.08715    0.04810  148.31537   -1.06476   -1.09818   -2.15199    2.00000
 179.98985    0.04739   21.55863   21.33786    0.04846    0.02675   29.98942   -1.51594   -0.11064   -2.22339    2.00000
 180.07451    0.00421   22.35571   22.08580    0.07463    0.04119   15.73676   -4.69107    1.86975   -3.26805    2.00000
 179.96146   -0.21695   23.29550   22.92283    0.22034    0.12161    7.51575    0.59012   -2.57289   -6.53116    2.00000
 179.91425    0.05174   23.03220   22.69392    0.10016    0.05528    9.29626   -1.49174    0.56570    1.94143    2.00000
 180.00771    0.03502   23.08981   22.74427    0.03586    0.01979    8.90463   -7.56115    0.75899   -7.88218    2.00000
 179.96948   -0.02088   20.02330   19.53416    0.03697    0.02041  115.24114   -2.36072    1.21909   -1.18062    2.00000
 180.02217   -0.02589   22.94716   22.61910    0.03408    0.01881    9.87819    2.53264    0.66912    3.12478    2.00000
 180.16582   -1.05484   23.19616   22.83694    1.06779    0.58941    8.18380   -0.32788   -2.16739   -3.34856    2.00000
 179.96356    0.03302   23.81042   23.35469    0.04917    0.02714    5.12976    1.17540    2.49883    2.93747    2.00000
 179.92419   -0.01584   23.22785   22.86446    0.07744    0.04274    7.96976    2.71112    0.78519    5.48279    2.00000
 180.05341   -0.03581   23.02740   22.68972    0.06430    0.03549    9.32889    2.81325   -2.73553   -1.49756    2.00000
 180.01395   -0.00116   19.76672   19.26543    0.01399    0.00772  138.25156   -5.34428   -0.33850   -5.63957    2.00000
 180.08060    0.00210   23.04901   22.70860    0.08063    0.04450    9.18203   -2.82694    1.05136   -1.33016    2.00000
 179.98927   -0.01005   21.30729   21.08023    0.01470    0.00811   36.76624   -1.54681    1.12767   -0.88085    2.00000
 180.01942    0.03466   23.03220   22.69392    0.03972    0.02192    9.29626    1.92368    2.63472    5.00665    2.00000
 179.96463    0.06246   23.75803   23.31145    0.07177    0.03961    5.34747    1.73033    0.84236    5.54694    2.00000
 179.97736    0.04175   23.23273   22.86869    0.04750    0.02622    7.93683    0.77389    0.19808   -1.26694    2.00000
 180.02834   -0.01454   23.08501   22.74007    0.03185    0.01758    8.93726   -1.24582   -1.02122    0.38140    2.00000
 179.94574    0.10090   23.73177   23.28973    0.11457    0.06323    5.45684   -0.97184   -0.37256    2.75251    2.00000
 180.02515    0.06260   23.60293   23.18268    0.06746    0.03723    5.99576    1.27163   -0.20411    1.89020    2.00000
 179.95735   -0.01479   23.62221   23.19879    0.04514    0.02491    5.91469   -1.68746    0.45896   -3.18587    2.00000
 180.05196    0.01300   23.23273   22.86869    0.05356    0.02956    7.93683    2.92206    0.26368    7.04351    2.00000
 179.91087   -0.04529   17.89690   17.92410    0.09997    0.05517  298.75754   -1.57303   -2.43421   -4.01103    2.00000
 179.98441    0.02102   22.24614   21.98498    0.02618    0.01445   17.02775    1.16670    1.24248    2.18314    2.00000
 180.10831    0.01382   23.42070   23.02890    0.10918    0.06026    6.77002   -0.35046   -0.78432    4.09789    2.00000
 180.01498   -0.13599   23.72241   23.28198    0.13681    0.07551    5.49585   -0.04411    3.58215    8.89636    2.00000
 180.09901   -0.01223   22.69745   22.39619    0.09978    0.05507   12.04074   -3.19528    2.01771   -4.48618    2.00000
 180.08743    0.04605   20.33019   19.85780    0.09883    0.05454   93.10751   -3.52277   -0.52516   -3.96844    2.00000
 180.01425    0.07563   23.25955   22.89198    0.07696    0.04248    7.75571    0.84978    1.07283    3.43653    2.00000
 179.99989    0.08159   21.49821   21.27734    0.08159    0.04503   31.58139   -3.92792   -2.01115   -5.26385    2.00000
 179.98972    0.02376   22.52862   22.24414    0.02589    0.01429   13.85129    0.57931   -1.18054   -1.40225    2.00000
 180.00256   -0.07040   22.77728   22.46756    0.07044    0.03888   11.19093   -7.12346   -0.51745   -9.25281    2.00000
 180.03047    0.01110   21.04300   20.77150    0.03243    0.01790   47.44031   -2.91110   -1.50327   -3.88792    2.00000
 179.95091   -0.01325   18.75988   18.20161    0.05083    0.02806  258.04214   -3.48971    1.28881   -2.15885    2.00000
 180.27022   -0.12446   23.26686   22.89833    0.29751    0.16420    7.70632   -6.27776    3.39098   -7.07249    2.00000
 179.97260    0.04455   23.07541   22.73168    0.05231    0.02887    9.00254   -5.56681   -0.11363   -6.46193    2.00000
 180.25349   -0.02172   19.34769   18.82675    0.25442    0.14042  180.80502   -1.64841    1.02116   -0.67087    2.00000
 179.99953    0.02186   22.93151   22.60515    0.02187    0.01207    9.98668    2.10245    0.51946    3.01628    2.00000
 180.04836    0.02865   22.07522   21.82701    0.05620    0.03102   19.86051    0.47171   -1.34810   -0.83592    2.00000
 180.02652    0.02591   23.56759   23.15316    0.03707    0.02046    6.14439    1.20323    1.60950    2.43251    2.00000
 180.01843    0.11988   22.17674   21.92119    0.12129    0.06694   18.17160    1.45922   -0.39268    1.97982    2.00000
 179.98830    0.00667   23.12102   22.77154    0.01347    0.00743    8.69250    4.68232    0.96092    7.35400    2.00000
 179.92216   -0.06521   23.19859   22.83906    0.10154    0.05604    8.16734   -0.24896   -0.40319    1.53522    2.00000
 179.90157    0.05312   22.49113   22.20997    0.11185    0.06173   14.25819    0.07299    2.72586    4.02778    2.00000
 180.01419   -0.05608   23.36354   22.98047    0.05785    0.03193    7.06738   -2.09564    1.55834   -3.88904    2.00000
 180.03999    0.00465   23.59972   23.18000    0.04027    0.02223    6.00928   -2.76875    0.71499   -1.33505    2.00000
 179.98650    0.02834   23.47746   23.07693    0.03139    0.01733    6.52819   -4.72419    3.03867   -5.85030    2.00000
 180.02899   -0.00042   23.29822   22.92513    0.02899    0.01600    7.49782    3.62163   -1.01615    1.64358    2.00000
 179.96870    0.03984   22.87674   22.55634    0.05067    0.02797   10.36640   -0.84718   -0.49986   -0.55493    2.00000
 179.83072   -0.01355   22.82979   22.51449    0.16983    0.09373   10.69188   -3.50135   -1.67288   -5.98208    2.00000
 180.01898    0.00667   23.23517   22.87081    0.02012    0.01110    7.92036    5.79383   -1.95228    5.56825    2.00000
 180.06042    0.01830   23.30095   22.92744    0.06314    0.03485    7.47988   -3.11417   -2.89180   -4.00859    2.00000
 179.95547   -0.00569   22.71990   22.41626    0.04489    0.02477   11.80173    1.86691   -0.33676   -0.30902    2.00000
 180.04684    0.04832   21.62092   21.39774    0.06730    0.03714   28.41444   -1.89167    2.25208    0.63928    2.00000
 179.90060   -0.05371   22.15753   21.90360    0.11298    0.06236   18.48706    1.39524    2.46432    4.17013    2.00000
 179.96526   -0.00913   23.68686   23.25253    0.03592    0.01982    5.64410    0.53605    0.74854    1.65286    2.00000
 180.00317    0.00853   23.16202   22.80731    0.00911    0.00503    8.41431    5.47432    1.24800    8.25430    2.00000
 180.01933   -0.03626   22.45597   22.17793    0.04109    0.02268   14.63966   -1.24503   -0.39410   -1.89394    2.00000
 179.95966   -0.20761   22.77229   22.46309    0.21149    0.11673   11.24404    3.82515    3.18255    4.50553    2.00000
 180.08109    0.04411   22.47238   22.19288    0.09231    0.05095   14.46164    0.96967    0.14400   -0.16045    2.00000
 179.90652   -0.07007   23.28734   22.91591    0.11682    0.06448    7.56956   -4.03370    1.54580   -3.59771    2.00000
 179.96992   -0.05251   18.04822   18.07285    0.06051    0.03340  275.77744   -3.48998    1.01682   -2.53931    2.00000
 179.99205   -0.00249   22.98133   22.64933    0.00833    0.00460    9.64310    0.66795    2.83780    5.90195    2.00000
 180.19920    0.05348   21.82626   21.59449    0.20625    0.11384   24.03009    1.68478   -0.12483    1.57183    2.00000
 180.02170    0.08103   22.03110   21.78585    0.08389    0.04630   20.59853    4.90417   -2.19068    3.63317    2.00000
 179.75919    0.11956   22.83501   22.51914    0.26886    0.14839   10.65572    0.53874   -0.98025   -0.63463    2.00000
 180.05916   -0.04631   23.73177   23.28973    0.07513    0.04147    5.45684   -1.10113    0.04723   -4.77989    2.00000
 180.00015   -0.00741   21.13205   20.88312    0.00741    0.00409   43.25712   -1.33188    0.31710   -1.21635    2.00000
 179.92085    0.02684   22.49347   22.21210    0.08358    0.04613   14.23276    1.12016   -0.43620   -0.38078    2.00000
 180.04520   -0.03167   23.04901   22.70860    0.05518    0.03046    9.18203    0.86966   -0.00736   -1.76580    2.00000
 179.95531   -0.00165   23.64955   23.22162    0.04473    0.02469    5.79973    3.16552   -0.77815   -0.65707    2.00000
 180.00478   -0.03758   23.05861   22.71700    0.03788    0.02091    9.11676    3.49304   -6.72857   -4.95775    2.00000
 180.06880    0.09159   21.92424   21.68635    0.11455    0.06322   22.38294    0.65863   -0.56691    0.84320    2.00000
 179.97057   -0.25454   21.37200   21.14839    0.25624    0.14142   34.97333    0.89565    1.62600    2.34475    2.00000
 179.97615    0.01906   21.83987   21.60725    0.03053    0.01685   23.80132   -4.15874   -1.07309   -3.66553    2.00000
 180.02190    0.04809   23.47476   23.07464    0.05284    0.02916    6.53971    4.84188   -3.44347    3.75620    2.00000
 180.00343    0.04746   19.00238   18.46013    0.04759    0.02626  222.43181   -5.07535    1.63893   -3.49537    2.00000
 179.91586   -0.00381   21.89158   21.65573    0.08422    0.04648   22.93199   -1.67972    2.74491    0.58485    2.00000
 180.09242   -0.03912   22.97379   22.64271    0.10036    0.05539    9.69455    1.10247    1.40664    3.51523    2.00000
 179.90544    0.04244   23.80804   23.35273    0.10365    0.05720    5.13965    3.62193   -1.80812    5.86926    2.00000
 179.92410    0.01735   21.42677   21.20436    0.07785    0.04297   33.50126   -5.81679    2.65962   -3.40761    2.00000
 180.03680    0.07804   22.24100   21.98026    0.08628    0.04762   17.11248    5.61956    4.20451    8.79038    2.00000
 180.02942    0.01429   22.58541   22.29553    0.03271    0.01805   13.23941    1.94359   -0.32075   -1.23093    2.00000
 179.95509   -0.02509   18.13348   17.52650    0.05143    0.02839  366.57077   -5.21407   -4.05532   -9.28066    2.00000
 179.96326    0.02550   22.09614   21.84691    0.04473    0.02469   19.50362   -7.09148    2.24771   -5.77878    2.00000
 180.03690    0.03422   22.64279   22.34708    0.05031    0.02777   12.62546   -1.04683   -0.85867   -0.54657    2.00000
 180.07248    0.22286   23.79137   23.33897    0.23435    0.12934    5.20893   -5.03843   -2.00420  -10.70059    2.00000
 180.01308    0.05193   21.52486   21.30456    0.05355    0.02955   30.86549    4.87687    2.80260    7.27463    2.00000
 180.09724    0.02623   22.49113   22.20997    0.10073    0.05559   14.25819   -2.23293   -0.37571   -1.25278    2.00000
 180.02174    0.03831   23.53422   23.12495    0.04405    0.02431    6.28641    0.54326    2.54535    2.93194    2.00000
 179.98183   -0.02197   23.05381   22.71280    0.02851    0.01574    9.14940    0.28140    0.72196   -1.90023    2.00000
 180.06509    0.03096   23.45584   23.05863    0.07208    0.03978    6.62030   -2.36932    1.95391   -3.86354    2.00000
 180.00085    0.02597   23.57562   23.15987    0.02599    0.01434    6.11062    1.99708   -3.54360    3.38511    2.00000
 180.04019   -0.01338   21.74830   21.52050    0.04236    0.02338   25.35696    2.94428   -1.13916    1.98443    2.00000
 180.02763   -0.03024   22.76730   22.45863    0.04097    0.02261   11.29716   -0.42698   -0.57756   -2.52461    2.00000
 179.95049    0.02850   23.00503   22.67012    0.05712    0.03153    9.48139   -3.02469    3.47248   -2.28361    2.00000
 180.08784   -0.01456   23.45854   23.06092    0.08904    0.04914    6.60879    3.78232    2.82477    8.40476    2.00000
 180.07651    0.00131   20.82746   20.43715    0.07652    0.04223   60.85390   -0.02324    1.39019    1.27159    2.00000
 179.99130   -0.01400   23.74112   23.29748    0.01648    0.00909    5.41783    0.90511    1.14457   -0.10289    2.00000
 179.97137   -0.02494   21.36939   21.14573    0.03797    0.02096   35.04343    1.67381    2.66327    4.14975    2.00000
 179.83784    0.14842   22.32451   22.05705    0.21982    0.12133   16.07906    4.54414    0.75263    4.24016    2.00000
 179.99284   -0.00781   22.56715   22.27912    0.01059    0.00585   13.43476    6.07731   -2.12706    5.21623    2.00000
 180.00461    0.03425   22.70743   22.40511    0.03456    0.01908   11.93451   -2.10411   -2.58967   -7.85023    2.00000
 179.87669   -0.12428   23.63185   23.20684    0.17506    0.09662    5.87416    0.26038   -0.21969   -3.52022    2.00000
 179.96568   -0.03439   22.17674   21.92119    0.04859    0.02682   18.17160   -1.01498   -1.00397   -0.76661    2.00000
 180.07182    0.03877   23.24979   22.88351    0.08163    0.04505    7.82157   -5.15447    2.96150   -2.65673    2.00000
 179.98897    0.00313   23.25955   22.89198    0.01147    0.00633    7.75571    1.27060    3.02863    5.52862    2.00000
 179.99570    0.00624   21.64775   21.42354    0.00758    0.00419   27.73573    2.02921    0.31226    2.63019    2.00000
 179.73177    0.09938   22.61410   22.32131    0.28605    0.15788   12.93243    3.09488   -3.15746    0.51433    2.00000
 180.03123    0.02548   21.98726   21.74503    0.04031    0.02225   21.33060   -7.74258   -1.84870  -10.03873    2.00000
 179.98428    0.01232   21.12011   20.86860    0.01996    0.01102   43.80110    0.14618   -1.47100   -1.61880    2.00000
 180.08089    0.07983   17.38791   16.70490    0.11364    0.06272  554.49799   -2.09084    0.55706   -1.52343    2.00000
 179.99025   -0.09194   23.12822   22.77783    0.09246    0.05103    8.64354   -0.59868    1.73566    4.08359    2.00000
 179.97832   -0.04152   23.32544   22.94819    0.04684    0.02585    7.31847   -2.81768    4.24873   -5.55357    2.00000
 179.96283   -0.01177   21.52930   21.30910    0.03899    0.02152   30.74618   -1.57622    0.77970   -0.86475    2.00000
 180.00722    0.08808   23.53422   23.12495    0.08838    0.04878    6.28641    3.46599   -2.44353    2.07215    2.00000
 179.99104    0.06345   21.74565   21.51795    0.06407    0.03536   25.40271    4.27458    3.32002    7.37222    2.00000
 179.91164   -0.02888   22.67669   22.37755    0.09297    0.05131   12.26267    4.08783   -0.48720    0.16211    2.00000
 180.01598   -0.00568   21.85892   21.62511    0.01696    0.00936   23.48104   -6.54836   -1.97151   -8.12593    2.00000
 180.02766    0.04195   21.36939   21.14573    0.05025    0.02773   35.04343   -5.64417   -0.64958   -7.55846    2.00000
 179.98096   -0.04879   23.49368   23.09065    0.05238    0.02891    6.45911    0.20376    2.66700    6.84374    2.00000
 180.02820    0.07155   20.45427   19.99114    0.07691    0.04245   83.98769    1.88730    1.83012    3.71565    2.00000
 179.98317    0.01141   23.42611   23.03348    0.02033    0.01122    6.74695    2.79730   -1.18031    3.29359    2.00000
 180.01440    0.04191   23.47206   23.07236    0.04431    0.02446    6.55122   -3.34751   -2.28078   -2.08864    2.00000
 180.02136   -0.02649   21.29920   21.07161    0.03403    0.01878   36.99295   -1.69516   -1.27808   -3.17507    2.00000
 180.00752   -0.03088   22.79225   22.48094    0.03178    0.01754   11.03159    0.88356   -0.85277   -0.50824    2.00000
 180.14851    0.03135   22.98887   22.65594    0.15179    0.08378    9.59164   -2.03164    2.50112   -0.43131    2.00000
 179.96133   -0.01558   23.53692   23.12724    0.04169    0.02301    6.27489   -0.82432   -0.98871   -0.05933    2.00000
 179.95851    0.02278   22.78227   22.47202    0.04733    0.02612   11.13782    1.46887    1.14162    3.65449    2.00000
 179.98381   -0.10281   22.65061   22.35412    0.10408    0.05744   12.54174    7.42997    3.18703   12.30124    2.00000
 180.04259    0.04000   21.77211   21.54346    0.05843    0.03225   24.94517    2.94720   -2.91096   -0.80236    2.00000
 180.08752   -0.02478   22.76481   22.45640    0.09096    0.05020   11.32371    1.86964    1.28855    2.52495    2.00000
 180.22955    0.04317   23.29278   22.92052    0.23358    0.12892    7.53369   -0.22599   -0.58136   -4.15941    2.00000
 180.03149    0.11267   23.55044   23.13868    0.11699    0.06457    6.21732   -0.44927    0.57374   -1.28121    2.00000
 180.02025   -0.09990   23.68873   23.25408    0.10193    0.05626    5.63630    5.62203   -1.11931    1.76094    2.00000
 180.03963    0.02137   21.74300   21.51540    0.04502    0.02485   25.44846    1.16521   -2.16970   -1.71174    2.00000
 179.98936   -0.00935   23.04901   22.70860    0.01417    0.00782    9.18203   -6.44461   -3.05690   -9.69661    2.00000
 179.96053   -0.01878   22.98564   22.65311    0.04372    0.02413    9.61369   -1.42638   -0.11244    0.47909    2.00000
 180.06052    0.21872   23.25223   22.88563    0.22694    0.12525    7.80511   -2.86401    1.10022    1.86604    2.00000
 179.98686   -0.01265   23.64470   23.21757    0.01824    0.01007    5.82011    0.81918   -2.91454   -2.97792    2.00000
 180.03346    0.01934   22.56715   22.27912    0.03866    0.02134   13.43476   -5.38987    1.34198   -6.33650    2.00000
 179.97719   -0.01191   22.23843   21.97789    0.02573    0.01420   17.15484    4.49749   -0.53988    3.98908    2.00000
 179.62756    0.16168   22.52159   22.23773    0.40601    0.22409   13.92758    3.19513   -0.38193    3.09405    2.00000
 179.97801   -0.14807   21.67156   21.44651    0.14970    0.08262   27.13169    1.62677   -2.38215   -0.41423    2.00000
 180.04124    0.02938   22.93412   22.60748    0.05063    0.02794    9.96860   -0.22708    1.19336    0.88848    2.00000
 180.03464   -0.04458   22.91587   22.59121    0.05645    0.03116   10.09518   -0.99894   -1.09172   -1.48628    2.00000
 180.01207    0.04431   23.62703   23.20281    0.04593    0.02535    5.89443    1.90516    2.17793   12.50284    2.00000
 179.98672    0.02202   22.30269   22.03696    0.02571    0.01419   16.31837    0.59691   -0.07499    0.62988    2.00000
 179.76733    0.25558   22.00918   21.76544    0.34563    0.19076   20.96456    0.65356    0.20486    0.14206    2.00000
 179.96596    0.00112   23.57562   23.15987    0.03405    0.01880    6.11062    3.45696    1.49970    4.56329    2.00000
 179.97980    0.00860   23.12342   22.77364    0.02195    0.01212    8.67618  -11.80308   -2.04096  -10.14506    2.00000
 180.04459   -0.03737   21.82626   21.59449    0.05816    0.03210   24.03009   -2.45043    0.10599   -3.86147    2.00000
 180.04369   -0.04702   21.93519   21.69655    0.06418    0.03542   22.19992   -3.46280   -2.00202   -5.90947    2.00000
 180.05162    0.01372   22.43957   22.16298    0.05341    0.02948   14.81768    4.94595   -0.42814    6.41111    2.00000
 179.94260    0.03228   21.63455   21.41084    0.06586    0.03635   28.06991   -0.51198    2.06350    1.20826    2.00000
 179.99870   -0.03427   20.62804   20.18319    0.03430    0.01893   73.94163    1.02978    0.84240    1.76125    2.00000
 179.95134   -0.14173   21.65569   21.43120    0.14985    0.08271   27.53438    2.38154    2.06957    3.78090    2.00000
 179.96475   -0.01996   23.81042   23.35469    0.04051    0.02236    5.12976   -3.58548   -0.77699   -9.42970    2.00000
 179.89328   -0.00083   23.06101   22.71909    0.10673    0.05891    9.10044    6.48478   -2.08219    2.73305    2.00000
 180.00156   -0.04514   23.18640   22.82847    0.04516    0.02493    8.24966   -0.74004   -5.55732   -5.52245    2.00000
 180.07558   -0.04992   20.69963   20.26821    0.09057    0.04999   69.56037   -0.33785    1.79277    1.30443    2.00000
 179.98624    0.01517   22.22044   21.96136    0.02048    0.01131   17.45140    9.34064   -1.50991    7.37155    2.00000
 180.05556    0.21125   23.32272   22.94589    0.21843    0.12056    7.33640    1.82886    0.86609    0.63186    2.00000
 180.11183   -0.02784   22.85327   22.53541    0.11524    0.06360   10.52914   -0.27066   -3.78208   -7.07996    2.00000
 179.94598    0.10381   22.10621   21.85650    0.11703    0.06459   19.33179    1.01227    2.50086    1.95378    2.00000
 179.93607   -0.04982   23.62060   23.19744    0.08106    0.04474    5.92145    0.22067   -0.77226    0.34024    2.00000
 180.06471   -0.03408   23.79851   23.34487    0.07314    0.04037    5.17924    3.42104    3.18719    3.68488    2.00000
 179.96182    0.02462   22.12135   21.87055    0.04542    0.02507   19.07982    6.91657    0.31386    5.61924    2.00000
 179.78139    0.17693   22.07677   21.82849    0.28125    0.15523   19.83407    1.12244    0.66174    1.50799    2.00000
 180.05484   -0.15647   22.69234   22.39161    0.16581    0.09151   12.09523   -2.40762   -0.95742   -6.80627    2.00000
 180.05315    0.32622   22.58541   22.29553    0.33052    0.18242   13.23941    2.63576   -5.52676   -3.00909    2.00000
 179.99817   -0.04346   22.81720   22.50324    0.04350    0.02401   10.77940    3.33451    0.58192    4.78632    2.00000
 179.99469   -0.00351   23.43692   23.04263    0.00637    0.00351    6.70090    8.30975   -1.40671    4.31236    2.00000
 180.05479    0.00353   22.68452   22.38458    0.05491    0.03030   12.17895    6.66903   -1.50859    1.77989    2.00000
 179.98544   -0.02921   23.49368   23.09065    0.03263    0.01801    6.45911   -1.05997    2.90880    2.89575    2.00000
 179.96832   -0.00680   23.51800   23.11123    0.03241    0.01789    6.35549    3.05520   -2.84208    5.95132    2.00000
 180.07500   -0.19431   22.31971   22.05263    0.20828    0.11496   16.13173    2.86473    2.23395    6.59484    2.00000
 179.98662   -0.01138   23.29822   22.92513    0.01757    0.00970    7.49782   -1.61055    0.72712   -7.92085    2.00000
 180.03510   -0.07546   22.13780   21.88557    0.08323    0.04593   18.81038   -0.74329   -1.41956   -2.16431    2.00000
 180.04913   -0.04016   23.20103   22.84118    0.06347    0.03503    8.15087   -0.16807    3.87370    0.05848    2.00000
 180.15298    0.10842   22.67930   22.37990    0.18751    0.10349   12.23476   -4.65482    3.91391   -1.59702    2.00000
 179.97523   -0.06206   23.12342   22.77364    0.06681    0.03688    8.67618    3.61066   -0.86885    1.98028    2.00000
 179.97710    0.02107   21.55279   21.33225    0.03112    0.01718   30.13707   -6.39708    0.00637   -7.85220    2.00000
 180.00255    0.00103   23.08501   22.74007    0.00275    0.00152    8.93726    3.35781    0.19885    1.22972    2.00000
 179.93547   -0.01861   23.05621   22.71490    0.06716    0.03707    9.13308   -1.45451   -2.66586   -3.39369    2.00000
 179.98383    0.07213   21.49288   21.27190    0.07392    0.04080   31.72457   -4.44754   -3.20091   -8.21626    2.00000
 179.90186    0.00636   22.28727   22.02278    0.09836    0.05429   16.48716   -5.41819   -3.66978   -9.83480    2.00000
 179.90675    0.14557   23.72803   23.28663    0.17287    0.09541    5.47245   -1.09840    2.90185    1.83636    2.00000
 179.94405    0.02245   22.68713   22.38693    0.06028    0.03327   12.15104   -0.06523   -1.29338   -1.31066    2.00000
 180.06502    0.03476   23.40709   23.01737    0.07373    0.04069    6.82807   -4.84321   -1.22705   -7.45649    2.00000
 179.94273    0.01008   21.51154   21.29095    0.05815    0.03210   31.22344    2.31634   -1.07463    1.24712    2.00000
 179.93810    0.00056   22.02836   21.78330    0.06191    0.03417   20.64429    5.20304    0.14549    5.61905    2.00000
 179.88242    0.05042   23.06101   22.71909    0.12795    0.07062    9.10044   -2.15041    1.84635   -1.67842    2.00000
 180.00928   -0.04922   23.09701   22.75056    0.05009    0.02764    8.85567   -0.31528    0.11457   -0.96689    2.00000
 180.04176    0.03842   23.71867   23.27888    0.05674    0.03132    5.51146   -1.22020   -2.20535   -9.31185    2.00000
 179.94257    0.08565   23.52071   23.11352    0.10313    0.05692    6.34397    4.38128    1.93799    8.34969    2.00000
 179.91585    0.01384   22.05577   21.80882    0.08528    0.04707   20.18674    1.47430    2.71574    3.11286    2.00000
 179.99030    0.01180   23.82709   23.36845    0.01528    0.00844    5.06049   -3.15544    2.30174   -3.41371    2.00000
 179.87543   -0.00179   22.68191   22.38224    0.12459    0.06876   12.20686   -2.18096    0.63262   -0.07801    2.00000
 179.96405   -0.02022   23.68125   23.24788    0.04125    0.02276    5.66751    2.24048   -1.55239   -4.20674    2.00000
 179.97523    0.03095   20.46311   20.00075    0.03963    0.02188   83.34362    9.30683    2.08643   11.28957    2.00000
 179.96024    0.03589   22.39412   22.12118    0.05356    0.02956   15.31545    2.64701    0.20344    2.40313    2.00000
 179.98271    0.05266   23.05381   22.71280    0.05543    0.03059    9.14940    0.47891    0.75702   -1.89123    2.00000
 180.06206    0.11004   23.44773   23.05177    0.12634    0.06973    6.65484    0.86974   -2.58893   -1.92104    2.00000
 179.97324   -0.03904   23.78422   23.33307    0.04733    0.02612    5.23861    3.15894    1.24643    0.96247    2.00000
 180.01524   -0.05129   22.82219   22.50770    0.05351    0.02953   10.74471   -0.77367   -1.20533   -2.69018    2.00000
 180.00540   -0.02512   22.93673   22.60980    0.02570    0.01418    9.95052   -1.86715   -0.69835   -0.98127    2.00000
 179.98199    0.01179   23.13062   22.77993    0.02152    0.01188    8.62723    0.55308   -3.31447   -1.63902    2.00000
 180.02805   -0.05534   22.12135   21.87055    0.06203    0.03424   19.07982   -1.85891   -2.30446   -5.42963    2.00000
 180.02995    0.08376   22.58802   22.29787    0.08896    0.04910   13.21150   -1.90709   -3.70668   -4.33063    2.00000
 180.03529    0.07328   23.34721   22.96664    0.08134    0.04489    7.17499   -2.15866   -1.60850   -1.77863    2.00000
 179.99596    0.02637   22.29755   22.03223    0.02667    0.01472   16.37463   -0.01815    1.94506    2.50741    2.00000
 179.94656    0.03036   22.98457   22.65216    0.06146    0.03392    9.62105    4.22079   -3.15000   -2.13248    2.00000
 180.19502   -0.03246   23.14984   22.79673    0.19770    0.10912    8.49659   -1.65898    0.36303   -1.99448    2.00000
 180.03355   -0.00954   23.52611   23.11809    0.03488    0.01925    6.32095    4.63078   -2.43982    0.63431    2.00000
 180.07397   -0.00630   21.22007   20.98660    0.07423    0.04097   39.37895   -0.28147    3.22347    3.25350    2.00000
 180.07243    0.14779   23.25467   22.88774    0.16459    0.09084    7.78864   -0.20683    0.74038    5.93495    2.00000
 179.96962    0.02238   22.36051   22.09022    0.03773    0.02083   15.68409   -2.83693    0.89065   -0.72778    2.00000
 180.03804    0.08359   20.95953   20.65368    0.09184    0.05069   51.85571    0.86153    0.07887    1.07300    2.00000
 179.95192   -0.00778   22.89239   22.57028    0.04870    0.02688   10.25791    3.05980   -0.01245    2.24838    2.00000
 179.76862   -0.09326   22.67930   22.37990    0.24946    0.13769   12.23476    0.50480    0.08726   -1.14624    2.00000
 179.98451   -0.02364   22.71242   22.40957    0.02826    0.01560   11.88140    2.52242    0.25556    3.74439    2.00000
 180.03506   -0.10320   23.50719   23.10209    0.10900    0.06016    6.40154    1.56595    3.88697    8.87384    2.00000
 179.92676   -0.03982   22.45363   22.17580    0.08337    0.04601   14.66509    0.89510    0.04147    0.73283    2.00000
 180.03177   -0.01142   23.27418   22.90468    0.03376    0.01863    7.65693   -6.05881    1.65873   -4.49302    2.00000
 179.99918   -0.03351   23.83900   23.37828    0.03352    0.01850    5.01101   -3.19910   -1.34590   -1.10853    2.00000
 179.99139    0.00992   21.62092   21.39774    0.01313    0.00725   28.41444   -3.31186    1.17159   -2.50149    2.00000
 179.97810   -0.05625   23.60132   23.18134    0.06036    0.03331    6.00252   -1.98983    0.79312   -4.61131    2.00000
 180.04620   -0.02831   23.25467   22.88774    0.05418    0.02990    7.78864    2.29790    1.48400    5.62838    2.00000
 180.10052   -0.06182   21.59172   21.36967    0.11802    0.06514   29.15271   -3.39096    0.04678   -3.50812    2.00000
 179.96710   -0.02201   23.09461   22.74846    0.03958    0.02185    8.87199   -2.25067    1.25293   -1.35454    2.00000
 180.02785   -0.03689   23.58365   23.16658    0.04622    0.02551    6.07684    1.38586    4.61514    9.32634    2.00000
 180.00063    0.00267   23.56919   23.15450    0.00274    0.00151    6.13764    1.42157    4.38290   10.25928    2.00000
 179.99698    0.06225   17.45255   16.77815    0.06232    0.03440  535.22833    0.06105    0.03516    0.09601    2.00000
 180.07294   -0.03126   23.59169   23.17329    0.07935    0.04379    6.04306    0.78165   -3.83851    0.91888    2.00000
 179.99605   -0.01605   23.59329   23.17463    0.01653    0.00912    6.03630   -1.81533    3.10351   -3.26072    2.00000
 179.95905    0.12789   23.31728   22.94128    0.13429    0.07412    7.37227    2.48515   -0.43382    3.21526    2.00000
 179.97919    0.03987   23.64955   23.22162    0.04497    0.02482    5.79973   -1.11749    1.02828   -2.70516    2.00000
 179.97453    0.07718   22.86109   22.54239    0.08127    0.04486   10.47490    2.06892    0.90524    1.39630    2.00000
 180.01556    0.02507   22.79475   22.48317    0.02951    0.01629   11.00504    1.40420    0.26273    1.37710    2.00000
 179.98505   -0.15249   23.29006   22.91822    0.15322    0.08457    7.55162   -1.99680   -0.93003    1.20465    2.00000
 179.98840   -0.05604   23.74112   23.29748    0.05723    0.03158    5.41783   -5.87025   -3.19559  -15.75966    2.00000
 180.27759   -0.14667   23.74868   23.30374    0.31396    0.17328    5.38631    1.07861   -2.47583   -2.80871    2.00000
 179.91928    0.04530   22.96020   22.63073    0.09256    0.05109    9.78778    2.81831   -0.82179   -1.22263    2.00000
 180.05151   -0.04168   21.82626   21.59449    0.06627    0.03658   24.03009   -4.10473    2.16384   -1.97679    2.00000
 180.04274    0.02206   23.61578   23.19342    0.04809    0.02654    5.94172   -0.03920    0.87853   -3.17922    2.00000
 180.03104    0.05781   22.36772   22.09686    0.06561    0.03621   15.60510    0.46682    1.18134    1.94934    2.00000
 179.95647    0.01297   23.66815   23.23703    0.04542    0.02507    5.72213   -1.61574    1.54262    3.60690    2.00000
 179.97508    0.03444   17.95324   17.78968    0.04251    0.02346  321.68311   -1.59240   -1.76754   -3.35454    2.00000
 179.97411    0.01291   23.77946   23.32914    0.02893    0.01597    5.25841   -3.06823   -2.84273   -8.65687    2.00000
 179.95020   -0.00206   21.76417   21.53581    0.04984    0.02751   25.08243    4.54943    6.75782   11.69852    2.00000
 180.05890   -0.00976   23.20103   22.84118    0.05970    0.03295    8.15087    4.12883    1.57049    6.86430    2.00000
 179.97150    0.04739   17.49216   16.82102    0.05530    0.03052  523.95184    1.77240   -1.08713    0.67738    2.00000
 179.96095    0.12732   23.23029   22.86658    0.13317    0.07350    7.95329   -5.02120   -0.37862   -8.13368    2.00000
 180.01189   -0.00807   23.28734   22.91591    0.01436    0.00792    7.56956   -7.00346   -0.18331   -4.24795    2.00000
 179.73174    0.07918   22.07212   21.82406    0.27971    0.15438   19.91338   -1.68989    0.84186   -1.31576    2.00000
 179.97232    0.01412   23.67938   23.24633    0.03107    0.01715    5.67531    5.68297    5.10051    8.96343    2.00000
 180.01431    0.00482   23.47206   23.07236    0.01511    0.00834    6.55122   -0.82232   -2.04153   -2.20264    2.00000
 180.00046   -0.05749   22.16410   21.90961    0.05749    0.03173   18.37928   -2.06840   -0.13458   -1.43286    2.00000
 179.91943    0.01778   22.89500   22.57261    0.08250    0.04554   10.23983    0.70966    1.06992    1.15870    2.00000
 180.04230   -0.02495   22.68191   22.38224    0.04911    0.02710   12.20686   -0.71072    1.20295    1.79248    2.00000
 180.30280    0.13977   20.88710   20.53532    0.33349    0.18406   56.29140    5.37319   -3.74803    1.81643    2.00000
 180.37170    0.01744   23.03220   22.69392    0.37212    0.20538    9.29626    1.67930   -0.00453    3.90843    2.00000
 180.20013    0.06643   21.94341   21.70421    0.21087    0.11638   22.06266   -0.44175    2.51368    2.40168    2.00000
 179.96605   -0.00831   21.28100   21.05222    0.03495    0.01929   37.50302   -3.77306   -3.39614   -7.02890    2.00000
 180.02135    0.00560   23.11862   22.76944    0.02207    0.01218    8.70881    0.19627   -0.48798   -2.97529    2.00000
 179.97504   -0.04700   21.31538   21.08885    0.05322    0.02937   36.53954    1.11625    1.83553    2.69607    2.00000
 179.94037   -0.23798   23.33905   22.95972    0.24534    0.13541    7.22879    0.79202    0.89169    1.03696    2.00000
 180.03532    0.06210   22.98026   22.64838    0.07144    0.03943    9.65045    3.52796   -1.09893    4.96585    2.00000
 180.00972   -0.07331   22.82468   22.50993    0.07396    0.04082   10.72736   -1.07388   -0.39534   -3.07094    2.00000
 179.89301    0.02514   23.10181   22.75476    0.10990    0.06066    8.82304    2.53386   -2.36744    1.86648    2.00000
 179.93240   -0.17612   22.96625   22.63610    0.18865    0.10412    9.74600   -2.21377    2.25750    3.18085    2.00000
 179.82932   -0.00539   21.86980   21.63532    0.17077    0.09425   23.29802    0.83447   -2.54958   -2.32109    2.00000
 180.09274    0.02396   22.00918   21.76544    0.09580    0.05287   20.96456   -1.90512    1.65434    0.55732    2.00000
 179.98373   -0.05174   22.51925   22.23560    0.05423    0.02993   13.95302    0.02120    1.50274    1.40844    2.00000
 180.01106   -0.00953   22.72489   22.42072    0.01460    0.00806   11.74862    3.07551   -2.00914   -0.52763    2.00000
 179.94313    0.07984   23.83185   23.37239    0.09803    0.05410    5.04069   -5.72077   -0.14732  -15.83769    2.00000
 179.91145   -0.06298   22.82979   22.51449    0.10866    0.05997   10.69188    0.21786   -1.76745    1.32116    2.00000
 180.04620    0.06801   22.09226   21.84323    0.08222    0.04538   19.56971    0.25168    3.52832    3.05918    2.00000
 180.05357    0.26681   22.49113   22.20997    0.27214    0.15020   14.25819    1.41510    2.03362    3.05694    2.00000
 180.09499   -0.07219   21.79088   21.56132    0.11930    0.06584   24.62489    2.54474   -0.60726    2.38654    2.00000
 179.76089   -0.16249   22.41572   22.14108    0.28909    0.15955   15.07847   -1.30258    2.67479   -0.36255    2.00000
 180.10471   -0.03558   23.48827   23.08608    0.11058    0.06103    6.48214   -1.42726    0.21947   -9.20484    2.00000
 180.12816   -0.00007   23.80804   23.35273    0.12816    0.07074    5.13965   -5.02325   -0.43223   -5.96865    2.00000
 179.95224    0.00940   22.89500   22.57261    0.04868    0.02687   10.23983    3.67288    2.96874    7.42094    2.00000
 180.00310   -0.02332   22.48644   22.20570    0.02353    0.01299   14.30905   -4.70287   -2.04129   -8.50446    2.00000
 180.01270   -0.06060   22.07677   21.82849    0.06192    0.03417   19.83407   -0.91678   -2.07074   -2.80194    2.00000
 180.00421   -0.07743   21.66362   21.43885    0.07754    0.04280   27.33304   -1.18686    2.75665    1.51650    2.00000
 180.04407    0.05426   20.66512   20.22663    0.06990    0.03858   71.70315   -2.38083    3.45841    0.94730    2.00000
 179.99120    0.00051   23.61739   23.19476    0.00883    0.00487    5.93496   -1.33283   -1.22326   -3.15298    2.00000
 180.01454   -0.01479   22.78477   22.47425    0.02074    0.01145   11.11126   -1.02815   -4.85098   -6.25742    2.00000
 180.02689    0.14318   23.18884   22.83059    0.14568    0.08040    8.23320    5.67479    3.97964   10.11295    2.00000
 179.99501   -0.02603   23.32816   22.95050    0.02651    0.01463    7.30053    4.77834   -0.49642    3.72781    2.00000
 179.95657    0.03704   23.73177   23.28973    0.05707    0.03150    5.45684    1.27541   -4.25468    1.18769    2.00000
 179.93922   -0.02111   18.16514   17.56099    0.06434    0.03551  360.68793    2.77951    1.05465    3.83334    2.00000
 179.91515    0.06322   21.03177   20.75670    0.10581    0.05840   47.99492   -8.05657    2.05416   -5.58475    2.00000
 180.03131   -0.01169   22.21529   21.95663    0.03342    0.01845   17.53613    8.58241    2.60459   11.95846    2.00000
 180.05705   -0.09900   21.17124   20.92986    0.11426    0.06306   41.50530   -0.20726    0.87278    1.06513    2.00000
 180.15599   -0.22340   18.13968   17.85084    0.27247    0.15038  311.25238    1.39679    0.14075    1.57066    2.00000
 180.01534    0.03196   23.03220   22.69392    0.03545    0.01957    9.29626   -1.13616   -2.07074   -3.39152    2.00000
 179.99686   -0.07088   23.56598   23.15182    0.07095    0.03916    6.15115    0.40516   -0.18534   -1.69652    2.00000
 180.08128    0.06967   23.49638   23.09294    0.10706    0.05909    6.44760    1.31411    2.50415    0.00935    2.00000
 180.01253    0.01806   23.64470   23.21757    0.02198    0.01213    5.82011   -4.04747   -0.76010   -9.02883    2.00000
 180.07463    0.06945   22.73487   22.42964    0.10195    0.05627   11.64239    1.88048   -1.67539   -1.00380    2.00000
 180.11740    0.47359   20.52061   20.06315    0.48792    0.26930   80.12750    1.07572   -2.75803   -1.84061    2.00000
 180.03700   -0.00036   18.04212   17.71127    0.03701    0.02043  335.05667   -0.93177   -0.04387   -1.00764    2.00000
 179.62459   -1.20202   23.43152   23.03805    1.25927    0.69513    6.72392  -14.41498    2.26718   -9.35555    2.00000
 179.99367   -0.05403   22.20244   21.94482    0.05440    0.03002   17.74795   -1.71367   -0.00230   -0.98128    2.00000
 179.93607   -0.02537   23.30639   22.93205    0.06878    0.03796    7.44401    1.07511   -2.94772   -2.06373    2.00000
 179.91431    0.05867   23.30639   22.93205    0.10385    0.05732    7.44401   -1.01606   -2.22299   -5.08749    2.00000
 180.03104   -0.12087   23.54233   23.13182    0.12479    0.06887    6.25187    0.00012    1.25508    1.74555    2.00000
 179.99995   -0.07789   23.32000   22.94358    0.07789    0.04299    7.35434   -0.34338   -5.36293  -10.00073    2.00000
 180.03955    0.07191   23.36899   22.98509    0.08207    0.04530    7.03151    4.62929   -3.39226    0.83825    2.00000
 180.00555   -0.03371   23.68312   23.24943    0.03417    0.01886    5.65971   -0.53003    1.23472   -1.82124    2.00000
 179.87593   -0.02410   22.18959   21.93301    0.12639    0.06976   17.95978    1.88945   -0.61787    0.34093    2.00000
 179.92775   -0.11053   23.30367   22.92975    0.13204    0.07288    7.46195    1.86709    0.91554    1.24283    2.00000
 179.95274    0.01227   23.64149   23.21489    0.04883    0.02695    5.83362    1.98799    4.37495    4.68903    2.00000
 180.01704    0.04315   22.86892   22.54936    0.04639    0.02561   10.42065    2.84226    0.63779    6.42023    2.00000
 179.97069    0.04246   22.46769   22.18861    0.05159    0.02848   14.51250    3.04643    1.44247    4.89490    2.00000
 179.95557    0.02181   23.25223   22.88563    0.04950    0.02732    7.80511   -4.78447    1.26425   -0.46265    2.00000
 179.96539   -0.02083   22.58802   22.29787    0.04040    0.02230   13.21150    6.50941    0.08725    9.60464    2.00000
 180.07930    0.04419   21.33156   21.10609    0.09079    0.05011   36.08614   -0.39521   -2.35499   -2.87928    2.00000
 179.97948    0.02426   21.53374   21.31363    0.03178    0.01754   30.62686   -0.07305    1.46463    1.37015    2.00000
 179.77841   -0.05876   23.70183   23.26493    0.22925    0.12653    5.58168   -2.50924   -0.09318    2.20658    2.00000
 180.01801   -0.00075   22.29755   22.03223    0.01802    0.00995   16.37463    4.44217    1.64061    7.24416    2.00000
 180.05811   -0.01969   22.60366   22.31193    0.06135    0.03386   13.04406    2.10237    0.74782    4.37973    2.00000
 180.56909   -0.27814   23.10421   22.75686    0.63342    0.34961    8.80672   -0.58454    1.81879    1.20802    2.00000
 179.92889   -0.08798   22.09846   21.84912    0.11312    0.06243   19.46397   -6.11845   -0.23086   -6.31310    2.00000
 179.92386   -0.07218   23.76993   23.32128    0.10491    0.05790    5.29799   -1.33186    1.56256   -3.10781    2.00000
 180.08875   -0.11663   23.59972   23.18000    0.14655    0.08089    6.00928   -3.07447    1.86382   -0.61826    2.00000
 179.97844   -0.03587   21.72713   21.50009    0.04185    0.02310   25.72299    2.06970    2.55362    4.68366    2.00000
 180.00511    0.04943   23.43152   23.03805    0.04969    0.02743    6.72392    2.09223   -3.10494   -0.83891    2.00000
 180.24364   -0.54995   22.97810   22.64649    0.60150    0.33199    9.66515   -1.80858   -0.28849   -3.98896    2.00000
 180.00266    0.00060   23.68873   23.25408    0.00271    0.00150    5.63630   -1.97619    2.03117    3.63450    2.00000
 179.96216   -0.01954   23.81280   23.35666    0.04259    0.02351    5.11986   -1.44927    0.35987    2.87386    2.00000
 179.86523   -0.22710   22.82219   22.50770    0.26407    0.14575   10.74471   -1.09980    0.94490   -3.20390    2.00000
 180.01341    0.03148   18.05162   18.07059    0.03422    0.01889  276.08987    3.61983    1.24142    4.85074    2.00000
 180.03111   -0.03491   20.62539   20.18016    0.04676    0.02581   74.09747   -4.13271    1.36340   -2.58776    2.00000
 180.05724    0.00596   22.90543   22.58191    0.05754    0.03176   10.16750    2.06534   -0.83704    0.43249    2.00000
 180.01814   -0.02409   23.80566   23.35076    0.03016    0.01665    5.14955   -3.93096   -1.29847  -17.48235    2.00000
 179.96198   -0.06680   20.95953   20.65368    0.07686    0.04242   51.85571   -1.85769   -1.54477   -3.60279    2.00000
 180.00931   -0.05237   21.87797   21.64297    0.05319    0.02936   23.16076    2.68967   -2.60554    0.21675    2.00000
 180.00233   -0.00582   23.19372   22.83482    0.00628    0.00347    8.20027    0.01189    3.01669    1.48298    2.00000
 180.04349    0.10227   23.41798   23.02659    0.11113    0.06133    6.78163   -0.36229    0.58682    4.94480    2.00000
 180.01707   -0.04555   23.72803   23.28663    0.04865    0.02685    5.47245    1.11449   -0.04441   10.03167    2.00000
 180.01761   -0.02693   23.24736   22.88139    0.03218    0.01776    7.83804    4.12978   -1.55035    3.07024    2.00000
 180.02757    0.00357   22.17931   21.92356    0.02781    0.01535   18.12924   -0.07905    0.17321    1.49119    2.00000
 179.97511    0.01969   22.65844   22.36115    0.03173    0.01751   12.45802   -1.21340    0.34578    0.05267    2.00000
 179.98636   -0.00498   23.52341   23.11581    0.01452    0.00802    6.33246   -0.73771    0.84135   -4.07419    2.00000
 179.96555   -0.00003   23.38804   23.00123    0.03445    0.01901    6.90933   -0.62334    1.73876   -0.11198    2.00000
 179.63496    0.06255   23.71306   23.27423    0.37036    0.20441    5.53487   -3.32128    0.42717   -3.71878    2.00000
 179.98798    0.00807   23.65505   23.22619    0.01448    0.00799    5.77675   -2.35142   -0.00142    1.96139    2.00000
 180.02911    0.04535   22.21272   21.95427    0.05389    0.02974   17.57849    0.14216    2.67421    1.58139    2.00000
 180.01517   -0.07272   22.26927   22.00624    0.07428    0.04100   16.68408   -5.69843    0.06478   -3.80553    2.00000
 179.89389    0.05625   22.54972   22.26336    0.12010    0.06628   13.62241    4.98228    1.47031    8.71593    2.00000
 179.97334    0.01303   23.43152   23.03805    0.02967    0.01637    6.72392    4.22885   -0.69873    5.43202    2.00000
 179.90955   -0.04162   21.19308   20.95524    0.09956    0.05495   40.55404    2.03305   -1.28962    0.88824    2.00000
 180.07474    0.00033   21.83987   21.60725    0.07474    0.04125   23.80132   -0.08223   -2.47675   -2.54987    2.00000
 180.04082   -0.03473   23.14742   22.79462    0.05359    0.02958    8.51300   -5.38322    1.80577   -5.29203    2.00000
 180.05826   -0.04627   22.40852   22.13445    0.07440    0.04106   15.15746   -1.78471    1.06070    0.79353    2.00000
 180.02625    0.09396   23.80804   23.35273    0.09756    0.05384    5.13965   -0.95010    1.72181   -1.46496    2.00000
 180.01662   -0.11653   22.91065   22.58656    0.11771    0.06497   10.13134   -1.22727    0.54951   -5.01653    2.00000
 180.01717   -0.00659   22.18959   21.93301    0.01838    0.01014   17.95978   -0.63881   -1.95148   -2.77472    2.00000
 179.98454    0.05161   23.29278   22.92052    0.05388    0.02974    7.53369    1.14161    0.00979    3.08575    2.00000
 179.92876    0.06786   21.68215   21.45671    0.09840    0.05431   26.86323    0.37730   -2.06800   -3.00993    2.00000
 180.02531   -0.01253   23.18884   22.83059    0.02825    0.01559    8.23320    4.12103    5.16112    9.73862    2.00000
 179.95776   -0.00120   22.46769   22.18861    0.04225    0.02332   14.51250   -8.41046    1.33957   -8.94374    2.00000
 180.02493    0.04933   23.81518   23.35863    0.05527    0.03051    5.10997   -0.86205    0.50526    2.58177    2.00000
 179.97610    0.01540   22.36532   22.09464    0.02842    0.01569   15.63143   -1.03345    0.95629   -0.15989    2.00000
 179.26353   -0.03020   23.03941   22.70021    0.73709    0.40684    9.24730   -3.23277    1.27338   -2.67039    2.00000
 180.05818    0.07460   23.29822   22.92513    0.09460    0.05221    7.49782    3.60375   -0.97761    1.52073    2.00000
 179.94133   -0.06313   23.49368   23.09065    0.08618    0.04757    6.45911   -2.63073    0.02730   -7.07764    2.00000
 180.00827   -0.02618   23.19372   22.83482    0.02746    0.01516    8.20027   -6.06432    0.35197   -3.69552    2.00000
 180.00195   -0.03116   21.75888   21.53070    0.03123    0.01723   25.17394   -2.97695   -1.13293   -3.70461    2.00000
 179.98402   -0.03190   22.88196   22.56098    0.03568    0.01969   10.33024    2.38269   -1.32996   -0.47286    2.00000
 179.97186    0.00724   22.11697   21.86654    0.02904    0.01603   19.15168    1.36027    2.13002    2.24641    2.00000
 179.97044    0.01694   23.34721   22.96664    0.03407    0.01880    7.17499    3.45259   -1.60416   -0.42096    2.00000
 180.03188    0.02921   23.79851   23.34487    0.04324    0.02386    5.17924    0.80003    2.35562    3.17331    2.00000
 180.00458    0.16521   22.78227   22.47202    0.16527    0.09122   11.13782    4.93859   -2.49747    4.14158    2.00000
 179.95348    0.08218   23.30095   22.92744    0.09444    0.05212    7.47988    7.25148    1.25533    9.31095    2.00000
 180.05597   -0.05518   22.01192   21.76799    0.07860    0.04338   20.91881    1.25919    2.47547    4.71894    2.00000
 180.02567   -0.01793   23.08021   22.73588    0.03131    0.01728    8.96990    2.88089   -1.18678    2.56329    2.00000
 179.97041   -0.02266   21.96533   21.72462    0.03728    0.02057   21.69663    0.41389    0.92216    1.02477    2.00000
 179.90274   -0.05326   22.90804   22.58423    0.11089    0.06120   10.14942   -0.08791    0.53491   -5.18339    2.00000
 180.04968    0.10044   23.13062   22.77993    0.11206    0.06185    8.62723   -2.49323    2.98718   -0.27811    2.00000
 180.05701    0.03552   17.86757   17.23692    0.06716    0.03707  426.74802    2.56072   -2.34962    0.18715    2.00000
 179.96928   -0.00644   23.72803   23.28663    0.03139    0.01733    5.47245    3.44929   -0.97862    1.65662    2.00000
 179.98814   -0.03457   21.67950   21.45416    0.03654    0.02017   26.93034    2.05409    1.08237    2.37825    2.00000
 179.99390   -0.02440   23.62864   23.20415    0.02515    0.01388    5.88767    1.52137    1.59620    5.84868    2.00000
