#RA        DEC       MAG_G     MAG_I     ANGSEP    RPROJ     SNR       VTRUE       VSYS       VMEAS      VSYSERR    
 179.58386    0.53418   23.62542   23.20147    0.67714    0.37375    5.90118    4.84164    5.10500   11.25826    2.00000
 180.03702    0.04661   23.77470   23.32521    0.05952    0.03285    5.27820    2.36956   -1.84147    0.56771    2.00000
 180.01144    0.00736   22.86370   22.54471    0.01361    0.00751   10.45681    1.68561   -2.35953    1.47087    2.00000
 179.94650   -0.01959   23.81280   23.35666    0.05697    0.03144    5.11986   -0.88155    2.64294   -4.78238    2.00000
 180.02344    0.02029   23.75803   23.31145    0.03100    0.01711    5.34747   -5.42865    0.40014   -3.77197    2.00000
 179.99303    0.08676   23.07061   22.72749    0.08704    0.04804    9.03517   -5.56874    5.09548   -3.91265    2.00000
 179.99673    0.04901   21.81537   21.58429    0.04912    0.02711   24.21310    0.84923    3.05396    3.77823    2.00000
 179.96742   -0.06441   22.69234   22.39161    0.07218    0.03984   12.09523    3.65107   -1.65173    2.85755    2.00000
 179.95134   -0.05630   23.77232   23.32325    0.07441    0.04107    5.28809   -4.22069    2.70842   -4.12550    2.00000
 179.97314    0.01383   23.09221   22.74637    0.03020    0.01667    8.88831    2.28598    3.12230    5.80360    2.00000
 179.95584    0.03259   21.07980   20.81961    0.05488    0.03029   45.63704   -3.16926   -2.71100   -6.44285    2.00000
 180.01872   -0.04594   21.20594   20.97017    0.04962    0.02738   39.99447    1.25392   -0.34880    0.74553    2.00000
 180.06255   -0.01697   23.26686   22.89833    0.06481    0.03577    7.70632   -2.74312   -0.69484   -3.48036    2.00000
 180.33186   -0.29894   21.70331   21.47712    0.44665    0.24652   26.32630   -5.45882   -2.89559   -8.26702    2.00000
 179.98451    0.00684   21.18280   20.94330    0.01693    0.00935   41.00169    2.78183    0.44430    3.15375    2.00000
 180.07295    0.00397   23.34177   22.96203    0.07305    0.04032    7.21086    5.22041    0.11621   10.97179    2.00000
 179.98615    0.03709   23.28734   22.91591    0.03960    0.02185    7.56956   -0.52647   -2.23417   -4.89346    2.00000
 179.99586   -0.07032   23.02980   22.69182    0.07044    0.03888    9.31257    2.69111   -0.02062    2.74925    2.00000
 180.33612   -0.16335   22.66887   22.37052    0.37371    0.20626   12.34639    3.34681    1.63621    5.22482    2.00000
 180.00597   -0.02928   22.50050   22.21851    0.02988    0.01649   14.15646    3.71649    2.51780    7.76124    2.00000
 179.95801   -0.01941   22.59323   22.30256    0.04626    0.02553   13.15569    2.51026   -0.12346    0.04425    2.00000
 180.07414    0.02403   22.78227   22.47202    0.07794    0.04302   11.13782    0.71823    1.32558    0.84373    2.00000
 180.05640    0.11825   20.86964   20.50538    0.13100    0.07230   57.41336   -1.37951   -3.27476   -4.41677    2.00000
 179.97920   -0.00695   23.80566   23.35076    0.02193    0.01210    5.14955   -0.04017    0.66155   -0.36334    2.00000
 179.98225   -0.11683   16.54838   15.78645    0.11817    0.06522  860.28918    0.04256   -0.98876   -0.95420    2.00000
 180.00475    0.07192   23.29006   22.91822    0.07208    0.03978    7.55162   -4.13218    1.69826   -1.49464    2.00000
 180.01202   -0.03174   23.38804   23.00123    0.03394    0.01873    6.90933   -0.19020    1.52905    2.21942    2.00000
 179.97688    0.03416   22.49347   22.21210    0.04125    0.02276   14.23276    4.23580    1.28058    5.63310    2.00000
 180.13487    0.02933   22.68191   22.38224    0.13803    0.07618   12.20686   -2.63364    2.59881   -1.91261    2.00000
 179.90762   -0.12061   22.64018   22.34474    0.15192    0.08385   12.65337    2.39295   -1.05989   -0.48869    2.00000
 179.87897    0.23558   23.48287   23.08150    0.26486    0.14618    6.50517   -0.75018   -1.87687   -1.68028    2.00000
 180.01938    0.02752   23.29006   22.91822    0.03366    0.01858    7.55162    3.21268    0.14782    6.88352    2.00000
 179.94745   -0.02970   23.52071   23.11352    0.06036    0.03331    6.34397   -0.60734   -0.78517   -0.38096    2.00000
 179.99698    0.01217   23.71867   23.27888    0.01254    0.00692    5.51146   -2.63317    4.43752    2.75602    2.00000
 180.02182    0.00534   22.30269   22.03696    0.02246    0.01240   16.31837    0.33391    0.55897    0.14149    2.00000
 180.00592    0.02624   23.12822   22.77783    0.02690    0.01485    8.64354   -5.36533   -0.76540   -5.61268    2.00000
 180.00600   -0.08134   21.75359   21.52560    0.08156    0.04502   25.26545   -2.30177    1.70576   -1.18660    2.00000
 179.98230    0.00155   22.86631   22.54704    0.01777    0.00981   10.43873    1.49805    0.02221    1.09939    2.00000
 180.22009    0.00437   23.51800   23.11123    0.22014    0.12150    6.35549    6.21357   -0.46015    8.51422    2.00000
 180.01871    0.04172   23.16202   22.80731    0.04572    0.02524    8.41431    0.07233    1.61208    0.24390    2.00000
 179.93890   -0.04663   21.26684   21.03714    0.07685    0.04241   37.89975    3.33067   -1.80100    0.79072    2.00000
 179.97707    0.02811   19.82969   19.33105    0.03627    0.02002  132.46815   -0.29128   -2.47322   -2.88608    2.00000
 179.95433    0.05376   21.77211   21.54346    0.07054    0.03893   24.94517    0.03106   -1.63885   -1.88339    2.00000
 180.66693    0.03807   22.03110   21.78585    0.66802    0.36871   20.59853    1.41183   -4.37634   -2.34192    2.00000
 179.98840   -0.05132   22.66365   22.36583    0.05261    0.02904   12.40220    0.16356    0.22202    2.93940    2.00000
 179.98544    0.00320   23.63506   23.20952    0.01490    0.00823    5.86065    5.36662    0.80378    3.12351    2.00000
 180.01659    0.06865   23.75327   23.30752    0.07062    0.03898    5.36726    2.60162    3.85363    2.53269    2.00000
 180.07210    0.02076   21.80993   21.57918    0.07503    0.04141   24.30461    2.23511   -0.03368    1.74788    2.00000
 179.94437    0.02303   23.47206   23.07236    0.06021    0.03323    6.55122   -1.30307    1.19285   -4.93105    2.00000
 180.06062   -0.05647   23.57562   23.15987    0.08285    0.04572    6.11062   -0.71008    1.85812    1.28150    2.00000
 180.53653    0.71916   23.56125   23.14782    0.89724    0.49525    6.17127    0.13833   -2.56782   -0.79201    2.00000
 180.01717   -0.24628   22.16301   21.90861    0.24688    0.13626   18.39724    6.11877   -1.49209    4.97911    2.00000
 180.04021    0.04368   23.45584   23.05863    0.05937    0.03277    6.62030   -4.14676    3.37703   -0.56094    2.00000
 179.99022   -0.00247   20.21783   19.73895    0.01008    0.00557  101.23536   -4.75484    0.90425   -4.03692    2.00000
 180.04585    0.06990   21.85347   21.62001    0.08359    0.04614   23.57255   -1.63890   -0.83625   -1.48847    2.00000
 180.01538    0.00765   23.82233   23.36452    0.01717    0.00948    5.08028    1.85753    0.38568    0.05716    2.00000
 180.01508   -0.01332   23.07301   22.72958    0.02012    0.01110    9.01885   -0.18720   -0.18035   -0.11779    2.00000
 180.03395    0.05222   22.24871   21.98734    0.06229    0.03438   16.98538    2.97467   -0.77565    0.40611    2.00000
 180.01118   -0.06175   22.22815   21.96844    0.06276    0.03464   17.32430   -0.93660    2.11910   -1.29064    2.00000
 179.88899   -0.06640   22.90022   22.57726    0.12935    0.07139   10.20367    1.79547    1.55984    1.14969    2.00000
 180.00166    0.12204   23.79137   23.33897    0.12205    0.06736    5.20893   -0.01334   -1.72038   -6.61672    2.00000
 179.90202   -0.15814   22.74734   22.44079    0.18604    0.10268   11.50961   -3.27900   -2.26527   -4.78941    2.00000
 179.98322    0.04314   23.62703   23.20281    0.04629    0.02555    5.89443    1.81337    2.25522   -2.25115    2.00000
 179.96185   -0.00656   22.96733   22.63704    0.03871    0.02136    9.73865   -0.42142   -4.51438   -1.04915    2.00000
 180.06055    0.09312   23.84138   23.38025    0.11107    0.06130    5.00111   -0.22063    0.87674   -7.60077    2.00000
 180.03662    0.10518   23.05861   22.71700    0.11137    0.06147    9.11676    3.77818   -2.44374    1.93962    2.00000
 180.07906    0.04094   22.18959   21.93301    0.08902    0.04913   17.95978   -0.00537   -1.80753   -0.13593    2.00000
 180.02203   -0.06015   21.48676   21.26565    0.06406    0.03536   31.88900    4.61271    2.66300    7.69610    2.00000
 179.76308   -0.14379   22.23843   21.97789    0.27714    0.15296   17.15484    2.69743   -0.26328    0.67305    2.00000
 179.95300    0.14780   23.46935   23.07007    0.15509    0.08560    6.56273   -3.80844   -1.38284   -8.48543    2.00000
 180.00835    0.05538   22.74236   22.43633    0.05601    0.03091   11.56272   -0.39990    2.80799    3.79300    2.00000
 180.00403    0.00777   22.66887   22.37052    0.00875    0.00483   12.34639    1.95767   -1.96667   -0.68955    2.00000
 179.92029   -0.07204   23.15958   22.80519    0.10744    0.05930    8.43077   -2.09208   -0.79105   -4.62976    2.00000
 180.02847    0.04196   22.68191   22.38224    0.05071    0.02799   12.20686   -4.34700    2.70750   -0.76657    2.00000
 180.04808    0.01190   22.68452   22.38458    0.04953    0.02734   12.17895    1.30407    0.26311    1.83418    2.00000
 179.98509    0.08926   23.74674   23.30213    0.09049    0.04995    5.39442    2.12468    1.39357    5.27305    2.00000
 180.04320    0.00196   22.76980   22.46086    0.04325    0.02387   11.27060    4.12410    1.46843    7.12504    2.00000
 179.94991    0.03530   22.10389   21.85428    0.06128    0.03382   19.37145   -0.67920    1.12152    1.39325    2.00000
 179.96683    0.08071   23.80089   23.34683    0.08726    0.04816    5.16934   -3.97246   -0.21068   -5.85427    2.00000
 180.19931   -0.09188   23.78899   23.33700    0.21947    0.12113    5.21882    6.74686   -1.37888    9.63076    2.00000
 180.06084    0.01969   23.07061   22.72749    0.06394    0.03529    9.03517   -1.24207    3.08575    1.09581    2.00000
 179.92644    0.05843   22.97271   22.64177    0.09394    0.05185    9.70190    3.60592   -2.68607    3.14644    2.00000
 179.97925    0.04747   23.52341   23.11581    0.05181    0.02860    6.33246   -1.58322   -1.69556   -2.34368    2.00000
 180.29803    0.11212   23.51260   23.10666    0.31842    0.17575    6.37852   -4.26034   -0.27168   -3.82582    2.00000
 179.98114    0.05599   23.72803   23.28663    0.05908    0.03261    5.47245    2.35004   -1.18650    2.56183    2.00000
 180.07648   -0.01445   22.49581   22.21424    0.07782    0.04295   14.20733   -0.20613   -0.55704   -1.36506    2.00000
 180.12627    0.33366   22.64018   22.34474    0.35675    0.19690   12.65337    6.49274    3.54360   10.94604    2.00000
 179.97362    0.01913   22.92369   22.59818    0.03258    0.01798   10.04093    3.82603   -0.44416    3.18705    2.00000
 180.04449   -0.02050   22.69496   22.39396    0.04899    0.02704   12.06724   -5.09983   -0.85830   -6.46372    2.00000
 179.97935   -0.00873   22.92630   22.60050    0.02241    0.01237   10.02285   -5.49613   -1.97035   -7.21738    2.00000
 180.11200   -0.11107   23.49368   23.09065    0.15774    0.08706    6.45911   -0.15274    0.72263    5.26757    2.00000
 179.99332    0.04979   23.76279   23.31538    0.05024    0.02773    5.32768   -4.24353   -0.80289    2.61331    2.00000
 180.06068    0.01244   22.43488   22.15871    0.06194    0.03419   14.86854   -3.81333   -1.97264   -5.81323    2.00000
 180.04207    0.09929   22.89500   22.57261    0.10783    0.05951   10.23983   -3.10464   -2.80095   -4.75137    2.00000
 179.73021   -0.22693   22.58019   22.29084    0.35254    0.19458   13.29522   10.18337    0.37102   13.83152    2.00000
 179.92880    0.04914   23.70557   23.26803    0.08650    0.04774    5.56608    0.77973   -1.84412   -1.47901    2.00000
 179.95938    0.04248   21.86708   21.63276    0.05877    0.03244   23.34378   -1.07226   -2.18727   -1.91636    2.00000
 179.97311    0.04778   22.26927   22.00624    0.05483    0.03026   16.68408    4.59499   -1.65407    3.30406    2.00000
 179.99426   -0.03310   23.39620   23.00814    0.03360    0.01854    6.87450   -0.31021   -0.20914   -2.44065    2.00000
 180.03526   -0.00839   22.59845   22.30724    0.03625    0.02001   13.09987   -1.11646    2.66969   -0.20999    2.00000
 179.99673   -0.13100   20.86488   20.49722    0.13104    0.07232   57.75847   -1.37947    2.88055    1.70751    2.00000
 180.01221   -0.01049   23.80566   23.35076    0.01609    0.00888    5.14955    2.25158   -0.16427    2.59102    2.00000
 180.08720    0.04589   23.55854   23.14554    0.09853    0.05438    6.18278    3.37193    1.64844    0.32398    2.00000
 180.01389   -0.04252   23.72990   23.28818    0.04473    0.02469    5.46464   -0.41799    0.11450    7.40077    2.00000
 180.11201    0.18068   22.64279   22.34708    0.21258    0.11733   12.62546   -1.47286    0.90929    0.93987    2.00000
 180.02547    0.00122   23.55314   23.14096    0.02549    0.01407    6.20581    3.14830   -1.56139    4.17950    2.00000
 179.95587   -0.13096   23.53692   23.12724    0.13819    0.07627    6.27489    2.84668    3.23280    5.21515    2.00000
 180.02368    0.00173   22.32691   22.05926    0.02374    0.01310   16.05273   -4.53459    0.47710   -2.70769    2.00000
 179.98827   -0.07217   23.71867   23.27888    0.07312    0.04036    5.51146    5.77060    2.73525    3.27754    2.00000
 180.00252    0.03335   22.47238   22.19288    0.03345    0.01846   14.46164   -3.14616   -0.14219   -5.06393    2.00000
 180.03487    0.02864   22.69994   22.39842    0.04513    0.02491   12.01418   -0.06959    0.86435    0.89533    2.00000
 179.99156    0.03461   22.72739   22.42295    0.03563    0.01966   11.72206   -4.45457    1.02653   -3.88817    2.00000
 179.93837   -0.00988   22.41092   22.13666    0.06241    0.03445   15.13113   -1.08745   -0.65659   -2.61214    2.00000
 180.03033    0.01652   23.23273   22.86869    0.03454    0.01906    7.93683   -4.21386   -1.64889   -5.53372    2.00000
 180.03728   -0.23924   21.94615   21.70676    0.24212    0.13363   22.01691   -3.82586    0.13269   -2.64817    2.00000
 179.99867   -0.01219   21.58004   21.35845    0.01226    0.00677   29.44802   -3.02324    0.36125   -3.05368    2.00000
 180.06335   -0.02136   23.12582   22.77574    0.06687    0.03690    8.65986    0.06045   -1.25434   -1.62424    2.00000
 180.02457   -0.03349   23.19616   22.83694    0.04154    0.02293    8.18380   -2.44845   -0.40241   -2.78692    2.00000
 179.96349   -0.05329   21.50798   21.28732    0.06461    0.03566   31.31890   -8.09414    1.24485   -6.96371    2.00000
 179.96725   -0.01918   22.25128   21.98971    0.03795    0.02094   16.94302   -3.90315    0.82432   -2.85350    2.00000
 179.94263   -0.07875   22.65322   22.35646    0.09743    0.05377   12.51383   -1.81455   -0.94472   -3.04203    2.00000
 180.00270   -0.04339   23.18397   22.82636    0.04348    0.02400    8.26612    2.70511   -0.80168    3.54621    2.00000
 180.00304   -0.06996   21.65569   21.43120    0.07002    0.03865   27.53438   -7.54124    0.81266   -7.46469    2.00000
 180.00320   -0.12624   23.61257   23.19074    0.12629    0.06970    5.95523   -0.10338    0.18137   -4.57211    2.00000
 179.99846    0.03050   23.39076   23.00353    0.03054    0.01686    6.89772   -1.43750   -0.06615    0.75579    2.00000
 179.93990   -0.03564   16.27776   15.39809    0.06988    0.03857 1030.41772    1.93416    0.42690    2.36087    2.00000
 180.01044   -0.00833   21.03426   20.75999    0.01336    0.00737   47.87167   -0.00596    2.09902    2.28226    2.00000
 179.95226    0.08550   23.14742   22.79462    0.09793    0.05405    8.51300    8.76325   -0.41304    5.31764    2.00000
 179.95456    0.00250   23.30639   22.93205    0.04551    0.02512    7.44401    0.58157   -0.76400    5.80888    2.00000
 180.11073    0.12502   22.94716   22.61910    0.16701    0.09218    9.87819   -0.43088   -1.18476   -3.77836    2.00000
 179.97485    0.01903   23.16202   22.80731    0.03153    0.01740    8.41431    2.30499    3.38290    3.89821    2.00000
 180.01515    0.02826   23.05141   22.71070    0.03206    0.01770    9.16571    0.08708    0.13902    0.85726    2.00000
 180.07549   -0.00648   22.85066   22.53309    0.07577    0.04182   10.54722    3.33898    2.58495    7.08797    2.00000
 179.94725   -0.20564   22.96020   22.63073    0.21230    0.11717    9.78778    1.21201   -1.91928   -0.33234    2.00000
 179.98682    0.02603   23.19128   22.83271    0.02918    0.01611    8.21673    0.95322    1.99476    2.20072    2.00000
 179.83772   -0.02160   21.57031   21.34909    0.16370    0.09035   29.69411   -1.05324    2.42887    2.36381    2.00000
 179.77295   -0.00873   21.74300   21.51540    0.22722    0.12541   25.44846    1.65434   -1.35767    0.54620    2.00000
 179.83992   -0.45860   23.75565   23.30949    0.48574    0.26810    5.35737    5.56922    0.84509   10.96686    2.00000
 179.98042    0.41516   23.41525   23.02428    0.41563    0.22940    6.79324   -2.12288   -0.09701   -2.15068    2.00000
 180.06380    0.07145   21.42677   21.20436    0.09578    0.05286   33.50126    2.40330    3.12622    6.30072    2.00000
 180.05463   -0.12553   22.97271   22.64177    0.13690    0.07556    9.70190   -2.45663    0.46742   -5.72981    2.00000
 180.05356    0.02689   22.82723   22.51221    0.05993    0.03308   10.70962   -4.69102   -0.27055   -2.02489    2.00000
 180.04742   -0.05811   21.30122   21.07377    0.07501    0.04140   36.93627   -5.42767   -0.46178   -6.39254    2.00000
 179.97331    0.02222   23.38804   23.00123    0.03473    0.01917    6.90933   -0.01490   -3.02218   -2.83674    2.00000
 180.07542   -0.02852   23.26442   22.89621    0.08064    0.04451    7.72278    0.99852   -1.41360    3.29328    2.00000
 180.02794    0.00657   22.47706   22.19715    0.02870    0.01584   14.41078    4.12103    2.97785    7.40934    2.00000
 180.04012    0.01678   22.30771   22.04157    0.04348    0.02400   16.26338   -2.00001    0.50821   -2.33435    2.00000
 179.88898   -0.02648   23.53692   23.12724    0.11415    0.06300    6.27489   -0.69660   -1.36072   -9.28279    2.00000
 179.33873   -0.07900   22.39172   22.11897    0.66598    0.36758   15.34178   -0.38855    1.11877    2.78957    2.00000
 179.89044    0.03585   23.40437   23.01506    0.11528    0.06362    6.83968   -5.86853   -0.95238   -4.88619    2.00000
 179.72269    0.04230   23.63827   23.21221    0.28052    0.15483    5.84713   -4.48998   -3.59158   -6.80646    2.00000
 180.07607    0.00406   21.56057   21.33974    0.07617    0.04204   29.94020    3.45686    4.21107    8.56638    2.00000
 179.80363   -0.29912   22.06399   21.81647    0.35782    0.19749   20.04948    3.96554   -0.18854    3.79902    2.00000
 180.06062   -0.00842   22.19473   21.93773    0.06121    0.03378   17.87505   -0.06268    1.50307    1.94115    2.00000
 179.84927    0.02162   23.36899   22.98509    0.15227    0.08404    7.03151    3.69431    1.75831    7.71011    2.00000
 180.07835   -0.02756   21.12608   20.87586    0.08306    0.04584   43.52911   -4.75813    1.64460   -3.21948    2.00000
 179.90715    0.04159   22.98457   22.65216    0.10174    0.05615    9.62105   -0.24395   -1.93538   -0.79333    2.00000
 180.08720    0.05507   23.44503   23.04949    0.10314    0.05692    6.66636   -0.17691    2.04475    1.13726    2.00000
 180.28200   -0.10482   22.98564   22.65311    0.30086    0.16605    9.61369   -2.18954    0.64017    1.76971    2.00000
 180.05585   -0.02260   23.80327   23.34880    0.06024    0.03325    5.15945    0.62432   -0.81357    5.79201    2.00000
 180.06046   -0.04046   22.58019   22.29084    0.07274    0.04015   13.29522   -2.49048   -5.43267   -9.61197    2.00000
 179.97404   -0.00951   22.90022   22.57726    0.02764    0.01525   10.20367    4.76546    0.20726    3.70972    2.00000
 180.00305    0.02734   23.64791   23.22026    0.02751    0.01518    5.80660   -1.89080    1.14139   -4.24227    2.00000
 180.01813   -0.00280   22.39172   22.11897    0.01834    0.01012   15.34178    3.02731   -1.43619   -1.96031    2.00000
 179.97855    0.01153   23.21810   22.85599    0.02436    0.01345    8.03562   -0.41037    2.08817    0.54765    2.00000
 179.91747    0.04636   23.64149   23.21489    0.09467    0.05225    5.83362   -0.20585   -2.43736   -2.54055    2.00000
 179.99867    0.05457   22.74734   22.44079    0.05459    0.03013   11.50961   -3.66569   -0.53525   -4.09537    2.00000
 180.02605    0.04690   22.07367   21.82554    0.05365    0.02961   19.88694    1.24896    0.40255    1.75229    2.00000
 179.72491    0.08877   23.59008   23.17195    0.28906    0.15954    6.04981   -2.86272    0.71774   -3.90478    2.00000
 179.84792   -0.08865   22.92630   22.60050    0.17604    0.09716   10.02285   -2.84867   -0.73096   -2.82453    2.00000
 180.47520   -0.14912   21.52486   21.30456    0.49805    0.27489   30.86549   -0.41789    3.05388    2.06273    2.00000
 180.07988   -0.03269   22.50050   22.21851    0.08631    0.04764   14.15646    6.62671   -1.52419    3.13120    2.00000
 180.05304    0.08202   22.56454   22.27678    0.09767    0.05391   13.46266    4.84587    0.35085    7.68831    2.00000
 180.00789   -0.05764   23.20347   22.84329    0.05818    0.03211    8.13441   -1.35197    0.13990    2.09756    2.00000
 180.07396    0.08031   22.63757   22.34240    0.10918    0.06026   12.68127    7.90836    3.78808   13.06764    2.00000
 180.17191   -0.04683   22.46769   22.18861    0.17816    0.09833   14.51250    2.19485    2.16498    4.95365    2.00000
 180.00278    0.03687   22.07987   21.83143    0.03697    0.02041   19.78120   -2.69203    0.87665   -1.20276    2.00000
 180.00467   -0.04776   23.78660   23.33504    0.04799    0.02649    5.22872   -2.23855    2.89744    1.18569    2.00000
 179.89253   -0.11997   23.69622   23.26028    0.16106    0.08889    5.60509    1.15454    0.08665    0.90557    2.00000
 179.91016   -0.23714   23.24248   22.87716    0.25359    0.13996    7.87097  -11.57103   -1.19471  -16.45355    2.00000
 180.39120   -0.30962   23.53692   23.12724    0.49890    0.27536    6.27489    1.56954   -0.78197    1.56600    2.00000
 179.90540    0.04345   23.58205   23.16524    0.10410    0.05746    6.08359    3.38471   -2.80603   -0.61862    2.00000
 180.06146    0.07830   22.96841   22.63799    0.09954    0.05494    9.73130    7.18798    2.80500   11.62073    2.00000
 180.00317   -0.01280   21.78274   21.55369    0.01319    0.00728   24.76178   -0.29784    2.32160    2.42230    2.00000
 179.97351   -0.01114   22.93934   22.61213    0.02874    0.01586    9.93244   -5.40847   -1.44230   -8.42388    2.00000
 179.92094   -0.03268   20.98136   20.68583    0.08553    0.04721   50.65087   -0.09455    1.25323    1.00394    2.00000
 180.10822    0.09496   23.52881   23.12038    0.14398    0.07946    6.30943   -3.49089   -0.24544   -1.41284    2.00000
 180.10475   -0.13864   21.95163   21.71186    0.17376    0.09590   21.92540   -0.65534   -0.36847   -1.20795    2.00000
 180.09830   -0.00995   23.64955   23.22162    0.09879    0.05452    5.79973    5.51700   -2.68906   -1.42008    2.00000
 179.97183   -0.03535   23.16446   22.80942    0.04520    0.02495    8.39784    2.40344   -1.56593   -2.02850    2.00000
 179.97383    0.07751   22.96948   22.63893    0.08181    0.04515    9.72395   -1.41908    0.78194    1.12833    2.00000
 179.96529    0.10726   21.55863   21.33786    0.11274    0.06222   29.98942   -0.80124    0.80666   -0.12412    2.00000
 179.96474    0.02185   22.74485   22.43856    0.04149    0.02290   11.53617   -1.07060    0.16928   -1.11946    2.00000
 179.97131    0.02837   22.57758   22.28849    0.04034    0.02227   13.32313   -1.67602   -2.17900   -2.24735    2.00000
 180.08127   -0.03041   23.43422   23.04034    0.08678    0.04789    6.71241    0.60099    0.22705   -1.91953    2.00000
 179.95370   -0.01460   23.80089   23.34683    0.04855    0.02680    5.16934   -2.06391   -3.12158   -6.19745    2.00000
 179.92680    0.12005   21.47633   21.25499    0.14060    0.07760   32.16939   -4.93139   -1.55056   -5.67729    2.00000
 180.02573   -0.12995   22.72240   22.41849    0.13247    0.07312   11.77518   -0.14727    1.18122    2.16594    2.00000
 179.96661   -0.04282   23.54233   23.13182    0.05430    0.02997    6.25187    4.73717   -3.74823    2.90534    2.00000
 180.11868   -0.09696   21.42417   21.20169    0.15326    0.08459   33.57136   -1.79013   -1.03941   -3.18297    2.00000
 179.97932   -0.14156   21.51687   21.29639    0.14307    0.07896   31.08026   -4.45666   -1.07874   -4.75986    2.00000
 180.03656    0.01083   21.60340   21.38090    0.03813    0.02104   28.85740    5.73288   -2.72508    3.33887    2.00000
 179.98422    0.08350   23.44503   23.04949    0.08498    0.04690    6.66636    4.42615   -0.14437    0.56190    2.00000
 180.03371   -0.03094   23.32272   22.94589    0.04575    0.02525    7.33640    2.22630   -1.03390    0.67771    2.00000
 179.99828    0.05480   22.53331   22.24841    0.05483    0.03026   13.80043   -0.38221   -2.76702   -1.99384    2.00000
 180.00433    0.06033   23.44503   23.04949    0.06049    0.03338    6.66636    3.80110   -1.03999    2.16026    2.00000
 179.58971    0.01363   21.94067   21.70166    0.41051    0.22658   22.10842   -2.02304   -0.88910   -2.60875    2.00000
 179.97379    0.07351   23.18397   22.82636    0.07805    0.04308    8.26612    0.77340    0.47311    0.85947    2.00000
 179.95746   -0.00796   22.18188   21.92592    0.04327    0.02388   18.08687    1.03757    0.84934    2.70605    2.00000
 180.05656   -0.07078   23.84138   23.38025    0.09061    0.05001    5.00111    0.92731    1.58004    0.44751    2.00000
 179.97653    0.06587   22.97918   22.64744    0.06992    0.03859    9.65780  -11.63859    1.24386  -11.54114    2.00000
 179.92365    0.05424   21.89430   21.65828    0.09366    0.05170   22.88624   -8.90885   -0.56176   -9.54351    2.00000
 180.01804    0.02354   23.28190   22.91130    0.02965    0.01637    7.60543    1.32551    1.07083    4.81949    2.00000
 179.96709   -0.01489   21.35635   21.13240    0.03613    0.01994   35.39392    0.69269   -1.47563   -1.63681    2.00000
 180.04565   -0.00619   21.49643   21.27553    0.04606    0.02542   31.62912   -0.04138   -2.50143   -3.11921    2.00000
 180.07289   -0.08024   20.39245   19.92465    0.10840    0.05983   88.53560    1.74768    0.17606    1.85412    2.00000
 180.03311   -0.21771   22.35331   22.08359    0.22022    0.12154   15.76309    4.03457   -0.96834    1.96300    2.00000
 179.68066    0.08582   22.84023   22.52379    0.33067    0.18251   10.61955    1.64058    1.52897    2.79305    2.00000
 179.86687   -0.01454   21.62287   21.39961    0.13392    0.07391   28.36522    2.87132    1.07483    4.00368    2.00000
 179.94777    0.02985   23.47746   23.07693    0.06016    0.03320    6.52819   -0.40263    1.94375    3.48277    2.00000
 179.10005   -0.29537   21.37200   21.14839    0.94718    0.52282   34.97333    6.46549    0.79252    7.19012    2.00000
 179.98001    0.02093   23.79375   23.34094    0.02894    0.01597    5.19903   -4.01285   -0.01323   -9.04792    2.00000
 180.04292    0.57416   20.77266   20.36027    0.57576    0.31779   64.81606    7.19153    0.42464    7.54932    2.00000
 179.90977   -0.03518   22.65061   22.35412    0.09684    0.05345   12.54174   -4.13391    0.90428   -5.62746    2.00000
 179.93810   -0.03323   21.26280   21.03283    0.07025    0.03877   38.01310   -0.10468   -0.38361   -0.80313    2.00000
 180.05145    0.00056   20.83024   20.44152    0.05147    0.02841   60.62891    1.65725    5.15784    6.52767    2.00000
 179.95651   -0.03793   23.60936   23.18805    0.05771    0.03185    5.96874    0.36245    0.49682   -3.94874    2.00000
 180.08559   -0.01497   22.72489   22.42072    0.08689    0.04796   11.74862   -1.02292   -0.12068   -1.39246    2.00000
 180.03302    0.06688   21.92698   21.68891    0.07459    0.04117   22.33690   -4.50077   -3.96171   -7.98231    2.00000
 180.10268    0.02774   23.43152   23.03805    0.10635    0.05870    6.72392    1.19684    0.09927    1.01712    2.00000
 180.00027    0.04658   21.47894   21.25765    0.04658    0.02571   32.09929   -1.86313   -0.06804   -1.80858    2.00000
 180.01466   -0.01162   19.71709   19.21365    0.01872    0.01033  142.81514    0.16885    1.50478    1.64367    2.00000
 179.99803   -0.00790   23.76993   23.32128    0.00814    0.00449    5.29799   -0.95550    3.62670   -1.84509    2.00000
 179.86778    0.05334   21.94067   21.70166    0.14257    0.07869   22.10842   -0.01421    1.03959   -0.00544    2.00000
 179.84143    0.02082   23.31183   22.93666    0.15993    0.08827    7.40814   -1.95747   -0.28572   -1.99746    2.00000
 180.01633   -0.00261   23.65880   23.22929    0.01653    0.00912    5.76114   -2.80713   -0.04877   -1.11169    2.00000
 180.07619    0.01899   23.06821   22.72539    0.07851    0.04333    9.05149   -0.76684   -4.21309   -8.07960    2.00000
 179.96980    0.08082   23.16690   22.81154    0.08627    0.04761    8.38138    1.65340    1.03722    2.55061    2.00000
 180.04141   -0.01890   23.83423   23.37435    0.04552    0.02512    5.03080    5.07015   -1.29178    3.42050    2.00000
 179.95239    0.00391   22.23586   21.97553    0.04776    0.02636   17.19721    0.62683   -0.63082   -1.34217    2.00000
 179.99281   -0.02484   23.55044   23.13868    0.02586    0.01427    6.21732   -6.26667   -0.04143   -6.18834    2.00000
 179.96249    0.03609   23.81994   23.36256    0.05205    0.02873    5.09017    5.12574    0.34023    0.15163    2.00000
 180.05566    0.15342   21.50976   21.28914    0.16321    0.09008   31.27117    6.07669   -0.48839    6.31325    2.00000
 179.98859    0.01084   21.45546   21.23367    0.01574    0.00869   32.73018    4.59280   -1.59725    3.15923    2.00000
 180.02911    0.05073   23.55044   23.13868    0.05849    0.03228    6.21732   -0.80541    1.09087    9.08898    2.00000
 180.05412   -0.08020   22.61931   22.32599    0.09676    0.05340   12.87662    1.07347   -1.25257    1.51721    2.00000
 180.08107    0.07316   23.20591   22.84541    0.10920    0.06027    8.11794    0.36330   -2.83933   -3.77986    2.00000
 179.93007   -0.00829   23.83661   23.37632    0.07042    0.03886    5.02090   -4.74589    3.37759    1.55962    2.00000
 179.95599    0.03539   23.46395   23.06550    0.05648    0.03117    6.58576   -5.78223    1.56773   -6.07296    2.00000
 179.92979   -0.05966   19.82744   19.32870    0.09213    0.05085  132.67470    4.96107    2.03865    6.94617    2.00000
 179.93385   -0.01999   22.10776   21.85797    0.06910    0.03814   19.30536   -0.97649    3.82171    3.07902    2.00000
 179.99075    0.01699   22.53565   22.25055    0.01934    0.01068   13.77500    5.86806    2.48788    7.82472    2.00000
 179.98817   -0.08309   22.32691   22.05926    0.08392    0.04632   16.05273    0.08337    0.47311   -0.20993    2.00000
 179.99034    0.02119   23.40165   23.01276    0.02329    0.01285    6.85129    1.83366   -1.40335    0.56133    2.00000
 180.05457    0.04520   22.79225   22.48094    0.07086    0.03911   11.03159   -1.40191   -0.86886   -6.65026    2.00000
 180.00569   -0.00935   22.66365   22.36583    0.01095    0.00604   12.40220   -3.42624    1.72963   -1.58355    2.00000
 179.97720    0.05743   22.42772   22.15214    0.06179    0.03410   14.94681   -0.64978    0.32547    0.00611    2.00000
 180.01050   -0.00749   23.28462   22.91361    0.01290    0.00712    7.58749   -0.49348   -1.62432    1.65112    2.00000
 180.11514    0.02479   22.05577   21.80882    0.11778    0.06500   20.18674    5.04059    0.30698    5.90798    2.00000
 179.91382   -0.00861   23.79137   23.33897    0.08661    0.04780    5.20893    2.64529   -2.85471    3.23927    2.00000
 179.96115    0.00020   23.49368   23.09065    0.03885    0.02144    6.45911    2.84279    0.97686    6.22637    2.00000
 180.02966    0.04234   23.21566   22.85388    0.05170    0.02853    8.05208    1.76477   -0.64692    0.92789    2.00000
 179.92879    0.01478   18.73946   18.17968    0.07272    0.04014  261.06207    0.78773    0.06482    0.88576    2.00000
 179.96526   -0.03578   23.28190   22.91130    0.04988    0.02753    7.60543   -1.10198   -1.76348   -1.32124    2.00000
 180.00316   -0.01953   22.44191   22.16512    0.01979    0.01092   14.79225   -1.76414   -0.08003   -0.82278    2.00000
 179.93176   -0.02292   22.61931   22.32599    0.07199    0.03973   12.87662   -3.84797    2.35947   -3.10115    2.00000
 180.45876    0.78131   23.21322   22.85176    0.90603    0.50010    8.06855    2.20723   -1.75245    0.41771    2.00000
 180.05612   -0.03560   22.84805   22.53076    0.06646    0.03668   10.56531    0.45392   -0.64988    1.29910    2.00000
 179.96613   -0.02039   23.04661   22.70651    0.03953    0.02182    9.19835   -2.88997    3.87196   -1.47970    2.00000
 179.95856    0.02186   23.05861   22.71700    0.04685    0.02586    9.11676    2.34568    1.34525    3.62278    2.00000
 180.00641    0.03187   21.95163   21.71186    0.03251    0.01794   21.92540   -1.46740    0.05764   -1.04458    2.00000
 180.03957   -0.08158   23.69996   23.26338    0.09067    0.05004    5.58948    1.83609   -1.28038   -2.66820    2.00000
 179.94164    0.08365   22.38452   22.11234    0.10200    0.05629   15.42078    0.21406   -0.31352   -0.70886    2.00000
 180.02686    0.03132   22.00096   21.75779    0.04126    0.02277   21.10183    1.47750    2.84464    5.70656    2.00000
 179.96178    0.00460   23.53962   23.12953    0.03851    0.02125    6.26338   -0.27123   -0.94452   -3.10080    2.00000
 180.00749   -0.06259   22.23843   21.97789    0.06303    0.03479   17.15484    2.54071   -0.61620    3.40663    2.00000
 180.01833   -0.05092   23.06101   22.71909    0.05412    0.02987    9.10044   -1.63969   -0.81108   -2.20408    2.00000
 180.17166   -0.09079   23.53962   23.12953    0.19419    0.10718    6.26338    0.64544    1.80512   -1.44456    2.00000
 180.05289    0.06470   23.48557   23.08379    0.08357    0.04612    6.49365    2.36477   -0.38398    5.71883    2.00000
 179.99385    0.03135   23.74674   23.30213    0.03195    0.01763    5.39442    3.68749    2.16615   -0.12648    2.00000
 179.96951   -0.00094   23.52881   23.12038    0.03049    0.01683    6.30943   -2.66541   -0.11264    0.92357    2.00000
 180.02031   -0.03969   23.01581   22.67957    0.04458    0.02461    9.40788   -0.75111    1.70013    1.20728    2.00000
 179.96027    0.07520   21.77740   21.54857    0.08505    0.04694   24.85366   -1.28869    1.81496    1.61452    2.00000
 179.99272   -0.02767   23.34721   22.96664    0.02861    0.01579    7.17499    2.35382    2.44364    0.47300    2.00000
 180.02689    0.05214   23.54503   23.13410    0.05866    0.03238    6.24035   -0.02487   -0.09161    2.87940    2.00000
 180.01898   -0.04953   23.51260   23.10666    0.05304    0.02927    6.37852    0.90039    3.48408    2.95211    2.00000
 179.98219   -0.05465   22.04481   21.79861    0.05748    0.03172   20.36976    1.68396    0.57460    0.88287    2.00000
 180.10786    0.02497   23.24736   22.88139    0.11071    0.06110    7.83804    5.86890    0.55727    2.53576    2.00000
 180.06367   -0.03016   23.24979   22.88351    0.07045    0.03889    7.82157   -0.43540    0.64617   -2.19461    2.00000
 179.89890    0.08579   22.25385   21.99207    0.13260    0.07319   16.90065   -3.25857   -1.51137   -4.17226    2.00000
 179.93648   -0.06399   23.30095   22.92744    0.09016    0.04976    7.47988    0.58563   -2.47003   -5.77926    2.00000
 180.07809    0.03373   23.42341   23.03119    0.08507    0.04695    6.75847   -3.53948   -2.68013   -3.38297    2.00000
 179.95828   -0.02671   23.27174   22.90256    0.04953    0.02734    7.67339    1.78202    5.00052    3.29458    2.00000
 179.99364    0.00611   22.79724   22.48540    0.00883    0.00487   10.97848    5.05621   -0.33691    5.72728    2.00000
 180.05305    0.00868   22.65844   22.36115    0.05375    0.02967   12.45802    4.16131   -1.17261    2.46900    2.00000
 180.00568    0.01446   22.73238   22.42741    0.01554    0.00858   11.66895   -4.18221   -3.88411   -7.72484    2.00000
 180.06512   -0.04587   23.60293   23.18268    0.07965    0.04396    5.99576   -0.11402    1.31754   -4.48312    2.00000
 179.97925   -0.00466   23.02500   22.68763    0.02127    0.01174    9.34521    3.82238   -1.49416    4.56779    2.00000
 180.11205   -0.02084   22.27698   22.01333    0.11396    0.06290   16.59969   -7.67210    2.08746   -3.41301    2.00000
 179.95070   -0.00219   22.21015   21.95191    0.04935    0.02724   17.62086    0.44297   -0.68707   -0.69708    2.00000
 179.98837    0.00538   22.44425   22.16725    0.01281    0.00707   14.76681   -1.75684   -0.32109   -1.81557    2.00000
 179.99660    0.03429   23.71119   23.27268    0.03446    0.01902    5.54267   -1.77390   -3.32494   -4.53855    2.00000
 180.01297    0.04577   23.53152   23.12267    0.04757    0.02626    6.29792   -2.08698   -0.58916    0.67020    2.00000
 180.03722   -0.00135   22.94977   22.62143    0.03724    0.02055    9.86011    4.77399    2.81550    7.78557    2.00000
 179.99277    0.04337   22.77479   22.46533    0.04397    0.02427   11.21749   -3.71576    0.63237   -5.88514    2.00000
 179.83401   -0.03329   23.38532   22.99892    0.16929    0.09344    6.92390   -7.25343   -1.03818  -11.68412    2.00000
 180.04114    0.05086   22.94716   22.61910    0.06542    0.03611    9.87819   -0.52218    0.30177    3.14210    2.00000
 180.07086    0.11943   23.19616   22.83694    0.13887    0.07664    8.18380   -1.56127    2.20701   -1.56084    2.00000
 180.14825    0.03591   23.52611   23.11809    0.15254    0.08419    6.32095    1.09760   -0.23509    4.24917    2.00000
 179.93898    0.01027   23.00611   22.67106    0.06188    0.03415    9.47404   -3.35588   -2.42261   -4.42589    2.00000
 180.03067   -0.03872   22.99318   22.65972    0.04940    0.02727    9.56224   -0.12793    0.07324    2.62773    2.00000
 180.02618   -0.00820   22.94716   22.61910    0.02743    0.01514    9.87819   -0.60271   -1.34448   -2.14379    2.00000
 179.92682   -0.04005   22.99211   22.65878    0.08342    0.04604    9.56959   -3.00222    0.66845   -3.92741    2.00000
 179.99030    0.04628   21.59172   21.36967    0.04728    0.02610   29.15271    3.54578    2.00152    5.54282    2.00000
 179.98143   -0.07022   23.11862   22.76944    0.07264    0.04009    8.70881   -2.65727   -1.26207   -7.18121    2.00000
 179.91724   -0.01158   22.16630   21.91162    0.08357    0.04612   18.34335   -3.51915    0.82105   -3.08203    2.00000
 179.97971    0.03347   22.70493   22.40288    0.03914    0.02160   11.96107   -0.50737   -2.43258   -1.10395    2.00000
 179.85194   -0.07617   22.22044   21.96136    0.16649    0.09189   17.45140    7.33483    2.94078   10.70984    2.00000
 179.77190    0.16988   20.90799   20.57030    0.28441    0.15697   54.98052   -5.96698    2.49612   -3.39546    2.00000
 179.78725   -0.04656   21.73771   21.51029    0.21779    0.12021   25.53997   -3.05136    4.25006    0.92436    2.00000
 179.93068   -0.03245   23.77946   23.32914    0.07654    0.04225    5.25841    5.13428   -1.17682    6.18868    2.00000
 180.00562    0.06511   21.78543   21.55622    0.06536    0.03607   24.71640    0.27426    3.58840    4.09526    2.00000
 180.03114   -0.01265   22.80971   22.49655    0.03362    0.01856   10.84570    6.42213    1.73926    6.08855    2.00000
 180.06596    0.03790   22.71990   22.41626    0.07607    0.04199   11.80173   -7.19035    0.12219   -7.78539    2.00000
 179.94392    0.01327   21.84531   21.61235    0.05762    0.03180   23.70981    0.55803   -0.39182    0.20354    2.00000
 180.03845    0.08937   21.40069   21.17771    0.09729    0.05370   34.20225   -1.50873   -1.34353   -3.10236    2.00000
 180.00310    0.01675   20.12135   19.63721    0.01703    0.00940  108.19403    4.52321   -1.64658    2.95229    2.00000
 180.02243   -0.07992   22.09226   21.84323    0.08301    0.04582   19.56971   -2.92516   -0.40746   -3.98785    2.00000
 180.00888    0.00591   21.85347   21.62001    0.01067    0.00589   23.57255   -5.08581    0.57499   -4.51689    2.00000
 179.95314   -0.06701   21.95163   21.71186    0.08177    0.04513   21.92540    2.22743    1.18973    4.38367    2.00000
 179.87225   -0.17719   20.21549   19.73648    0.21844    0.12056  101.40469    5.09409   -1.30450    3.81471    2.00000
 179.91980    0.16708   22.41332   22.13887    0.18534    0.10229   15.10480    4.70462   -0.67730    3.86536    2.00000
 179.93729    0.08331   23.09701   22.75056    0.10428    0.05755    8.85567    0.85896    1.38115    4.52858    2.00000
 180.00359   -0.06336   22.30012   22.03459    0.06347    0.03503   16.34650    3.67561    0.77787    4.91900    2.00000
 179.76369    0.03898   23.25711   22.88986    0.23951    0.13219    7.77218    6.94630   -0.01902    2.81793    2.00000
 179.94720    0.04433   22.68452   22.38458    0.06895    0.03805   12.17895   -5.23531    1.12207   -4.23476    2.00000
 179.99915    0.00251   21.90246   21.66593    0.00265    0.00146   22.74897   -2.21305   -1.81165   -4.05389    2.00000
 180.03502   -0.07376   22.65583   22.35880    0.08165    0.04507   12.48592   -6.33312    0.54597   -3.74775    2.00000
 179.99158   -0.01745   23.61739   23.19476    0.01938    0.01070    5.93496   -0.86535   -0.50736   -1.11346    2.00000
 179.97954   -0.11031   21.88069   21.64552    0.11219    0.06192   23.11501   -3.58369   -3.48933   -8.40470    2.00000
 180.04054    0.02066   22.98672   22.65405    0.04551    0.02512    9.60634   -2.23302    0.65889   -0.06628    2.00000
 180.00456    0.11182   22.65583   22.35880    0.11192    0.06177   12.48592    3.83150    1.02173    3.27184    2.00000
 179.93776    0.01542   22.72988   22.42518    0.06413    0.03539   11.69551   -1.60750   -3.16758   -4.75315    2.00000
 180.03224    0.03679   22.41572   22.14108    0.04892    0.02700   15.07847    3.18961   -2.68557    2.41418    2.00000
 180.02446   -0.07429   22.56976   22.28146    0.07822    0.04317   13.40685   -2.78621   -1.62637   -3.77241    2.00000
 180.05472   -0.01062   22.68713   22.38693    0.05574    0.03077   12.15104   -0.30217    1.09865   -1.48963    2.00000
 180.00014   -0.06207   23.45044   23.05406    0.06207    0.03426    6.64333   -7.57167    6.19880   -3.64308    2.00000
 179.94246   -0.03658   22.17417   21.91883    0.06818    0.03763   18.21397   -2.12175    0.66819   -2.53689    2.00000
 180.02367    0.00546   23.65318   23.22464    0.02429    0.01341    5.78455    3.86746    1.80129    8.03108    2.00000
 180.04642    0.03375   23.28190   22.91130    0.05739    0.03168    7.60543   -1.99200   -0.87886   -0.66632    2.00000
 179.96722   -0.01712   23.48287   23.08150    0.03697    0.02041    6.50517   -1.63697    4.47938    2.71172    2.00000
 180.06952   -0.03960   22.11258   21.86253    0.08000    0.04416   19.22353   -6.28349   -0.88763   -7.62819    2.00000
 180.08871    0.03298   23.46395   23.06550    0.09464    0.05223    6.58576    3.42081    2.30056   -0.62755    2.00000
 179.96545   -0.04079   23.23273   22.86869    0.05346    0.02951    7.93683    3.75490   -1.37458    3.02713    2.00000
 180.01929   -0.00517   21.69802   21.47202    0.01996    0.01102   26.46053   -0.47782    1.94436    1.89416    2.00000
 179.95470   -0.06533   23.79375   23.34094    0.07951    0.04388    5.19903   -5.20965   -0.54986   -0.82608    2.00000
 180.00169   -0.07590   23.44773   23.05177    0.07592    0.04190    6.65484   -3.40191    3.24469    0.24067    2.00000
 179.97076   -0.01045   22.34131   22.07253    0.03105    0.01714   15.89474    0.79114    4.88705    5.91181    2.00000
 179.97824   -0.01779   22.90543   22.58191    0.02811    0.01551   10.16750   -4.88828    1.11846   -5.25377    2.00000
 180.00140    0.01588   23.41253   23.02198    0.01594    0.00880    6.80485    1.86748    2.33342    4.10486    2.00000
 179.95258   -0.03308   21.86436   21.63021    0.05782    0.03191   23.38953    5.34450   -0.98122    4.28358    2.00000
 180.02197    0.08035   22.23586   21.97553    0.08330    0.04598   17.19721    1.24537    1.99180    5.55120    2.00000
 179.99156    0.01309   22.15095   21.89759    0.01557    0.00860   18.59483    1.00837   -1.10335   -0.11491    2.00000
 180.01936    0.10875   22.30012   22.03459    0.11046    0.06096   16.34650    1.52390    0.22427    2.33900    2.00000
 179.91086    0.02231   21.41113   21.18837    0.09189    0.05072   33.92186    6.00556    0.13542    6.31778    2.00000
 180.04034    0.00953   23.81994   23.36256    0.04146    0.02288    5.09017    1.41958    2.04752    2.93238    2.00000
 180.05009    0.03070   19.17462   18.64351    0.05875    0.03242  201.06926   -3.54512    0.43241   -3.19223    2.00000
 179.92159   -0.02024   22.83240   22.51682    0.08098    0.04470   10.67380    3.36456    1.99293    9.08915    2.00000
 179.48825   -0.19714   23.25467   22.88774    0.54841    0.30269    7.78864    3.86134   -0.24729    4.04275    2.00000
 179.96803    0.02959   22.40372   22.13003    0.04357    0.02405   15.21013   -2.57672   -1.33543   -0.88977    2.00000
 180.07497   -0.01309   22.49581   22.21424    0.07610    0.04200   14.20733    4.46289   -1.60853    2.21934    2.00000
 180.30292   -0.10242   21.66892   21.44395    0.31977    0.17649   27.19880    5.28126   -0.93554    3.98949    2.00000
 179.94691    0.01419   22.67409   22.37521    0.05496    0.03033   12.29058    3.67187   -2.25533    1.53106    2.00000
 179.98936    0.01121   21.11712   20.86497    0.01546    0.00853   43.93710   -0.76225   -1.36423   -1.86005    2.00000
 179.99260    0.06338   20.88790   20.53668    0.06381    0.03522   56.24040   -1.59954   -0.44115   -1.89758    2.00000
 180.01363    0.01683   23.23760   22.87293    0.02165    0.01195    7.90390   -1.61324   -0.23075   -3.58526    2.00000
 180.05693    0.04633   22.49347   22.21210    0.07340    0.04051   14.23276    4.71270    1.24226    7.86699    2.00000
 179.99602    0.00232   22.65583   22.35880    0.00462    0.00255   12.48592    1.10303   -1.93649   -1.80286    2.00000
 180.00980    0.04825   21.31942   21.09316    0.04924    0.02717   36.42619   -0.55705    1.15731    0.45558    2.00000
 180.01579    0.06642   23.63345   23.20818    0.06827    0.03768    5.86740   -1.57475   -2.51334   -4.79065    2.00000
 180.06561   -0.13750   22.75483   22.44748    0.15236    0.08409   11.42994    3.31899    1.14656    3.99318    2.00000
 179.93327    0.00216   22.80722   22.49432    0.06676    0.03685   10.87225    1.73615    0.54361    1.92841    2.00000
 179.96114    0.07076   22.14108   21.88858    0.08073    0.04456   18.75650    8.52193   -1.45877    7.89221    2.00000
 180.04813   -0.01091   23.49638   23.09294    0.04935    0.02724    6.44760   -3.23750   -0.30852   -3.12137    2.00000
 180.06754   -0.03739   23.67938   23.24633    0.07719    0.04260    5.67531   -4.90721   -1.54390   -0.31979    2.00000
 179.89343   -0.06685   22.86370   22.54471    0.12580    0.06943   10.45681   -0.91832    4.50764    4.57096    2.00000
 179.93427   -0.06884   23.24492   22.87928    0.09517    0.05253    7.85450    5.50936    2.81301    6.02598    2.00000
 180.04823   -0.00276   22.59845   22.30724    0.04831    0.02666   13.09987   -0.22985    3.75705    4.56503    2.00000
 179.83160    0.15870   21.73242   21.50519    0.23139    0.12771   25.63148    1.00924   -1.03190   -0.24433    2.00000
 180.02895    0.00249   21.66892   21.44395    0.02904    0.01603   27.19880    0.66472   -1.70832   -1.51452    2.00000
 179.98341    0.02332   23.12582   22.77574    0.02861    0.01579    8.65986   -0.27206    1.15000    1.89534    2.00000
 179.81061    0.15861   22.92108   22.59586    0.24703    0.13634   10.05901    3.26357   -0.73881    0.27640    2.00000
 180.12851   -0.02642   23.08501   22.74007    0.13119    0.07241    8.93726    1.31164   -2.34368    0.42176    2.00000
 180.13754    0.02066   23.04421   22.70441    0.13908    0.07676    9.21467   -0.87547   -0.66710    2.27818    2.00000
 180.00592    0.10761   22.91326   22.58888    0.10777    0.05948   10.11326   -0.81298    1.04164   -0.55699    2.00000
 180.05550    0.02212   23.67938   23.24633    0.05975    0.03298    5.67531   -1.14318   -1.81026   -6.10281    2.00000
 180.05223   -0.00747   23.08021   22.73588    0.05276    0.02912    8.96990   -0.39906   -2.43823   -5.42675    2.00000
 180.03886    0.00498   22.35091   22.08138    0.03919    0.02163   15.78942   -4.80083   -2.37478   -5.00710    2.00000
 179.99471    0.02678   21.75094   21.52305    0.02729    0.01506   25.31120    6.21186   -0.44389    5.07841    2.00000
 180.01038    0.07625   22.78976   22.47871    0.07695    0.04247   11.05815   -3.06175    0.67821   -3.19140    2.00000
 179.91597    0.02381   23.59972   23.18000    0.08734    0.04820    6.00928    4.83821   -0.57398    0.40637    2.00000
 179.98679   -0.01141   22.52862   22.24414    0.01746    0.00964   13.85129    1.32281   -1.50283   -0.55454    2.00000
 179.96597   -0.05014   22.64800   22.35177    0.06060    0.03345   12.56964   -1.01764    1.02747    0.20091    2.00000
 180.01740    0.05469   22.54268   22.25695    0.05739    0.03168   13.69870    1.27180   -1.89615   -2.69786    2.00000
 180.03844   -0.01484   22.46769   22.18861    0.04121    0.02274   14.51250    4.09824   -2.98360    1.17184    2.00000
 179.96349   -0.01749   23.58687   23.16926    0.04048    0.02234    6.06332   -0.35220    1.97615    2.28516    2.00000
 180.04488   -0.00374   23.30639   22.93205    0.04504    0.02486    7.44401   -0.32112    0.69189    0.09080    2.00000
 180.03203   -0.06203   22.93412   22.60748    0.06981    0.03853    9.96860    0.78172    2.45866    2.36980    2.00000
 180.01648    0.02224   23.61739   23.19476    0.02769    0.01528    5.93496   -5.23730    0.44250    1.40101    2.00000
 179.81862    0.23070   20.83765   20.45316    0.29346    0.16197   60.02893  -11.31342    0.09433  -11.29549    2.00000
 179.97852   -0.00198   23.79613   23.34290    0.02157    0.01191    5.18913   -2.77684    0.70810    5.09756    2.00000
 180.02940   -0.12238   22.57497   22.28615    0.12587    0.06947   13.35104   -1.68257   -0.81331   -3.37547    2.00000
 179.73842    0.12581   22.78477   22.47425    0.29027    0.16021   11.11126    0.73358   -2.08476    1.36498    2.00000
 180.00429   -0.04693   22.11478   21.86454    0.04713    0.02601   19.18760   -5.83151    0.81807   -4.27231    2.00000
 179.96536   -0.07320   22.35811   22.08801    0.08098    0.04470   15.71042   -3.67383    0.12460   -2.97779    2.00000
 179.94127   -0.03750   23.04661   22.70651    0.06968    0.03846    9.19835    4.59157    1.38784    3.54522    2.00000
 180.03062    0.05627   22.99103   22.65783    0.06406    0.03536    9.57694    0.71787    2.23242    4.33129    2.00000
 180.04990   -0.06640   23.28190   22.91130    0.08306    0.04584    7.60543   -0.04633    0.54549   -1.32744    2.00000
 180.01173   -0.05773   23.20347   22.84329    0.05891    0.03252    8.13441    0.32522   -4.62993   -7.45892    2.00000
 179.85007    0.01478   23.30639   22.93205    0.15066    0.08315    7.44401    4.17521    1.06781    4.40612    2.00000
 180.04829    0.03317   23.72054   23.28043    0.05858    0.03233    5.50366    1.61431   -4.57827    1.71842    2.00000
 180.01558   -0.00888   23.79613   23.34290    0.01793    0.00990    5.18913   -2.47821   -1.71030   -6.96549    2.00000
 179.95789   -0.01896   23.07541   22.73168    0.04618    0.02549    9.00254   -2.59990    1.53647   -2.69687    2.00000
 180.06770   -0.01329   23.55854   23.14554    0.06900    0.03808    6.18278    0.56736    0.21284    2.87567    2.00000
 180.00508    0.03626   23.48557   23.08379    0.03662    0.02021    6.49365   -2.49544   -1.73734   -4.30646    2.00000
 180.15714    0.56592   22.56454   22.27678    0.58733    0.32417   13.46266   -6.53492   -2.90567  -10.39968    2.00000
 179.95326    0.04068   21.60340   21.38090    0.06197    0.03420   28.85740   -4.29812   -0.86765   -4.63106    2.00000
 180.06052    0.02752   23.09941   22.75266    0.06647    0.03669    8.83936   -3.27991   -2.28138   -2.33926    2.00000
 180.01755    0.02203   21.71654   21.48988    0.02817    0.01555   25.99072    0.95080   -3.02617   -2.82468    2.00000
 179.95404   -0.07074   23.36082   22.97817    0.08436    0.04656    7.08531    0.51165    1.55470    0.68325    2.00000
 179.89240    0.06514   22.18188   21.92592    0.12579    0.06943   18.08687    3.64576    0.19100    3.22036    2.00000
 179.94910    0.01736   23.30367   22.92975    0.05378    0.02968    7.46195   -3.64984   -3.31679   -7.63851    2.00000
 179.97159    0.03194   22.52862   22.24414    0.04274    0.02359   13.85129   -2.24232    3.46460    1.82173    2.00000
 180.02084   -0.00686   23.18397   22.82636    0.02194    0.01211    8.26612    1.17324    2.99243    3.00445    2.00000
 179.97784   -0.20654   23.59169   23.17329    0.20772    0.11465    6.04306   -0.75270   -3.01564    1.46645    2.00000
 179.97942   -0.06255   23.28462   22.91361    0.06585    0.03634    7.58749    2.12382    0.48515    6.94088    2.00000
 179.98616    0.01642   20.78271   20.37336    0.02147    0.01185   64.14108    2.94249    1.52063    4.50320    2.00000
 179.75639    1.01761   23.50179   23.09751    1.04636    0.57757    6.42457   -3.91120    0.81570   -3.26072    2.00000
 179.99049   -0.01077   23.78660   23.33504    0.01436    0.00792    5.22872   -1.67513   -0.06573    0.57362    2.00000
 180.02225   -0.09880   23.29006   22.91822    0.10127    0.05590    7.55162   -0.56794   -1.85256   -6.68788    2.00000
 180.03314    0.07546   22.04481   21.79861    0.08241    0.04549   20.36976   -0.01709   -1.57346   -2.00808    2.00000
 179.92468   -0.06226   23.12342   22.77364    0.09772    0.05394    8.67618   -3.05128    2.16285    0.29015    2.00000
 179.93953   -0.04214   23.79851   23.34487    0.07370    0.04068    5.17924    6.27840   -0.16557    5.80904    2.00000
 179.96628    0.05090   23.12822   22.77783    0.06106    0.03370    8.64354   -8.37977    1.35725   -9.15131    2.00000
 180.04028   -0.02810   23.36354   22.98047    0.04912    0.02711    7.06738    2.70808   -1.68906    1.71688    2.00000
 179.99971   -0.06514   23.33361   22.95511    0.06514    0.03595    7.26466   -2.47220    0.06242    2.92059    2.00000
 179.99249   -0.09761   21.00943   20.72716    0.09790    0.05403   49.10180   -2.04145   -2.12082   -4.31268    2.00000
 180.11336   -0.12000   23.70744   23.26958    0.16508    0.09111    5.55827   -3.96356   -0.39713   -2.84414    2.00000
 179.93668   -0.11641   23.11141   22.76315    0.13253    0.07314    8.75777   -0.51704    0.67180   -1.40423    2.00000
 180.03870   -0.03672   23.35810   22.97586    0.05335    0.02944    7.10325   -3.89636   -4.19596   -5.17944    2.00000
 180.03374    0.01699   22.25128   21.98971    0.03777    0.02085   16.94302    2.52233   -1.32833    3.52549    2.00000
 179.94791    0.07780   21.92424   21.68635    0.09363    0.05167   22.38294    0.50309   -0.98579   -1.24092    2.00000
 179.92569   -0.03762   22.49581   22.21424    0.08329    0.04597   14.20733   -0.47482   -0.86035   -1.26811    2.00000
 179.96173   -0.01202   23.28190   22.91130    0.04012    0.02214    7.60543    4.02438   -0.19211    5.09775    2.00000
 180.01395   -0.01206   22.73986   22.43410    0.01844    0.01018   11.58928   -2.82462   -0.37618   -4.33816    2.00000
 179.86984   -0.14497   22.37732   22.10570    0.19482    0.10753   15.49977    7.94370   -0.47904    7.09469    2.00000
 179.98627    0.01709   22.28727   22.02278    0.02193    0.01210   16.48716   -4.27428   -2.63812   -7.74846    2.00000
 179.65546    0.56243   21.58004   21.35845    0.65958    0.36405   29.44802   -3.86504   -2.18169   -6.79213    2.00000
 179.89162   -0.10300   22.80223   22.48986    0.14952    0.08252   10.92537   -4.69338   -3.36707   -6.22066    2.00000
 179.92897    0.04562   21.85075   21.61746    0.08442    0.04659   23.61830   -1.48268    0.62928   -0.87270    2.00000
 180.03297    0.01310   22.78976   22.47871    0.03549    0.01959   11.05815   -0.37935   -3.49949   -2.99897    2.00000
 179.98866   -0.05068   23.04661   22.70651    0.05194    0.02867    9.19835    2.70706    3.85518    7.22350    2.00000
 179.94626   -0.06235   23.14022   22.78832    0.08231    0.04543    8.56195   -2.20004   -1.22439   -4.54372    2.00000
 179.95412   -0.04693   23.34449   22.96433    0.06563    0.03623    7.19292    0.25650   -0.56940   -5.46165    2.00000
 179.95628   -0.00034   22.56193   22.27443    0.04372    0.02413   13.49057    0.16356   -1.76991   -2.33893    2.00000
 179.96947   -0.01382   22.14437   21.89158    0.03352    0.01850   18.70261    0.98493   -0.17786    0.82178    2.00000
 179.95969   -0.00730   19.49482   18.98119    0.04097    0.02261  163.72433   -0.18806    1.43967    1.26315    2.00000
 179.98514   -0.08332   21.59561   21.37342    0.08463    0.04671   29.05427    1.75991    0.56777    2.61831    2.00000
 180.02029    0.03799   22.27955   22.01569    0.04307    0.02377   16.57155   -3.15185   -1.93141   -3.27804    2.00000
 180.05122    0.05444   22.59584   22.30490    0.07475    0.04126   13.12778    1.04156   -2.75069   -2.35752    2.00000
 179.94479   -0.05019   23.43422   23.04034    0.07461    0.04118    6.71241   -0.92301   -0.86933   -4.80482    2.00000
 179.99953   -0.01294   23.24979   22.88351    0.01295    0.00715    7.82157    2.73068   -1.98021    1.30123    2.00000
 179.99438    0.01238   22.65061   22.35412    0.01360    0.00750   12.54174    2.03785    2.51803    6.57365    2.00000
 179.99664    0.02426   22.88717   22.56563    0.02449    0.01352   10.29408    3.23876   -1.19042    0.36786    2.00000
 179.99506   -0.00760   23.04661   22.70651    0.00907    0.00501    9.19835    3.72636    2.53905    4.73800    2.00000
 179.93539   -0.06185   23.80089   23.34683    0.08943    0.04936    5.16934    5.03935    0.10544   10.58992    2.00000
 180.04735   -0.17236   17.41577   16.82199    0.17874    0.09865  523.69800   -4.96694    1.07659   -3.88074    2.00000
 179.94937   -0.09658   23.52071   23.11352    0.10905    0.06019    6.34397   -8.75351   -3.32232   -9.25622    2.00000
 179.78461    0.11510   23.10421   22.75686    0.24423    0.13479    8.80672    4.17190   -0.20139    4.89023    2.00000
 179.91815    0.02316   22.17417   21.91883    0.08507    0.04695   18.21397   -2.13579   -1.12241   -3.42755    2.00000
 180.09589    0.06006   22.54268   22.25695    0.11315    0.06245   13.69870   -0.00959    1.29514    2.64544    2.00000
 180.12621    0.01775   23.81280   23.35666    0.12744    0.07034    5.11986   -2.95734    0.63300   -2.68281    2.00000
 179.96754    0.01906   21.62481   21.40148    0.03763    0.02077   28.31600   -4.85365   -1.26345   -5.47291    2.00000
 180.03223    0.02216   23.52611   23.11809    0.03911    0.02159    6.32095   -4.36395    1.42701   -4.00349    2.00000
 179.94522   -0.07064   23.56125   23.14782    0.08939    0.04934    6.17127   -2.56130   -1.52318   -1.98819    2.00000
 180.41029    0.62664   23.07061   22.72749    0.74901    0.41342    9.03517   -5.51121   -1.41957   -6.87834    2.00000
 180.08942    0.12045   22.49113   22.20997    0.15002    0.08280   14.25819    3.04226   -1.34018   -1.00710    2.00000
 180.01736   -0.01058   23.63185   23.20684    0.02033    0.01122    5.87416    2.19469   -0.28041    0.91087    2.00000
 180.05121    0.09078   23.14502   22.79252    0.10423    0.05753    8.52932   -2.96265   -1.33764   -2.53359    2.00000
 180.01871   -0.00556   21.57031   21.34909    0.01952    0.01077   29.69411    1.62493    2.04347    4.39016    2.00000
 180.00464   -0.10474   23.53422   23.12495    0.10484    0.05786    6.28641   -0.87636    1.53432    2.83676    2.00000
 179.88029   -0.06750   23.23029   22.86658    0.13743    0.07585    7.95329   -0.12614   -2.81808   -6.14781    2.00000
 179.98369   -0.05505   23.76041   23.31342    0.05742    0.03169    5.33757    1.35341   -1.97186   -4.11280    2.00000
 180.09598    0.04503   22.44894   22.17153    0.10602    0.05851   14.71595    2.53639   -1.81316    0.29015    2.00000
 179.95221   -0.05704   23.00072   22.66634    0.07441    0.04107    9.51079    2.45664    0.69566    1.13672    2.00000
 179.95445    0.04271   22.67409   22.37521    0.06244    0.03446   12.29058   -1.72756   -4.13383   -3.34394    2.00000
 179.96729   -0.03651   23.82709   23.36845    0.04902    0.02706    5.06049    0.17819    1.92781   -2.01682    2.00000
 180.04160    0.02390   21.67950   21.45416    0.04797    0.02647   26.93034   -4.17244   -2.24079   -6.88390    2.00000
 179.84509   -0.00288   23.57723   23.16121    0.15494    0.08551    6.10386    3.16400    1.52897    6.89843    2.00000
 180.01375   -0.00389   23.72990   23.28818    0.01429    0.00789    5.46464   -1.69645    2.11186    5.73590    2.00000
 179.96831   -0.02584   23.13062   22.77993    0.04089    0.02257    8.62723    2.00017    5.55190    6.60051    2.00000
 179.99883   -0.03992   21.49910   21.27825    0.03994    0.02204   31.55753   -1.47024   -0.21105   -2.02391    2.00000
 179.95474   -0.00274   23.03701   22.69811    0.04533    0.02502    9.26362    2.21697    4.35324    7.14285    2.00000
 180.00925    0.12097   23.51260   23.10666    0.12133    0.06696    6.37852    1.02810    3.82918    4.02171    2.00000
 179.92708    0.02846   22.02836   21.78330    0.07828    0.04320   20.64429   -2.44810    1.70979   -0.97396    2.00000
 179.96104   -0.02035   22.25642   21.99443    0.04395    0.02426   16.85829   -1.37448   -1.86148   -2.23555    2.00000
 180.11252   -0.04291   21.23648   21.00461    0.12043    0.06647   38.75559    1.79769   -2.49078   -0.76326    2.00000
 180.03217    0.01541   21.56447   21.34348    0.03566    0.01968   29.84176   -5.91872    0.85928   -5.05602    2.00000
 180.01135    0.02153   22.55440   22.26763    0.02434    0.01343   13.57155   -4.89661   -1.86177   -5.13907    2.00000
 180.00607   -0.08630   21.81265   21.58173    0.08651    0.04775   24.25886    0.63964   -0.13448    0.16503    2.00000
 179.90178   -0.15686   23.45584   23.05863    0.18507    0.10215    6.62030    2.65969   -2.28723   -1.29057    2.00000
 179.98630   -0.01704   20.38784   19.91969    0.02187    0.01207   88.87426   -8.11587    1.13205   -7.21734    2.00000
 179.90134    0.07227   23.59651   23.17732    0.12230    0.06750    6.02279    0.76723    1.34658    4.92987    2.00000
 179.99489   -0.14540   22.26927   22.00624    0.14549    0.08030   16.68408   -0.66565    1.37889    1.32571    2.00000
 179.99496   -0.07658   23.62221   23.19879    0.07675    0.04236    5.91469    0.56043   -1.79951   -2.51626    2.00000
 180.00656    0.06619   23.15958   22.80519    0.06651    0.03671    8.43077   -0.89826    0.38619   -1.56608    2.00000
 180.04868    0.05177   22.22301   21.96372    0.07105    0.03921   17.40903    0.61727   -1.75662    0.29251    2.00000
 180.06143   -0.13125   22.39892   22.12560    0.14492    0.07998   15.26279   -2.96687    0.37223   -1.93915    2.00000
 179.70300   -0.21687   22.97595   22.64460    0.36775    0.20297    9.67985    4.60434   -1.72026    6.34520    2.00000
 180.07307   -0.22425   23.52611   23.11809    0.23585    0.13017    6.32095    2.90725    0.54047    2.18784    2.00000
 180.01717    0.00849   22.53097   22.24628    0.01915    0.01057   13.82586   -1.49900    2.77301    1.20359    2.00000
 179.62775    0.01367   23.29822   22.92513    0.37252    0.20560    7.49782    5.79511   -0.80783    3.06164    2.00000
 179.89233   -0.14071   23.00288   22.66823    0.17717    0.09778    9.49609   -4.41301   -1.04599   -7.21160    2.00000
 180.69077   -0.73346   22.66626   22.36818    1.00752    0.55613   12.37430    7.64808    0.77837   11.64112    2.00000
 180.01489   -0.02515   22.30269   22.03696    0.02923    0.01614   16.31837   -0.78013   -1.55870   -1.71188    2.00000
 180.02621    0.02298   23.77232   23.32325    0.03487    0.01924    5.28809    0.99818   -0.47205    3.76930    2.00000
 180.02698    0.03227   23.46125   23.06321    0.04206    0.02321    6.59727    5.35822    0.58011    4.16892    2.00000
 179.96474   -0.02724   21.81265   21.58173    0.04457    0.02460   24.25886   -3.58398   -2.49257   -5.51341    2.00000
 179.84987   -0.00102   23.63185   23.20684    0.15013    0.08286    5.87416   -0.74969    1.99176    0.32744    2.00000
 179.90182    0.09797   22.70992   22.40734    0.13870    0.07655   11.90796    2.26129   -2.15916   -2.27624    2.00000
 180.01501   -0.02310   22.69234   22.39161    0.02755    0.01520   12.09523    6.19834    5.27481   12.65474    2.00000
 179.95129   -0.08673   23.17421   22.81789    0.09947    0.05490    8.33198   -2.75483    1.68172    0.13129    2.00000
 179.85539    0.00479   22.84544   22.52844    0.14469    0.07986   10.58339    0.32475    0.16371    0.82601    2.00000
 180.03944   -0.00205   23.59490   23.17597    0.03950    0.02180    6.02954   -1.59446   -0.35889   -3.29256    2.00000
 180.01875    0.01119   23.52341   23.11581    0.02184    0.01205    6.33246    1.30425   -1.24731   -1.54706    2.00000
 179.96338    0.06729   22.46066   22.18220    0.07661    0.04228   14.58880    0.53003   -0.06001   -1.16542    2.00000
 180.06699   -0.00144   21.82898   21.59704    0.06699    0.03697   23.98433   -2.83317    1.20791   -2.49630    2.00000
 180.02112    0.05662   22.31251   22.04600    0.06043    0.03336   16.21072    1.77360    3.16892    5.46266    2.00000
 179.99345    0.00982   23.82709   23.36845    0.01180    0.00651    5.06049   -2.46821   -0.65403    5.16098    2.00000
 180.00661    0.05830   21.76417   21.53581    0.05867    0.03238   25.08243   -1.05350    0.15220   -0.93919    2.00000
 179.98151   -0.03603   23.14022   22.78832    0.04050    0.02235    8.56195   -3.58735   -1.98226   -6.38444    2.00000
 179.94199   -0.06444   23.02119   22.68429    0.08671    0.04786    9.37113   -0.77280   -0.71751    2.00271    2.00000
 180.09402    0.02282   22.98133   22.64933    0.09676    0.05340    9.64310    3.71404   -1.26070    4.09800    2.00000
 179.78506    0.11422   23.82471   23.36649    0.24339    0.13433    5.07038   -4.16369   -1.58084  -11.00226    2.00000
 179.98225   -0.01654   23.46935   23.07007    0.02425    0.01338    6.56273    0.87320   -1.22053   -8.11958    2.00000
 180.09935    0.05419   23.46395   23.06550    0.11317    0.06246    6.58576   -4.70661    3.14238   -5.11646    2.00000
 179.95306    0.00171   22.03110   21.78585    0.04697    0.02592   20.59853    2.14849   -1.33331   -0.38155    2.00000
 179.79967    0.01145   22.06947   21.82158    0.20066    0.11075   19.95797    1.93876    1.16987    2.44799    2.00000
 180.00795    0.01996   23.40437   23.01506    0.02149    0.01186    6.83968    0.94625    0.62047    5.85598    2.00000
 180.20767    0.44831   23.66815   23.23703    0.49407    0.27270    5.72213   -4.61124    2.42113   -5.11537    2.00000
 180.02524   -0.00612   23.60293   23.18268    0.02597    0.01434    5.99576    0.79181    1.44030    3.48552    2.00000
 180.06607    0.14765   22.37012   22.09907    0.16176    0.08928   15.57877   -1.30595    2.60456    1.85126    2.00000
 179.97820   -0.02697   23.61257   23.19074    0.03469    0.01915    5.95523   -2.90687    1.46180    0.83139    2.00000
 179.99765   -0.00952   23.51800   23.11123    0.00980    0.00541    6.35549   -2.10522    0.02097    6.68418    2.00000
 180.00139   -0.06208   21.60729   21.38464    0.06210    0.03427   28.75897   -0.16397    0.01932   -1.03545    2.00000
 180.00847    0.09254   20.73819   20.31536    0.09293    0.05129   67.13026    0.22336    2.48344    2.76722    2.00000
 180.09653    0.22331   20.93923   20.62127    0.24327    0.13427   53.07021    1.88197   -0.44870    1.39835    2.00000
 179.99541    0.03700   21.67950   21.45416    0.03729    0.02058   26.93034    2.67054    2.01559    4.82929    2.00000
 179.93181    0.09536   23.68312   23.24943    0.11723    0.06470    5.65971   -2.97683    0.70607   -2.01977    2.00000
 180.03726    0.07864   20.16121   19.67922    0.08702    0.04803  105.32059    6.64888    2.65740    9.44767    2.00000
 181.03465    0.31545   22.98780   22.65500    1.08167    0.59707    9.59899   -0.38177    0.03747   -0.52453    2.00000
 179.99800    0.05195   23.59811   23.17866    0.05199    0.02869    6.01603   -6.08118    3.02284   -4.81977    2.00000
 180.01936   -0.00172   22.81470   22.50101    0.01944    0.01073   10.79675   -4.12141    0.90784   -2.63712    2.00000
 180.03719    0.00670   23.30639   22.93205    0.03778    0.02085    7.44401   -3.25645   -1.15720   -8.86329    2.00000
 180.04482   -0.11321   22.20501   21.94718    0.12176    0.06720   17.70559    0.98965    0.34224    1.44639    2.00000
 180.04854   -0.10365   23.77232   23.32325    0.11445    0.06317    5.28809   -5.87137    0.21396   -9.15633    2.00000
 179.94618    0.02796   23.56125   23.14782    0.06065    0.03347    6.17127    3.06198    2.55354    9.03660    2.00000
 179.79018    0.10091   22.18702   21.93064    0.23282    0.12850   18.00214    2.19721    2.66230    4.66928    2.00000
 180.03755    0.06607   23.13542   22.78413    0.07600    0.04194    8.59459   -0.85222   -3.84957   -1.41049    2.00000
 179.95529    0.01943   22.62975   22.33537    0.04875    0.02691   12.76499    3.71244   -1.09636    2.37542    2.00000
 180.06087   -0.02879   22.34611   22.07695    0.06733    0.03716   15.84208   -1.95889   -2.85360   -6.12700    2.00000
 179.99521    0.00473   22.27698   22.01333    0.00673    0.00372   16.59969    3.43097   -1.22018    3.17788    2.00000
 180.19810    0.22786   20.68865   20.25498    0.30195    0.16665   70.24216   -1.54110   -3.58867   -5.20949    2.00000
 180.02373   -0.06009   23.22298   22.86023    0.06461    0.03566    8.00269    6.68546   -1.51467    8.78630    2.00000
 179.99612    0.15910   22.51456   22.23133    0.15915    0.08784   14.00388   -3.23646   -0.70649   -5.96159    2.00000
 180.01176   -0.00752   23.49368   23.09065    0.01396    0.00771    6.45911   -5.37318   -1.42654  -12.23693    2.00000
 179.99490    0.09796   22.40372   22.13003    0.09809    0.05414   15.21013    0.13099    0.97939    2.26115    2.00000
 179.97359    0.03378   23.02277   22.68567    0.04288    0.02367    9.36039    0.68623    1.52651    3.52170    2.00000
 180.18193   -0.09851   22.93673   22.60980    0.20689    0.11419    9.95052    1.06882   -1.44337    4.39538    2.00000
 180.02686    0.02799   18.42569   17.84317    0.03880    0.02141  312.56024   -0.50642   -1.36404   -1.87890    2.00000
 180.00755   -0.00038   20.62275   20.17714    0.00756    0.00417   74.25331   -3.13077    1.70756   -1.75282    2.00000
 179.95599   -0.01101   23.13782   22.78623    0.04535    0.02503    8.57827   -6.90944    0.99110   -9.05464    2.00000
 179.98557    0.06629   22.31491   22.04821    0.06784    0.03744   16.18439    4.00658    1.30557    3.12483    2.00000
 179.93623   -0.06407   22.17674   21.92119    0.09039    0.04989   18.17160   -8.84422   -0.14698  -11.38418    2.00000
 179.86349    0.10376   23.82709   23.36845    0.17146    0.09463    5.06049    0.23878   -0.22872    3.49584    2.00000
 180.02586   -0.02217   22.22558   21.96608    0.03407    0.01880   17.36667   -0.66394   -0.71685    0.53723    2.00000
 180.17319    0.07970   22.73238   22.42741    0.19064    0.10522   11.66895    2.11948    1.32041    3.57188    2.00000
 179.92972   -0.03095   21.07293   20.81096    0.07680    0.04239   45.96136    4.05309    1.83693    5.84364    2.00000
 179.95181    0.06052   20.83950   20.45607    0.07737    0.04270   59.87893    2.43165   -2.16581    0.18089    2.00000
 179.99220   -0.02261   23.04421   22.70441    0.02392    0.01320    9.21467   -4.30400    2.61380   -0.50765    2.00000
 180.04092    0.02818   23.54233   23.13182    0.04969    0.02743    6.25187   -3.12106    4.39867    2.41819    2.00000
 179.95686    0.10752   23.32272   22.94589    0.11585    0.06394    7.33640   -2.39033   -3.83463   -9.27963    2.00000
 179.95837   -0.00891   23.67189   23.24013    0.04256    0.02349    5.70652   -3.58442   -2.94347  -12.57315    2.00000
 180.00516   -0.02574   22.08607   21.83733    0.02625    0.01449   19.67546   -0.80844    1.12417    1.28714    2.00000
 180.01428   -0.00249   23.50179   23.09751    0.01450    0.00800    6.42457    5.55165    4.05202   12.14435    2.00000
 180.07449   -0.06988   23.31728   22.94128    0.10215    0.05638    7.37227   -2.25901   -2.10609   -1.00994    2.00000
 180.07744    0.00795   22.14657   21.89359    0.07785    0.04297   18.66668    3.52441   -2.10006    1.18509    2.00000
 179.98193   -0.04972   22.22301   21.96372    0.05290    0.02920   17.40903    1.39990   -1.41959    0.27839    2.00000
 180.01678   -0.00529   22.89239   22.57028    0.01759    0.00971   10.25791   -1.86942    0.58726   -3.68944    2.00000
 179.97244    0.07545   23.78899   23.33700    0.08032    0.04433    5.21882    0.15165    1.70709   -0.59360    2.00000
 180.03560    0.14820   22.87935   22.55866    0.15241    0.08412   10.34832    7.42031    0.95131   10.64713    2.00000
 179.97758    0.08648   21.12160   20.87042    0.08934    0.04931   43.73311   -0.19943    0.61475    0.66383    2.00000
 180.01677   -0.06042   22.52394   22.23987    0.06271    0.03461   13.90215   -1.68348   -3.06269   -4.86747    2.00000
 179.94109   -0.04347   23.20591   22.84541    0.07321    0.04040    8.11794   -1.56886    1.11691   -2.02325    2.00000
 179.98901    0.04317   22.76231   22.45417    0.04454    0.02458   11.35027   -3.35170    0.71329   -2.77550    2.00000
 180.01311   -0.01637   23.48557   23.08379    0.02097    0.01157    6.49365   -1.55430   -1.72621   -2.60818    2.00000
 180.00098    0.03691   22.24357   21.98262    0.03692    0.02038   17.07011   -1.03515    0.49812   -1.10572    2.00000
 180.11398   -0.11423   22.13999   21.88758    0.16137    0.08906   18.77446    0.27965    0.59046   -0.02824    2.00000
 179.98167    0.01577   23.70557   23.26803    0.02417    0.01334    5.56608   -2.22033   -1.00178   -5.03021    2.00000
 180.04271    0.15077   22.81720   22.50324    0.15670    0.08649   10.77940   -3.28453   -0.28844   -2.89459    2.00000
 180.02502   -0.02678   23.28734   22.91591    0.03665    0.02023    7.56956   -1.94951   -1.16702   -7.48499    2.00000
 180.05502   -0.04621   23.36626   22.98278    0.07185    0.03966    7.04944   -1.02506    3.46769    0.66638    2.00000
 180.05797    0.02322   23.79851   23.34487    0.06245    0.03447    5.17924   -3.98369    1.84136   -5.45601    2.00000
 179.98708    0.00445   21.69802   21.47202    0.01367    0.00755   26.46053   -6.92508    0.50572   -5.53954    2.00000
 180.03882   -0.09335   23.26442   22.89621    0.10110    0.05580    7.72278    1.58932    1.73694    0.65009    2.00000
 179.92520   -0.00399   22.03384   21.78841    0.07491    0.04134   20.55278    4.47940   -1.66281    3.61889    2.00000
 179.98901    0.03022   23.03941   22.70021    0.03215    0.01775    9.24730   -1.52775    3.78892    2.11447    2.00000
 179.98434   -0.00062   22.16849   21.91362    0.01568    0.00865   18.30743    5.37214    1.04586    5.77744    2.00000
 180.03535   -0.03124   23.74300   23.29903    0.04718    0.02604    5.41002    1.21244    1.14876    7.82552    2.00000
 179.98544    0.00027   22.85848   22.54006    0.01456    0.00804   10.49298   -3.38376    1.15621   -4.55359    2.00000
 179.92390    0.04603   22.14328   21.89058    0.08893    0.04908   18.72057    1.70687    0.87533    0.86971    2.00000
 180.02184   -0.02771   22.01192   21.76799    0.03528    0.01947   20.91881    0.49723   -3.02516   -2.50446    2.00000
 180.08003   -0.02204   23.75565   23.30949    0.08301    0.04582    5.35737   -1.55430   -0.36536   -6.01324    2.00000
 180.02707   -0.00973   23.24979   22.88351    0.02877    0.01588    7.82157   -1.87055   -0.69808   -0.94090    2.00000
 179.91193   -0.07057   23.75327   23.30752    0.11285    0.06229    5.36726    7.20986   -2.76470   14.11396    2.00000
 179.97324    0.08427   23.39620   23.00814    0.08841    0.04880    6.87450   -5.23301    2.28822   -5.43727    2.00000
 179.44437    0.22371   21.62092   21.39774    0.59897    0.33060   28.41444   -3.46568   -1.69323   -5.19132    2.00000
 179.92628   -0.07218   23.69435   23.25873    0.10318    0.05695    5.61289   -1.41791    0.33284   -9.73269    2.00000
 179.96875   -0.11696   23.58687   23.16926    0.12106    0.06682    6.06332    1.60293    0.55762    6.20368    2.00000
 180.01755   -0.07158   23.10421   22.75686    0.07370    0.04068    8.80672    0.50879   -0.19490    5.11798    2.00000
 179.93782    0.05099   22.43957   22.16298    0.08041    0.04438   14.81768   -0.39034   -1.50862   -2.51645    2.00000
 180.07784   -0.05210   23.46665   23.06778    0.09366    0.05170    6.57425   -0.12366    0.16104   -1.23796    2.00000
 180.23244   -0.14077   22.97056   22.63988    0.27175    0.14998    9.71660   -1.94056   -0.24802    0.84063    2.00000
 179.99522    0.02206   23.77946   23.32914    0.02258    0.01246    5.25841   -0.54337   -0.72511   -7.12729    2.00000
 179.99164    0.01629   23.25223   22.88563    0.01831    0.01011    7.80511   -3.43877    1.68845   -5.43835    2.00000
 180.04848   -0.01771   21.74300   21.51540    0.05161    0.02848   25.44846   -0.18106    0.34620   -0.99002    2.00000
 180.39114    0.33470   22.79475   22.48317    0.51480    0.28413   11.00504   -0.61649   -0.56466   -1.39323    2.00000
 180.03699   -0.03069   21.66098   21.43630    0.04806    0.02652   27.40015    1.42685   -0.73678    0.13047    2.00000
 180.01332   -0.01713   23.02740   22.68972    0.02170    0.01198    9.32889    0.67267    3.12922    5.25477    2.00000
 180.06506    0.01997   23.42611   23.03348    0.06806    0.03756    6.74695    0.12932    3.53464    1.46798    2.00000
 180.17589    0.03339   22.21015   21.95191    0.17903    0.09881   17.62086   -5.28531    3.16956   -3.36931    2.00000
 180.01479   -0.00114   22.82723   22.51221    0.01483    0.00818   10.70962    2.36331   -0.12510    4.41609    2.00000
 180.06056    0.01693   23.11862   22.76944    0.06288    0.03471    8.70881   -2.46076   -0.84427   -2.30597    2.00000
 180.02284   -0.12263   21.15838   20.91493    0.12474    0.06885   42.06486    0.11708   -0.47355   -0.32306    2.00000
 180.01498   -0.01664   18.41974   17.83676    0.02240    0.01236  313.65298   -5.00384   -0.21331   -5.22468    2.00000
 179.92155    0.17093   22.83501   22.51914    0.18806    0.10380   10.65572    2.67385   -0.83986   -1.87136    2.00000
 180.46890    0.24359   21.03302   20.75834    0.52840    0.29165   47.93329   -1.94320    2.25946    0.81504    2.00000
 180.10565   -0.04602   22.49581   22.21424    0.11524    0.06360   14.20733   -1.36744   -0.48155   -3.24451    2.00000
 180.01848   -0.04115   23.48017   23.07922    0.04511    0.02490    6.51668    3.29004    1.78623    4.97691    2.00000
 180.05862   -0.04523   23.22054   22.85811    0.07404    0.04087    8.01915    2.20298   -0.61937   -1.38361    2.00000
 179.97256    0.00500   22.10699   21.85723    0.02789    0.01539   19.31857   -4.09922   -4.80907   -8.38259    2.00000
 180.01979    0.00656   23.09461   22.74846    0.02085    0.01151    8.87199    0.60700   -1.10391   -1.17857    2.00000
 179.95943    0.06870   23.66628   23.23548    0.07979    0.04404    5.72993    6.29661    1.79909    1.01409    2.00000
 179.91829   -0.00716   21.60924   21.38651    0.08202    0.04527   28.70975    2.00459   -0.07537    1.92548    2.00000
 179.95773    0.00803   22.37732   22.10570    0.04302    0.02374   15.49977   -3.85277    2.45487   -2.47199    2.00000
 179.96352    0.01367   22.87153   22.55169    0.03896    0.02150   10.40257    0.09525    3.18167    4.10802    2.00000
 179.94382    0.11827   23.23517   22.87081    0.13094    0.07227    7.92036   -1.23557    0.80247   -0.12858    2.00000
 180.00697   -0.05829   21.46068   21.23900    0.05871    0.03240   32.58998   -2.89919   -0.81952   -4.14748    2.00000
 180.01901   -0.01314   23.76041   23.31342    0.02311    0.01275    5.33757   -0.41364    3.20959    4.10547    2.00000
 180.11317    0.03971   21.65304   21.42864    0.11993    0.06619   27.60150    6.76118    0.29416    7.35135    2.00000
 179.96017   -0.05652   22.35811   22.08801    0.06914    0.03816   15.71042   -3.76137    0.02862   -4.02696    2.00000
