#RA        DEC       MAG_G     MAG_I     ANGSEP    RPROJ     SNR       VTRUE       VSYS       VMEAS      VSYSERR    
 180.00699    0.08105   21.82354   21.59194    0.08135    0.04490   24.07584   -3.25904    1.59416   -1.53079    2.00000
 179.93657    0.02674   18.48324   17.90511    0.06883    0.03799  301.99692   -2.15971    2.04627   -0.05832    2.00000
 180.05112    0.10259   22.37492   22.10349    0.11462    0.06326   15.52610   -5.88692   -1.05647   -6.92591    2.00000
 180.04053   -0.02826   22.74485   22.43856    0.04940    0.02727   11.53617    2.94564   -0.34950    4.34452    2.00000
 180.01595   -0.03974   18.25788   17.66120    0.04282    0.02363  343.59586    6.51678    2.59707    9.05677    2.00000
 179.81863   -0.07163   23.76517   23.31735    0.19499    0.10762    5.31778    6.39772   -3.08274   11.38550    2.00000
 179.99329    0.02078   23.44773   23.05177    0.02184    0.01205    6.65484    0.10675    2.70424    5.12826    2.00000
 180.34868   -0.15360   22.98241   22.65027    0.38101    0.21029    9.63575    0.09026    0.71116    2.47586    2.00000
 180.02684    0.02113   22.31971   22.05263    0.03416    0.01885   16.13173    3.62983   -0.10679    3.73687    2.00000
 179.75983    0.15679   22.92369   22.59818    0.28683    0.15831   10.04093    0.60285    0.25471   -2.24664    2.00000
 179.97092   -0.01097   21.97629   21.73482    0.03109    0.01716   21.51361   -2.01866   -0.46619   -2.62961    2.00000
 179.99286    0.01395   21.70067   21.47457    0.01568    0.00865   26.39342    3.26975    0.33088    3.36875    2.00000
 180.20039    0.13131   21.52841   21.30819    0.23958    0.13223   30.77004    2.89871   -2.66553    0.68812    2.00000
 180.01881    0.06283   23.21566   22.85388    0.06558    0.03620    8.05208    0.24558    1.24295    2.36047    2.00000
 179.93990   -0.06421   23.59490   23.17597    0.08796    0.04855    6.02954   -1.21632    3.81951    6.35009    2.00000
 179.94363    0.05857   16.69112   15.90046    0.08129    0.04486  813.46576   -1.15423   -2.89837   -4.04995    2.00000
 179.97562    0.06523   21.05048   20.78136    0.06964    0.03844   47.07057   -4.35382   -2.20847   -6.26439    2.00000
 180.07784   -0.02503   22.98241   22.65027    0.08177    0.04513    9.63575   -3.06416   -4.18154   -7.14021    2.00000
 179.94731    0.04363   23.15715   22.80307    0.06841    0.03776    8.44724    4.25519    1.83827    3.04385    2.00000
 179.97647   -0.03962   23.59811   23.17866    0.04608    0.02543    6.01603    5.86488    1.04127    8.37167    2.00000
 180.02757   -0.04539   22.33171   22.06369    0.05312    0.02932   16.00007    1.06158    0.29717   -0.38343    2.00000
 180.00061    0.01371   23.59972   23.18000    0.01372    0.00757    6.00928    2.50381   -2.73354   -1.75803    2.00000
 179.96584   -0.05767   23.74487   23.30058    0.06703    0.03700    5.40222    6.10557    1.55120    4.94966    2.00000
 180.17015    0.06727   22.46535   22.18648    0.18297    0.10098   14.53793    0.99203   -1.14917    0.82218    2.00000
 179.95656    0.03282   22.10621   21.85650    0.05445    0.03005   19.33179    0.23875   -1.19507   -1.91587    2.00000
 180.02916   -0.06027   23.34994   22.96895    0.06695    0.03695    7.15705    4.52895    1.27803    3.59857    2.00000
 180.00844    0.00995   18.04701   17.96461    0.01305    0.00720  291.84912   -1.75226   -1.11462   -2.84107    2.00000
 179.98318   -0.01580   22.25385   21.99207    0.02307    0.01273   16.90065    4.42499   -0.62639    2.42425    2.00000
 179.93382    0.03181   23.72054   23.28043    0.07342    0.04052    5.50366   -1.55203    0.80727    4.43989    2.00000
 179.98796   -0.01958   23.71119   23.27268    0.02298    0.01268    5.54267    4.38795    0.03189   10.78508    2.00000
 179.80527    0.01180   20.20846   19.72905    0.19509    0.10768  101.91268   -1.72221    1.58043   -0.13220    2.00000
 179.91335   -0.00665   22.44660   22.16939    0.08692    0.04797   14.74138    1.96832   -0.66622    1.90644    2.00000
 179.99850    0.09058   23.51800   23.11123    0.09060    0.05000    6.35549   -3.80304   -3.16038  -10.96507    2.00000
 180.00217    0.00322   22.30012   22.03459    0.00388    0.00214   16.34650   -4.96780   -0.54903   -5.94786    2.00000
 180.00166    0.02221   22.25128   21.98971    0.02227    0.01229   16.94302   -1.71932   -0.80846   -0.78080    2.00000
 179.98926   -0.01793   22.49816   22.21638    0.02090    0.01154   14.18190   -0.21376    3.45730    2.51395    2.00000
 179.92683   -0.14754   23.53692   23.12724    0.16469    0.09090    6.27489   -1.65045    3.52380    2.91997    2.00000
 179.94637   -0.07639   21.97629   21.73482    0.09333    0.05151   21.51361    0.39297    1.39819    1.97690    2.00000
 180.02068   -0.01617   23.62703   23.20281    0.02625    0.01449    5.89443    0.12249   -2.63065    0.57814    2.00000
 180.01631    0.11795   23.51800   23.11123    0.11907    0.06572    6.35549   -3.15054    0.45204   -0.62272    2.00000
 180.11649   -0.00530   22.77978   22.46979    0.11661    0.06436   11.16438   -4.28059   -0.21110   -6.85977    2.00000
 179.97269   -0.00466   23.05861   22.71700    0.02771    0.01530    9.11676    1.42661    4.57344    6.14490    2.00000
 179.98453   -0.01065   23.08021   22.73588    0.01878    0.01037    8.96990   -0.88337    5.01004    2.01314    2.00000
 180.01088   -0.04493   22.34371   22.07474    0.04623    0.02552   15.86841    2.53655   -0.71726    2.17032    2.00000
 180.02229    0.02460   23.68125   23.24788    0.03320    0.01833    5.66751    4.14603   -1.46775    4.61454    2.00000
 179.90356   -0.03963   20.01638   19.52691    0.10425    0.05754  115.73750    4.57094   -2.08815    2.46635    2.00000
 180.09232   -0.01093   22.22301   21.96372    0.09295    0.05130   17.40903   -0.53359    0.34484    1.19975    2.00000
 180.02795    0.02949   23.43962   23.04491    0.04064    0.02243    6.68938    0.98945    2.59282   12.06659    2.00000
 179.99802    0.03415   23.59169   23.17329    0.03421    0.01888    6.04306   -4.84224   -2.11506  -10.25173    2.00000
 179.97139    0.00084   23.05621   22.71490    0.02863    0.01580    9.13308   -0.11393    2.30524    3.86322    2.00000
 179.98279   -0.00786   23.21078   22.84964    0.01892    0.01044    8.08501   -2.85536   -1.62789   -5.19933    2.00000
 179.99074    0.00412   23.71867   23.27888    0.01013    0.00559    5.51146   -3.05736    1.49918    2.37839    2.00000
 179.58189   -0.32313   22.05029   21.80372    0.52842    0.29165   20.27825   -1.07397   -0.78404   -1.33578    2.00000
 179.98161   -0.05763   22.98457   22.65216    0.06049    0.03338    9.62105   -1.95894   -1.76808   -4.09031    2.00000
 179.78653   -0.28117   23.61096   23.18939    0.35302    0.19484    5.96198    3.21199   -0.54786    2.83001    2.00000
 179.96036   -0.07976   22.73238   22.42741    0.08907    0.04916   11.66895    0.01164   -2.18011   -2.67322    2.00000
 179.88184    0.07084   21.94067   21.70166    0.13778    0.07604   22.10842   -0.44562   -0.82517   -2.23229    2.00000
 179.99545   -0.05661   22.75732   22.44971    0.05679    0.03135   11.40338   -2.65883   -0.83868   -6.16334    2.00000
 180.02457   -0.00322   22.73238   22.42741    0.02478    0.01368   11.66895   -0.60383    2.15220    2.86951    2.00000
 180.08704   -0.06111   22.05029   21.80372    0.10635    0.05870   20.27825   -0.40470    0.46654   -0.04571    2.00000
 180.02094    0.05742   23.61257   23.19074    0.06112    0.03373    5.95523    0.16729   -1.46764   -7.16844    2.00000
 180.02562    0.01203   23.03701   22.69811    0.02831    0.01562    9.26362    3.99444   -0.91753    2.68142    2.00000
 179.97285    0.08678   23.79613   23.34290    0.09093    0.05018    5.18913   -0.63680    0.98810    0.57513    2.00000
 179.96574   -0.05157   22.12026   21.86954    0.06191    0.03417   19.09779   -2.59986   -0.05664   -3.18399    2.00000
 180.10638    0.92160   22.85327   22.53541    0.92771    0.51207   10.52914   -0.24935   -2.06011   -0.39927    2.00000
 180.00691    0.01951   23.33905   22.95972    0.02070    0.01142    7.22879   -3.07480   -3.37661   -5.26435    2.00000
 180.03131    0.08194   22.95238   22.62375    0.08772    0.04841    9.84203    1.20325    0.13997    4.14544    2.00000
 179.99483   -0.02699   23.39620   23.00814    0.02748    0.01517    6.87450    0.03777    1.08695    2.48003    2.00000
 179.95140   -0.01196   23.00180   22.66728    0.05005    0.02762    9.50344    1.05319   -1.45856   -2.10525    2.00000
 179.99995   -0.05535   23.75327   23.30752    0.05535    0.03055    5.36726   -6.14033   -1.25035   -7.96739    2.00000
 180.03046   -0.07929   23.79137   23.33897    0.08494    0.04688    5.20893   -1.33498   -0.05916   -9.01921    2.00000
 180.01854    0.18967   22.92369   22.59818    0.19058    0.10518   10.04093    0.76097   -2.98056   -2.84187    2.00000
 179.98769   -0.01919   22.26927   22.00624    0.02280    0.01259   16.68408   -2.76168    1.97240   -1.48829    2.00000
 180.11972   -0.04169   22.50987   22.22705    0.12677    0.06997   14.05474   -3.54298    4.89135    2.86536    2.00000
 180.10651    0.06262   23.53962   23.12953    0.12355    0.06819    6.26338   -2.05478    1.01312   -2.93116    2.00000
 180.29916   -0.09839   21.24238   21.01099    0.31493    0.17382   38.58755    2.95805   -2.71264    0.11431    2.00000
 180.19797   -0.01164   20.54935   20.09436    0.19831    0.10945   78.51944   -0.41255    0.50227   -0.02870    2.00000
 180.03612   -0.32565   21.51687   21.29639    0.32764    0.18083   31.08026    2.08887   -1.10468    1.05488    2.00000
 179.89732    0.06868   19.66678   19.16084    0.12353    0.06818  147.46918    0.85762    1.64092    2.57668    2.00000
 179.96239    0.00698   23.57883   23.16256    0.03825    0.02111    6.09710    1.65518   -0.55532    0.70785    2.00000
 179.85217   -0.09179   20.90691   20.56854    0.17401    0.09604   55.04639    2.68316    0.76412    3.62116    2.00000
 179.99693    0.00851   23.36899   22.98509    0.00904    0.00499    7.03151   -2.03843   -2.02045   -2.06634    2.00000
 180.09309    0.06764   23.19128   22.83271    0.11507    0.06351    8.21673    1.68967   -0.12454    0.00041    2.00000
 180.08321    0.05046   23.79613   23.34290    0.09730    0.05370    5.18913    2.50248   -3.24591   -3.07614    2.00000
 179.93332   -0.10462   22.48878   22.20783    0.12407    0.06847   14.28362   -0.95837    3.33576    0.45214    2.00000
 179.99696   -0.00084   23.58044   23.16390    0.00315    0.00174    6.09035    0.71834   -3.83269   -3.63354    2.00000
 180.04266    0.04306   22.57497   22.28615    0.06063    0.03346   13.35104    6.33190   -4.97236    1.80901    2.00000
 179.98804    0.05336   23.43692   23.04263    0.05469    0.03018    6.70090   -0.49487    0.34965    0.03486    2.00000
 180.02962   -0.06893   23.65131   23.22309    0.07502    0.04141    5.79235   -4.76174   -3.93250   -5.57187    2.00000
 180.09482   -0.03536   20.67139   20.23419    0.10120    0.05585   71.31356    1.06594   -0.30251    0.47232    2.00000
 179.94463   -0.04828   21.66627   21.44140    0.07347    0.04055   27.26592   -3.11297   -0.50672   -4.67651    2.00000
 179.97844   -0.02999   23.49098   23.08836    0.03693    0.02038    6.47062    2.40516   -1.69469   -0.14290    2.00000
 179.98026   -0.05564   21.47894   21.25765    0.05904    0.03259   32.09929   -2.05798   -1.36655   -2.79791    2.00000
 180.14578   -0.03752   23.55584   23.14325    0.15054    0.08308    6.19430   -5.48193   -0.02574   -2.66408    2.00000
 180.00600    0.11250   23.56125   23.14782    0.11266    0.06218    6.17127    1.07009    0.36452   -0.21986    2.00000
 180.09088   -0.19901   22.86370   22.54471    0.21878    0.12075   10.45681   -1.97294    4.16797    1.20389    2.00000
 179.98213   -0.00194   22.92891   22.60283    0.01797    0.00992   10.00477   -2.05898   -0.35716   -1.54635    2.00000
 180.01466   -0.06429   23.72241   23.28198    0.06594    0.03639    5.49585   -0.79038   -0.52694   -3.56431    2.00000
 179.86060   -0.27183   21.47111   21.24966    0.30549    0.16861   32.30959    0.26695    0.72080    0.84496    2.00000
 179.83359    0.17777   22.83501   22.51914    0.24350    0.13440   10.65572    3.34565   -2.23880    0.49798    2.00000
 179.94720    0.03884   20.88393   20.52988    0.06555    0.03618   56.49539   -5.57148    1.35852   -4.02740    2.00000
 180.03613   -0.09390   21.68479   21.45926    0.10061    0.05553   26.79611   -0.83079   -0.66706   -1.23043    2.00000
 179.90138    0.18536   23.62060   23.19744    0.20997    0.11589    5.92145   -3.76026    0.52400   -3.83933    2.00000
 180.20996   -0.10509   22.55440   22.26763    0.23479    0.12959   13.57155    1.96440   -1.85154    0.95787    2.00000
 179.96629   -0.07715   23.73925   23.29593    0.08419    0.04647    5.42563   -3.98072    0.13361    0.66518    2.00000
 180.01031    0.00598   23.03220   22.69392    0.01192    0.00658    9.29626   -1.94738   -1.70254   -0.72375    2.00000
 180.03252    0.00410   22.95760   22.62840    0.03277    0.01809    9.80587    1.91822    2.37837    6.88964    2.00000
 179.95045   -0.13348   23.75088   23.30555    0.14238    0.07858    5.37716    5.83803   -0.15445   -0.31696    2.00000
 180.01253   -0.06864   23.27174   22.90256    0.06977    0.03851    7.67339    7.42313    0.61386    5.82346    2.00000
 179.99738    0.06631   22.96493   22.63494    0.06636    0.03662    9.75504   -4.19562    0.01094   -5.16655    2.00000
 180.03792    0.01751   23.11862   22.76944    0.04177    0.02305    8.70881    1.94513    1.90318    3.19282    2.00000
 179.85652   -0.22039   22.66887   22.37052    0.26298    0.14515   12.34639   -5.65229   -0.08528   -4.54943    2.00000
 180.05986   -0.05251   23.53152   23.12267    0.07962    0.04395    6.29792    0.60005   -1.54840    0.48911    2.00000
 180.09834    0.06843   23.41253   23.02198    0.11980    0.06612    6.80485   -6.88433    0.38083   -4.76712    2.00000
 180.01752   -0.03410   22.90282   22.57958    0.03834    0.02116   10.18559   -4.64603   -0.58804   -5.10536    2.00000
 180.03540    0.02108   23.61257   23.19074    0.04121    0.02274    5.95523    2.42808    0.21792   10.72034    2.00000
 179.97226    0.04731   21.84803   21.61490    0.05484    0.03027   23.66405    3.22728    0.70303    4.79713    2.00000
 180.01181    0.03337   22.25385   21.99207    0.03540    0.01954   16.90065    2.01606   -1.16526   -0.22873    2.00000
 179.93098    0.04396   23.43152   23.03805    0.08183    0.04516    6.72392   -2.03002   -2.22281   -5.47580    2.00000
 180.06834   -0.03196   23.65693   23.22774    0.07544    0.04164    5.76894   -0.65174   -3.14285   -7.46134    2.00000
 180.11700    0.03527   23.78660   23.33504    0.12221    0.06745    5.22872    1.93301    0.14647    1.62698    2.00000
 180.05002    0.00770   23.81756   23.36059    0.05061    0.02793    5.10007   -1.99896   -4.47599   -0.89164    2.00000
 179.95564   -0.04384   23.61578   23.19342    0.06236    0.03442    5.94172    5.79126   -0.19999    0.91001    2.00000
 180.03040   -0.03324   23.50449   23.09980    0.04504    0.02486    6.41306   -1.24925   -1.22190   -5.83227    2.00000
 179.98244   -0.01296   23.76279   23.31538    0.02183    0.01205    5.32768    1.91831    3.83663   16.35304    2.00000
 179.98216    0.00028   22.34131   22.07253    0.01785    0.00985   15.89474   -1.28218   -1.80752   -2.43235    2.00000
 179.99471    0.02538   22.14876   21.89559    0.02592    0.01431   18.63076    2.62323   -0.51060    1.74644    2.00000
 180.02486    0.01133   21.68215   21.45671    0.02732    0.01508   26.86323    0.01053    2.12669    1.94977    2.00000
 179.99883   -0.01955   23.79613   23.34290    0.01958    0.01081    5.18913    5.43072    2.03832    7.62879    2.00000
 180.01720    0.02720   21.42156   21.19903    0.03218    0.01776   33.64146    5.68930    1.19858    7.46484    2.00000
 180.00543    0.04570   22.59062   22.30021    0.04603    0.02540   13.18359   -1.66788   -1.33393   -4.24640    2.00000
 180.06023   -0.01087   21.36157   21.13773    0.06121    0.03378   35.25373   -0.25600   -0.75398   -0.19043    2.00000
 179.89293    0.05227   23.25955   22.89198    0.11914    0.06576    7.75571    3.52100   -2.08000    1.84698    2.00000
 179.97939   -0.06947   22.39652   22.12339    0.07247    0.04000   15.28912    4.59771    0.71630    5.77822    2.00000
 180.14227    0.12207   22.27441   22.01097    0.18747    0.10347   16.62782    6.31899   -1.65969    6.55080    2.00000
 179.90709    0.11838   23.04661   22.70651    0.15048    0.08306    9.19835    5.15672    2.17346    2.80912    2.00000
 179.98055   -0.04545   23.82233   23.36452    0.04944    0.02729    5.08028   -8.93671   -1.31016   -8.06026    2.00000
 179.81310    0.18735   23.19372   22.83482    0.26465    0.14606    8.20027   -7.86152   -0.99499  -10.96758    2.00000
 180.06651    0.00782   23.68873   23.25408    0.06698    0.03697    5.63630   -3.38190    0.97606   -6.13644    2.00000
 180.04939   -0.02009   21.57809   21.35658    0.05333    0.02944   29.49724   -0.58676   -0.54365   -0.78160    2.00000
 179.99684   -0.03017   19.09685   18.56093    0.03034    0.01674  210.20222    5.60687    2.19575    7.77542    2.00000
 179.97638    0.19860   21.01306   20.73203    0.20000    0.11038   48.91926    2.93847    1.20259    4.10132    2.00000
 180.02266   -0.00358   23.32544   22.94819    0.02294    0.01266    7.31847    5.06348    2.32351    5.54523    2.00000
 179.80399    0.10409   23.08981   22.74427    0.22194    0.12249    8.90463   -0.73311   -0.54478    0.42365    2.00000
 179.93610   -0.03474   23.63988   23.21355    0.07274    0.04015    5.84038    0.27272   -5.42598   -8.05670    2.00000
 180.03793   -0.03944   23.20103   22.84118    0.05471    0.03020    8.15087    1.89791    3.71401    9.05555    2.00000
 179.89790    0.04729   22.91326   22.58888    0.11251    0.06210   10.11326    5.53139   -4.00383    4.17288    2.00000
 180.01762    0.01183   23.78660   23.33504    0.02123    0.01172    5.22872    2.90604   -0.70065    0.11078    2.00000
 180.01770    0.06789   22.37972   22.10791    0.07016    0.03872   15.47344    0.80909    1.10243    1.03666    2.00000
 180.01924    0.00074   23.19616   22.83694    0.01925    0.01063    8.18380    0.27778    0.78376   -0.02445    2.00000
 180.01186    0.01791   22.27184   22.00861    0.02147    0.01185   16.65595   -0.93936   -0.83083   -0.69548    2.00000
 179.97295   -0.04364   23.14022   22.78832    0.05134    0.02834    8.56195   -1.90664   -1.71055   -3.69125    2.00000
 179.99159   -0.02374   23.07781   22.73378    0.02519    0.01390    8.98622   -5.27381   -2.78832   -9.52138    2.00000
 179.98990    0.04247   22.34851   22.07917    0.04366    0.02409   15.81575    3.97857   -1.49484    2.25039    2.00000
 179.97957    0.00548   23.39348   23.00584    0.02116    0.01168    6.88611   -0.80554   -1.16434   -2.43501    2.00000
 179.99857   -0.02773   23.50179   23.09751    0.02776    0.01532    6.42457   -6.66085    3.78984   -0.27010    2.00000
 179.98828    0.05078   23.31183   22.93666    0.05211    0.02876    7.40814    0.46833   -1.30627   -0.43208    2.00000
 180.24527    0.32061   23.64791   23.22026    0.40367    0.22280    5.80660    3.20538    0.75465   -1.45230    2.00000
 180.01370   -0.00504   18.90888   18.36068    0.01460    0.00806  236.13060    4.54171    0.49687    5.10080    2.00000
 179.94781   -0.08927   20.68237   20.24742    0.10341    0.05707   70.63176    2.47511    2.00847    4.16117    2.00000
 179.89992   -0.07627   22.76231   22.45417    0.12583    0.06945   11.35027    1.46783    2.64978    5.88638    2.00000
 179.96658   -0.00038   21.55084   21.33038    0.03342    0.01845   30.18629   -3.51909    1.14227   -2.43470    2.00000
 179.98875    0.13136   23.78422   23.33307    0.13184    0.07277    5.23861    7.70842   -4.75436    8.12823    2.00000
 180.06953    0.03929   22.22815   21.96844    0.07987    0.04408   17.32430   -1.96945    2.09715    1.17285    2.00000
 180.15919   -0.05634   22.62192   22.32834    0.16886    0.09320   12.84871   -1.69636    0.55923   -0.83541    2.00000
 180.04222    0.03402   22.64540   22.34943    0.05422    0.02993   12.59755   -0.20603    1.29147   -0.35386    2.00000
 179.94930    0.02117   23.50449   23.09980    0.05494    0.03032    6.41306   -3.29215    3.13380    4.15654    2.00000
 179.98422   -0.03014   22.36532   22.09464    0.03402    0.01877   15.63143    3.72937    2.22050    6.98806    2.00000
 180.03806    0.02816   19.94523   19.45224    0.04735    0.02613  121.78685   -1.77321   -1.67319   -3.44383    2.00000
 179.99478    0.00335   22.89500   22.57261    0.00620    0.00342   10.23983   -1.07869   -0.85847   -0.97341    2.00000
 179.99643   -0.02198   23.07061   22.72749    0.02227    0.01229    9.03517    4.26884   -0.09899    4.14621    2.00000
 179.98065   -0.02132   22.64540   22.34943    0.02879    0.01589   12.59755    2.73348   -0.72299    2.43553    2.00000
 179.84567   -0.10085   23.07301   22.72958    0.18435    0.10175    9.01885   -4.06041   -1.57484   -6.21523    2.00000
 179.94601   -0.01073   21.19694   20.95972    0.05504    0.03038   40.38617   -7.48940    2.39781   -5.35904    2.00000
 179.95094   -0.06268   23.61418   23.19208    0.07960    0.04393    5.94847    4.88114   -3.54510    2.14004    2.00000
 179.98463    0.00890   20.87202   20.50946    0.01776    0.00980   57.26037   -0.42987   -0.19939   -0.24251    2.00000
 180.04214    0.02904   23.22298   22.86023    0.05119    0.02825    8.00269    1.52255    0.43099    3.56584    2.00000
 180.16754   -0.11251   23.04421   22.70441    0.20181    0.11139    9.21467   -4.72854    4.78811    2.54876    2.00000
 179.89066   -0.04963   23.20835   22.84753    0.12008    0.06628    8.10148   -2.65927   -0.31451    3.09783    2.00000
 179.95424   -0.06248   21.81265   21.58173    0.07744    0.04274   24.25886    0.20203    0.78609    0.63207    2.00000
 179.99422    0.02561   23.38804   23.00123    0.02625    0.01449    6.90933   -2.76869    2.19695   -0.01072    2.00000
 179.93227   -0.00734   23.02277   22.68567    0.06813    0.03760    9.36039    2.22924    2.59094    4.69020    2.00000
 180.02702    0.03726   23.40165   23.01276    0.04603    0.02540    6.85129    0.70484    0.58273    1.30341    2.00000
 180.02190    0.03543   22.04207   21.79606    0.04165    0.02299   20.41551   -1.48506    2.18257    1.17623    2.00000
 179.99446    0.02503   22.92108   22.59586    0.02563    0.01415   10.05901   -3.53171    0.13209    1.84706    2.00000
 180.16904    0.02556   21.64510   21.42099    0.17096    0.09435   27.80285    3.43474    0.67059    3.74671    2.00000
 179.85356   -0.09836   22.88457   22.56331    0.17641    0.09736   10.31216    0.95344   -0.86066   -0.56845    2.00000
 179.97450   -0.02443   23.05381   22.71280    0.03531    0.01949    9.14940   -4.07592   -3.19349   -7.80368    2.00000
 180.12997    0.01931   23.28462   22.91361    0.13141    0.07253    7.58749   -2.83698    1.62763    3.65598    2.00000
 179.84866    0.09354   23.68312   23.24943    0.17791    0.09819    5.65971    0.76088   -1.06623   -9.31122    2.00000
 179.94177   -0.01857   22.45363   22.17580    0.06111    0.03373   14.66509    9.09732   -0.18837   12.39234    2.00000
 179.99841    0.00548   23.50719   23.10209    0.00571    0.00315    6.40154    3.59094    2.14210    4.17978    2.00000
 180.00954    0.00454   22.02836   21.78330    0.01057    0.00583   20.64429   -2.05467   -1.56411   -3.64781    2.00000
 179.97333   -0.03265   21.79632   21.56643    0.04216    0.02327   24.53338  -11.56466    0.29403  -11.10851    2.00000
 179.99352   -0.01990   23.81756   23.36059    0.02093    0.01155    5.10007   -3.84746    1.83124   -7.10224    2.00000
 180.01733    0.05555   22.47706   22.19715    0.05819    0.03212   14.41078    0.32496    0.03950   -1.41954    2.00000
 179.97745    0.03792   22.76980   22.46086    0.04412    0.02435   11.27060    2.00423    3.23897    4.88309    2.00000
 179.92323   -0.06865   22.32451   22.05705    0.10299    0.05684   16.07906   -0.26321    2.34632    2.04502    2.00000
 179.89890   -0.00525   22.60627   22.31427    0.10124    0.05587   13.01615   -2.72847    1.49543    0.27316    2.00000
 180.01308   -0.03317   23.37171   22.98739    0.03565    0.01968    7.01357    1.64615    1.17132    0.10450    2.00000
 180.07419   -0.02071   22.99642   22.66256    0.07702    0.04251    9.54019    0.73497    2.44898    5.38163    2.00000
 179.97362    0.01255   22.79475   22.48317    0.02922    0.01613   11.00504   -3.56897   -0.85229   -6.52502    2.00000
 180.09489   -0.07444   22.87935   22.55866    0.12062    0.06657   10.34832    1.36912    1.27514    3.17627    2.00000
 179.98227    0.01039   22.42772   22.15214    0.02055    0.01134   14.94681    1.47818    3.56089    4.22061    2.00000
 179.63173    0.46056   17.96807   17.98214    0.58969    0.32547  288.85886    4.09806   -1.70925    2.33480    2.00000
 179.95927    0.01537   23.37171   22.98739    0.04353    0.02402    7.01357    2.84201    0.23539    2.03798    2.00000
 179.93146   -0.03280   21.64510   21.42099    0.07598    0.04194   27.80285   -1.15487   -1.08508   -2.71499    2.00000
 179.94946   -0.14504   21.95163   21.71186    0.15359    0.08477   21.92540    0.22763    0.42310    0.03733    2.00000
 179.99345   -0.03737   22.81969   22.50547    0.03794    0.02094   10.76205   -4.68113    1.28481   -2.54279    2.00000
 179.98447   -0.04358   22.69994   22.39842    0.04627    0.02554   12.01418   -2.05867    1.33750   -2.38926    2.00000
 179.95415   -0.07315   23.80566   23.35076    0.08633    0.04765    5.14955   -2.82285   -1.78614   -7.73815    2.00000
 179.85625    0.03779   21.79904   21.56898    0.14865    0.08204   24.48763    0.60521    2.87649    4.23102    2.00000
 180.04024    0.02910   17.94941   17.97206    0.04965    0.02741  290.57797   -4.79057    2.93981   -1.85087    2.00000
 179.79971   -0.16093   23.37171   22.98739    0.25692    0.14180    7.01357   -0.85483    1.63452    1.16461    2.00000
 180.04012    0.04898   22.61671   22.32365    0.06331    0.03494   12.90453    0.36346   -0.36557    0.64719    2.00000
 179.98634   -0.12635   23.39620   23.00814    0.12708    0.07014    6.87450    4.50164    3.01854   12.81754    2.00000
 179.96690    0.10053   21.31740   21.09101    0.10584    0.05842   36.48287    0.46340   -0.24553    0.23607    2.00000
 179.98521   -0.02377   23.82471   23.36649    0.02799    0.01545    5.07038   -4.02968   -1.90586    4.73332    2.00000
 180.08368    0.01394   23.78660   23.33504    0.08484    0.04682    5.22872   -0.89233   -1.80937   -2.80268    2.00000
 179.97343    0.21485   22.12135   21.87055    0.21649    0.11948   19.07982   -2.56954    1.10328   -0.09302    2.00000
 179.98611    0.03090   21.61508   21.39213    0.03388    0.01870   28.56209    1.59610   -0.41414    0.50700    2.00000
 179.96777    0.04398   23.49368   23.09065    0.05452    0.03009    6.45911   -0.49184    0.16806   -4.80669    2.00000
 180.08922   -0.06756   22.86631   22.54704    0.11192    0.06177   10.43873    1.09277    5.42446    7.96868    2.00000
 180.01111   -0.01373   23.53692   23.12724    0.01767    0.00975    6.27489   -0.09539   -2.48504   -2.12798    2.00000
 179.99059    0.04336   22.87153   22.55169    0.04437    0.02449   10.40257   -2.72820   -1.86628   -1.95378    2.00000
 179.95734   -0.02378   21.42417   21.20169    0.04884    0.02696   33.57136    0.40097   -0.54499   -0.53064    2.00000
 180.01772    0.11067   22.49581   22.21424    0.11208    0.06186   14.20733    1.91934   -0.71312    1.07113    2.00000
 180.02298   -0.02746   23.08261   22.73797    0.03580    0.01976    8.95358   -4.73056    1.32907   -4.18056    2.00000
 179.95200   -0.01130   23.79375   23.34094    0.04931    0.02722    5.19903   -5.05534   -2.32727   -8.45100    2.00000
 179.80000    0.04654   20.79995   20.39582    0.20534    0.11333   62.98398   -0.04921    1.54760    1.74152    2.00000
 179.95612    0.04227   23.72616   23.28508    0.06093    0.03363    5.48025   -1.51193   -2.78973   -5.69509    2.00000
 180.01649    0.15911   22.86892   22.54936    0.15996    0.08829   10.42065    3.37422   -1.31972    1.47032    2.00000
 179.98354    0.02721   19.20581   18.67640    0.03180    0.01755  197.43234    3.86175   -2.96161    0.95856    2.00000
 179.83566    0.03099   23.30095   22.92744    0.16724    0.09230    7.47988    5.09152    1.94345   10.10633    2.00000
 179.97566    0.01762   22.16191   21.90761    0.03005    0.01658   18.41520   -9.14486   -1.28803  -10.70412    2.00000
 179.92784   -0.00322   20.66355   20.22474    0.07223    0.03987   71.80055    0.00042    4.41928    4.50624    2.00000
 179.93428   -0.08141   22.69234   22.39161    0.10462    0.05774   12.09523   -8.55952   -0.37446  -10.86432    2.00000
 179.96973   -0.03075   22.48175   22.20143    0.04315    0.02381   14.35991    3.68980   -3.98388    0.81671    2.00000
 179.98151   -0.09894   22.02562   21.78075    0.10065    0.05555   20.69004   -2.45646   -5.43499   -9.28361    2.00000
 179.98798   -0.03130   23.60775   23.18671    0.03353    0.01851    5.97550    6.81795   -5.18702    3.65086    2.00000
 179.96584    0.10380   21.46329   21.24166    0.10928    0.06031   32.51989   -3.12588   -0.32161   -3.67221    2.00000
 180.20799   -0.04872   23.40165   23.01276    0.21362    0.11790    6.85129   -4.43112   -0.41329   -7.15525    2.00000
 179.97340    0.05712   23.72803   23.28663    0.06301    0.03478    5.47245   -3.07043   -2.31982   -8.94481    2.00000
 180.01427    0.03587   23.21078   22.84964    0.03861    0.02131    8.08501    1.07370   -0.36852   -1.19722    2.00000
 179.92603    0.01544   23.22785   22.86446    0.07557    0.04171    7.96976    2.49935    2.77869   10.01973    2.00000
 179.94566    0.05691   23.69248   23.25718    0.07869    0.04343    5.62070   -3.51661    3.38251    0.78355    2.00000
 179.96776   -0.11106   22.39892   22.12560    0.11564    0.06383   15.26279   -1.70800    2.31416    0.65433    2.00000
 179.93156   -0.10629   22.46535   22.18648    0.12641    0.06977   14.53793    4.13393    4.30881    8.31168    2.00000
 179.98409    0.04379   23.50449   23.09980    0.04658    0.02571    6.41306   -2.14335   -0.30891   -5.53418    2.00000
 180.11166   -0.18412   22.45831   22.18007    0.21533    0.11885   14.61423   -4.97551   -1.15086   -6.01293    2.00000
 180.02473    0.11709   23.48017   23.07922    0.11968    0.06605    6.51668   -2.13924    1.79797    1.37657    2.00000
 179.99371    0.00090   22.82979   22.51449    0.00635    0.00351   10.69188   -3.47601    4.16537    4.75158    2.00000
 180.09441    0.03589   22.15972   21.90561    0.10100    0.05574   18.45113    2.10149    3.17652    5.45827    2.00000
 179.97633   -0.01438   22.38212   22.11012    0.02770    0.01529   15.44711    6.60435    1.44487    9.78280    2.00000
 180.02940   -0.08825   22.81470   22.50101    0.09302    0.05134   10.79675   -2.01432    0.86404   -1.19888    2.00000
 180.65091   -0.57792   22.84023   22.52379    0.87044    0.48045   10.61955    3.53969    3.43396    6.95220    2.00000
 180.01587   -0.08810   23.07301   22.72958    0.08952    0.04941    9.01885    1.37348    2.01199    5.02871    2.00000
 180.04070   -0.00779   22.82979   22.51449    0.04144    0.02287   10.69188   -3.08218   -4.76858   -4.81126    2.00000
 180.07841    0.09960   21.44242   21.22035    0.12677    0.06997   33.08067    1.98900   -0.64373    1.18584    2.00000
 180.15714   -0.05813   23.23517   22.87081    0.16754    0.09247    7.92036    2.74799    2.75553    4.51519    2.00000
 179.98672   -0.06266   20.54493   20.08956    0.06405    0.03535   78.76683   -2.70656    0.93163   -1.79039    2.00000
 179.90968   -0.00492   23.14262   22.79042    0.09044    0.04992    8.54564   -0.31165   -1.32490   -3.48366    2.00000
 179.83481    0.25573   23.36354   22.98047    0.30445    0.16803    7.06738   -4.97512    0.79005   -8.76793    2.00000
 180.08778   -0.00679   22.13999   21.88758    0.08805    0.04859   18.77446    1.85007   -0.33037    0.74236    2.00000
 180.06433    0.07131   22.11587   21.86554    0.09604    0.05300   19.16964   -4.91853   -0.34450   -3.35159    2.00000
 179.98874   -0.02338   22.05029   21.80372    0.02595    0.01432   20.27825   -3.62055   -0.53355   -2.55399    2.00000
 180.05038   -0.01780   22.13122   21.87956    0.05345    0.02950   18.91816   -2.47104    1.27951   -3.32701    2.00000
 179.88908    0.01467   22.87674   22.55634    0.11188    0.06175   10.36640    3.78264    0.94620    1.70138    2.00000
 180.03745   -0.09826   23.06101   22.71909    0.10516    0.05804    9.10044   -3.09494    3.56894   -0.19750    2.00000
 179.75049   -0.01070   21.61703   21.39400    0.24974    0.13784   28.51287    1.29700   -1.12041    0.12878    2.00000
 180.02652    0.02271   22.82723   22.51221    0.03492    0.01927   10.70962   -1.42958    1.61418    0.31173    2.00000
 180.03052   -0.07537   22.73487   22.42964    0.08131    0.04488   11.64239   -3.02547   -0.20495   -1.80966    2.00000
 180.10052   -0.02574   21.08278   20.82324    0.10376    0.05727   45.50104   -0.39646    0.21735   -0.97493    2.00000
 179.99699    0.00114   23.46395   23.06550    0.00322    0.00178    6.58576    0.72535   -3.14288    4.36802    2.00000
 179.97397   -0.06273   22.39892   22.12560    0.06792    0.03749   15.26279   -3.33730    2.32186   -1.72826    2.00000
 179.95869    0.01914   22.60627   22.31427    0.04552    0.02512   13.01615    1.72292   -0.02036    1.05729    2.00000
 179.97304   -0.04707   20.10666   19.62173    0.05425    0.02994  109.25267    3.31129   -0.62073    2.55259    2.00000
 180.05424    0.05965   23.11862   22.76944    0.08063    0.04450    8.70881   -1.31125    0.31900   -0.25591    2.00000
 180.26476   -0.47444   22.72739   22.42295    0.54331    0.29987   11.72206    5.97739    1.82886    7.17200    2.00000
 179.90521   -0.00663   23.59169   23.17329    0.09501    0.05244    6.04306    1.46347   -5.01663   -4.16430    2.00000
 180.03105    0.01286   22.87413   22.55401    0.03361    0.01855   10.38449   -4.23557    4.44813    1.99624    2.00000
 180.04329    0.10710   22.31731   22.05042    0.11552    0.06376   16.15806   -4.17053    0.91891   -2.40267    2.00000
 180.02740   -0.22235   22.38212   22.11012    0.22403    0.12365   15.44711   -1.34646    0.53825   -0.84254    2.00000
 180.03242   -0.00499   23.68499   23.25098    0.03281    0.01811    5.65191   -2.47538   -0.54227   -5.93724    2.00000
 179.97530   -0.00838   22.36772   22.09686    0.02609    0.01440   15.60510    1.62357    0.71872    1.89709    2.00000
 179.97525   -0.00758   22.61149   22.31896    0.02589    0.01429   12.96034   -6.46687   -1.33336   -8.42886    2.00000
 179.97012   -0.08039   23.23029   22.86658    0.08576    0.04733    7.95329    0.20935    1.34565    1.99685    2.00000
 180.07327    0.02250   22.83240   22.51682    0.07666    0.04231   10.67380    1.06121    3.21059    1.65381    2.00000
 180.01981   -0.05341   23.07061   22.72749    0.05696    0.03144    9.03517    1.72614   -0.42285    0.05019    2.00000
 179.93770    0.07934   23.49638   23.09294    0.10088    0.05568    6.44760   -0.63428    2.36040   -8.63642    2.00000
 180.05263    0.00048   23.42070   23.02890    0.05262    0.02904    6.77002   -1.36000    1.24640   -4.74680    2.00000
 180.00114   -0.00933   22.02562   21.78075    0.00940    0.00519   20.69004    0.11146    0.37200    0.06676    2.00000
 180.03020    0.01635   23.03220   22.69392    0.03433    0.01895    9.29626   -0.80885    0.01951   -3.17756    2.00000
 179.94272    0.05220   23.61900   23.19610    0.07749    0.04277    5.92821    3.17058   -0.62025    4.95619    2.00000
 180.04219   -0.00975   21.37722   21.15372    0.04330    0.02390   34.83314   -1.23447    4.09344    2.85064    2.00000
 179.93404   -0.00563   23.12582   22.77574    0.06621    0.03654    8.65986   -2.07645    0.62373   -1.52719    2.00000
 180.08437    0.07481   23.82233   23.36452    0.11275    0.06223    5.08028    2.88143   -1.39391    6.83000    2.00000
 180.03925   -0.04701   23.57401   23.15853    0.06123    0.03380    6.11737   -4.38959    2.58690   -0.78376    2.00000
 179.95233    0.12660   23.55584   23.14325    0.13528    0.07466    6.19430    4.70456    1.86595    7.75041    2.00000
 180.00949   -0.06985   22.47472   22.19502    0.07049    0.03891   14.43621   -3.25132    1.31036   -1.39814    2.00000
 179.93546    0.19602   22.72489   22.42072    0.20637    0.11390   11.74862   -1.31336    0.92373    1.57650    2.00000
 180.11668    0.18413   22.25899   21.99679    0.21798    0.12031   16.81592   -0.29086   -0.01383   -1.61630    2.00000
 179.97739    0.00360   23.53692   23.12724    0.02289    0.01264    6.27489   -4.38498   -1.18905   -9.96343    2.00000
 179.93320   -0.07012   23.68686   23.25253    0.09685    0.05345    5.64410   -0.93269   -2.85700   -2.73525    2.00000
 180.22736   -0.07771   17.69377   17.04559    0.24027    0.13261  467.22769    2.48486    1.94777    4.44670    2.00000
 180.01672    0.04983   20.77553   20.36401    0.05256    0.02901   64.62321    1.32981   -2.07574   -0.82966    2.00000
 179.98389    0.00561   23.46665   23.06778    0.01706    0.00942    6.57425   -0.24056   -1.93520   -3.30746    2.00000
 180.16756   -0.00480   23.69809   23.26183    0.16762    0.09251    5.59729    2.55213   -2.46344    6.14713    2.00000
 180.04556   -0.02099   22.79475   22.48317    0.05016    0.02769   11.00504   -1.68907    0.72281   -0.84195    2.00000
 180.02095   -0.02830   23.39076   23.00353    0.03521    0.01943    6.89772    2.42446   -0.00020    3.69492    2.00000
 179.92079    0.04634   21.75094   21.52305    0.09177    0.05065   25.31120    3.37970   -1.10433    1.63563    2.00000
 180.00891   -0.06076   23.78899   23.33700    0.06141    0.03389    5.21882    0.68325   -3.43026    1.83240    2.00000
 180.05589   -0.05013   22.17417   21.91883    0.07508    0.04144   18.21397   -1.85782   -0.79608   -3.41237    2.00000
 180.08005    0.08190   23.56759   23.15316    0.11453    0.06321    6.14439   -0.85589    2.70577   -1.62766    2.00000
 179.93990   -0.10333   22.55682   22.26984    0.11954    0.06598   13.54530    4.31140   -0.74070    3.66273    2.00000
 179.87936    0.00371   22.33891   22.07032    0.12069    0.06661   15.92108    0.04920   -1.92089   -2.24371    2.00000
 179.96437   -0.07030   21.79632   21.56643    0.07881    0.04350   24.53338   -4.72302   -1.67778   -6.99454    2.00000
 179.99660   -0.02601   22.87413   22.55401    0.02623    0.01448   10.38449   -2.91465   -0.08115   -2.88431    2.00000
 180.15308    0.02911   23.42070   23.02890    0.15581    0.08600    6.77002    4.07949    1.71059    0.76960    2.00000
 180.01372    0.02802   22.59062   22.30021    0.03120    0.01722   13.18359   -1.89117    0.26298   -0.81674    2.00000
 179.85620    0.15694   23.52881   23.12038    0.21286    0.11748    6.30943    2.43494   -0.51140    5.32061    2.00000
 180.21338    0.04609   22.55933   22.27209    0.21830    0.12049   13.51848   -2.46574    1.23461   -1.03360    2.00000
 179.98262   -0.09748   22.65322   22.35646    0.09902    0.05465   12.51383   -0.08349    0.78292   -0.19631    2.00000
 180.03185    0.04949   22.44894   22.17153    0.05885    0.03248   14.71595   -2.16026   -1.58321   -2.08903    2.00000
 180.12766   -0.69713   22.85327   22.53541    0.70872    0.39118   10.52914    2.32092   -4.31340   -2.27078    2.00000
 180.03174    0.01432   18.93170   18.38495    0.03482    0.01922  232.78801   -5.85728   -0.76294   -6.56216    2.00000
 180.02933    0.02387   21.26280   21.03283    0.03781    0.02087   38.01310   -5.71638   -4.06741   -9.75596    2.00000
 179.95747   -0.01714   23.62864   23.20415    0.04585    0.02531    5.88767   -4.39045    3.22847    4.95307    2.00000
 180.02637    0.00691   20.77841   20.36775    0.02726    0.01504   64.43036   -3.36978   -1.83640   -5.19251    2.00000
 179.95905   -0.02885   22.75483   22.44748    0.05010    0.02765   11.42994    0.85891   -2.16116    0.48110    2.00000
 180.00937   -0.01492   23.39348   23.00584    0.01762    0.00972    6.88611   -1.40450   -1.78133   -3.52362    2.00000
 180.02467    0.05043   23.69622   23.26028    0.05615    0.03099    5.60509    4.74208    1.05078    5.38511    2.00000
 179.98497   -0.02415   22.53565   22.25055    0.02845    0.01570   13.77500    2.25695    5.95273    8.40200    2.00000
 179.96677   -0.00014   22.37732   22.10570    0.03324    0.01835   15.49977    1.33311    1.96203    3.87963    2.00000
 180.03624   -0.18530   22.08219   21.83365    0.18881    0.10421   19.74155    1.86277   -1.24593    1.84660    2.00000
 180.05557   -0.02678   23.75327   23.30752    0.06169    0.03405    5.36726    5.79018    0.77676    5.36990    2.00000
 180.06570   -0.03036   22.12245   21.87155    0.07238    0.03995   19.06186   -2.55940    1.51382   -0.17714    2.00000
 180.05502   -0.00638   23.44503   23.04949    0.05539    0.03057    6.66636   -1.16613   -0.05217   -3.72321    2.00000
 180.02861   -0.02955   23.44503   23.04949    0.04113    0.02270    6.66636   -1.30018    4.25614    7.71609    2.00000
 179.84395   -0.10051   21.79904   21.56898    0.18562    0.10245   24.48763    0.98481   -1.17091   -1.02073    2.00000
 179.82307   -0.05838   21.97081   21.72972    0.18630    0.10282   21.60512   -4.41688    0.23052   -4.32952    2.00000
 180.04056   -0.02661   23.18153   22.82424    0.04851    0.02678    8.28259    4.93790    1.17991    5.57775    2.00000
 180.02971    0.00912   23.55854   23.14554    0.03107    0.01715    6.18278   -0.96202   -4.61123  -13.04557    2.00000
 179.98029    0.02790   23.29006   22.91822    0.03416    0.01885    7.55162   -1.57335    2.40936    1.70783    2.00000
 180.01244   -0.00655   23.04181   22.70231    0.01405    0.00776    9.23099    1.09138    2.22994   -0.62517    2.00000
 179.90907   -0.03751   23.68125   23.24788    0.09836    0.05429    5.66751   -4.21492   -2.65030  -12.00616    2.00000
 179.96460    0.03771   23.50719   23.10209    0.05172    0.02855    6.40154   -2.01988    1.02788   -3.06843    2.00000
 180.00310    0.02326   19.59154   19.08197    0.02346    0.01295  154.42033   -2.78873   -0.04742   -2.82402    2.00000
 179.97517   -0.02566   21.11712   20.86497    0.03570    0.01971   43.93710    2.57765   -3.37394   -0.78193    2.00000
 180.01520    0.06929   23.15227   22.79884    0.07094    0.03915    8.48017    1.05812    0.26793   -0.93151    2.00000
 179.99551    0.00320   21.70596   21.47967    0.00552    0.00305   26.25919   -2.18139   -0.82271   -3.10053    2.00000
 179.87724    0.03137   23.15471   22.80096    0.12669    0.06992    8.46370    0.55920    2.36085    2.41137    2.00000
 180.03957    0.04843   20.98344   20.68889    0.06254    0.03452   50.53613    4.94716   -0.71101    4.09835    2.00000
 179.98708   -0.10128   22.31011   22.04378    0.10210    0.05635   16.23705   -3.12004   -0.80982   -3.83831    2.00000
 180.11308    0.06085   22.97918   22.64744    0.12842    0.07088    9.65780    0.46889    2.91444    3.70734    2.00000
 180.02267    0.00344   23.65505   23.22619    0.02294    0.01266    5.77675   -3.34921    0.68527    2.76151    2.00000
 180.01128    0.05218   23.16202   22.80731    0.05338    0.02946    8.41431   -4.41109    0.63359   -1.14014    2.00000
 180.01416    0.00702   21.54111   21.32102    0.01580    0.00872   30.43238    1.95274    0.01951    2.90499    2.00000
 180.06413   -0.03100   19.51507   19.00229    0.07123    0.03931  161.44305    6.78019   -0.81087    5.94049    2.00000
 180.00494   -0.02134   22.25642   21.99443    0.02190    0.01209   16.85829    4.41557   -0.92616    3.46049    2.00000
 179.94574   -0.06420   23.75565   23.30949    0.08406    0.04640    5.35737    2.39104   -0.06921    4.34555    2.00000
 180.11458   -0.07606   21.63260   21.40897    0.13752    0.07590   28.11913   -7.81624   -1.35726   -9.39270    2.00000
 180.09055    0.04311   21.50088   21.28006    0.10029    0.05535   31.50980    1.71961    0.33321    2.52973    2.00000
 180.06775   -0.11819   22.54034   22.25482    0.13623    0.07519   13.72413   -2.12743   -2.90861   -5.98440    2.00000
 180.00821    0.01651   23.34177   22.96203    0.01844    0.01018    7.21086    0.65527    1.49066    3.01386    2.00000
 179.96181    0.05236   21.16995   20.92837    0.06481    0.03577   41.56125    0.02436    3.25421    3.49083    2.00000
 179.96449    0.01956   21.93245   21.69400    0.04054    0.02237   22.24568    0.54277    1.01130    1.13022    2.00000
 179.95470   -0.08795   23.52341   23.11581    0.09893    0.05460    6.33246    0.69436    2.88167   -2.52312    2.00000
 180.06499   -0.03554   22.74485   22.43856    0.07407    0.04088   11.53617    1.98260    6.12960    9.35898    2.00000
 179.91650   -0.00010   22.99534   22.66161    0.08349    0.04608    9.54754    2.72406    1.34985    6.11576    2.00000
 179.97147   -0.00745   22.35091   22.08138    0.02949    0.01628   15.78942    0.48596    1.50549    4.01785    2.00000
 179.96902    0.00912   23.69622   23.26028    0.03229    0.01782    5.60509   -1.37540   -0.98573   -0.82685    2.00000
 180.16878    0.01580   22.81720   22.50324    0.16951    0.09356   10.77940    0.71823   -0.69578    0.35999    2.00000
 180.05302   -0.02037   23.45854   23.06092    0.05679    0.03135    6.60879   -1.62382    0.40612   -3.60193    2.00000
 179.94087    0.11928   20.87837   20.52035    0.13313    0.07348   56.85238   -3.99216    0.70004   -2.93050    2.00000
 179.95483    0.02830   23.31728   22.94128    0.05329    0.02941    7.37227    3.60734    1.33162    5.05316    2.00000
 179.87828   -0.09753   21.55668   21.33599    0.15598    0.08609   30.03864   -2.68226   -1.17719   -3.91308    2.00000
 179.94438   -0.00902   21.62871   21.40522    0.05635    0.03110   28.21757    0.18235    3.61847    4.08097    2.00000
 180.07327   -0.06098   21.82082   21.58939    0.09534    0.05262   24.12160    5.43310   -0.94527    4.88980    2.00000
 180.05150    0.04892   23.51530   23.10895    0.07103    0.03920    6.36700    3.31437   -0.49761    5.41875    2.00000
 179.97910    0.09164   22.77978   22.46979    0.09399    0.05188   11.16438   -3.65734   -0.87723   -3.10548    2.00000
 179.96864   -0.02000   17.98713   17.64313    0.03720    0.02053  346.67889   -5.26510    1.47478   -3.81987    2.00000
 180.00401    0.06409   22.37972   22.10791    0.06421    0.03544   15.47344   -4.23341    2.71016   -2.11021    2.00000
 179.97083    0.00433   21.84531   21.61235    0.02949    0.01628   23.70981   -1.50084    2.34527    1.73454    2.00000
 180.00545   -0.00324   22.84023   22.52379    0.00633    0.00349   10.61955   -0.32328   -2.12763    1.02690    2.00000
 180.02858   -0.00216   22.81720   22.50324    0.02866    0.01582   10.77940   -4.35224    0.22816   -3.80855    2.00000
 180.00259    0.02303   23.49638   23.09294    0.02317    0.01279    6.44760    0.45467   -1.60279   -3.02930    2.00000
 180.00507   -0.00634   21.27089   21.04145    0.00812    0.00448   37.78640    4.42733   -0.08169    4.53303    2.00000
 180.01778   -0.02578   22.27441   22.01097    0.03131    0.01728   16.62782   -6.25271    0.94187   -5.32296    2.00000
 180.02145    0.00521   18.79254   18.23669    0.02208    0.01219  253.21031   -2.80753   -0.28352   -3.11637    2.00000
 180.04042   -0.07408   21.46851   21.24699    0.08439    0.04658   32.37969    0.11923    1.23501    1.59839    2.00000
 179.99876   -0.02517   21.28100   21.05222    0.02520    0.01391   37.50302   -2.81655   -0.97324   -3.86067    2.00000
 180.00890    0.05765   23.04901   22.70860    0.05833    0.03219    9.18203   -1.49331   -3.25468   -5.52569    2.00000
 179.95862   -0.00837   21.47111   21.24966    0.04222    0.02330   32.30959    3.47828   -0.71108    2.93272    2.00000
 179.97160   -0.00411   23.66815   23.23703    0.02869    0.01583    5.72213   -5.50127    2.30928   -2.04307    2.00000
 180.00935   -0.06122   23.05621   22.71490    0.06193    0.03418    9.13308    0.76462   -1.73805   -3.62241    2.00000
 179.99387    0.01537   23.83661   23.37632    0.01655    0.00914    5.02090    1.45987   -4.60851   -6.90638    2.00000
 180.82906    0.34821   23.58365   23.16658    0.89921    0.49634    6.07684    4.95506   -0.01674    5.00628    2.00000
 180.27986   -0.12634   23.59169   23.17329    0.30706    0.16947    6.04306   -9.09898   -0.56509  -11.04142    2.00000
 179.91277    0.25293   21.77476   21.54601    0.26755    0.14767   24.89941   -3.71137    0.68400   -3.98866    2.00000
 179.98064   -0.03935   22.45128   22.17366    0.04386    0.02421   14.69052    1.39355    1.74442    5.20120    2.00000
 179.98387    0.00552   22.55206   22.26550    0.01705    0.00941   13.59698   -6.62000   -2.98604   -8.56339    2.00000
 179.96188    0.05995   21.54695   21.32664    0.07104    0.03921   30.28473    0.03120   -1.95630   -2.54855    2.00000
 179.97736   -0.01195   23.34449   22.96433    0.02559    0.01413    7.19292   -3.42985   -1.17915   -4.00635    2.00000
 180.02145   -0.01867   23.66815   23.23703    0.02844    0.01569    5.72213    3.02601    1.38086    0.66156    2.00000
 179.97552   -0.04056   23.72054   23.28043    0.04737    0.02615    5.50366   -1.89045   -0.01170   -3.62143    2.00000
 179.91368    0.07013   23.73177   23.28973    0.11122    0.06138    5.45684   -0.35751    2.17783    4.83599    2.00000
 180.06432    0.03809   20.58703   20.13632    0.07475    0.04126   76.35713   -6.51748    2.35565   -4.24354    2.00000
 180.58385    0.24020   22.13341   21.88156    0.63132    0.34845   18.88223   -1.28511    0.07237   -1.91904    2.00000
 180.02997    0.03401   22.98887   22.65594    0.04533    0.02502    9.59164    0.70642   -2.31404   -2.55477    2.00000
 179.99135   -0.09669   23.58526   23.16792    0.09708    0.05358    6.07008    3.61772   -0.73561    9.26049    2.00000
 180.04623   -0.04372   22.93412   22.60748    0.06363    0.03512    9.96860   -5.53998    5.49492   -0.27462    2.00000
 179.92490    0.07562   22.48409   22.20356    0.10658    0.05882   14.33448   -9.21926   -0.25234  -10.44104    2.00000
 180.02214    0.27987   22.86370   22.54471    0.28074    0.15495   10.45681    2.93492    3.82568    2.71606    2.00000
 179.98286    0.03136   23.48287   23.08150    0.03574    0.01973    6.50517   -2.00719    1.52136   -0.31623    2.00000
 179.99402    0.01677   19.97026   19.47852    0.01781    0.00983  119.47055   -3.18204    0.74167   -2.44609    2.00000
 179.96115    0.03481   22.94456   22.61678    0.05217    0.02879    9.89627    0.97624   -0.50260   -3.11528    2.00000
 180.02367   -0.07421   23.30911   22.93436    0.07789    0.04299    7.42608   -0.98264   -1.77931   -0.76057    2.00000
 180.02324   -0.03858   23.46125   23.06321    0.04504    0.02486    6.59727   -2.37542    2.19232    1.35191    2.00000
 179.97813    0.02530   21.57615   21.35470    0.03345    0.01846   29.54645    4.93024    2.18366    7.40817    2.00000
 179.95128   -0.09049   22.96841   22.63799    0.10277    0.05672    9.73130    4.91449   -1.67218    3.75323    2.00000
 180.03537   -0.05028   22.28470   22.02042    0.06147    0.03393   16.51529   -0.15548   -2.81502   -3.22836    2.00000
 179.55299    0.03322   22.24100   21.98026    0.44823    0.24739   17.11248    4.07658   -2.15597    3.94038    2.00000
 180.01039   -0.02756   23.15227   22.79884    0.02945    0.01625    8.48017    2.00317    2.11623    3.77746    2.00000
 180.00414   -0.01211   23.08501   22.74007    0.01280    0.00706    8.93726   -2.56836   -0.11492    0.14233    2.00000
 179.96014   -0.01311   22.97702   22.64555    0.04196    0.02316    9.67250  -10.93572   -3.75895  -14.07398    2.00000
 180.09908   -0.12661   22.71491   22.41180    0.16077    0.08873   11.85484   -2.42636   -1.28862   -4.11417    2.00000
 180.31169   -0.74898   23.72616   23.28508    0.81124    0.44777    5.48025   -1.76534    2.53695    5.90490    2.00000
 179.96370    0.05169   23.64149   23.21489    0.06316    0.03486    5.83362    0.45875    0.79024   -0.24540    2.00000
 180.09840   -0.04965   21.16866   20.92688    0.11022    0.06083   41.61721   -0.89844   -0.30273   -0.39348    2.00000
 180.05542    0.00283   22.15424   21.90060    0.05549    0.03063   18.54094    2.28250    0.38782    2.49110    2.00000
 179.94185    0.06061   23.74674   23.30213    0.08400    0.04636    5.39442    2.53638    4.88655    4.13111    2.00000
 180.01155    0.00148   22.73737   22.43187    0.01164    0.00643   11.61584    5.55500    1.89050    8.47442    2.00000
 179.83015   -0.04395   23.02980   22.69182    0.17543    0.09683    9.31257   -0.37101   -0.25242    1.79351    2.00000
 179.94884   -0.07769   22.74984   22.44302    0.09303    0.05135   11.48305    1.00194   -2.90241   -2.60873    2.00000
 180.02425   -0.04812   23.59329   23.17463    0.05389    0.02974    6.03630    3.38270    0.89929   -0.08346    2.00000
 180.02911   -0.20096   23.26930   22.90045    0.20306    0.11207    7.68986   -0.57372   -2.15570   -5.00199    2.00000
 179.88609    0.08813   21.74565   21.51795    0.14402    0.07949   25.40271    7.08237    1.84769    9.09120    2.00000
 180.01833   -0.01448   20.15492   19.67259    0.02335    0.01289  105.77429    6.70475    0.50952    7.16408    2.00000
 179.98959    0.03739   22.72739   22.42295    0.03881    0.02142   11.72206   -1.63081    0.32220    0.31486    2.00000
 180.13304   -0.03759   20.47196   20.01035    0.13825    0.07630   82.84883   -2.07093   -2.16337   -4.29843    2.00000
 179.86971   -0.00756   23.69435   23.25873    0.13051    0.07203    5.61289   -3.95506    4.28480   -5.83220    2.00000
 179.96107    0.00130   23.43152   23.03805    0.03895    0.02150    6.72392    1.28545   -0.70617    1.61135    2.00000
 180.01253    0.04076   21.70861   21.48223    0.04264    0.02353   26.19207    0.65069   -0.49040   -0.39851    2.00000
 179.97095   -0.08082   21.22922   20.99674    0.08588    0.04740   38.99879   -2.89133    1.42378   -1.17855    2.00000
 179.98982    0.00264   23.46395   23.06550    0.01051    0.00580    6.58576   -5.70860    0.41014   -6.74707    2.00000
 179.92938   -0.04162   22.36532   22.09464    0.08197    0.04524   15.63143    2.33914    2.11866    3.33235    2.00000
 179.95332    0.01458   22.66365   22.36583    0.04891    0.02699   12.40220    2.95507   -4.07621    0.71637    2.00000
 180.21387    0.18507   23.40981   23.01967    0.28282    0.15610    6.81646    9.23527    1.25763    8.88386    2.00000
 179.99352   -0.00528   23.10661   22.75895    0.00836    0.00461    8.79040   -1.68778    1.41797   -1.47685    2.00000
 180.05717    0.05287   23.02740   22.68972    0.07787    0.04298    9.32889    0.13567    0.32114    1.12056    2.00000
 179.90869    0.03891   22.68452   22.38458    0.09926    0.05478   12.17895    0.30863   -1.03929    0.39937    2.00000
 180.02800    0.02000   23.06101   22.71909    0.03441    0.01899    9.10044    0.06186   -0.73259   -3.52655    2.00000
 180.07050   -0.01678   23.50990   23.10437    0.07246    0.03999    6.39003   -3.27862    0.44030   -4.48988    2.00000
 180.01379   -0.08825   23.51530   23.10895    0.08933    0.04930    6.36700   -1.12971   -3.57197   -4.66671    2.00000
 179.94020   -0.02178   22.92108   22.59586    0.06364    0.03513   10.05901   -2.92004    0.21273   -5.26459    2.00000
 180.04488    0.00112   22.39412   22.12118    0.04490    0.02478   15.31545    6.21603    1.15545    5.91873    2.00000
 180.05951   -0.00180   22.69994   22.39842    0.05953    0.03286   12.01418    1.57609    3.44830    3.70301    2.00000
 180.00706   -0.19787   23.80804   23.35273    0.19800    0.10928    5.13965   -0.52880    0.77256    6.64187    2.00000
 179.95341   -0.04872   23.55854   23.14554    0.06741    0.03721    6.18278    2.28764   -5.14228   -1.29862    2.00000
 180.09978    0.05602   22.84284   22.52611    0.11443    0.06315   10.60147   -3.93085    0.68827   -0.31843    2.00000
 179.94273   -0.20350   23.68125   23.24788    0.21140    0.11668    5.66751   -1.20534    0.97715    1.31636    2.00000
 179.99120    0.06491   22.32931   22.06148    0.06551    0.03616   16.02640   -5.38693   -1.15102   -5.46732    2.00000
 180.02702   -0.08503   22.58802   22.29787    0.08923    0.04925   13.21150   -0.20547   -2.88535   -2.57471    2.00000
 179.99651   -0.08855   23.23029   22.86658    0.08862    0.04891    7.95329   -0.59731    1.71408   -1.96980    2.00000
 179.95023    0.02648   23.07301   22.72958    0.05638    0.03112    9.01885    6.29127    1.44173    8.56937    2.00000
 179.93289   -0.04806   22.86370   22.54471    0.08254    0.04556   10.45681   -2.17131   -2.15105   -4.27470    2.00000
 180.73386   -0.42299   23.77232   23.32325    0.84703    0.46753    5.28809    1.59557   -2.46428    2.40185    2.00000
 179.97861    0.04874   23.61900   23.19610    0.05323    0.02938    5.92821    5.41923    1.17835    6.84471    2.00000
 179.97795    0.03034   21.13952   20.89219    0.03750    0.02070   42.91713   -1.61496    3.33724    1.90007    2.00000
 180.04776   -0.08588   23.60775   23.18671    0.09827    0.05424    5.97550   -7.00966   -0.41507   -9.81297    2.00000
 179.99329   -0.04355   22.23072   21.97081    0.04406    0.02432   17.28194   11.47133    4.85005   18.25725    2.00000
 179.97592   -0.03801   22.64018   22.34474    0.04500    0.02484   12.65337   -0.13058    4.75775    6.11089    2.00000
 179.96103   -0.00040   21.40330   21.18037    0.03898    0.02151   34.13215    5.25066    1.58278    6.91959    2.00000
 179.87563    0.08385   23.45854   23.06092    0.15000    0.08279    6.60879    4.13036    1.61353    4.41370    2.00000
 180.04884   -0.02960   22.88717   22.56563    0.05711    0.03152   10.29408   -6.05538    0.33447   -5.73310    2.00000
 179.99815    0.03360   23.12342   22.77364    0.03365    0.01857    8.67618    1.94450   -0.01718    5.41502    2.00000
 179.83981    0.21736   23.22054   22.85811    0.27001    0.14903    8.01915    2.75854    0.67881    1.04766    2.00000
 179.97661    0.04052   23.15958   22.80519    0.04679    0.02582    8.43077   -1.50968   -0.39005   -1.31550    2.00000
 180.01501    0.02143   23.37443   22.98970    0.02617    0.01444    6.99564    0.73728   -1.60834   -2.08070    2.00000
 179.97713   -0.00994   22.53800   22.25268    0.02495    0.01377   13.74957   -4.56587    0.74213   -3.29654    2.00000
 180.04793   -0.05502   23.10421   22.75686    0.07297    0.04027    8.80672    2.07831    0.72025    1.41192    2.00000
 179.97231   -0.03965   22.49347   22.21210    0.04836    0.02669   14.23276   -1.03188    0.47718   -0.01552    2.00000
 180.02663    0.06053   21.41373   21.19103    0.06613    0.03650   33.85176   -1.12928    2.96824    1.59098    2.00000
 180.00398   -0.01704   21.93245   21.69400    0.01750    0.00966   22.24568   -0.29733    0.29219    1.25438    2.00000
 180.11116    0.21849   22.36292   22.09243    0.24514    0.13530   15.65776   -0.70350   -2.03325   -4.22012    2.00000
 179.93683    0.02880   23.33633   22.95742    0.06943    0.03832    7.24673   -2.50721   -0.69282   -7.23078    2.00000
 179.97266   -0.01997   20.17170   19.69028    0.03386    0.01869  104.56442   -6.47649    1.42167   -5.07943    2.00000
 180.02347   -0.01160   23.81756   23.36059    0.02618    0.01445    5.10007    3.04972   -1.82713    2.28170    2.00000
 179.74348    0.14172   21.32347   21.09747    0.29306    0.16175   36.31284    8.86678    1.68765   10.13295    2.00000
 180.08885    0.08825   23.36082   22.97817    0.12523    0.06912    7.08531    5.41218    4.67112    9.54394    2.00000
 180.07365    0.05030   23.59651   23.17732    0.08919    0.04922    6.02279    2.98079    1.61578    5.07587    2.00000
 179.96860   -0.07054   21.98451   21.74248    0.07721    0.04262   21.37635    3.33315   -3.40055   -0.66590    2.00000
 179.99902    0.02663   23.20591   22.84541    0.02665    0.01471    8.11794    0.28096   -0.70557   -2.97013    2.00000
 180.01949    0.04759   23.43692   23.04263    0.05143    0.02839    6.70090   -3.68274    0.04469   -4.07111    2.00000
 180.03886   -0.04133   18.04641   18.07459    0.05673    0.03131  275.53793   -3.00605   -0.50000   -3.50858    2.00000
 180.14160   -0.00553   22.49581   22.21424    0.14171    0.07821   14.20733   -3.95454   -1.02907   -3.59878    2.00000
 180.04704   -0.07521   23.00611   22.67106    0.08871    0.04896    9.47404    6.73691   -2.61158    1.99166    2.00000
 179.99960    0.18790   23.56389   23.15006    0.18790    0.10371    6.16001    3.42788    3.73269    7.47133    2.00000
 179.91290    0.00565   23.55314   23.14096    0.08728    0.04817    6.20581    3.73657   -0.73081    6.89280    2.00000
 179.96619    0.01764   23.78422   23.33307    0.03814    0.02105    5.23861    0.40538    1.35183    0.57229    2.00000
 179.97227   -0.03983   20.94354   20.62830    0.04853    0.02678   52.80672   -0.37532    2.95663    2.97153    2.00000
 179.94203   -0.02041   23.22785   22.86446    0.06146    0.03392    7.96976   -4.32257    2.54042   -5.36507    2.00000
 180.01242    0.02582   22.20244   21.94482    0.02865    0.01581   17.74795  -11.87351    0.82912  -11.22218    2.00000
 179.97536   -0.00100   22.10156   21.85207    0.02466    0.01361   19.41110   -2.98344   -1.74103   -5.29999    2.00000
 179.95250   -0.00730   23.17665   22.82001    0.04806    0.02652    8.31552    2.17397   -1.07761   -2.24184    2.00000
 180.09457   -0.04772   22.98672   22.65405    0.10594    0.05847    9.60634    5.22908   -3.49855    3.03404    2.00000
 180.00832   -0.00314   22.63235   22.33771    0.00889    0.00491   12.73709    4.78129    0.85871    4.28009    2.00000
 180.01778   -0.03387   21.70067   21.47457    0.03825    0.02111   26.39342   -0.42653    2.19566    1.72863    2.00000
 180.06860   -0.11520   22.98564   22.65311    0.13409    0.07400    9.61369    1.78757   -0.82825    3.52966    2.00000
 180.02560   -0.06442   19.55555   19.04447    0.06933    0.03826  157.72514   -2.41116   -1.73793   -4.14646    2.00000
 180.10583   -0.03421   23.02119   22.68429    0.11122    0.06138    9.37113   -0.52507    0.92942    1.70573    2.00000
 179.97093    0.06659   22.43488   22.15871    0.07266    0.04010   14.86854    2.89976   -0.07068    4.61321    2.00000
 180.00713   -0.06529   21.10816   20.85409    0.06567    0.03625   44.34508    0.03108   -1.01796   -0.78872    2.00000
 180.02350    0.03933   22.69496   22.39396    0.04581    0.02528   12.06724   -0.30891    0.60989    4.85207    2.00000
 180.00246    0.00431   21.48415   21.26298    0.00496    0.00274   31.95910    3.34149   -3.39503   -0.24161    2.00000
 180.21013    0.18631   23.35266   22.97125    0.28083    0.15500    7.13912    3.57126    1.43076   -1.07216    2.00000
 180.03088    0.04389   21.49732   21.27644    0.05366    0.02962   31.60526   -2.42800    1.32514   -1.17926    2.00000
 179.87933   -0.01161   20.80570   20.40330    0.12121    0.06690   62.59828   -4.20178    1.60356   -2.70786    2.00000
 179.96927    0.01109   23.66628   23.23548    0.03267    0.01803    5.72993   -3.48578    1.03778   -8.05962    2.00000
 179.95404    0.02210   23.40981   23.01967    0.05100    0.02815    6.81646   -2.18803    1.38728   -2.92779    2.00000
 179.99237    0.07204   23.20835   22.84753    0.07245    0.03998    8.10148   -2.58872   -0.96205   -6.90491    2.00000
 179.96957   -0.03092   23.67751   23.24478    0.04338    0.02394    5.68312    1.30629   -2.97056    2.69781    2.00000
 179.97530   -0.03930   22.82979   22.51449    0.04642    0.02562   10.69188    4.10031   -1.92256    3.80019    2.00000
 180.01344   -0.03225   22.68713   22.38693    0.03494    0.01929   12.15104   -4.06725    2.40577   -5.16478    2.00000
 179.95023   -0.02310   22.34371   22.07474    0.05487    0.03028   15.86841   -3.50855   -1.46392   -5.02253    2.00000
 179.97073    0.03839   23.62864   23.20415    0.04827    0.02664    5.88767    0.67516   -2.37805   -4.06057    2.00000
 179.98357    0.01813   23.60936   23.18805    0.02447    0.01350    5.96874   -7.86499    2.23650   -6.90403    2.00000
 180.02243    0.00639   23.30095   22.92744    0.02332    0.01287    7.47988   -0.48510    1.67595   -1.84626    2.00000
 180.05034    0.02484   21.40069   21.17771    0.05614    0.03098   34.20225   -3.75631   -1.00816   -5.15664    2.00000
 180.12045   -0.18559   20.88948   20.53940    0.22126    0.12212   56.13841    1.15567    2.43139    3.56243    2.00000
 180.02058    0.02436   23.38259   22.99661    0.03190    0.01761    6.94184    5.12337   -1.78598   -0.90091    2.00000
 180.02055    0.03920   21.80721   21.57663    0.04426    0.02443   24.35037    3.68957   -1.67022    1.87708    2.00000
 179.85495    0.04665   23.65318   23.22464    0.15236    0.08409    5.78455   -2.90111   -3.55565   -7.94096    2.00000
 180.04012    0.01287   23.66628   23.23548    0.04212    0.02325    5.72993    0.72255    0.86264    5.00144    2.00000
 179.92436   -0.11888   18.79254   18.23669    0.14091    0.07777  253.21031    1.31635   -1.44719   -0.07832    2.00000
 180.15315    0.01033   22.22044   21.96136    0.15350    0.08472   17.45140    1.40340    1.10275    1.61780    2.00000
 179.95087   -0.04071   22.99103   22.65783    0.06381    0.03522    9.57694    2.59854    2.35269    3.74190    2.00000
 179.93938   -0.10681   23.76041   23.31342    0.12281    0.06778    5.33757    5.32602    0.59587    1.56658    2.00000
 180.01514   -0.05827   22.95499   22.62608    0.06021    0.03323    9.82395    5.21851   -2.77105    3.62518    2.00000
 180.03412   -0.06087   23.53962   23.12953    0.06978    0.03851    6.26338   -1.47175   -1.73598   -4.17978    2.00000
 180.02592   -0.00778   23.50719   23.10209    0.02707    0.01494    6.40154    4.00447    1.26658   10.30467    2.00000
 179.90198    0.05929   22.96948   22.63893    0.11455    0.06322    9.72395   -2.68704   -1.19826   -7.39701    2.00000
 180.01521    0.01455   22.69994   22.39842    0.02105    0.01162   12.01418    3.61694    1.41422    5.74262    2.00000
 179.80409   -0.10248   22.58802   22.29787    0.22109    0.12203   13.21150   -5.59886   -2.22069   -7.39406    2.00000
 180.01997   -0.03148   22.79724   22.48540    0.03728    0.02057   10.97848   -3.92447   -0.09305   -4.03719    2.00000
 180.11656   -0.02170   23.44503   23.04949    0.11856    0.06544    6.66636   -0.10669    1.94315    1.07545    2.00000
 180.12367   -0.09456   22.57237   22.28381    0.15568    0.08593   13.37894   -1.91028   -1.12570   -1.08087    2.00000
 180.06966   -0.15833   19.15175   18.61939    0.17297    0.09547  203.73633   -5.12355    3.28946   -1.87639    2.00000
 179.97800   -0.00791   23.15227   22.79884    0.02339    0.01291    8.48017    1.65678    5.50550    7.93599    2.00000
 180.08365   -0.02228   23.82947   23.37042    0.08656    0.04778    5.05059    1.04686   -0.14020    4.73845    2.00000
 179.94083    0.02048   23.66254   23.23239    0.06262    0.03456    5.74554   -2.40264   -1.29746   -6.77385    2.00000
 179.91435    0.10444   22.53565   22.25055    0.13506    0.07454   13.77500   -2.59888    0.65622   -0.31092    2.00000
 180.09283    0.04437   22.43488   22.15871    0.10290    0.05679   14.86854   -0.59670   -1.34303   -3.13704    2.00000
 180.09029   -0.19782   23.46935   23.07007    0.21745    0.12002    6.56273   -4.39185    1.03918   -8.43255    2.00000
 180.03262    0.01954   23.62060   23.19744    0.03802    0.02099    5.92145   -2.15524    1.95149    1.40510    2.00000
 179.96213   -0.00821   22.82979   22.51449    0.03875    0.02139   10.69188   -1.49873   -0.42330   -6.49932    2.00000
 180.04266    0.02990   22.14437   21.89158    0.05209    0.02875   18.70261   -1.23892    0.70441   -2.14659    2.00000
 180.05627    0.06937   21.19565   20.95823    0.08933    0.04930   40.44212   -0.61478   -2.64844   -3.70653    2.00000
 180.04582    0.02295   23.10421   22.75686    0.05125    0.02829    8.80672    2.91710    2.75236    4.74073    2.00000
 180.01549    0.00075   21.03801   20.76492    0.01551    0.00856   47.68680    0.42891   -0.87525   -0.57619    2.00000
 180.00229    0.04072   21.37200   21.14839    0.04079    0.02251   34.97333    1.39916   -0.47986    1.34548    2.00000
 180.10632   -0.03828   23.55854   23.14554    0.11301    0.06237    6.18278    1.28063   -0.98364    0.28455    2.00000
 180.05472    0.03670   23.57723   23.16121    0.06589    0.03637    6.10386    5.74737   -3.68495    0.15784    2.00000
 179.98692   -0.04156   22.73737   22.43187    0.04357    0.02405   11.61584    4.59357    4.42529    8.16508    2.00000
 179.97884   -0.07460   21.31942   21.09316    0.07754    0.04280   36.42619    0.62507   -1.39223   -0.67547    2.00000
 180.06265    0.03530   21.41895   21.19636    0.07191    0.03969   33.71156    0.81978    1.46614    2.60835    2.00000
 180.12874    0.04289   22.34131   22.07253    0.13570    0.07489   15.89474   -5.19372   -0.07035   -6.93277    2.00000
 180.26813    0.01106   20.95953   20.65368    0.26836    0.14812   51.85571   -0.78090   -0.95682   -1.94556    2.00000
 180.06194    0.01557   23.70932   23.27113    0.06386    0.03525    5.55047    4.48455    1.12435   -2.31755    2.00000
 179.95140   -0.08270   22.34131   22.07253    0.09592    0.05294   15.89474    5.41377   -1.18131    5.43412    2.00000
 180.02412    0.00126   23.32000   22.94358    0.02415    0.01333    7.35434   -2.46326   -3.24504   -5.04199    2.00000
 179.60918   -0.10689   20.88472   20.53124    0.40517    0.22363   56.44439    6.38233    2.22101    9.00447    2.00000
 180.04143    0.01821   23.26930   22.90045    0.04525    0.02498    7.68986    2.01315   -0.15592    3.54322    2.00000
 179.94810    0.01672   23.80804   23.35273    0.05451    0.03009    5.13965    5.05896   -0.09500    3.01352    2.00000
 179.89680    0.04153   22.87153   22.55169    0.11123    0.06139   10.40257    0.10341    0.78338    2.90206    2.00000
 180.02277   -0.04083   23.38259   22.99661    0.04675    0.02580    6.94184    0.65526    1.26799    5.23030    2.00000
 179.69601    0.12677   23.46665   23.06778    0.32937    0.18179    6.57425    0.80942    0.20940    0.52916    2.00000
 180.01997    0.07373   20.64392   20.20133    0.07639    0.04216   73.00660   -0.76529    2.49582    1.70009    2.00000
 180.02942   -0.04192   23.18884   22.83059    0.05121    0.02827    8.23320   -1.26742   -1.40448   -0.77482    2.00000
 179.94276    0.10033   23.82233   23.36452    0.11550    0.06375    5.08028    0.85074   -0.05095   -7.87055    2.00000
 180.02292   -0.00557   23.43692   23.04263    0.02359    0.01302    6.70090    3.28199    1.76045   12.66806    2.00000
 180.01796   -0.04445   21.09174   20.83413    0.04794    0.02646   45.09306   -2.18155    5.50360    3.20229    2.00000
 179.91232   -0.05409   21.30324   21.07592    0.10301    0.05685   36.87959   -0.30642   -0.22075   -0.93912    2.00000
 179.97697   -0.03671   22.31491   22.04821    0.04333    0.02391   16.18439   -0.01851   -1.44577   -1.87374    2.00000
 179.97798    0.03103   22.21787   21.95899    0.03805    0.02100   17.49376   10.70975    2.41012   13.76693    2.00000
 179.99678   -0.01024   22.61671   22.32365    0.01073    0.00592   12.90453   -1.56238    0.21998   -3.33776    2.00000
 179.98701    0.07393   21.34369   21.11902    0.07506    0.04143   35.74609   -4.48126    0.77104   -3.74949    2.00000
 179.97037   -0.09802   23.52341   23.11581    0.10240    0.05652    6.33246    3.59236    1.60643    3.82670    2.00000
 179.99780    0.01987   23.08741   22.74217    0.01999    0.01103    8.92095   -2.93236    0.19917   -6.06869    2.00000
 179.93007    0.04122   23.65693   23.22774    0.08117    0.04480    5.76894   -1.40178    0.51450   -6.62844    2.00000
 180.04678    0.06566   21.05173   20.78301    0.08063    0.04450   47.00895    0.24188   -0.27961   -0.14602    2.00000
 180.01489    0.00313   22.54503   22.25909    0.01522    0.00840   13.67327   -0.32101   -2.18849   -2.03803    2.00000
 179.97739   -0.04077   23.06341   22.72119    0.04662    0.02573    9.08412   -0.90236   -0.24497   -3.41761    2.00000
 179.94513   -0.00302   22.98457   22.65216    0.05496    0.03033    9.62105    1.62378    1.93661    7.45786    2.00000
 180.05869    0.02338   23.55584   23.14325    0.06317    0.03487    6.19430   -2.63333    1.27222   -4.18613    2.00000
 179.85652    0.13957   22.12354   21.87255    0.20016    0.11048   19.04390   -5.66754   -2.55027   -7.96991    2.00000
 179.99345    0.03806   23.37715   22.99200    0.03862    0.02132    6.97770   -1.71472   -0.34018   -0.79732    2.00000
 180.02933    0.00557   23.44773   23.05177    0.02984    0.01647    6.65484    1.39598   -0.57672   -0.25342    2.00000
 179.98766   -0.14568   22.80223   22.48986    0.14620    0.08069   10.92537    1.71077   -2.35994   -1.93671    2.00000
 179.94608   -0.19421   23.69060   23.25563    0.20156    0.11125    5.62850   -1.28959    1.83193   -1.01155    2.00000
 179.95135   -0.03768   23.28190   22.91130    0.06153    0.03396    7.60543   -0.35386   -0.50400   -4.33428    2.00000
 180.01878    0.01636   20.94354   20.62830    0.02491    0.01375   52.80672    0.53578    2.98434    4.10362    2.00000
 179.91582   -0.04189   22.78976   22.47871    0.09403    0.05190   11.05815   -0.83586   -2.12462   -6.53274    2.00000
 179.96133   -0.07248   22.64800   22.35177    0.08215    0.04534   12.56964   -3.58233    2.25498   -0.34950    2.00000
 179.99757    0.06996   23.69435   23.25873    0.07000    0.03863    5.61289    1.93272    0.87603    0.71558    2.00000
 180.06700    0.00301   22.57497   22.28615    0.06707    0.03702   13.35104   -4.49668   -0.69016   -5.03018    2.00000
 180.01028   -0.02774   20.94677   20.63358    0.02959    0.01633   52.60910    3.79588    1.62034    4.94545    2.00000
 179.79768    0.12539   22.90543   22.58191    0.23801    0.13136   10.16750    9.95576    2.81823   10.35596    2.00000
 180.01729   -0.02979   23.61900   23.19610    0.03445    0.01901    5.92821    3.12816    1.37523   -1.17367    2.00000
 179.99924   -0.00696   21.90518   21.66849    0.00700    0.00386   22.70322   -2.64618   -2.12485   -5.59876    2.00000
 180.04820    0.09492   23.14022   22.78832    0.10646    0.05876    8.56195   -0.48269   -0.07479   -0.43364    2.00000
 180.01860   -0.04074   23.61578   23.19342    0.04478    0.02472    5.94172    2.01452   -0.73728    2.64296    2.00000
 180.03571    0.17058   19.26654   18.74056    0.17428    0.09619  190.33624    3.08004    2.81018    5.89519    2.00000
 179.97833    0.06492   22.45128   22.17366    0.06844    0.03777   14.69052    5.10055    3.02211    8.62760    2.00000
 180.09871    0.11911   22.62453   22.33068    0.15470    0.08538   12.82081    0.75673    0.71154    1.32240    2.00000
 180.01422   -0.00800   23.03941   22.70021    0.01631    0.00900    9.24730    4.12403   -2.73406   -3.08340    2.00000
 179.74031    0.05474   21.70861   21.48223    0.26539    0.14648   26.19207   -3.01110    0.21225   -2.76038    2.00000
 179.99654   -0.02100   23.25955   22.89198    0.02128    0.01175    7.75571    1.52945    1.50183    8.26883    2.00000
 179.96448   -0.05357   23.71119   23.27268    0.06428    0.03548    5.54267    2.85633   -1.68887    3.70827    2.00000
 180.05621    0.03997   23.63024   23.20550    0.06897    0.03807    5.88091   -0.37444    1.17748    0.82626    2.00000
 179.97887    0.15975   21.98726   21.74503    0.16114    0.08894   21.33060    1.17648    1.78906    4.03511    2.00000
 179.97127   -0.03317   22.31731   22.05042    0.04388    0.02422   16.15806    2.81839    4.24755    8.54234    2.00000
 180.00455    0.07781   22.59845   22.30724    0.07794    0.04302   13.09987   -1.74395   -1.46668   -4.96849    2.00000
 180.07883    0.00026   23.03941   22.70021    0.07883    0.04351    9.24730    1.98512    2.03051    6.29501    2.00000
 179.98167    0.02911   23.41525   23.02428    0.03440    0.01898    6.79324    2.07529    1.08214   -0.40314    2.00000
 179.92438    0.00413   21.61313   21.39026    0.07573    0.04180   28.61131   -5.68593   -0.90625   -7.04805    2.00000
 179.96820   -0.00019   23.15715   22.80307    0.03180    0.01755    8.44724   -3.01282    0.62215   -3.77067    2.00000
 179.95058    0.03542   23.06581   22.72329    0.06080    0.03356    9.06781    0.44135   -0.75035   -4.72239    2.00000
 180.00426   -0.11485   23.68312   23.24943    0.11493    0.06343    5.65971   -2.97886    0.01701   -1.21525    2.00000
 180.03004   -0.02078   21.82082   21.58939    0.03654    0.02017   24.12160    5.48243   -0.13760    5.06856    2.00000
 179.85127   -0.30178   23.78422   23.33307    0.33643    0.18569    5.23861    0.93008   -0.56119    2.38602    2.00000
 179.98946   -0.02159   22.87674   22.55634    0.02402    0.01326   10.36640   -1.07197   -0.60768   -0.81196    2.00000
 179.91963    0.02206   21.92698   21.68891    0.08334    0.04600   22.33690   -4.91111   -5.75004  -11.31754    2.00000
 179.86842   -0.03384   22.22815   21.96844    0.13586    0.07498   17.32430   -1.35820   -0.60536   -0.79446    2.00000
 179.81113   -0.02981   21.27291   21.04361    0.19122    0.10554   37.72973    0.29268    2.96287    3.34826    2.00000
 179.98215    0.05493   23.15471   22.80096    0.05776    0.03188    8.46370   -0.80544   -0.64129   -0.37276    2.00000
 180.07021   -0.03681   23.54233   23.13182    0.07927    0.04375    6.25187   -1.97212    3.61998    2.89500    2.00000
 180.15019    0.22963   18.04178   18.07800    0.27439    0.15144  275.06851  -10.75198   -0.42832  -11.14634    2.00000
 179.89182   -0.00559   23.30639   22.93205    0.10833    0.05979    7.44401   -1.73687   -0.25389    1.04794    2.00000
 180.03395   -0.04357   19.86358   19.36651    0.05523    0.03049  129.34261    1.71354   -4.07875   -2.39730    2.00000
 180.01559    0.00502   22.31011   22.04378    0.01639    0.00904   16.23705   -1.88708    0.27481   -0.33673    2.00000
 179.97433   -0.01016   23.46125   23.06321    0.02760    0.01523    6.59727    0.53972    2.53311    0.15399    2.00000
 180.23389   -0.01084   23.73177   23.28973    0.23414    0.12923    5.45684   13.15062    0.02836   13.80994    2.00000
 179.96495    0.06943   22.87413   22.55401    0.07777    0.04292   10.38449   -3.20028   -2.03106   -2.76523    2.00000
 180.06117   -0.05447   21.86436   21.63021    0.08191    0.04521   23.38953   -3.67788   -4.33525   -8.52440    2.00000
 180.00938    0.05003   19.68050   19.17524    0.05090    0.02809  146.19991    0.88910   -3.15901   -2.25490    2.00000
 179.98354    0.00096   23.49098   23.08836    0.01650    0.00911    6.47062   -1.03682   -0.39911   -0.98075    2.00000
 180.00047   -0.00392   23.78660   23.33504    0.00394    0.00218    5.22872    1.93837   -0.68067    0.02201    2.00000
 180.02579    0.08213   21.42677   21.20436    0.08608    0.04751   33.50126    1.18721   -0.93435    0.52366    2.00000
 179.91656   -0.01341   23.30639   22.93205    0.08451    0.04664    7.44401   -3.64721   -2.65396   -5.09153    2.00000
 179.96152   -0.06235   21.80176   21.57153    0.07327    0.04044   24.44187   -1.95097    1.67777    0.47355    2.00000
 180.00591    0.09502   23.08981   22.74427    0.09520    0.05254    8.90463   -5.10410   -3.47374   -4.88743    2.00000
 179.97452   -0.06922   23.24736   22.88139    0.07376    0.04071    7.83804   -0.51205    4.42878    0.96275    2.00000
 180.00897    0.02284   22.75233   22.44525    0.02454    0.01355   11.45650   -3.11291    3.47894   -0.96119    2.00000
 180.01469    0.02121   21.92424   21.68635    0.02581    0.01425   22.38294   -1.77893   -2.43878   -3.61763    2.00000
 180.13345    0.00111   21.88886   21.65318    0.13346    0.07366   22.97774    0.71224   -1.70666   -1.63155    2.00000
 179.96245    0.00300   23.32544   22.94819    0.03767    0.02079    7.31847    0.70104    0.06787    2.69612    2.00000
