#RA        DEC       MAG_G     MAG_I     ANGSEP    RPROJ     SNR       VTRUE       VSYS       VMEAS      VSYSERR    
 180.03358    0.03461   22.47472   22.19502    0.04822    0.02661   14.43621    1.79483    1.71884    4.19908    2.00000
 180.06258    0.06054   23.00611   22.67106    0.08707    0.04806    9.47404   -0.31232    1.22001    2.91630    2.00000
 180.07463    0.00763   23.37715   22.99200    0.07502    0.04141    6.97770   -2.45424   -2.33557   -7.86960    2.00000
 180.02840   -0.06051   23.33088   22.95280    0.06684    0.03689    7.28260    1.83391    0.10308    1.86956    2.00000
 180.00929    0.01104   23.02500   22.68763    0.01443    0.00797    9.34521    3.07316    0.82543    2.94614    2.00000
 179.93263    0.03615   22.32691   22.05926    0.07645    0.04220   16.05273    3.28336   -2.32809    1.72252    2.00000
 179.99321   -0.00637   23.25711   22.88986    0.00931    0.00514    7.77218   -0.31048    1.24561   -0.27552    2.00000
 179.97427   -0.01580   21.49555   21.27462    0.03019    0.01666   31.65298    4.00022    0.30882    5.86360    2.00000
 180.12288    0.02607   17.29637   16.60179    0.12561    0.06933  581.61969   -1.82978   -0.36930   -2.20874    2.00000
 180.03798    0.05115   23.54503   23.13410    0.06371    0.03516    6.24035    3.52835    3.57578    3.46943    2.00000
 180.10349   -0.09526   19.90441   19.40938    0.14066    0.07763  125.56473    2.33449   -0.68500    1.60467    2.00000
 180.06570    0.09984   22.88978   22.56796    0.11953    0.06597   10.27600   -2.58544   -4.37947   -7.19078    2.00000
 180.02850    0.00451   22.85848   22.54006    0.02885    0.01593   10.49298   -2.55871    2.35237    1.98842    2.00000
 179.90108   -0.04249   23.56759   23.15316    0.10767    0.05942    6.14439    0.15290    1.31907    3.42671    2.00000
 179.97205    0.01770   23.68312   23.24943    0.03309    0.01826    5.65971    3.42832   -1.22145   -4.97228    2.00000
 180.11246    0.01682   22.55206   22.26550    0.11370    0.06276   13.59698   -4.15876    2.31797   -0.73120    2.00000
 179.99477    0.06229   23.12102   22.77154    0.06251    0.03450    8.69250   -1.83462   -3.38543   -3.39054    2.00000
 180.07523   -0.00523   22.65844   22.36115    0.07540    0.04162   12.45802   -3.08330   -1.87544   -1.98729    2.00000
 180.03702    0.00114   23.53152   23.12267    0.03703    0.02044    6.29792   -4.07399   -0.66780  -13.35727    2.00000
 180.04475    0.12401   22.54268   22.25695    0.13184    0.07277   13.69870   -0.92930   -2.57863   -3.05686    2.00000
 180.03546   -0.04020   18.18541   17.92140    0.05360    0.02958  299.21753   -6.67681   -0.91326   -7.59738    2.00000
 179.86276    0.08089   21.52575   21.30547    0.15930    0.08792   30.84163    2.06096    1.66551    3.54379    2.00000
 180.01295   -0.04038   23.30911   22.93436    0.04241    0.02341    7.42608   -2.29622   -3.05375   -1.23668    2.00000
 180.14494    0.19519   21.58004   21.35845    0.24312    0.13419   29.44802   -0.08162    0.27607   -0.31962    2.00000
 179.89787   -0.09044   23.79375   23.34094    0.13642    0.07529    5.19903   -1.27981   -1.07772   -6.29245    2.00000
 179.89856    0.16826   22.64800   22.35177    0.19647    0.10844   12.56964   -0.37639    1.07312    2.88329    2.00000
 179.92468   -0.00954   23.43422   23.04034    0.07591    0.04190    6.71241    4.08928    0.92107    4.49569    2.00000
 179.99794   -0.06777   21.19822   20.96122    0.06780    0.03742   40.33021   -3.67868    0.28416   -3.16816    2.00000
 180.11282    0.05117   22.55682   22.26984    0.12389    0.06838   13.54530    1.87002    0.84522    1.87110    2.00000
 179.97971    0.06666   22.85066   22.53309    0.06968    0.03846   10.54722    1.24751    4.28119    7.10947    2.00000
 180.09081    0.12061   22.23843   21.97789    0.15098    0.08333   17.15484   -1.55250   -0.53814   -2.58459    2.00000
 180.07629   -0.09651   22.76481   22.45640    0.12303    0.06790   11.32371    1.88346    1.57338    3.74148    2.00000
 179.96124    0.10894   23.03460   22.69602    0.11563    0.06382    9.27994    2.33159    1.13670    1.56080    2.00000
 179.94772    0.02296   22.09304   21.84396    0.05709    0.03151   19.55650    1.13467    2.06275    4.81060    2.00000
 180.14867   -0.03937   23.50179   23.09751    0.15380    0.08488    6.42457    1.34879    0.71454    0.63995    2.00000
 179.98453    0.03650   23.08981   22.74427    0.03965    0.02188    8.90463    1.32141    3.25197    3.79608    2.00000
 180.01854   -0.03293   23.83900   23.37828    0.03780    0.02086    5.01101    1.81452   -2.91344    5.95500    2.00000
 180.00391   -0.11029   17.99543   18.02557    0.11036    0.06091  282.28979    1.47888   -0.59187    0.89274    2.00000
 180.02196    0.01601   22.42772   22.15214    0.02718    0.01500   14.94681   -4.58193    0.66942   -4.63299    2.00000
 180.01976   -0.00138   23.72054   23.28043    0.01981    0.01093    5.50366    2.43921   -1.32955    3.76578    2.00000
 179.98978   -0.02025   23.55314   23.14096    0.02269    0.01252    6.20581    0.35919   -0.27681    2.61167    2.00000
 180.00507   -0.02674   19.85678   19.35937    0.02722    0.01502  129.97224    2.24651   -1.47511    0.74936    2.00000
 179.94849    0.02242   21.35398   21.12998    0.05617    0.03100   35.45781    0.89637    1.20523    2.41644    2.00000
 179.92798   -0.08813   21.66098   21.43630    0.11382    0.06282   27.40015   -0.12767   -2.52687   -2.90826    2.00000
 179.43719    0.18327   23.12822   22.77783    0.59188    0.32668    8.64354   -0.56565    1.38402    1.01031    2.00000
 179.97478   -0.05852   23.02980   22.69182    0.06373    0.03518    9.31257    4.18535   -1.03095    1.69550    2.00000
 179.97459   -0.00661   23.26930   22.90045    0.02624    0.01448    7.68986   -1.39237    2.58891    0.65768    2.00000
 180.00089    0.05666   23.24248   22.87716    0.05667    0.03128    7.87097   -7.45262   -0.97429   -7.42748    2.00000
 179.97102    0.05420   18.11399   18.05287    0.06146    0.03392  278.52948   -2.01926    0.68688   -1.28355    2.00000
 179.94943   -0.06870   22.71990   22.41626    0.08529    0.04708   11.80173    2.95083   -3.91211   -0.70128    2.00000
 179.90475    0.03378   22.78477   22.47425    0.10106    0.05578   11.11126    1.48179    1.36590    2.08446    2.00000
 179.90440   -0.06645   23.74674   23.30213    0.11642    0.06425    5.39442   -6.98523    1.90503   -5.80162    2.00000
 180.04964    0.09899   21.40591   21.18304    0.11074    0.06112   34.06205    5.56318   -0.11893    5.25992    2.00000
 180.08202   -0.03054   23.77232   23.32325    0.08751    0.04830    5.28809  -10.20943    1.18544   -4.70520    2.00000
 180.04752   -0.09522   22.89761   22.57493    0.10642    0.05874   10.22175    1.35291   -1.16303   -0.12496    2.00000
 180.02477    0.01106   23.56598   23.15182    0.02713    0.01497    6.15115    4.84735    1.58923    9.18536    2.00000
 179.99396    0.05312   22.43957   22.16298    0.05346    0.02951   14.81768   -2.80720    1.80580   -3.61796    2.00000
 179.99489   -0.02129   22.93934   22.61213    0.02189    0.01208    9.93244    2.22873    0.18734    1.85273    2.00000
 179.92651    0.07799   22.81720   22.50324    0.10716    0.05914   10.77940    3.07347    5.08909    9.24680    2.00000
 179.95573   -0.01670   23.82471   23.36649    0.04731    0.02611    5.07038   -3.96871   -0.79825   -7.61092    2.00000
 179.93199    0.02320   22.49816   22.21638    0.07186    0.03966   14.18190    2.44937   -1.66071    0.44934    2.00000
 180.02362   -0.28537   22.47238   22.19288    0.28635    0.15804   14.46164    4.05174    1.20040    5.83409    2.00000
 179.95068    0.01615   23.05381   22.71280    0.05190    0.02864    9.14940   -7.17479   -1.73046   -4.57669    2.00000
 179.88686   -0.03111   22.73986   22.43410    0.11734    0.06476   11.58928   -0.42286    0.31035    0.44499    2.00000
 179.91135    0.05210   22.95760   22.62840    0.10283    0.05676    9.80587   -5.82448   -2.35861   -6.62973    2.00000
 180.03027    0.02085   23.16202   22.80731    0.03676    0.02029    8.41431   -0.66203   -5.75406   -6.45943    2.00000
 180.05051    0.00531   22.14657   21.89359    0.05078    0.02803   18.66668    1.66361   -1.67828   -1.11262    2.00000
 180.00597    0.00093   23.61257   23.19074    0.00604    0.00333    5.95523   -3.51256    3.65088    2.31707    2.00000
 180.03494   -0.03539   23.29278   22.92052    0.04973    0.02745    7.53369   -2.17177    2.95166   -0.45808    2.00000
 180.02589   -0.01300   23.68873   23.25408    0.02898    0.01600    5.63630    0.02567    3.67044    5.57414    2.00000
 180.00240   -0.02929   22.54737   22.26123    0.02939    0.01622   13.64784    1.75218   -1.52354    1.67087    2.00000
 180.11406    0.24301   23.83661   23.37632    0.26845    0.14816    5.02090    3.38689    2.42193    7.89903    2.00000
 180.00468   -0.09216   23.13062   22.77993    0.09228    0.05093    8.62723   -4.44673    1.37311   -5.49897    2.00000
 179.94421    0.08900   23.74487   23.30058    0.10504    0.05797    5.40222   -0.48302   -0.45672    7.25518    2.00000
 180.01973   -0.00307   23.28462   22.91361    0.01996    0.01102    7.58749   -0.99614    0.20135   -4.68632    2.00000
 180.02357    0.02439   23.67564   23.24323    0.03393    0.01873    5.69092   10.98114    2.27020   15.99037    2.00000
 179.97766    0.06151   20.69179   20.25876    0.06544    0.03612   70.04737    0.81024   -1.40360   -0.51304    2.00000
 180.02963   -0.00388   21.30122   21.07377    0.02989    0.01650   36.93627   -3.74088    1.63209   -2.67999    2.00000
 180.02869   -0.06641   21.61313   21.39026    0.07234    0.03993   28.61131   -1.84542    2.72182    0.97395    2.00000
 179.97437   -0.01059   21.66098   21.43630    0.02774    0.01531   27.40015   -8.07089    1.72949   -6.67090    2.00000
 179.96664   -0.07037   21.78816   21.55877    0.07787    0.04298   24.67064    3.37601   -1.46387    3.01561    2.00000
 180.01109    0.05769   22.58802   22.29787    0.05875    0.03242   13.21150    5.27742   -2.10479    1.78888    2.00000
 179.99474    0.02430   23.28190   22.91130    0.02486    0.01372    7.60543   -0.01132    1.63741   -0.50966    2.00000
 180.01480   -0.02395   23.37987   22.99431    0.02816    0.01554    6.95977    2.12850    1.75312    5.07880    2.00000
 180.14172   -0.16975   21.69008   21.46437    0.22114    0.12205   26.66188    1.98977    2.06570    2.71420    2.00000
 180.04124   -0.04360   23.73925   23.29593    0.06002    0.03312    5.42563    4.78380   -1.52894    3.38524    2.00000
 180.11729    0.31776   18.13598   17.86948    0.33872    0.18695  308.07404    1.92869    1.53247    3.42699    2.00000
 180.03981   -0.00538   21.12011   20.86860    0.04017    0.02217   43.80110    5.01619   -0.73309    4.13249    2.00000
 180.20047    0.07943   22.37252   22.10128    0.21564    0.11902   15.55244   -1.89970    1.72587   -0.31311    2.00000
 180.03049   -0.01986   22.54737   22.26123    0.03639    0.02008   13.64784   -2.59522    1.92198   -2.77523    2.00000
 180.00630    0.00030   22.14547   21.89258    0.00630    0.00348   18.68465    4.48920   -2.00379    4.30041    2.00000
 179.95023   -0.00513   22.65061   22.35412    0.05005    0.02762   12.54174    4.27135    3.06107    5.40800    2.00000
 179.97598   -0.00208   23.50719   23.10209    0.02411    0.01331    6.40154    5.26389   -2.14435    0.81226    2.00000
 179.86320    0.06317   23.68686   23.25253    0.15068    0.08316    5.64410   -5.02826   -0.53012   -7.86239    2.00000
 180.03604   -0.08633   21.39026   21.16705    0.09355    0.05163   34.48264   -1.34401   -1.42065   -2.38276    2.00000
 179.98099    0.46200   21.71919   21.49243    0.46239    0.25521   25.92361   -4.08509    0.49072   -3.73551    2.00000
 180.08562   -0.01526   21.66098   21.43630    0.08697    0.04800   27.40015   -2.06671    2.30301    1.00567    2.00000
 180.00375    0.00414   23.68125   23.24788    0.00559    0.00309    5.66751   -2.83196   -2.57369   -7.85913    2.00000
 179.96304   -0.01285   21.45546   21.23367    0.03913    0.02160   32.73018    0.71291    0.85361    2.10062    2.00000
 179.83585   -0.12792   21.70331   21.47712    0.20812    0.11486   26.32630   -1.66843   -3.87876   -6.16010    2.00000
 180.05283    0.00319   23.83423   23.37435    0.05291    0.02920    5.03080   -4.26402    0.51009   -6.45689    2.00000
 180.03526    0.07018   23.37987   22.99431    0.07855    0.04335    6.95977   -5.34758   -2.44449   -0.30743    2.00000
 180.08752   -0.00464   22.38932   22.11676    0.08764    0.04837   15.36812   -0.32771    1.74652    2.49412    2.00000
 180.02931   -0.05083   22.34131   22.07253    0.05867    0.03238   15.89474   -0.81255    2.14168    2.00120    2.00000
 180.01353    0.03675   23.82709   23.36845    0.03917    0.02162    5.06049   -3.69342   -0.38956   -1.53822    2.00000
 179.96507    0.00915   23.04181   22.70231    0.03611    0.01993    9.23099    3.01527    0.70927    3.37563    2.00000
 179.90488    0.00235   23.64791   23.22026    0.09515    0.05251    5.80660   -1.72445   -2.43656   -4.60415    2.00000
 179.88208   -0.45951   23.53422   23.12495    0.47440    0.26184    6.28641    3.83918   -3.23189    3.13382    2.00000
 179.96741    0.02829   23.66441   23.23394    0.04316    0.02382    5.73773   -0.02407   -0.96200    6.29270    2.00000
 179.98625    0.13753   21.00008   20.71338    0.13822    0.07629   49.61816    5.37077   -1.23561    4.41731    2.00000
 180.12659    0.00626   23.72054   23.28043    0.12674    0.06995    5.50366   -2.10223   -2.17116   -4.68587    2.00000
 179.97981    0.05814   23.80804   23.35273    0.06154    0.03396    5.13965    1.68898    0.25132   -3.58832    2.00000
 179.97787    0.02593   23.14742   22.79462    0.03409    0.01882    8.51300    1.10348    1.28601    1.09449    2.00000
 180.00027    0.02424   23.16934   22.81366    0.02424    0.01338    8.36491   -2.95119    1.05730   -4.19953    2.00000
 179.96298   -0.06226   22.28727   22.02278    0.07243    0.03998   16.48716   -2.18357    2.30935    0.11863    2.00000
 180.01050    0.00801   21.92970   21.69145    0.01320    0.00729   22.29143   -0.78589    0.56449    0.37437    2.00000
 179.96341    0.01216   21.03052   20.75505    0.03856    0.02128   48.05654   -1.81089   -3.53556   -4.63949    2.00000
 180.08475   -0.06920   20.16121   19.67922    0.10940    0.06038  105.32059   12.31029    0.38144   12.64691    2.00000
 180.00317   -0.00319   21.71654   21.48988    0.00450    0.00249   25.99072   -3.68191   -1.44304   -4.35281    2.00000
 179.80544    0.06091   22.21015   21.95191    0.20387    0.11252   17.62086    0.12685   -0.38159   -1.15741    2.00000
 179.99553    0.07786   21.72977   21.50264    0.07799    0.04304   25.67723   -2.91445   -2.87780   -5.37074    2.00000
 179.99934    0.03764   22.04207   21.79606    0.03764    0.02078   20.41551    1.58139    2.71781    5.44507    2.00000
 179.96742   -0.03798   22.77479   22.46533    0.05003    0.02762   11.21749    3.57140   -1.87132    2.23905    2.00000
 180.47504   -0.34424   23.55314   23.14096    0.58665    0.32379    6.20581    1.33178   -0.10004    5.61777    2.00000
 179.95407    0.01333   22.12354   21.87255    0.04783    0.02640   19.04390    5.75364   -3.47814    1.67344    2.00000
 180.15981   -0.14112   23.76993   23.32128    0.21320    0.11767    5.29799   -5.59465   -2.31955   -4.06067    2.00000
 180.05318    0.04406   21.97081   21.72972    0.06906    0.03812   21.60512   -1.55252    1.17289   -0.09934    2.00000
 180.03622    0.01207   22.90282   22.57958    0.03819    0.02108   10.18559    4.69926    1.27970    5.41894    2.00000
 180.00455   -0.02246   22.58802   22.29787    0.02292    0.01265   13.21150   -2.64903    0.83162   -2.01266    2.00000
 180.06528   -0.04454   23.03701   22.69811    0.07902    0.04361    9.26362    4.78574    1.22598    5.99332    2.00000
 180.04102   -0.02183   23.77708   23.32718    0.04647    0.02565    5.26830   -0.17812   -1.37896   -4.84166    2.00000
 179.97597   -0.00295   22.14108   21.88858    0.02422    0.01337   18.75650   -4.93984    1.23883   -4.12480    2.00000
 179.87744   -0.06639   23.09941   22.75266    0.13939    0.07693    8.83936    2.36436    3.08101    3.06410    2.00000
 180.00150    0.00790   22.17160   21.91647    0.00804    0.00444   18.25633    0.11796    0.06110    1.54376    2.00000
 180.00768    0.09427   23.41798   23.02659    0.09458    0.05220    6.78163   -1.95189   -0.44463   -1.68595    2.00000
 179.97919    0.04774   22.93151   22.60515    0.05208    0.02874    9.98668   -0.23271   -0.64555    1.74474    2.00000
 179.94382    0.01155   23.67564   23.24323    0.05737    0.03166    5.69092    3.12772    0.13607    6.86937    2.00000
 179.99947    0.19520   23.54233   23.13182    0.19521    0.10774    6.25187   -5.31820   -0.32423  -10.29684    2.00000
 180.29924    0.13854   21.76153   21.53326    0.32975    0.18200   25.12819   -1.27090   -0.16848   -2.18075    2.00000
 179.90778   -0.00480   22.38452   22.11234    0.09235    0.05097   15.42078    4.85737    2.90961    8.34203    2.00000
 179.96727   -0.03792   22.40372   22.13003    0.05009    0.02764   15.21013   -3.32527   -0.03350   -3.24930    2.00000
 180.02747    0.00582   23.22298   22.86023    0.02808    0.01550    8.00269   -2.18643   -3.04761   -5.36538    2.00000
 179.97499    0.01172   23.18153   22.82424    0.02762    0.01525    8.28259    2.54446    0.22759    0.85379    2.00000
 179.99413    0.00480   22.06947   21.82158    0.00758    0.00419   19.95797    4.20057    0.39007    5.03820    2.00000
 180.14598   -0.01552   22.96493   22.63494    0.14681    0.08103    9.75504   -0.46512   -0.73316   -1.74901    2.00000
 179.88103    0.03249   22.32931   22.06148    0.12333    0.06807   16.02640   -0.09843    0.08453    1.40482    2.00000
 180.02847   -0.02733   23.55044   23.13868    0.03947    0.02178    6.21732    2.34009    1.42837    6.22250    2.00000
 179.97992    0.04047   21.61703   21.39400    0.04518    0.02493   28.51287   -3.46867    1.13224   -1.87421    2.00000
 179.97096   -0.00961   22.76231   22.45417    0.03059    0.01688   11.35027   -2.17426    2.29574   -1.51828    2.00000
 180.06895    0.02167   23.17178   22.81577    0.07228    0.03989    8.34845    2.32282    0.96058    1.76834    2.00000
 180.06865   -0.07967   23.45854   23.06092    0.10517    0.05804    6.60879    1.55802   -0.19723    5.23495    2.00000
 180.04057   -0.00387   23.76755   23.31931    0.04075    0.02249    5.30789    0.68031    1.45086   -4.82951    2.00000
 180.01212   -0.00540   23.73738   23.29438    0.01325    0.00732    5.43343   -2.31037    0.78231   -5.77274    2.00000
 179.93939    0.03032   23.05621   22.71490    0.06777    0.03740    9.13308    4.26817    1.18570    7.26736    2.00000
 180.05528   -0.01941   21.09473   20.83776    0.05860    0.03234   44.95706   -3.34726    1.82567   -1.53792    2.00000
 179.98157   -0.02856   23.51800   23.11123    0.03399    0.01876    6.35549    2.99336   -1.53815    3.42941    2.00000
 180.08423    0.00033   23.34721   22.96664    0.08423    0.04649    7.17499   -5.15981    3.40149    1.01503    2.00000
 179.99503   -0.01641   23.45044   23.05406    0.01715    0.00946    6.64333   -1.20121    1.82455    4.22534    2.00000
 179.92397    0.09327   21.89158   21.65573    0.12034    0.06642   22.93199   -1.26196    2.71337    1.85967    2.00000
 180.02502   -0.11812   23.39076   23.00353    0.12074    0.06664    6.89772   -5.58002    0.11026   -8.06886    2.00000
 179.99138   -0.13423   23.62703   23.20281    0.13450    0.07424    5.89443    3.87065    1.32942    2.64390    2.00000
 180.03326   -0.02698   23.55584   23.14325    0.04283    0.02364    6.19430   -5.31382   -1.38284   -2.54510    2.00000
 179.98520    0.00164   23.57080   23.15585    0.01489    0.00822    6.13088   -5.22611   -5.09398   -0.53041    2.00000
 179.99902    0.03703   22.72489   22.42072    0.03705    0.02045   11.74862   -1.73591   -2.16109   -2.62329    2.00000
 180.10078    0.06917   20.14023   19.65711    0.12224    0.06747  106.83293    2.28804    1.04273    3.32944    2.00000
 180.05095   -0.04012   22.71242   22.40957    0.06485    0.03579   11.88140   -7.08597    2.19434   -3.95627    2.00000
 179.96997   -0.03494   23.25955   22.89198    0.04608    0.02543    7.75571    1.48923   -0.47937    0.98369    2.00000
 179.92918    0.04362   23.81756   23.36059    0.08318    0.04591    5.10007   -0.72708    1.47652    3.63745    2.00000
 180.03064    0.01180   22.92630   22.60050    0.03284    0.01812   10.02285    0.77047   -0.50547    2.06264    2.00000
 180.03500    0.01769   22.38932   22.11676    0.03922    0.02164   15.36812   -1.61946    0.61071   -2.23718    2.00000
 180.02364   -0.13631   21.92698   21.68891    0.13835    0.07636   22.33690    3.97058   -3.78122    0.17426    2.00000
 179.90813   -0.13004   21.78816   21.55877    0.15922    0.08788   24.67064    1.35004   -0.42744    0.63483    2.00000
 180.00243   -0.04962   23.27174   22.90256    0.04968    0.02742    7.67339   -0.24486   -2.61026   -4.46381    2.00000
 179.89989   -0.06143   21.01431   20.73368    0.11746    0.06483   48.85764   -2.89630    1.81153   -0.66468    2.00000
 180.06670    0.00969   20.36017   19.88998    0.06740    0.03720   90.90622   -1.91025    0.97064   -1.07046    2.00000
 180.11478   -0.18316   23.63988   23.21355    0.21615    0.11930    5.84038    5.01247    2.98129    4.65597    2.00000
 180.02022   -0.03823   22.85848   22.54006    0.04325    0.02387   10.49298   -1.07820    0.06526   -0.32467    2.00000
 180.00386   -0.05321   23.69060   23.25563    0.05335    0.02944    5.62850    2.23456    2.05193   -0.98557    2.00000
 179.96002   -0.03453   23.11141   22.76315    0.05283    0.02916    8.75777    0.98670   -1.98262    4.29649    2.00000
 179.94035    0.01683   23.75327   23.30752    0.06198    0.03421    5.36726   -7.28723    0.52417  -10.20399    2.00000
 180.02782   -0.01079   20.65571   20.21529    0.02984    0.01647   72.28755    2.81239   -0.23661    2.60855    2.00000
 180.04648   -0.17058   22.77978   22.46979    0.17680    0.09758   11.16438    3.98686   -0.64891    3.86229    2.00000
 179.96103   -0.11122   22.08839   21.83954    0.11785    0.06504   19.63580    1.30421   -2.05555    1.82950    2.00000
 180.17372   -0.09665   22.50987   22.22705    0.19879    0.10972   14.05474   -1.92105    0.31926   -0.61591    2.00000
 179.94077    0.00669   23.55584   23.14325    0.05961    0.03290    6.19430   -0.40899    1.10573   -2.02981    2.00000
 180.12163   -0.04701   21.59561   21.37342    0.13039    0.07197   29.05427    1.25461    1.80101    3.36886    2.00000
 179.97029   -0.00471   23.23273   22.86869    0.03008    0.01660    7.93683    5.09621   -2.59046    1.95043    2.00000
 179.95699   -0.01699   22.30012   22.03459    0.04624    0.02552   16.34650    3.51648   -0.62053    3.23473    2.00000
 179.99425   -0.07293   22.97918   22.64744    0.07316    0.04038    9.65780   -5.51274   -1.21442   -3.47680    2.00000
 180.42427    0.00129   22.96020   22.63073    0.42427    0.23417    9.78778   -4.90300    2.41771   -0.36605    2.00000
 179.98145   -0.03973   21.12459   20.87404    0.04385    0.02420   43.59711    5.90074    1.29521    7.29267    2.00000
 180.03741    0.10487   22.35331   22.08359    0.11134    0.06145   15.76309  -11.13438   -0.59026  -13.76537    2.00000
 180.01945    0.05437   23.24004   22.87504    0.05775    0.03187    7.88743   -1.27695    4.74651    6.54369    2.00000
 179.94434   -0.02695   23.57723   23.16121    0.06186    0.03414    6.10386   -6.88477    2.56932   -5.13063    2.00000
 180.16708    0.07806   23.45044   23.05406    0.18441    0.10178    6.64333   -3.39869    3.94025    0.08457    2.00000
 179.97801    0.03269   18.10145   17.49222    0.03939    0.02174  372.73511    0.27147    0.34880    0.60737    2.00000
 180.02390   -0.04668   21.28707   21.05869    0.05244    0.02895   37.33300    0.54178    0.27634    1.51274    2.00000
 180.02139    0.26761   23.39348   23.00584    0.26846    0.14817    6.88611    2.57857   -3.29943    1.56213    2.00000
 179.93719    0.00240   22.39172   22.11897    0.06284    0.03469   15.34178    1.10309   -0.91138   -1.83431    2.00000
 179.95290    0.11227   20.94677   20.63358    0.12176    0.06720   52.60910   -1.61201   -0.72091   -1.88203    2.00000
 180.09419   -0.00683   22.00644   21.76289    0.09444    0.05212   21.01032   -3.13083   -1.54566   -4.79471    2.00000
 180.00148   -0.02044   23.23029   22.86658    0.02050    0.01131    7.95329    1.70969    3.73808    4.10670    2.00000
 179.92001   -0.03271   21.36418   21.14040    0.08642    0.04770   35.18363   10.25581    4.36907   14.67737    2.00000
 180.03529    0.04183   21.99822   21.75524    0.05473    0.03021   21.14758   -3.92790   -0.24889   -3.34033    2.00000
 179.93741   -0.08693   18.04164   18.06252    0.10712    0.05912  277.20026   -6.93450   -0.05862   -6.97868    2.00000
 179.99117    0.36797   23.84138   23.38025    0.36808    0.20315    5.00111   -0.03220    0.51356   -2.96061    2.00000
 179.81760   -0.00592   23.00611   22.67106    0.18250    0.10072    9.47404    0.73708    2.20856    2.71195    2.00000
 180.08000   -0.08664   21.60340   21.38090    0.11793    0.06509   28.85740    1.67525    0.08078    1.31510    2.00000
 180.01363    0.08379   22.75982   22.45194    0.08489    0.04685   11.37683   -3.96884   -0.23198   -3.56475    2.00000
 180.00749    0.04315   23.39620   23.00814    0.04379    0.02417    6.87450   -0.62152    2.83267    1.19594    2.00000
 179.99908    0.05161   21.56057   21.33974    0.05162    0.02849   29.94020    4.12577   -1.38046    2.70018    2.00000
 179.98450   -0.00427   22.81720   22.50324    0.01608    0.00888   10.77940   -3.16391    1.37360   -2.97231    2.00000
 179.96803    0.03935   22.11258   21.86253    0.05069    0.02798   19.22353    1.04880    0.33314    1.52959    2.00000
 179.89992   -0.09853   22.83240   22.51682    0.14045    0.07752   10.67380   -1.45108   -1.50977   -2.05358    2.00000
 179.99754   -0.02880   23.52071   23.11352    0.02890    0.01595    6.34397    1.39447    0.99021    5.36558    2.00000
 179.98395   -0.07265   22.48878   22.20783    0.07440    0.04106   14.28362    3.84001    0.88603    6.88931    2.00000
 180.13641   -0.20962   21.61703   21.39400    0.25010    0.13804   28.51287    2.42964   -1.01029    1.87974    2.00000
 180.03296   -0.02865   23.80327   23.34880    0.04367    0.02410    5.15945   -0.58042   -1.98092   -6.86590    2.00000
 180.03639   -0.03038   23.25711   22.88986    0.04741    0.02617    7.77218   -1.28278   -1.46472   -2.00426    2.00000
 179.98460    0.03483   22.93934   22.61213    0.03809    0.02102    9.93244    1.73077   -0.69902    3.96486    2.00000
 179.79977   -0.03155   21.41373   21.19103    0.20269    0.11187   33.85176    1.39948   -1.24054   -0.61274    2.00000
 180.00310    0.00514   22.14985   21.89659    0.00600    0.00331   18.61279    2.74046    0.30444    2.86093    2.00000
 179.93977   -0.00143   21.75094   21.52305    0.06024    0.03325   25.31120    4.04892   -1.54692    3.26105    2.00000
 179.96410   -0.06408   21.27089   21.04145    0.07345    0.04054   37.78640    7.95767   -2.92642    6.24828    2.00000
 180.01544   -0.02858   20.87281   20.51083    0.03248    0.01793   57.20937    0.56934    0.54993    1.51759    2.00000
 179.99483   -0.04022   22.55440   22.26763    0.04055    0.02238   13.57155   -2.07788    0.69349   -2.51022    2.00000
 180.01813   -0.00880   22.20501   21.94718    0.02014    0.01112   17.70559    4.27172   -0.84443    3.26806    2.00000
 180.05130   -0.20189   22.82979   22.51449    0.20831    0.11497   10.69188   -5.07736    3.02465    0.16132    2.00000
 180.02992    0.02132   23.23029   22.86658    0.03674    0.02028    7.95329   -2.06663   -2.53432   -5.58249    2.00000
 180.01903    0.04648   23.18397   22.82636    0.05023    0.02772    8.26612   -9.02532   -2.90113   -8.29040    2.00000
 179.92194    0.03287   23.04661   22.70651    0.08470    0.04675    9.19835    4.23399   -1.27904    5.47265    2.00000
 179.99187   -0.00318   22.82219   22.50770    0.00873    0.00482   10.74471   -3.42511   -3.82222   -7.25705    2.00000
 180.04733   -0.04942   23.04181   22.70231    0.06844    0.03777    9.23099    0.77233   -2.66428    0.14031    2.00000
 179.97855    0.04508   22.17417   21.91883    0.04992    0.02755   18.21397    2.09901   -2.40992   -1.38352    2.00000
 179.94528   -0.00361   23.11141   22.76315    0.05484    0.03027    8.75777   -1.52671   -2.33551   -0.43508    2.00000
 180.01187    0.03492   20.92738   20.60194    0.03688    0.02036   53.79481    3.55137    3.96980    7.65846    2.00000
 180.07315   -0.07307   23.19859   22.83906    0.10339    0.05706    8.16734   -0.40055    2.01442   -0.02387    2.00000
 180.04185   -0.00568   23.80804   23.35273    0.04223    0.02331    5.13965   -3.06076    1.40038    1.22983    2.00000
 180.00600   -0.03445   22.46535   22.18648    0.03497    0.01930   14.53793   -0.36650   -0.14299    0.46000    2.00000
 180.11674   -0.09919   23.57241   23.15719    0.15319    0.08455    6.12413   -0.62011    1.60677    0.87412    2.00000
 180.03410    0.00638   23.69060   23.25563    0.03469    0.01915    5.62850    0.70556    1.55924   -2.88814    2.00000
 179.97420   -0.02074   22.19987   21.94246    0.03310    0.01827   17.79032   -4.17680   -0.46961   -4.46450    2.00000
 179.99838    0.03017   23.60614   23.18537    0.03021    0.01667    5.98225    0.24598    2.29740    2.82574    2.00000
 179.85579    0.05600   23.66441   23.23394    0.15470    0.08538    5.73773    5.84416    2.43384   16.65583    2.00000
 180.03352   -0.02844   23.34449   22.96433    0.04396    0.02426    7.19292    0.34155   -3.07411   -3.59547    2.00000
 179.97134   -0.00323   21.98177   21.73993    0.02883    0.01591   21.42210   -2.20686   -1.07316   -3.81213    2.00000
 180.02353   -0.00214   22.95760   22.62840    0.02363    0.01304    9.80587   -0.35071   -0.67038   -4.36144    2.00000
 179.98479   -0.01725   21.66892   21.44395    0.02299    0.01269   27.19880    2.08803    1.98152    3.72281    2.00000
 180.10934   -0.00830   23.05141   22.71070    0.10966    0.06052    9.16571    7.63532    1.14629   11.82495    2.00000
 180.13576    0.03614   23.17665   22.82001    0.14049    0.07754    8.31552   -6.91536    2.09804   -4.20447    2.00000
 180.03801   -0.08617   23.24004   22.87504    0.09418    0.05198    7.88743    1.44078   -0.72669    2.21881    2.00000
 180.18149    0.05999   22.76481   22.45640    0.19115    0.10550   11.32371   -5.20163   -1.11758   -7.84200    2.00000
 179.99342   -0.05798   22.46300   22.18434    0.05835    0.03221   14.56336   -1.58737   -0.31112   -1.81967    2.00000
 180.04080    0.02991   23.31183   22.93666    0.05059    0.02792    7.40814   -1.18904   -0.09772   -4.21686    2.00000
 179.98497    0.14419   22.82219   22.50770    0.14497    0.08001   10.74471   -5.23982   -3.12115   -4.73176    2.00000
 179.95808   -0.02660   22.95499   22.62608    0.04964    0.02740    9.82395   -0.75663    0.09241    1.17385    2.00000
 180.00543   -0.40283   23.52881   23.12038    0.40287    0.22235    6.30943   -0.27082    2.90454   -1.49889    2.00000
 180.00697    0.02694   22.93673   22.60980    0.02783    0.01536    9.95052   -1.70289    1.65702   -1.16668    2.00000
 180.00795    0.01400   20.86805   20.50266    0.01609    0.00888   57.51536    1.80475    1.46722    3.54536    2.00000
 180.02600    0.26797   22.53331   22.24841    0.26922    0.14859   13.80043   -1.98722   -2.20627   -2.52535    2.00000
 180.01608    0.07668   23.23517   22.87081    0.07834    0.04324    7.92036    7.19174   -2.87307   -0.18908    2.00000
 179.95532   -0.07186   23.32272   22.94589    0.08462    0.04670    7.33640    7.11798    0.30939    7.48311    2.00000
 179.97830    0.01610   23.73177   23.28973    0.02701    0.01491    5.45684    3.84412    0.27893    8.77080    2.00000
 179.94977    0.03170   23.22298   22.86023    0.05939    0.03278    8.00269    3.59940   -1.15656    1.51153    2.00000
 180.00574    0.04825   22.30269   22.03696    0.04859    0.02682   16.31837   -0.36277   -2.75931   -3.81621    2.00000
 180.02612    0.03206   22.16739   21.91262    0.04136    0.02283   18.32539   -1.34259    5.21585    3.61279    2.00000
 180.01558   -0.00151   19.79371   19.29355    0.01565    0.00864  135.77295   -2.00433    1.79199   -0.17716    2.00000
 180.10301    0.09585   21.48937   21.26831    0.14071    0.07766   31.81890    0.79987   -1.40058   -0.55616    2.00000
 180.00340   -0.00880   21.61508   21.39213    0.00944    0.00521   28.56209    7.41472    2.78838   10.70715    2.00000
 179.90337   -0.00230   22.52628   22.24200    0.09666    0.05335   13.87672    2.77111    1.29662    5.23804    2.00000
 180.02507    0.01596   22.98995   22.65689    0.02972    0.01640    9.58429   -3.07041   -0.20429   -8.19100    2.00000
 179.98969   -0.04082   23.56125   23.14782    0.04211    0.02324    6.17127   -1.26277    3.34248    3.61989    2.00000
 180.04507    0.03041   22.23843   21.97789    0.05437    0.03001   17.15484   -1.70833   -0.97191   -2.05257    2.00000
 179.96227   -0.06194   22.28213   22.01806    0.07252    0.04003   16.54342   -0.43535   -0.21282   -1.80046    2.00000
 180.01299    0.17243   23.47476   23.07464    0.17292    0.09544    6.53971   -0.38498    0.20519    0.21075    2.00000
 179.97311    0.01204   23.83661   23.37632    0.02945    0.01625    5.02090    1.04561    0.71033    0.66665    2.00000
 180.03310   -0.02811   23.48557   23.08379    0.04341    0.02396    6.49365    2.46241   -2.06772   -1.65630    2.00000
 179.00281    0.26747   21.91335   21.67614    1.03244    0.56988   22.56596    7.20662   -0.74528    7.59294    2.00000
 180.01186   -0.01131   22.85588   22.53774    0.01639    0.00904   10.51106   -5.61239   -1.99673   -8.33374    2.00000
 179.96628    0.02247   22.89761   22.57493    0.04052    0.02237   10.22175   -1.06326   -0.89316   -3.87581    2.00000
 179.95264    0.02978   23.79375   23.34094    0.05596    0.03088    5.19903   -2.53497    1.64729   -2.72907    2.00000
 180.01962    0.05541   22.95238   22.62375    0.05879    0.03245    9.84203    1.76865   -0.68965    0.74123    2.00000
 179.98811    0.02467   22.39892   22.12560    0.02738    0.01511   15.26279    6.92307    1.09335    6.57807    2.00000
 180.06067   -0.05815   22.16968   21.91471    0.08404    0.04638   18.28787    4.59176   -1.92296    3.00241    2.00000
 179.51949   -0.30239   23.29006   22.91822    0.56775    0.31336    7.55162   -1.06536    2.07186    5.34807    2.00000
 180.03291    0.01106   22.65061   22.35412    0.03471    0.01916   12.54174    2.97445    1.73414    5.31827    2.00000
 179.94461    0.00233   23.45044   23.05406    0.05544    0.03060    6.64333    2.98338   -0.39071    4.40112    2.00000
 180.03125    0.03545   23.31728   22.94128    0.04726    0.02608    7.37227   -4.50542   -2.08901   -7.43772    2.00000
 180.02216    0.02719   23.68312   23.24943    0.03507    0.01936    5.65971   -1.54655   -2.90738   -2.08222    2.00000
 180.17142   -0.05513   22.75732   22.44971    0.18006    0.09938   11.40338   -3.51751    2.07523    0.27830    2.00000
 180.03992   -0.03748   20.78846   20.38085    0.05475    0.03022   63.75538   -5.64440    1.16169   -4.48963    2.00000
 179.98370   -0.10997   22.98887   22.65594    0.11117    0.06136    9.59164   -6.04522   -0.91536   -6.33026    2.00000
 180.09013   -0.00231   21.79904   21.56898    0.09016    0.04976   24.48763   -2.63425   -1.38653   -4.26029    2.00000
 179.98492    0.03589   18.00218   17.76825    0.03892    0.02148  325.33817    0.39093   -0.09038    0.33057    2.00000
 180.04472   -0.27065   23.61096   23.18939    0.27432    0.15141    5.96198   -2.92273   -2.16308   -5.21968    2.00000
 180.10229    0.04292   23.82947   23.37042    0.11093    0.06122    5.05059    6.63395   -0.61312    3.71366    2.00000
 180.55789    0.03177   22.33171   22.06369    0.55879    0.30842   16.00007   -6.15532   -2.15862   -7.15723    2.00000
 180.10095    0.12787   22.26670   22.00388    0.16291    0.08992   16.71221    5.61966   -0.10821    6.02091    2.00000
 180.04221   -0.06649   22.39652   22.12339    0.07876    0.04347   15.28912   -1.27604    0.74411   -0.75141    2.00000
 179.99062    0.00878   23.42070   23.02890    0.01285    0.00709    6.77002    1.97756    0.89190   -1.22605    2.00000
 179.98502   -0.00889   22.06399   21.81647    0.01743    0.00962   20.04948   -0.28773    2.96611    2.54665    2.00000
 180.06963    0.13170   17.04501   16.38474    0.14898    0.08222  646.24341    0.99764   -1.84569   -0.85533    2.00000
 180.03763   -0.12740   23.48827   23.08608    0.13284    0.07332    6.48214    0.97418    1.53587    4.04506    2.00000
 179.94086    0.14628   23.74487   23.30058    0.15779    0.08709    5.40222   -3.72317   -1.00838   -1.76751    2.00000
 179.97478   -0.03786   22.67148   22.37286    0.04549    0.02511   12.31848    2.26630    0.74414    2.27845    2.00000
 180.01398    0.06007   22.38212   22.11012    0.06168    0.03404   15.44711    2.65289    1.29013    5.51581    2.00000
 180.03235    0.02861   21.17124   20.92986    0.04319    0.02384   41.50530   -0.50147    1.37011    1.62089    2.00000
 180.00034   -0.00179   23.00396   22.66917    0.00183    0.00101    9.48874    2.98841    0.97390    0.68219    2.00000
 179.98009   -0.04386   23.19128   22.83271    0.04817    0.02659    8.21673    0.28254   -1.10092   -2.85282    2.00000
 180.02876    0.05312   23.50719   23.10209    0.06041    0.03334    6.40154   -0.43552    1.64426    4.94893    2.00000
 179.89973   -0.10492   21.36157   21.13773    0.14513    0.08010   35.25373    0.26861   -0.64248   -0.94152    2.00000
 179.99915   -0.08581   23.43962   23.04491    0.08581    0.04736    6.68938    1.22728   -3.37823   -6.46806    2.00000
 179.98662    0.08773   23.53152   23.12267    0.08874    0.04898    6.29792    4.32236    2.44012   10.83449    2.00000
 180.01028    0.02738   23.76279   23.31538    0.02925    0.01614    5.32768    0.60768    0.83369    8.55378    2.00000
 179.97926   -0.00178   23.23760   22.87293    0.02081    0.01149    7.90390   -3.02804    2.32552    0.35399    2.00000
 179.94388    0.11473   22.75982   22.45194    0.12772    0.07049   11.37683    0.25579    4.57599    7.76329    2.00000
 179.93912    0.10039   21.51154   21.29095    0.11741    0.06480   31.22344    8.35370    0.43268    8.67642    2.00000
 180.01807    0.10340   21.18280   20.94330    0.10497    0.05793   41.00169   -5.19500    0.17988   -4.85707    2.00000
 180.00745   -0.00854   22.78477   22.47425    0.01133    0.00625   11.11126   -3.07407   -1.33603   -4.58681    2.00000
 180.01923    0.00003   21.52486   21.30456    0.01923    0.01061   30.86549   -2.00811   -1.54048   -2.92314    2.00000
 179.95386   -0.00512   22.91326   22.58888    0.04642    0.02562   10.11326    2.38545    1.74739    4.92619    2.00000
 180.03268    0.05120   23.79375   23.34094    0.06074    0.03352    5.19903   -2.26412   -1.29540   -3.44275    2.00000
 180.02672   -0.05712   23.66441   23.23394    0.06306    0.03480    5.73773    1.48846    1.40205    2.23045    2.00000
 179.96008    0.04762   21.89974   21.66338    0.06213    0.03429   22.79473   -0.58587    1.05799   -0.13775    2.00000
 180.00314   -0.02866   23.69809   23.26183    0.02883    0.01591    5.59729   -2.62285    4.21308   -2.94401    2.00000
 180.18782   -0.03620   22.33891   22.07032    0.19127    0.10557   15.92108   -1.05784    0.51868    0.78817    2.00000
 180.00696   -0.00984   23.51530   23.10895    0.01205    0.00665    6.36700    0.12017   -0.49599    2.77098    2.00000
 179.99402    0.02262   23.74868   23.30374    0.02340    0.01292    5.38631    1.40065   -2.94542   -4.51752    2.00000
 179.98509    0.03613   22.98241   22.65027    0.03909    0.02157    9.63575    1.41013    3.04646   -0.38885    2.00000
 180.00687    0.00013   23.11862   22.76944    0.00686    0.00379    8.70881   -0.53430   -0.00099   -2.48113    2.00000
 179.93707    0.15850   23.50719   23.10209    0.17054    0.09412    6.40154    5.54234   -1.98398    2.31388    2.00000
 180.01814   -0.08429   23.23029   22.86658    0.08622    0.04759    7.95329   -5.00023   -4.28098   -5.27061    2.00000
 180.03889    0.04239   22.59062   22.30021    0.05753    0.03175   13.18359    2.00703    2.21323    4.00878    2.00000
 179.96806    0.03336   22.90804   22.58423    0.04618    0.02549   10.14942    3.88633   -1.49010    3.08402    2.00000
 180.00449    0.09909   22.87153   22.55169    0.09919    0.05475   10.40257    3.81697   -1.54287    1.68526    2.00000
 179.94443    0.00912   21.12310   20.87223    0.05633    0.03109   43.66511    0.67555    2.34055    3.06765    2.00000
 180.00165   -0.03770   23.24979   22.88351    0.03773    0.02083    7.82157    0.08640   -1.81818   -0.09697    2.00000
 180.01575   -0.02814   23.63827   23.21221    0.03225    0.01780    5.84713    1.17582   -1.67606    1.03467    2.00000
 180.13077    0.02003   22.61671   22.32365    0.13230    0.07302   12.90453    1.15974   -2.61376   -0.53600    2.00000
 179.97473   -0.01274   23.69996   23.26338    0.02830    0.01562    5.58948    1.89492   -1.52470    0.33510    2.00000
 179.99203   -0.02885   22.39652   22.12339    0.02993    0.01652   15.28912    0.62036   -0.62002    0.59930    2.00000
 180.08476   -0.05915   23.24736   22.88139    0.10337    0.05705    7.83804    6.49846   -0.25815    4.07795    2.00000
 179.96497   -0.06412   23.65693   23.22774    0.07307    0.04033    5.76894    1.71200    0.72160    5.68825    2.00000
 179.97496    0.00593   23.69622   23.26028    0.02573    0.01420    5.60509    0.92139    1.93901    6.21688    2.00000
 180.05923   -0.02123   22.42292   22.14772    0.06292    0.03473   14.99947   -4.55231   -0.98463   -5.49466    2.00000
 179.94214    0.03574   22.49113   22.20997    0.06801    0.03753   14.25819    3.43152   -0.18134    3.85108    2.00000
 179.85626    0.01380   22.07289   21.82480    0.14440    0.07970   19.90016    5.76961   -3.36516    2.83462    2.00000
 180.05521   -0.01143   23.30367   22.92975    0.05638    0.03112    7.46195    1.93194   -1.96093    1.95909    2.00000
 180.05621    0.02364   23.02980   22.69182    0.06098    0.03366    9.31257    4.35769   -0.12650    1.11322    2.00000
 180.12895    0.05818   21.84803   21.61490    0.14147    0.07808   23.66405   -1.32598   -2.48086   -3.39045    2.00000
 179.98885   -0.00451   22.11368   21.86353    0.01204    0.00664   19.20556    4.28697    0.71215    5.60265    2.00000
 179.97847    0.01368   18.56811   17.99663    0.02551    0.01408  286.38672   -3.18921    1.91500   -1.30884    2.00000
 180.04106   -0.01327   22.12793   21.87656    0.04315    0.02381   18.97205    2.66592   -1.42889    0.09228    2.00000
 180.02670   -0.06857   23.36082   22.97817    0.07359    0.04061    7.08531    3.01912   -0.86288    0.67715    2.00000
 179.97766    0.06844   23.81042   23.35469    0.07199    0.03973    5.12976    1.04798   -0.16410    1.87020    2.00000
 180.03806    0.01719   23.83661   23.37632    0.04177    0.02305    5.02090    7.99736   -0.76343    7.72364    2.00000
 179.94632   -0.02658   23.42341   23.03119    0.05990    0.03306    6.75847   -2.84648    1.63646    9.36590    2.00000
 180.04431    0.03919   21.71390   21.48733    0.05915    0.03265   26.05784   -0.11480   -0.27056   -0.46569    2.00000
 180.11128    0.00261   22.90543   22.58191    0.11131    0.06143   10.16750    1.88615    1.17875    7.08083    2.00000
 180.01642   -0.02073   22.03110   21.78585    0.02644    0.01460   20.59853   -1.60862   -3.88850   -4.69830    2.00000
 179.97237   -0.01614   21.80176   21.57153    0.03200    0.01766   24.44187   -0.20076   -1.66340   -1.14867    2.00000
 179.99234   -0.01962   22.65061   22.35412    0.02107    0.01163   12.54174   -3.43902   -0.36874   -6.85686    2.00000
 180.04030    0.03729   22.29241   22.02751    0.05491    0.03030   16.43089   13.00216    5.67930   18.83932    2.00000
 180.03017   -0.05650   23.45584   23.05863    0.06405    0.03535    6.62030   -1.01057   -0.17969   -1.18536    2.00000
 180.09093    0.24906   23.78422   23.33307    0.26514    0.14634    5.23861    2.30409    2.63907   10.09701    2.00000
 180.00664   -0.01658   23.42341   23.03119    0.01786    0.00986    6.75847    1.66117    1.56765    3.45747    2.00000
 180.02779    0.02831   22.51222   22.22919    0.03967    0.02190   14.02931   -0.23038   -0.92348    0.59728    2.00000
 180.02760    0.00503   22.86892   22.54936    0.02807    0.01549   10.42065    5.76611    1.67875   10.56738    2.00000
 179.98505    0.02266   21.92970   21.69145    0.02715    0.01499   22.29143    9.31259    1.37974   10.61831    2.00000
 179.98940   -0.01721   22.27184   22.00861    0.02022    0.01116   16.65595    5.96829    1.99855    7.90472    2.00000
 179.97189    0.03294   21.93245   21.69400    0.04330    0.02390   22.24568   -4.15013    3.86275   -1.24932    2.00000
 180.05724    0.06933   23.81518   23.35863    0.08990    0.04962    5.10997   -2.43460    0.32689    0.02525    2.00000
 180.10033   -0.12520   22.72988   22.42518    0.16044    0.08855   11.69551    6.34871   -0.49032    4.38588    2.00000
 180.02280   -0.00715   22.39172   22.11897    0.02389    0.01319   15.34178   -2.83621    3.91053    1.71816    2.00000
 179.96960   -0.08154   23.20103   22.84118    0.08702    0.04803    8.15087   -1.42619   -2.26008   -0.96429    2.00000
 180.00024   -0.04740   22.77479   22.46533    0.04740    0.02616   11.21749    2.46699    2.36519    4.36759    2.00000
 180.04419   -0.10037   23.71493   23.27578    0.10967    0.06053    5.52706   -5.63749   -0.89717   -6.58754    2.00000
 180.04420    0.00411   23.22785   22.86446    0.04439    0.02450    7.96976    3.48663   -2.35119    1.98442    2.00000
 179.97491   -0.02683   22.97487   22.64366    0.03673    0.02027    9.68720   -2.37772    0.81688   -0.85196    2.00000
 179.95590   -0.01469   22.02562   21.78075    0.04648    0.02566   20.69004   -5.70706   -1.24005   -7.32678    2.00000
 179.98151    0.00332   23.55044   23.13868    0.01878    0.01037    6.21732    0.38978   -1.68353    5.25845    2.00000
 179.98950   -0.04908   20.21549   19.73648    0.05019    0.02770  101.40469    1.68821   -1.70394   -0.16267    2.00000
 180.03851    0.06609   22.44425   22.16725    0.07649    0.04222   14.76681   -2.02343    1.52675   -1.54646    2.00000
 180.09230   -0.06951   23.07301   22.72958    0.11554    0.06377    9.01885    4.39991   -3.17808    0.31892    2.00000
 179.93867   -0.04084   23.48557   23.08379    0.07368    0.04066    6.49365   -1.91809   -0.00032   -2.39691    2.00000
 180.06384    0.08911   22.90804   22.58423    0.10962    0.06050   10.14942   -5.53903    0.60598   -7.14073    2.00000
 179.84787    0.03562   23.02012   22.68335    0.15624    0.08623    9.37848   -1.38068   -1.92059   -4.29950    2.00000
 180.05511    0.00243   22.65583   22.35880    0.05517    0.03045   12.48592    0.92003    1.05749    2.82647    2.00000
 180.05571   -0.03000   23.83661   23.37632    0.06328    0.03492    5.02090    4.41812    0.62552    0.84286    2.00000
 180.00552    0.04628   23.13782   22.78623    0.04661    0.02573    8.57827   -2.31397   -1.65091   -6.52676    2.00000
 179.98088   -0.01266   19.24323   18.71586    0.02293    0.01266  193.06805    4.14897   -2.15228    2.03325    2.00000
 179.98842   -0.02405   23.28462   22.91361    0.02670    0.01474    7.58749   -7.44130    1.86690   -8.98545    2.00000
 180.03786    0.02518   22.31491   22.04821    0.04546    0.02509   16.18439    1.75958   -2.78775   -2.52358    2.00000
 179.99202   -0.01610   22.99749   22.66350    0.01797    0.00992    9.53284    2.30402    2.71493    4.08824    2.00000
 180.02510   -0.07710   20.79851   20.39395    0.08108    0.04475   63.08041   -1.30182   -2.83387   -4.24627    2.00000
 180.08078    0.07949   22.59845   22.30724    0.11334    0.06255   13.09987   -0.54195   -2.84027   -4.13957    2.00000
 180.09155    0.12020   23.81518   23.35863    0.15109    0.08339    5.10997   -0.26064    2.53641   -5.64338    2.00000
 179.97427    0.04076   23.74300   23.29903    0.04820    0.02660    5.41002   -0.81934   -0.19879    0.77153    2.00000
 179.97321    0.00896   22.89761   22.57493    0.02825    0.01559   10.22175    0.24852   -2.01348   -4.93311    2.00000
 179.97078    0.14328   22.21272   21.95427    0.14622    0.08070   17.57849    0.48421    1.84955    1.07956    2.00000
 179.89421   -0.03142   23.29822   22.92513    0.11036    0.06091    7.49782   -1.85546    0.26442    1.12895    2.00000
 179.92929   -0.07061   23.00503   22.67012    0.09993    0.05515    9.48139    5.40360   -0.25595    0.85109    2.00000
 179.98288    0.03622   23.23517   22.87081    0.04007    0.02211    7.92036   -6.10962    0.53465   -5.52907    2.00000
 179.99706   -0.05460   22.31971   22.05263    0.05468    0.03018   16.13173    3.48516    0.31891    4.89136    2.00000
 180.13107    0.04681   21.09025   20.83231    0.13918    0.07682   45.16106   -4.22398   -2.29148   -6.61130    2.00000
 180.06712    0.04039   22.41092   22.13666    0.07834    0.04324   15.13113    3.49181    2.55222    4.70923    2.00000
 180.01904    0.03633   22.53331   22.24841    0.04102    0.02264   13.80043   -2.84967   -0.71533   -4.07572    2.00000
 180.23096    0.08986   22.67409   22.37521    0.24781    0.13678   12.29058   -7.87027   -0.45759  -10.28851    2.00000
 179.98587   -0.01919   23.23517   22.87081    0.02383    0.01315    7.92036    0.43663    0.55063   -1.27186    2.00000
 180.12395   -0.11990   23.22541   22.86234    0.17245    0.09518    7.98622    6.07344   -0.82321    8.14888    2.00000
 179.95908   -0.05615   23.79613   23.34290    0.06948    0.03835    5.18913   -1.09800   -0.45720   -0.42954    2.00000
 180.15356    0.13425   23.49098   23.08836    0.20398    0.11258    6.47062    1.68762   -2.23503    1.80196    2.00000
 179.98300   -0.03729   23.81756   23.36059    0.04098    0.02262    5.10007    1.46027   -2.25731   -0.95424    2.00000
 180.03020    0.00258   22.91326   22.58888    0.03031    0.01673   10.11326    4.16458    2.60170    5.09023    2.00000
 179.99309    0.07721   23.30095   22.92744    0.07752    0.04278    7.47988   -1.06675   -1.10144   -2.36063    2.00000
 180.06989   -0.06854   23.67377   23.24168    0.09789    0.05403    5.69872    1.78867   -0.06377    0.62065    2.00000
 180.15071   -0.00315   23.70183   23.26493    0.15074    0.08320    5.58168    2.22562   -1.00121    3.64519    2.00000
 179.99696   -0.07940   22.60106   22.30959    0.07946    0.04386   13.07197   -7.94087    0.14676   -8.43559    2.00000
 179.96661    0.00565   21.76417   21.53581    0.03386    0.01869   25.08243   -0.98622    0.42569    0.28948    2.00000
 180.04277   -0.03113   23.18397   22.82636    0.05290    0.02920    8.26612    3.29232    1.66918    7.29254    2.00000
 180.04053    0.00287   22.23329   21.97317    0.04062    0.02242   17.23957    0.96962   -0.80098   -0.02684    2.00000
 179.96689    0.30245   22.59584   22.30490    0.30425    0.16793   13.12778    5.99813   -0.64900    4.94615    2.00000
 180.02274   -0.03976   23.09221   22.74637    0.04580    0.02528    8.88831   -0.57890   -0.96642   -1.68780    2.00000
 179.99251   -0.06498   22.69496   22.39396    0.06541    0.03610   12.06724   -2.79143    3.73978    0.94277    2.00000
 179.97728   -0.00073   22.85848   22.54006    0.02273    0.01254   10.49298    4.00461   -1.30900    3.62620    2.00000
 180.05780   -0.20880   23.83423   23.37435    0.21665    0.11958    5.03080    8.25790   -2.88412   -9.33360    2.00000
 180.23061    0.16763   22.47706   22.19715    0.28509    0.15735   14.41078   -5.79363    0.60295   -6.92066    2.00000
 179.97662    0.00048   23.36082   22.97817    0.02339    0.01291    7.08531    2.51454   -0.12290   -0.15858    2.00000
 180.02010    0.02699   23.67002   23.23858    0.03365    0.01857    5.71433   -3.88838   -0.26186   -7.33150    2.00000
 180.06461    0.00685   23.24248   22.87716    0.06496    0.03585    7.87097   -0.49001    0.45599   -0.22282    2.00000
 179.82503   -0.10458   22.65061   22.35412    0.20384    0.11251   12.54174   -3.23522    0.69646   -3.80327    2.00000
 180.17326   -0.23641   18.44554   17.86453    0.29311    0.16177  308.91772   -4.95508    0.44857   -4.44906    2.00000
 180.23338    0.02857   22.05029   21.80372    0.23513    0.12978   20.27825   -2.69260    0.83923   -1.33968    2.00000
 180.04134   -0.04386   22.92369   22.59818    0.06027    0.03326   10.04093   -0.66900    0.38234    0.98356    2.00000
 180.05788    0.09110   23.55314   23.14096    0.10793    0.05957    6.20581   -0.82169   -1.57460    0.53193    2.00000
 180.03564   -0.00835   22.38932   22.11676    0.03662    0.02021   15.36812   -3.81950   -2.75402   -7.88071    2.00000
 179.94662   -0.01291   22.04207   21.79606    0.05492    0.03031   20.41551    6.86120   -0.59962    6.84242    2.00000
 180.02609    0.02016   17.26684   16.56828    0.03298    0.01820  590.43298    6.75867    2.73963    9.50680    2.00000
 180.01707   -0.00839   23.77232   23.32325    0.01902    0.01050    5.28809    1.68133    0.36693    6.91696    2.00000
 179.96365    0.04554   19.88626   19.39033    0.05827    0.03216  127.24378   -0.30947    1.68619    1.32508    2.00000
 180.14967    0.12363   22.69496   22.39396    0.19413    0.10714   12.06724   -2.66558    0.70209   -1.60330    2.00000
 179.97929    0.03817   22.30526   22.03932    0.04343    0.02397   16.29024    0.78841   -1.07733   -1.02570    2.00000
 180.62196   -0.32596   20.94246   20.62654    0.70220    0.38758   52.87259   -6.09689   -2.59257   -9.01566    2.00000
 179.98297    0.02463   22.27698   22.01333    0.02994    0.01653   16.59969    2.00111   -1.04927    0.26189    2.00000
 180.02164    0.03840   23.55314   23.14096    0.04407    0.02433    6.20581    3.33967    2.08764    8.43747    2.00000
 179.97675    0.02157   23.45584   23.05863    0.03172    0.01751    6.62030   -0.14728   -0.00380   -1.86061    2.00000
 180.00861    0.05407   23.38259   22.99661    0.05475    0.03022    6.94184    6.92803    1.18362    8.01582    2.00000
 180.12791   -0.06275   21.31133   21.08454    0.14247    0.07863   36.65289    2.08793   -4.83717   -2.08833    2.00000
 179.99811    0.00806   22.36772   22.09686    0.00828    0.00457   15.60510    6.87850   -1.23475    5.49763    2.00000
 179.99159    0.10077   21.61897   21.39587    0.10112    0.05581   28.46366   -2.35258   -0.47200   -1.83486    2.00000
 179.99809    0.02940   22.97379   22.64271    0.02946    0.01626    9.69455   -4.77159    2.72827   -0.43911    2.00000
 180.05203   -0.09292   22.53331   22.24841    0.10650    0.05878   13.80043    4.06701    2.34805    4.57913    2.00000
 180.03658   -0.04192   22.39412   22.12118    0.05564    0.03071   15.31545   -2.37242    3.26223    2.07756    2.00000
 179.92622   -0.00683   22.57237   22.28381    0.07409    0.04089   13.37894   -1.95926   -0.64381   -0.01654    2.00000
 179.95839   -0.02460   23.24492   22.87928    0.04834    0.02668    7.85450   -4.70005    1.03533   -5.44392    2.00000
 179.96558   -0.09282   23.75565   23.30949    0.09900    0.05464    5.35737   -2.11792    1.84227   -2.71367    2.00000
 179.92107    0.02647   17.99772   17.99202    0.08325    0.04595  287.17392    2.07971   -1.23179    0.85670    2.00000
 179.97775   -0.02394   23.72054   23.28043    0.03268    0.01804    5.50366   -1.01783    0.02986   -3.48069    2.00000
 179.95712   -0.04830   23.67751   23.24478    0.06458    0.03564    5.68312   -1.77181    2.69067   -0.18584    2.00000
 179.95032   -0.02171   22.22301   21.96372    0.05422    0.02993   17.40903   -0.41354   -0.09441   -0.21700    2.00000
 180.02798   -0.02427   23.12582   22.77574    0.03705    0.02045    8.65986    2.15775    1.24435    2.87209    2.00000
 179.99467    0.01686   22.56193   22.27443    0.01768    0.00976   13.49057    3.60922   -0.23756    3.24701    2.00000
 180.01924   -0.10188   23.13782   22.78623    0.10368    0.05723    8.57827   -0.45791    3.62263   -0.32165    2.00000
 179.98755   -0.24365   22.94716   22.61910    0.24397    0.13465    9.87819   -0.29082   -1.22515   -3.17726    2.00000
 180.02151   -0.03383   23.08501   22.74007    0.04009    0.02213    8.93726    1.67063   -1.24296    0.79300    2.00000
 180.03519    0.08982   22.43488   22.15871    0.09647    0.05324   14.86854   -3.60158   -1.07670   -5.81490    2.00000
 179.99896    0.07133   22.93934   22.61213    0.07134    0.03938    9.93244    2.54424    2.28299    6.31531    2.00000
 180.03696    0.01466   23.39620   23.00814    0.03975    0.02194    6.87450    1.22871   -1.18880    1.59202    2.00000
 179.96860   -0.01539   22.21787   21.95899    0.03498    0.01931   17.49376    4.99782   -0.30300    5.81560    2.00000
 179.98767   -0.08306   17.83022   17.19670    0.08397    0.04635  435.25705   -0.29165   -0.27048   -0.55907    2.00000
 179.98058    0.04389   23.00934   22.67390    0.04799    0.02649    9.45199    4.34494   -2.26089    4.35314    2.00000
 179.97884    0.00911   20.94031   20.62303    0.02305    0.01272   53.00433    4.36612    0.91962    5.38497    2.00000
 179.96324   -0.19573   22.77479   22.46533    0.19915    0.10992   11.21749    3.40913   -2.85681    0.90280    2.00000
 180.11996   -0.03413   23.07541   22.73168    0.12473    0.06884    9.00254    4.72506    2.52588    5.14713    2.00000
 180.07047   -0.14043   22.24871   21.98734    0.15712    0.08672   16.98538   -6.07459    1.38667   -3.37109    2.00000
 179.99159    0.02158   21.91879   21.68124    0.02316    0.01278   22.47445   -0.68119    3.08445    2.49323    2.00000
 180.03101   -0.00690   23.54503   23.13410    0.03176    0.01753    6.24035    2.23222    3.01977   -0.61921    2.00000
 180.11887    0.01054   22.93151   22.60515    0.11934    0.06586    9.98668    0.00780    1.02417    1.09432    2.00000
 180.01651   -0.03644   22.91065   22.58656    0.04000    0.02208   10.13134   -6.11909   -2.27099   -8.92218    2.00000
 180.08994    0.00951   22.94195   22.61445    0.09044    0.04992    9.91436    7.29463   -0.03732    3.84861    2.00000
 180.03275    0.04256   22.96281   22.63305    0.05370    0.02964    9.76970   -0.84584   -1.08039   -1.87344    2.00000
 179.99585    0.05401   21.74565   21.51795    0.05417    0.02990   25.40271    1.36359   -3.65631   -2.97454    2.00000
 180.05115    0.02268   23.37171   22.98739    0.05595    0.03088    7.01357    0.21787    0.53492    4.90050    2.00000
 179.76230    0.63596   23.29006   22.91822    0.67893    0.37473    7.55162   -4.44852   -1.27464   -4.22879    2.00000
 179.98254    0.01201   22.99318   22.65972    0.02119    0.01170    9.56224   -0.32148   -2.74216   -2.15299    2.00000
 180.04712    0.10504   23.71680   23.27733    0.11512    0.06354    5.51926    0.23784   -1.76272   -0.72414    2.00000
 179.93800   -0.05822   22.35331   22.08359    0.08504    0.04694   15.76309   -1.96475   -0.36689   -1.56226    2.00000
 180.04507    0.09018   23.84138   23.38025    0.10082    0.05564    5.00111   -2.21886    3.70761   -4.88380    2.00000
 179.88986   -0.05710   22.27184   22.00861    0.12407    0.06847   16.65595    3.87988   -0.53738    5.09341    2.00000
 179.95023   -0.02171   22.15533   21.90160    0.05431    0.02997   18.52298   -5.55447   -0.63397   -4.09488    2.00000
 179.47179   -0.31541   23.26442   22.89621    0.61522    0.33957    7.72278    1.34891   -0.03588    4.00713    2.00000
 180.02226   -0.04492   23.48017   23.07922    0.05014    0.02767    6.51668   -4.08014   -3.18392   -8.34528    2.00000
 180.03336    0.00589   23.13782   22.78623    0.03388    0.01870    8.57827    1.29526   -2.28085   -0.98612    2.00000
 179.97141    0.02353   22.94716   22.61910    0.03703    0.02044    9.87819   -0.63038    3.78435    2.23931    2.00000
 179.99577   -0.02287   23.42341   23.03119    0.02326    0.01284    6.75847    3.35923   -1.14239    1.58399    2.00000
 179.60841   -0.35482   22.61149   22.31896    0.52843    0.29166   12.96034   -6.36998   -1.83279  -11.76718    2.00000
 180.11908   -0.05618   23.24736   22.88139    0.13166    0.07267    7.83804   -0.56364    0.51368   -2.52744    2.00000
 180.02104   -0.04707   21.41373   21.19103    0.05156    0.02846   33.85176   -2.22479    1.05484   -1.51787    2.00000
 179.99394    0.02557   23.84138   23.38025    0.02628    0.01450    5.00111   -1.27114    4.15636    3.58443    2.00000
 180.01884    0.00913   22.51222   22.22919    0.02094    0.01156   14.02931   -0.60671   -0.68514    0.00246    2.00000
 179.99364    0.02455   21.69538   21.46947    0.02537    0.01400   26.52765   -1.72794    0.95252   -2.45313    2.00000
 180.00945    0.03519   17.79879   17.16285    0.03644    0.02011  442.41968    2.62609   -1.03330    1.58796    2.00000
 180.04231   -0.14226   23.77470   23.32521    0.14842    0.08191    5.27820   -3.57807    1.38099   -4.01448    2.00000
 179.89189    0.21584   22.10156   21.85207    0.24140    0.13323   19.41110   -0.92146   -2.35782   -1.89995    2.00000
 180.09177   -0.05163   21.25066   21.01990    0.10529    0.05811   38.35315   -2.04099    0.76294   -1.87772    2.00000
 180.08308    0.03585   22.08374   21.83512    0.09048    0.04994   19.71511    1.83603    2.23712    3.23644    2.00000
 179.91830    0.10603   23.72241   23.28198    0.13386    0.07388    5.49585  -10.94250    1.41182  -15.82984    2.00000
 179.85999   -0.03933   23.14984   22.79673    0.14544    0.08027    8.49659   -0.59199    0.12737   -3.85228    2.00000
 180.07478    0.02642   23.10181   22.75476    0.07932    0.04378    8.82304   -0.32839   -1.29944    0.24120    2.00000
 179.95300    0.05435   21.56641   21.34535    0.07185    0.03966   29.79255    1.28861   -0.34114    0.70038    2.00000
 179.95525   -0.03088   21.41373   21.19103    0.05437    0.03001   33.85176   -0.08185    2.68790    2.48929    2.00000
 179.99644    0.00435   23.04661   22.70651    0.00562    0.00310    9.19835   -0.79639    0.85030    2.60230    2.00000
 179.82031    0.24043   23.63024   23.20550    0.30016    0.16567    5.88091    5.07567   -1.19813   -2.09448    2.00000
 179.90302   -0.08471   19.59154   19.08197    0.12877    0.07107  154.42033   -2.37711   -0.51085   -2.90024    2.00000
 179.92773    0.05520   18.00028   17.38201    0.09094    0.05019  396.05267    3.30545   -1.90406    1.40456    2.00000
 179.81819    0.18551   21.21879   20.98511    0.25975    0.14336   39.43491    4.89007    0.97835    6.18168    2.00000
 179.87440   -0.03014   22.90804   22.58423    0.12915    0.07128   10.14942   -0.25267   -1.25423   -3.39804    2.00000
 180.01785    0.03222   23.81756   23.36059    0.03683    0.02033    5.10007   -6.10697   -2.27630  -11.55364    2.00000
 179.98502   -0.13203   22.09149   21.84249    0.13288    0.07334   19.58293   -1.68217    2.35176    0.06585    2.00000
 179.84012   -0.01586   21.59756   21.37529    0.16067    0.08868   29.00506   -0.25510    2.75489    1.90843    2.00000
 179.87933   -0.12647   22.91847   22.59353    0.17480    0.09648   10.07709    1.00895    1.66863    2.29980    2.00000
 179.97083    0.04149   21.93519   21.69655    0.05072    0.02799   22.19992   -0.03014   -2.80011   -2.69002    2.00000
 179.96713    0.01135   22.26156   21.99916    0.03478    0.01919   16.77356   -3.60216    1.72148   -2.00519    2.00000
 180.05333    0.01837   22.66887   22.37052    0.05640    0.03113   12.34639    4.02717    0.58389    5.70456    2.00000
 180.03787    0.03723   22.81969   22.50547    0.05310    0.02931   10.76205   -2.69878   -3.23327   -6.09127    2.00000
 180.00946   -0.11197   23.76517   23.31735    0.11237    0.06202    5.31778   -4.94789    1.75932   -2.67622    2.00000
 179.96831   -0.02155   22.47238   22.19288    0.03833    0.02115   14.46164    2.50596    2.82002    2.77118    2.00000
 180.01314    0.00852   21.74036   21.51284    0.01566    0.00865   25.49422   -0.99917   -0.16429   -1.59713    2.00000
 180.07660   -0.03242   23.16446   22.80942    0.08318    0.04591    8.39784    1.00601    3.36890    5.09967    2.00000
 179.98656    0.04532   23.01258   22.67673    0.04727    0.02609    9.42994    1.55174    0.59327    0.67879    2.00000
 180.02263   -0.14709   22.83501   22.51914    0.14882    0.08214   10.65572    2.53862    2.70282    5.60702    2.00000
 180.18280   -0.30115   23.34177   22.96203    0.35229    0.19444    7.21086    5.94348    0.86357    4.71959    2.00000
 180.00896   -0.00455   23.49098   23.08836    0.01005    0.00554    6.47062    4.24347   -0.15906    5.36015    2.00000
 180.06158   -0.01099   19.87265   19.37604    0.06257    0.03453  128.50307   -1.50843   -1.47544   -3.10510    2.00000
 180.01685    0.03078   22.95238   22.62375    0.03508    0.01936    9.84203   -4.04409    0.21258   -5.91364    2.00000
 180.02850   -0.08929   22.68452   22.38458    0.09373    0.05173   12.17895   -0.00258   -2.80990   -3.60818    2.00000
 179.87025    0.04079   23.11381   22.76525    0.13601    0.07507    8.74145   -0.15863    1.70407    4.12349    2.00000
 180.01280   -0.01881   22.71491   22.41180    0.02275    0.01256   11.85484    3.25793    1.86868    4.55031    2.00000
 179.99077   -0.06667   21.37461   21.15106    0.06731    0.03715   34.90323   -0.23860    0.90918    0.41737    2.00000
 180.30836    0.10603   23.40981   23.01967    0.32608    0.17997    6.81646   -9.41635    3.88944   -3.90993    2.00000
 180.02316    0.05341   23.41253   23.02198    0.05822    0.03213    6.80485   -5.61754   -2.55265   -4.13343    2.00000
 180.01431    0.05879   19.27508   18.74963    0.06051    0.03340  189.33296    2.10775   -0.24494    1.96343    2.00000
 179.97758    0.02400   22.67930   22.37990    0.03284    0.01812   12.23476    0.55695   -0.95493    0.21831    2.00000
 179.86130    0.06140   21.46851   21.24699    0.15169    0.08372   32.37969  -11.65112   -2.54565  -13.95173    2.00000
 179.97784    0.06005   23.33088   22.95280    0.06401    0.03533    7.28260    4.47964    1.08834    9.32576    2.00000
 179.97292    0.12149   21.34774   21.12333    0.12447    0.06870   35.63274   -2.13322    1.22973   -1.04483    2.00000
 180.11864   -0.03826   23.32816   22.95050    0.12465    0.06880    7.30053   -2.77334    0.74739   -7.52257    2.00000
 180.04594    0.05713   19.34129   18.81994    0.07331    0.04046  181.55750    0.17545   -4.43531   -4.28829    2.00000
 180.16068   -0.10732   22.13012   21.87856    0.19323    0.10665   18.93612   -0.39372   -1.02445   -1.82511    2.00000
 179.94669    0.13847   21.92970   21.69145    0.14838    0.08189   22.29143    8.89028   -1.42718    8.25265    2.00000
 179.94675    0.16201   21.88886   21.65318    0.17054    0.09412   22.97774    4.85466    3.77224   10.38793    2.00000
 180.01253   -0.13220   22.91326   22.58888    0.13279    0.07329   10.11326    6.68292   -1.77250    4.48315    2.00000
 180.02621   -0.08486   23.39076   23.00353    0.08882    0.04902    6.89772    2.43577    1.72484    0.82772    2.00000
 180.01753   -0.02651   23.62221   23.19879    0.03178    0.01754    5.91469    0.44637   -4.84937   -2.93425    2.00000
 179.96117   -0.09122   23.63988   23.21355    0.09914    0.05472    5.84038    2.16440   -1.28304    0.40409    2.00000
 179.94786    0.25005   22.85588   22.53774    0.25542    0.14098   10.51106   -3.78731    3.18526    2.70903    2.00000
 179.99348    0.07824   23.14742   22.79462    0.07851    0.04333    8.51300    1.44556   -0.04781   -0.13811    2.00000
 180.03918   -0.24709   23.70557   23.26803    0.25017    0.13808    5.56608    0.84400   -4.56161  -10.70965    2.00000
 180.01807   -0.00150   23.32272   22.94589    0.01812    0.01000    7.33640   -1.33451   -2.48578   -0.79677    2.00000
 180.09029   -0.01608   18.98159   18.43802    0.09171    0.05062  225.47775   -2.08849   -0.23474   -2.29320    2.00000
 180.02441    0.00129   23.05381   22.71280    0.02444    0.01349    9.14940    1.59932    0.89764    4.23529    2.00000
 180.05853   -0.08888   22.26670   22.00388    0.10642    0.05874   16.71221    1.66347   -0.63005   -0.39335    2.00000
 180.01656    0.00174   22.81969   22.50547    0.01664    0.00918   10.76205    2.09020    0.97628    2.27874    2.00000
 179.97958   -0.01175   23.52881   23.12038    0.02355    0.01300    6.30943    3.32190   -1.09408    0.35605    2.00000
 179.97163   -0.03189   22.90804   22.58423    0.04268    0.02356   10.14942    1.40317    2.10587    0.56356    2.00000
 180.01747    0.02736   21.74036   21.51284    0.03246    0.01791   25.49422   -1.14927    3.56770    2.58467    2.00000
 179.92557    0.01553   21.89702   21.66083    0.07605    0.04197   22.84048    0.70897    4.76116    3.59043    2.00000
 179.96255   -0.03779   23.67189   23.24013    0.05319    0.02936    5.70652    0.43810   -1.54345    6.28860    2.00000
 179.91470    0.10734   21.61313   21.39026    0.13710    0.07567   28.61131    4.00632    4.76671    9.12955    2.00000
 180.02773    0.06821   23.28734   22.91591    0.07363    0.04064    7.56956    3.86424    0.47314    4.73927    2.00000
 179.99232    0.00721   21.95711   21.71696    0.01053    0.00581   21.83389    4.46048    0.89840    5.80500    2.00000
 179.99072    0.00349   23.54233   23.13182    0.00991    0.00547    6.25187   -4.61470   -2.67262   -9.05865    2.00000
 179.95605   -0.04759   23.69435   23.25873    0.06477    0.03575    5.61289    0.58615    1.46054   -0.77370    2.00000
 180.00790    0.01483   22.01466   21.77055    0.01681    0.00928   20.87306   -1.53249    2.23950    0.61046    2.00000
 180.06148    0.10640   22.81221   22.49878    0.12289    0.06782   10.81914   -0.64067    2.10324    0.45351    2.00000
 180.00032   -0.02671   23.07061   22.72749    0.02671    0.01474    9.03517   -1.30982   -2.66954   -1.67504    2.00000
 180.05766    0.13205   22.87935   22.55866    0.14409    0.07953   10.34832    5.20609    0.19279    5.18673    2.00000
 180.02612   -0.00397   23.64470   23.21757    0.02643    0.01459    5.82011    3.00241   -1.24092    2.45137    2.00000
 179.98219   -0.07115   23.06821   22.72539    0.07335    0.04048    9.05149   -4.49197    1.14904   -2.64890    2.00000
 180.09785   -0.07509   21.73507   21.50774    0.12334    0.06808   25.58573   -0.47588   -0.66861   -1.89765    2.00000
 179.99605   -0.06947   23.58687   23.16926    0.06958    0.03840    6.06332   -0.48050    3.28851    3.61032    2.00000
 179.97256    0.13846   22.95499   22.62608    0.14115    0.07790    9.82395   -2.11801    4.54747   -1.07998    2.00000
 179.95993    0.03205   22.36772   22.09686    0.05132    0.02832   15.60510    2.61750    1.94233    4.40720    2.00000
 179.97546   -0.03170   20.77266   20.36027    0.04008    0.02212   64.81606   -7.08454   -0.26461   -7.70427    2.00000
 179.95227   -0.09998   21.13952   20.89219    0.11079    0.06115   42.91713   -3.38774   -2.66569   -6.32543    2.00000
 180.10622    0.06363   23.14022   22.78832    0.12381    0.06833    8.56195   -1.06588   -1.52801   -2.26683    2.00000
 179.86021    0.14211   22.51925   22.23560    0.19934    0.11002   13.95302   -1.50178    0.33765   -1.31635    2.00000
 179.97650   -0.02534   22.82468   22.50993    0.03456    0.01908   10.72736   -8.96570    0.35793   -9.12667    2.00000
 179.98834   -0.00320   22.03932   21.79351    0.01209    0.00667   20.46127   -5.71450    1.26828   -4.36372    2.00000
 179.95300    0.02373   19.67592   19.17044    0.05265    0.02906  146.62299    4.66294    1.10397    5.76362    2.00000
 180.01411   -0.00232   23.50179   23.09751    0.01431    0.00790    6.42457   -4.01062    0.05974    0.49433    2.00000
 180.04834    0.04691   22.07599   21.82775    0.06736    0.03718   19.84729   -1.01264    0.24387   -0.27310    2.00000
 180.12514   -0.06636   23.41525   23.02428    0.14164    0.07818    6.79324   -5.18586    0.42337   -5.32664    2.00000
 179.88480   -0.06762   22.69496   22.39396    0.13358    0.07372   12.06724   -3.92987    0.47952   -3.25666    2.00000
 180.00014   -0.01831   21.23376   21.00166    0.01831    0.01011   38.83314    4.91729    2.69515    7.25585    2.00000
 179.97565   -0.05175   23.52341   23.11581    0.05720    0.03157    6.33246    1.55366   -0.76514    0.17143    2.00000
 180.00208    0.03795   22.28984   22.02514    0.03801    0.02098   16.45903    3.33299    2.02244    5.00459    2.00000
 180.00169   -0.03138   22.92891   22.60283    0.03143    0.01735   10.00477    3.64431    5.74907   12.29678    2.00000
 180.03079   -0.00094   23.03460   22.69602    0.03081    0.01700    9.27994    1.52985    0.84569    0.48558    2.00000
 179.86168   -0.10863   22.84284   22.52611    0.17588    0.09707   10.60147    0.80424    1.98870   -1.13234    2.00000
 179.86514   -0.15457   22.40132   22.12781    0.20514    0.11322   15.23646    3.88687   -1.79639    1.27150    2.00000
 180.01611   -0.01087   22.02014   21.77565    0.01944    0.01073   20.78155    1.03467   -0.90117   -0.57339    2.00000
 180.00789    0.01753   23.64149   23.21489    0.01923    0.01061    5.83362    4.09015   -0.07184    3.45591    2.00000
 180.02007   -0.00729   23.18153   22.82424    0.02135    0.01178    8.28259   -2.48097    0.79544   -2.17708    2.00000
 179.44914   -0.15259   23.48017   23.07922    0.57160    0.31549    6.51668   -4.48740   -0.35435   -6.40073    2.00000
 180.13600    0.02607   23.33633   22.95742    0.13847    0.07643    7.24673   -2.12269    3.54250   -5.13518    2.00000
 179.97137    0.01396   23.78899   23.33700    0.03185    0.01758    5.21882    2.77779    0.60540    5.84066    2.00000
 180.00888    0.05081   22.78227   22.47202    0.05158    0.02847   11.13782   -4.99986   -1.78299   -1.35632    2.00000
 180.23549    0.09658   21.73507   21.50774    0.25452    0.14048   25.58573    1.76891   -3.06778   -1.40805    2.00000
 180.03951   -0.08177   23.46395   23.06550    0.09081    0.05012    6.58576   -0.45824   -0.36650    3.23396    2.00000
 179.90459   -0.15530   22.81470   22.50101    0.18227    0.10060   10.79675   -1.89314   -1.94944   -4.52644    2.00000
 179.98503   -0.01898   22.58280   22.29318    0.02417    0.01334   13.26732    1.49938    0.32510    2.78986    2.00000
 179.88969   -0.02965   23.50179   23.09751    0.11421    0.06304    6.42457   -3.13319   -1.60293   -4.78406    2.00000
 179.97937   -0.02104   21.60924   21.38651    0.02946    0.01626   28.70975   -3.11683   -0.96244   -4.35237    2.00000
 179.97264   -0.00298   22.15205   21.89859    0.02752    0.01519   18.57687   -3.67637    2.71826   -2.02793    2.00000
 179.88000    0.06058   23.48287   23.08150    0.13442    0.07419    6.50517    1.29090   -0.33414    4.55255    2.00000
 179.88589   -0.15573   22.04481   21.79861    0.19306    0.10656   20.36976    4.92290    0.11941    4.57683    2.00000
 180.33972    0.08853   22.66626   22.36818    0.35107    0.19376   12.37430    2.58588   -1.85484    1.32703    2.00000
 179.98586    0.00255   21.96533   21.72462    0.01437    0.00793   21.69663   -5.62299    1.33556   -4.15920    2.00000
 179.98421    0.05865   23.65505   23.22619    0.06074    0.03352    5.77675   -3.40962    0.66342   -3.34012    2.00000
 179.95166   -0.00887   23.37171   22.98739    0.04915    0.02713    7.01357    5.88677    0.28795    5.23346    2.00000
 179.90646   -0.04420   21.05672   20.78958    0.10346    0.05710   46.76246    2.30108    3.96622    6.79577    2.00000
 180.04005    0.06010   23.38259   22.99661    0.07223    0.03987    6.94184    3.02305   -0.72501    1.04911    2.00000
 180.01025   -0.10278   21.16095   20.91792    0.10329    0.05701   41.95295    6.47711   -2.62580    3.16757    2.00000
 180.03281   -0.06512   23.63667   23.21086    0.07292    0.04024    5.85389   -2.08210   -0.90527   -7.53456    2.00000
 180.02492    0.05824   23.39620   23.00814    0.06334    0.03496    6.87450    2.89440    0.52752    4.30993    2.00000
 180.11111    0.00487   22.90804   22.58423    0.11122    0.06138   10.14942   -1.54303   -4.68970   -2.71342    2.00000
 179.99826    0.01426   23.49098   23.08836    0.01437    0.00793    6.47062   -2.88007   -0.58620   -3.82013    2.00000
 179.98003    0.01249   23.58205   23.16524    0.02355    0.01300    6.08359    3.01957    0.27213    1.80948    2.00000
 179.97089    0.10781   23.18884   22.83059    0.11167    0.06164    8.23320   -1.91487    0.07979   -0.91996    2.00000
 179.91673    0.08997   23.21566   22.85388    0.12258    0.06766    8.05208    1.82936    0.23679    2.38037    2.00000
 180.00356   -0.04828   22.81969   22.50547    0.04841    0.02672   10.76205    2.17505   -1.39436   -2.54726    2.00000
 180.01546    0.00443   23.38804   23.00123    0.01607    0.00887    6.90933    3.65536   -0.04591    6.12060    2.00000
 179.97937   -0.02225   22.44425   22.16725    0.03034    0.01674   14.76681   -0.29578    1.45660   -0.29375    2.00000
 179.73679   -0.09123   23.53152   23.12267    0.27857    0.15375    6.29792    0.40942    0.89411    4.96503    2.00000
 180.04115   -0.13497   23.69060   23.25563    0.14110    0.07788    5.62850    2.21771   -4.82573   -6.56251    2.00000
 179.98209   -0.16679   23.76755   23.31931    0.16775    0.09258    5.30789    4.74238   -3.11915   -0.72022    2.00000
 179.97031   -0.04853   21.99822   21.75524    0.05690    0.03140   21.14758   -2.80932    0.63641   -2.94782    2.00000
 179.91537   -0.00358   18.65128   18.08541    0.08470    0.04675  274.04767   -6.32334    3.33228   -3.01326    2.00000
 180.02084    0.05637   22.09149   21.84249    0.06011    0.03317   19.58293   -0.28149   -1.83689   -2.95338    2.00000
 179.82106    0.03003   22.76481   22.45640    0.18144    0.10014   11.32371    5.49442    2.54815    9.23365    2.00000
 180.01660   -0.10855   22.33171   22.06369    0.10981    0.06061   16.00007   -0.48057   -1.39151   -2.34487    2.00000
 180.00610   -0.06497   23.60614   23.18537    0.06525    0.03602    5.98225    1.63299   -0.17859    1.74975    2.00000
 179.94499    0.03918   21.05173   20.78301    0.06754    0.03728   47.00895   -1.41351   -2.10077   -3.26246    2.00000
 179.98392   -0.00781   21.56836   21.34722    0.01788    0.00987   29.74333    4.79276   -1.47468    4.67044    2.00000
 179.94858    0.02010   22.61931   22.32599    0.05521    0.03047   12.87662    1.66417    2.69204    5.43832    2.00000
 179.97148   -0.02748   23.00180   22.66728    0.03961    0.02186    9.50344   -0.72939    1.06789    1.09874    2.00000
 180.10014   -0.10140   22.92630   22.60050    0.14252    0.07866   10.02285    1.75546    1.94315    1.01170    2.00000
 180.02667   -0.00652   23.23029   22.86658    0.02746    0.01516    7.95329   -3.87317   -1.66387   -7.23919    2.00000
 180.02812   -0.00680   21.83170   21.59960    0.02893    0.01597   23.93858   -4.22547    0.16289   -3.77251    2.00000
 180.01662    0.03177   22.51925   22.23560    0.03586    0.01979   13.95302    0.93175   -0.94952   -0.72785    2.00000
 180.07181    0.01476   22.52862   22.24414    0.07331    0.04046   13.85129    1.59105   -1.59729    0.85055    2.00000
 180.24422   -0.27299   23.68125   23.24788    0.36629    0.20217    5.66751    4.11556    1.33034   10.69753    2.00000
 179.94933   -0.02718   22.43012   22.15435    0.05751    0.03174   14.92048    1.11490    1.67736    2.14518    2.00000
 180.09512    0.11727   22.86631   22.54704    0.15099    0.08334   10.43873    0.75035    3.56093    4.76569    2.00000
 179.97699   -0.03723   22.31011   22.04378    0.04377    0.02416   16.23705   -1.23103    3.37872    1.92509    2.00000
 179.96602    0.07498   21.30527   21.07808    0.08233    0.04544   36.82292    1.68727   -2.27153   -0.00619    2.00000
 180.02397   -0.00634   21.97355   21.73227    0.02480    0.01369   21.55937   -7.81759    1.12708   -7.92129    2.00000
