#RA        DEC       MAG_G     MAG_I     ANGSEP    RPROJ     SNR       VTRUE       VSYS       VMEAS      VSYSERR    
 180.00143    0.00304   23.05141   22.71070    0.00336    0.00186    9.16571    3.85316   -3.40199   -1.73850    2.00000
 179.93932    0.10446   23.83661   23.37632    0.12081    0.06668    5.02090    2.56194    0.74560   -5.73138    2.00000
 180.04510    0.08046   23.50449   23.09980    0.09224    0.05091    6.41306    0.60780   -0.10823   -2.53704    2.00000
 180.01399    0.00511   23.23029   22.86658    0.01489    0.00822    7.95329    2.42240    0.13352    4.70445    2.00000
 179.89383    0.06089   23.81518   23.35863    0.12239    0.06755    5.10997   -5.69191   -4.10357   -8.07783    2.00000
 180.00111    0.06032   23.13782   22.78623    0.06033    0.03330    8.57827   -1.01226    0.09116   -0.88589    2.00000
 179.99409    0.01647   22.72739   22.42295    0.01750    0.00966   11.72206    4.66605   -0.57348    5.15851    2.00000
 179.89449    0.10090   23.24979   22.88351    0.14600    0.08058    7.82157   -0.57743   -0.86322   -6.35565    2.00000
 179.88927    0.09390   21.55473   21.33412    0.14518    0.08013   30.08785    2.36003    0.44577    3.16677    2.00000
 180.02820   -0.03487   21.69273   21.46692    0.04485    0.02475   26.59476    4.61137   -0.34830    4.27315    2.00000
 179.97025   -0.02523   23.25955   22.89198    0.03901    0.02153    7.75571   -3.32470   -0.40049   -3.51865    2.00000
 179.99348    0.01120   23.24979   22.88351    0.01295    0.00715    7.82157    2.58095   -1.57150   -2.95482    2.00000
 179.95830    0.01715   21.56836   21.34722    0.04509    0.02489   29.74333    1.83819    4.27296    6.14581    2.00000
 180.02028    0.03072   21.28909   21.06084    0.03681    0.02031   37.27632    1.72223   -1.95193    0.04312    2.00000
 179.98000    0.13243   22.45128   22.17366    0.13393    0.07392   14.69052    2.41560   -4.51781   -1.82184    2.00000
 180.01843   -0.03269   22.94716   22.61910    0.03753    0.02071    9.87819   -7.02741    3.80605   -2.49858    2.00000
 179.99953    0.06818   21.87525   21.64042    0.06818    0.03763   23.20651   -2.48997    0.72796   -3.81358    2.00000
 180.02264   -0.04032   19.21412   18.68517    0.04624    0.02552  196.46251   -0.17928   -0.54331   -0.75733    2.00000
 179.98618   -0.00641   22.99857   22.66445    0.01523    0.00841    9.52549    2.46119    1.20932    5.41115    2.00000
 179.92056    0.08432   23.65505   23.22619    0.11585    0.06394    5.77675    4.06650   -5.46700   -3.62992    2.00000
 180.01414    0.02493   23.10901   22.76105    0.02866    0.01582    8.77409   -1.84414   -0.30790   -6.82286    2.00000
 179.62015    0.21325   20.83950   20.45607    0.43561    0.24043   59.87893    5.14835   -0.72973    4.54383    2.00000
 180.05460   -0.07239   22.81221   22.49878    0.09067    0.05004   10.81914   -3.78260    0.95841   -1.87446    2.00000
 179.90610   -0.02867   22.62453   22.33068    0.09819    0.05419   12.82081   -2.90939    0.78331   -3.51873    2.00000
 179.99387    0.06388   22.35811   22.08801    0.06418    0.03542   15.71042    0.74841   -2.44655   -3.84828    2.00000
 180.02887    0.06530   21.79088   21.56132    0.07139    0.03940   24.62489   -3.39701   -1.91623   -6.12974    2.00000
 179.94856   -0.03645   21.38243   21.15905    0.06305    0.03480   34.69294    0.55606    1.26033    2.18128    2.00000
 180.04654    0.00306   23.68873   23.25408    0.04664    0.02574    5.63630    0.56400   -1.18753   -0.63600    2.00000
 179.88075    0.25012   23.19859   22.83906    0.27709    0.15293    8.16734   -1.49007   -0.98377   -6.02620    2.00000
 180.08722    0.00907   23.71680   23.27733    0.08769    0.04840    5.51926    3.39921   -2.17838   -4.44184    2.00000
 180.01218   -0.02217   23.55584   23.14325    0.02529    0.01396    6.19430   -5.69030    1.53562   -7.11049    2.00000
 179.86176    0.07507   22.70493   22.40288    0.15731    0.08682   11.96107    0.98333    0.10767    3.30411    2.00000
 180.02020    0.05228   22.07444   21.82627    0.05605    0.03093   19.87372   -1.53159    0.02342   -0.62436    2.00000
 179.95061   -0.04031   21.26684   21.03714    0.06376    0.03519   37.89975   -0.46997    0.51684    0.54792    2.00000
 180.07458    0.02702   22.80971   22.49655    0.07932    0.04378   10.84570   -1.54918   -2.67414   -5.03615    2.00000
 180.40906   -0.07615   23.35266   22.97125    0.41608    0.22965    7.13912    6.22506   -2.65070    5.38391    2.00000
 179.85115   -0.01065   23.76993   23.32128    0.14923    0.08236    5.29799    5.90431    0.28973   11.63874    2.00000
 180.07024   -0.08975   20.80282   20.39956    0.11396    0.06290   62.79113    3.98873    1.91516    6.03427    2.00000
 179.95663    0.10656   22.78976   22.47871    0.11505    0.06350   11.05815    6.28355   -2.56956    4.37328    2.00000
 180.14986   -0.02364   22.17160   21.91647    0.15170    0.08373   18.25633   -3.40700    4.39031   -0.73250    2.00000
 180.06084    0.01604   19.81170   19.31230    0.06291    0.03472  134.12054   -3.97377   -0.04190   -4.04443    2.00000
 180.01117    0.06911   23.39348   23.00584    0.07001    0.03864    6.88611    0.69219    3.85641   11.07060    2.00000
 180.07925   -0.02074   23.40709   23.01737    0.08193    0.04522    6.82807    1.01773   -2.05542   -1.10619    2.00000
 180.02196   -0.03387   21.97629   21.73482    0.04036    0.02227   21.51361   -2.17002   -2.21998   -5.01697    2.00000
 180.06871   -0.00745   18.71497   18.15338    0.06911    0.03814  264.68597    1.31857    2.13583    3.37742    2.00000
 179.74004   -0.08238   22.62192   22.32834    0.27270    0.15051   12.84871    6.71913    2.70367    6.41799    2.00000
 180.12531    0.16653   22.47238   22.19288    0.20841    0.11503   14.46164    1.38642   -0.20887    3.55700    2.00000
 180.03632    0.18809   23.10901   22.76105    0.19157    0.10573    8.77409    3.96598    1.28755    6.70825    2.00000
 180.02698    0.11416   21.57225   21.35096    0.11731    0.06474   29.64489    1.08291   -0.87359    0.96079    2.00000
 179.98978    0.02220   22.01192   21.76799    0.02444    0.01349   20.91881    3.54927   -2.15660    1.11026    2.00000
 179.98010   -0.04268   22.76231   22.45417    0.04709    0.02599   11.35027    3.12815   -0.33100    1.40061    2.00000
 180.00356   -0.08946   23.83661   23.37632    0.08953    0.04941    5.02090   -5.71041   -3.52473  -10.73166    2.00000
 180.06442   -0.04134   21.96807   21.72717    0.07654    0.04225   21.65088   -3.87468    1.93971   -2.68754    2.00000
 179.93787   -0.09547   23.03701   22.69811    0.11391    0.06287    9.26362    0.16823    2.21277    8.17150    2.00000
 180.03494    0.01812   22.19216   21.93537    0.03937    0.02173   17.91741    3.49659   -1.61462    1.98723    2.00000
 179.99165    0.10515   23.84138   23.38025    0.10549    0.05822    5.00111    2.51361   -2.18145    1.61440    2.00000
 180.22786    0.32096   23.08981   22.74427    0.39362    0.21725    8.90463    4.00445   -0.01900    7.88124    2.00000
 179.96107   -0.01681   22.97056   22.63988    0.04240    0.02340    9.71660    4.61769    3.09617    9.30431    2.00000
 179.89488    0.01021   23.50449   23.09980    0.10561    0.05829    6.41306    8.08257    0.04123   11.86044    2.00000
 180.00227    0.10375   23.55314   23.14096    0.10377    0.05727    6.20581    1.06624   -2.34019   -6.19461    2.00000
 180.02536   -0.00633   23.08981   22.74427    0.02614    0.01443    8.90463    3.13369    3.07246    5.89743    2.00000
 179.89816   -0.09247   23.62703   23.20281    0.13755    0.07592    5.89443    9.82185   -1.23314   14.71856    2.00000
 179.95900   -0.01754   22.66105   22.36349    0.04459    0.02461   12.43011   -1.14942   -2.64773   -2.02527    2.00000
 180.01787   -0.01957   23.65318   23.22464    0.02651    0.01463    5.78455    4.34529   -3.21337    4.10138    2.00000
 179.96465   -0.10492   22.60888   22.31662    0.11072    0.06111   12.98825   -3.84330   -2.86526   -4.84010    2.00000
 179.97586   -0.05367   23.04901   22.70860    0.05885    0.03248    9.18203   -1.03009    4.16634    2.13479    2.00000
 180.02290    0.05662   21.29313   21.06515    0.06108    0.03371   37.16297   -1.85408    0.05595   -1.44171    2.00000
 180.04007   -0.06467   23.50179   23.09751    0.07607    0.04199    6.42457   -0.14068   -0.77302   -1.33706    2.00000
 180.25357   -0.20671   20.78559   20.37711    0.32715    0.18056   63.94823   -0.65394    2.29774    1.44823    2.00000
 180.03778    0.00386   22.77479   22.46533    0.03797    0.02096   11.21749    0.75897   -2.42635    0.41177    2.00000
 179.87079   -0.13649   21.40852   21.18570    0.18795    0.10373   33.99195   -0.01428   -3.18636   -3.08825    2.00000
 179.99977   -0.03201   21.38504   21.16172    0.03201    0.01767   34.62284   -0.89036    0.74276   -0.22118    2.00000
 179.79332    0.20005   20.87678   20.51763    0.28764    0.15876   56.95438   -8.44952    1.20921   -7.51587    2.00000
 180.21667    0.17700   23.38532   22.99892    0.27979    0.15442    6.92390    4.00239   -0.38952    0.70127    2.00000
 179.90302    0.03993   20.10457   19.61952    0.10489    0.05789  109.40390    7.79192    3.04033   10.87431    2.00000
 180.00162   -0.01770   23.59490   23.17597    0.01777    0.00981    6.02954   -3.69803   -0.73321   -2.41076    2.00000
 179.96700    0.06009   20.18009   19.69912    0.06855    0.03784  103.95949    4.45995    1.42086    5.78365    2.00000
 180.01949    0.05996   22.66105   22.36349    0.06305    0.03480   12.43011   -2.25174   -2.31541   -3.87382    2.00000
 179.99437    0.00483   21.46068   21.23900    0.00742    0.00410   32.58998   -0.85323   -1.95481   -2.05912    2.00000
 180.01929    0.00994   23.84138   23.38025    0.02169    0.01197    5.00111    4.32277    2.30315   14.17339    2.00000
 180.05650    0.00871   23.14742   22.79462    0.05718    0.03156    8.51300   -0.84947    2.85485    0.22780    2.00000
 180.01520   -0.00761   21.12459   20.87404    0.01700    0.00938   43.59711    3.00063    1.48576    4.13822    2.00000
 179.99602   -0.02878   23.64470   23.21757    0.02906    0.01604    5.82011    1.66114   -3.16459   -4.82950    2.00000
 180.04301    0.05150   21.79088   21.56132    0.06711    0.03704   24.62489    4.34868    5.46523    8.55698    2.00000
 180.03722   -0.02031   23.29278   22.92052    0.04239    0.02339    7.53369    1.08175   -0.82180   -5.35644    2.00000
 179.97086    0.07773   22.59584   22.30490    0.08301    0.04582   13.12778   -0.61058    1.14828   -1.35452    2.00000
 179.98138    0.00124   23.24004   22.87504    0.01866    0.01030    7.88743    2.21779   -2.08172   -0.75463    2.00000
 179.66997   -0.03366   23.18640   22.82847    0.33174    0.18310    8.24966    7.91936    0.91873    9.45550    2.00000
 180.01712   -0.07479   22.96948   22.63893    0.07672    0.04234    9.72395    1.34901   -2.01858   -0.70605    2.00000
 179.95061    0.04834   23.45854   23.06092    0.06911    0.03814    6.60879   -4.64199   -0.78421   -2.95304    2.00000
 180.05193    0.08047   23.36082   22.97817    0.09577    0.05286    7.08531    2.43404    4.82652    7.44899    2.00000
 180.01332    0.02394   22.86631   22.54704    0.02740    0.01512   10.43873    2.75945   -3.02933   -4.36489    2.00000
 180.19930    0.08038   23.23029   22.86658    0.21489    0.11860    7.95329   -1.92565    3.31224    6.92285    2.00000
 180.01958    0.01098   23.48827   23.08608    0.02245    0.01239    6.48214    3.56242    0.27484    2.83988    2.00000
 179.98192    0.00030   21.34571   21.12117    0.01809    0.00998   35.68941    3.76716    1.80757    5.63261    2.00000
 179.99831   -0.04694   22.26927   22.00624    0.04697    0.02592   16.68408    1.37217    2.15250    1.09625    2.00000
 180.00771   -0.00214   22.21272   21.95427    0.00800    0.00442   17.57849   -4.73898    1.53634   -5.14192    2.00000
 179.98907    0.06296   22.35331   22.08359    0.06390    0.03527   15.76309    0.87413   -1.83009   -1.32914    2.00000
 180.05859   -0.13227   22.86892   22.54936    0.14466    0.07984   10.42065   -2.06411    1.72811    0.35693    2.00000
 179.94930    0.02034   22.96281   22.63305    0.05463    0.03015    9.76970   -3.80516   -0.59438   -4.41753    2.00000
 179.97733   -0.05687   22.59845   22.30724    0.06122    0.03379   13.09987   -0.17516    2.22141    2.33257    2.00000
 179.96242   -0.01391   22.49347   22.21210    0.04008    0.02212   14.23276    0.38261    1.45191    2.83277    2.00000
 179.99547   -0.01996   23.08261   22.73797    0.02047    0.01130    8.95358   -3.02481    1.74511   -0.49833    2.00000
 180.09206    0.03714   21.59367   21.37154    0.09926    0.05478   29.10349   -4.19222   -2.66402   -7.30900    2.00000
 179.96651    0.00277   23.06581   22.72329    0.03361    0.01855    9.06781    1.23659   -3.07331   -3.44779    2.00000
 179.96269    0.04013   20.37631   19.90731    0.05479    0.03024   89.72091   -3.18821   -3.70155   -6.64578    2.00000
 180.23433    0.06685   23.48287   23.08150    0.24368    0.13449    6.50517   -1.85212   -0.13690   -4.08426    2.00000
 179.97548    0.00079   21.72448   21.49754    0.02453    0.01354   25.78938    3.43550    0.68216    4.57997    2.00000
 179.98076   -0.04216   23.66815   23.23703    0.04634    0.02558    5.72213   -1.46288   -2.55102   -3.50235    2.00000
 179.95502    0.05163   18.55462   17.98208    0.06848    0.03779  288.86880   -0.92012    1.41515    0.52370    2.00000
 179.91780    0.06165   18.18196   17.83044    0.10275    0.05671  314.73120   -1.57786   -0.77899   -2.33310    2.00000
 179.93520   -0.05612   22.94456   22.61678    0.08572    0.04731    9.89627    4.61897    2.57813    8.18209    2.00000
 179.92029   -0.07799   23.65318   23.22464    0.11152    0.06155    5.78455   -2.89139    3.69454    0.17386    2.00000
 179.98584    0.00646   22.77978   22.46979    0.01556    0.00859   11.16438   -2.11295    1.75122    0.67094    2.00000
 180.04295    0.01504   21.65569   21.43120    0.04552    0.02512   27.53438   -0.02165    0.87680    1.11544    2.00000
 180.20935    0.55872   21.91335   21.67614    0.59665    0.32932   22.56596   -5.40717    2.77020   -2.43330    2.00000
 180.00781    0.01796   23.23517   22.87081    0.01958    0.01081    7.92036   -3.21813    0.77711    0.61364    2.00000
 179.99078   -0.03774   23.72241   23.28198    0.03885    0.02144    5.49585   -6.94783    0.49948    0.75181    2.00000
 179.75928    0.15303   21.78543   21.55622    0.28526    0.15744   24.71640   -2.52936   -2.18563   -6.62318    2.00000
 180.03781    0.06074   23.76517   23.31735    0.07155    0.03949    5.31778    0.32921    0.87466   -3.74532    2.00000
 180.18007    0.19177   22.82979   22.51449    0.26306    0.14519   10.69188    7.66310   -2.14636    4.84406    2.00000
 180.00117   -0.02794   22.21529   21.95663    0.02797    0.01544   17.53613    4.55172    1.15522    6.86635    2.00000
 180.09898   -0.05808   23.73177   23.28973    0.11476    0.06334    5.45684    0.09676    0.72598   -8.94574    2.00000
 180.05225   -0.21687   21.85347   21.62001    0.22307    0.12312   23.57255    2.75218    2.49665    5.98453    2.00000
 180.06052   -0.29545   23.30911   22.93436    0.30158    0.16645    7.42608    0.36024    2.64121    1.96149    2.00000
 179.99460    0.01812   20.80570   20.40330    0.01891    0.01044   62.59828   -4.38522   -2.51120   -7.18004    2.00000
 179.94498    0.00568   23.50990   23.10437    0.05531    0.03053    6.39003   -2.23548   -1.46044   -4.92057    2.00000
 179.96805   -0.01321   23.21322   22.85176    0.03457    0.01908    8.06855    0.11707   -0.58687    3.89156    2.00000
 179.91383   -0.01298   21.36679   21.14306    0.08713    0.04809   35.11353   -2.59327   -1.64563   -4.42326    2.00000
 180.02515    0.03278   22.48644   22.20570    0.04132    0.02281   14.30905   -0.75365   -2.16264   -5.00801    2.00000
 179.97079    0.03921   23.10661   22.75895    0.04889    0.02699    8.79040    1.44372    2.33274    8.63824    2.00000
 179.64226    0.03742   23.39076   23.00353    0.35969    0.19852    6.89772   -9.61628    1.76562  -10.72712    2.00000
 180.17174    0.22623   21.78816   21.55877    0.28404    0.15677   24.67064   -2.75675   -1.38519   -4.03882    2.00000
 179.99574   -0.06228   22.59323   22.30256    0.06243    0.03445   13.15569   -1.75887   -0.52059   -0.31236    2.00000
 180.00166   -0.06413   23.43692   23.04263    0.06415    0.03541    6.70090   -0.33453    0.57324   -4.71666    2.00000
 180.06400    0.19860   22.83762   22.52146    0.20865    0.11516   10.63763   -5.60354   -1.30284   -1.87637    2.00000
 179.94315   -0.01258   23.29822   22.92513    0.05823    0.03214    7.49782   -2.49015   -1.87285   -1.06281    2.00000
 179.87859    0.02465   21.77740   21.54857    0.12390    0.06838   24.85366    1.85754    0.03091    1.06198    2.00000
 179.96722   -0.00477   23.23273   22.86869    0.03313    0.01828    7.93683   -1.24164   -0.93764   -2.38082    2.00000
 179.95926    0.11026   23.20835   22.84753    0.11755    0.06488    8.10148    1.44127    0.04875   -2.56204    2.00000
 180.03380    0.03888   23.25711   22.88986    0.05152    0.02843    7.77218   -3.06813   -0.74439   -5.46842    2.00000
 180.08853    0.00388   22.05851   21.81137    0.08862    0.04891   20.14099    1.33295    0.31352    1.85775    2.00000
 180.02707   -0.05419   22.54737   22.26123    0.06057    0.03343   13.64784   -2.80587    0.60430   -1.36915    2.00000
 180.07497    0.08781   23.16202   22.80731    0.11545    0.06372    8.41431   -2.88329   -4.69762   -8.52340    2.00000
 179.91917   -0.12744   23.03701   22.69811    0.15092    0.08329    9.26362    1.01667    1.99096    5.37711    2.00000
 179.96387    0.07202   22.13122   21.87956    0.08058    0.04447   18.91816    2.78756   -1.33281    0.96342    2.00000
 180.08530    0.02801   23.31728   22.94128    0.08977    0.04955    7.37227    1.29990    1.10792   -1.53378    2.00000
 179.99123    0.03467   22.31971   22.05263    0.03577    0.01974   16.13173    2.81402   -0.64315    2.43127    2.00000
 180.00352    0.06579   22.92891   22.60283    0.06589    0.03637   10.00477   -1.49369   -1.08249   -5.66682    2.00000
 180.00346   -0.04656   23.38259   22.99661    0.04669    0.02577    6.94184   -1.68063   -1.38552   -7.24332    2.00000
 179.97394   -0.05677   23.71493   23.27578    0.06246    0.03448    5.52706    4.38436   -1.84167    0.65902    2.00000
 180.05260    0.21955   22.48644   22.20570    0.22576    0.12460   14.30905    2.85135    3.06600    5.21864    2.00000
 180.01665   -0.00097   20.15701   19.67480    0.01667    0.00920  105.62306   -0.37341    3.66149    3.35337    2.00000
 180.01486   -0.01686   22.75483   22.44748    0.02247    0.01240   11.42994    0.73842   -0.13083    1.25069    2.00000
 180.01553   -0.02317   22.75233   22.44525    0.02789    0.01539   11.45650    0.57124   -0.81797    1.68410    2.00000
 180.02576    0.03830   22.92108   22.59586    0.04615    0.02547   10.05901    2.74065   -0.38458    3.51783    2.00000
 179.94922   -0.15789   23.53422   23.12495    0.16586    0.09154    6.28641   -3.06836   -3.83783   -4.40301    2.00000
 179.96460   -0.12552   22.20758   21.94954    0.13042    0.07198   17.66322    0.76818    1.62972    1.65910    2.00000
 180.00644   -0.09302   18.02509   17.40906    0.09325    0.05146  390.32895    3.77200   -0.73705    3.06460    2.00000
 179.99203    0.00987   22.66887   22.37052    0.01268    0.00700   12.34639   -2.94643    0.93015   -8.09312    2.00000
 179.87161    0.02440   23.68499   23.25098    0.13067    0.07212    5.65191    2.22577   -0.22202   -0.33629    2.00000
 179.96516    0.06894   22.20501   21.94718    0.07724    0.04263   17.70559   -0.97282   -3.27435   -5.22496    2.00000
 180.03081   -0.07964   22.81470   22.50101    0.08540    0.04713   10.79675    6.56171    0.77447    7.49685    2.00000
 180.00273   -0.04900   20.79564   20.39020    0.04907    0.02708   63.27326    0.40797    0.18031    0.24424    2.00000
 180.04219   -0.14261   23.14022   22.78832    0.14872    0.08208    8.56195   -0.32151   -0.13334   -0.13022    2.00000
 180.02596    0.01039   22.50284   22.22065    0.02797    0.01544   14.13103   -2.33975    1.12364   -1.20109    2.00000
 180.16522    0.21787   23.24492   22.87928    0.27343    0.15092    7.85450    1.42383   -0.58386   -1.47361    2.00000
 180.02171   -0.00089   23.43692   23.04263    0.02174    0.01200    6.70090   -1.57615    0.21509   -2.94069    2.00000
 180.07539    0.08787   23.48287   23.08150    0.11578    0.06390    6.50517    2.19551   -1.33402    1.16891    2.00000
 180.06972   -0.09100   22.07129   21.82328    0.11463    0.06327   19.92747   -0.16201   -0.48123    0.17181    2.00000
 180.00607    0.01976   22.82979   22.51449    0.02067    0.01141   10.69188   -1.05671    0.64358   -4.23041    2.00000
 179.94463   -0.00536   22.40852   22.13445    0.05563    0.03070   15.15746   -0.37015   -1.87511   -1.67817    2.00000
 179.93045   -0.05480   23.55854   23.14554    0.08854    0.04887    6.18278    0.72701   -1.95338    1.18386    2.00000
 179.99898   -0.02240   22.03110   21.78585    0.02242    0.01238   20.59853   -2.85840    1.44847   -1.17908    2.00000
 180.02531    0.03007   23.06821   22.72539    0.03930    0.02169    9.05149    1.38996    0.32758    2.64687    2.00000
 180.06740   -0.02269   21.97081   21.72972    0.07111    0.03925   21.60512   -4.91182   -1.55665   -7.55792    2.00000
 179.93546    0.04189   22.75732   22.44971    0.07695    0.04247   11.40338   -2.22041   -3.76117   -7.96992    2.00000
 179.89857    0.04875   21.86708   21.63276    0.11254    0.06211   23.34378   -0.19653   -0.51521   -1.32845    2.00000
 180.06093    0.00906   23.17665   22.82001    0.06160    0.03400    8.31552   -0.11439    0.28387    1.57990    2.00000
 179.98953    0.00863   21.53939   21.31938    0.01357    0.00749   30.47575   -2.21954   -0.40267   -2.07760    2.00000
 180.07816    0.01432   22.21015   21.95191    0.07945    0.04385   17.62086   -0.71195    0.90829    0.43992    2.00000
 180.10361    0.10951   20.76117   20.34530    0.15075    0.08320   65.58746    0.45862   -1.33353   -0.79265    2.00000
 180.01630   -0.08740   23.45584   23.05863    0.08891    0.04907    6.62030    0.08764   -2.08216    3.67142    2.00000
 179.97992   -0.00509   22.04755   21.80116    0.02071    0.01143   20.32401    0.13408    0.63658    1.27347    2.00000
 179.91092   -0.05178   23.35266   22.97125    0.10304    0.05687    7.13912    1.70541    1.48495    8.55234    2.00000
 179.93977    0.01785   23.57401   23.15853    0.06281    0.03466    6.11737   -1.80771   -0.97236   -4.80287    2.00000
 180.04095    0.04737   22.46769   22.18861    0.06262    0.03456   14.51250   -0.68063    0.98405    2.17068    2.00000
 179.95187    0.00266   21.80449   21.57408    0.04820    0.02660   24.39612   -2.72931    2.16058    0.26102    2.00000
 180.13284   -0.02888   23.23517   22.87081    0.13595    0.07503    7.92036    3.09365   -0.52908    3.78251    2.00000
 179.93987    0.01244   18.04111   18.06623    0.06140    0.03389  276.69000   -6.44760    0.29831   -6.05815    2.00000
 180.06654   -0.10138   22.35571   22.08580    0.12126    0.06693   15.73676    4.15004   -2.54310    0.24603    2.00000
 179.98563   -0.11615   22.29498   22.02987    0.11704    0.06460   16.40276    5.58900    0.06642    5.78047    2.00000
 179.93233   -0.03447   21.85347   21.62001    0.07595    0.04192   23.57255   -1.47925   -1.29095   -2.22797    2.00000
 180.18459    0.15079   22.55933   22.27209    0.23834    0.13155   13.51848   -0.14409   -2.40541   -3.37972    2.00000
 180.00305    0.00083   23.08501   22.74007    0.00316    0.00174    8.93726    2.28924    0.63335    1.13079    2.00000
 180.00114   -0.06466   23.23273   22.86869    0.06467    0.03569    7.93683    4.65465   -1.18714    4.86207    2.00000
 180.03571   -0.03566   22.56715   22.27912    0.05047    0.02785   13.43476   -0.86156    0.53847    0.37254    2.00000
 180.22159   -0.38169   23.04181   22.70231    0.44135    0.24359    9.23099   -7.02852   -2.47900  -13.92542    2.00000
 179.99455   -0.00619   22.68452   22.38458    0.00824    0.00455   12.17895    1.29337    1.07581    4.22042    2.00000
 180.06219   -0.09377   21.86708   21.63276    0.11252    0.06210   23.34378    0.07529    2.55473    2.93301    2.00000
 179.92805   -0.00287   23.04181   22.70231    0.07200    0.03974    9.23099   -1.77528    3.79891    3.49584    2.00000
 180.08347    0.05571   23.08261   22.73797    0.10035    0.05538    8.95358    2.61054    2.12801    4.80834    2.00000
 179.96535    0.07756   23.54773   23.13639    0.08495    0.04689    6.22884   -3.51580    0.78897   -6.06017    2.00000
 180.07169    0.01638   22.85588   22.53774    0.07352    0.04058   10.51106    4.07514   -4.40514    0.08483    2.00000
 179.95673   -0.03982   22.86631   22.54704    0.05881    0.03246   10.43873   -3.66879    1.95460   -2.34570    2.00000
 179.68008    0.22692   23.43422   23.04034    0.39223    0.21648    6.71241    7.66139    0.61352    6.44540    2.00000
 179.86252   -0.03024   21.23467   21.00264    0.14077    0.07769   38.80729    3.55002   -1.36344    1.86364    2.00000
 180.07944    0.02367   21.59756   21.37529    0.08288    0.04575   29.00506   -1.17672   -1.08199   -3.37732    2.00000
 180.02657    0.02601   23.77708   23.32718    0.03719    0.02052    5.26830   -1.17230   -0.30752   -6.18619    2.00000
 180.01082    0.00702   22.40852   22.13445    0.01290    0.00712   15.15746   -0.54115    0.81697    1.17198    2.00000
 179.87604    0.00420   23.02500   22.68763    0.12403    0.06845    9.34521    2.85775   -1.93632    0.17762    2.00000
 180.03030   -0.04565   23.32000   22.94358    0.05479    0.03024    7.35434    1.94598    1.36298   -0.44476    2.00000
 180.04475    0.05527   22.60106   22.30959    0.07113    0.03926   13.07197   -2.48670    1.96699   -0.07547    2.00000
 180.02104    0.02089   21.53939   21.31938    0.02965    0.01637   30.47575   -5.70503    1.65370   -3.76954    2.00000
 180.05701   -0.03722   23.55584   23.14325    0.06807    0.03757    6.19430   -3.59026   -1.44233    1.94557    2.00000
 180.03096   -0.01407   22.69496   22.39396    0.03400    0.01877   12.06724    3.84929   -3.49488    0.07294    2.00000
 180.10645    0.00183   23.53422   23.12495    0.10646    0.05876    6.28641   -4.39694   -1.97111   -1.30194    2.00000
 179.97963    0.07357   22.98457   22.65216    0.07634    0.04213    9.62105    0.66939    1.13949    1.67825    2.00000
 179.98492    0.05000   22.86631   22.54704    0.05223    0.02883   10.43873    4.64358   -0.57929    4.03506    2.00000
 180.03636    0.27491   23.53422   23.12495    0.27730    0.15305    6.28641   -8.88496   -0.38640   -2.09591    2.00000
 180.09624   -0.00310   21.62871   21.40522    0.09629    0.05314   28.21757   -1.38493    0.86219   -1.07184    2.00000
 179.90968    0.11933   17.90247   17.92002    0.14965    0.08259  299.45380   -1.69643    0.09493   -1.63436    2.00000
 179.97348   -0.16259   23.77470   23.32521    0.16474    0.09092    5.27820   -5.04756    2.81775    3.23087    2.00000
 180.12964   -0.14512   23.75803   23.31145    0.19460    0.10740    5.34747   -0.36618   -3.33198   -4.48577    2.00000
 180.54552   -0.06783   23.59329   23.17463    0.54972    0.30341    6.03630    1.30274   -0.59115   -1.73332    2.00000
 179.98549   -0.01731   23.46935   23.07007    0.02259    0.01247    6.56273    2.54083    0.76974   -3.18854    2.00000
 180.02048   -0.01407   21.70067   21.47457    0.02485    0.01371   26.39342    1.88177   -2.74830   -1.49717    2.00000
 180.10561   -0.00570   23.22054   22.85811    0.10575    0.05837    8.01915   -4.07702   -1.48281   -4.36802    2.00000
 180.00562    0.09891   23.20347   22.84329    0.09907    0.05468    8.13441   -2.39305    3.65850    4.73205    2.00000
 179.98329    0.00137   21.39548   21.17238    0.01677    0.00925   34.34245   -0.94166   -1.22284   -2.59087    2.00000
 179.97284    0.01649   22.65844   22.36115    0.03177    0.01754   12.45802    0.91763    1.76313    0.67721    2.00000
 179.87167    0.04694   22.85588   22.53774    0.13665    0.07542   10.51106    1.84549    0.49742    3.18517    2.00000
 180.01488    0.00670   21.73507   21.50774    0.01631    0.00900   25.58573   -0.30856    0.48208    0.31976    2.00000
 180.01031   -0.04084   22.91847   22.59353    0.04212    0.02325   10.07709    1.15260   -0.72044    1.77102    2.00000
 180.15190   -0.10728   23.37443   22.98970    0.18596    0.10264    6.99564   -7.29146   -2.29258  -15.92012    2.00000
 179.94540   -0.01717   23.01473   22.67862    0.05723    0.03158    9.41523   -4.55160   -3.39277   -9.15860    2.00000
 179.86510    0.00575   22.95238   22.62375    0.13502    0.07452    9.84203    3.19840    2.34495    5.33750    2.00000
 180.03922    0.04754   23.09941   22.75266    0.06163    0.03401    8.83936   -2.68559    0.52101   -1.38601    2.00000
 180.02614   -0.00697   22.54737   22.26123    0.02705    0.01493   13.64784    3.00673   -1.59386    2.23608    2.00000
 179.94002    0.69852   23.75565   23.30949    0.70109    0.38696    5.35737    1.34015   -0.50760    3.16055    2.00000
 180.11217    0.07035   22.84023   22.52379    0.13240    0.07307   10.61955    1.45966    0.74729    0.35959    2.00000
 179.92107   -0.02198   23.25711   22.88986    0.08193    0.04522    7.77218   -2.66833    1.50848   -4.42234    2.00000
 179.89735   -0.01024   22.80722   22.49432    0.10315    0.05693   10.87225    5.02323    0.13436    6.66326    2.00000
 179.93729    0.01995   23.43152   23.03805    0.06581    0.03632    6.72392    0.76565   -0.66971   -1.10173    2.00000
 180.08812   -0.01361   21.56057   21.33974    0.08916    0.04921   29.94020   -2.67673   -0.64018   -4.06492    2.00000
 180.11435    0.12038   23.83900   23.37828    0.16603    0.09164    5.01101   -1.51652    1.52236   -1.56254    2.00000
 179.95824   -0.04632   22.08994   21.84102    0.06236    0.03442   19.60937   -0.88587   -0.49250   -0.59407    2.00000
 179.96710    0.04115   23.28190   22.91130    0.05269    0.02908    7.60543   -4.71641   -0.56430   -5.51296    2.00000
 180.06599   -0.05441   23.43962   23.04491    0.08553    0.04721    6.68938   -3.08964   -1.34616   -5.45876    2.00000
 179.96021    0.04568   23.59811   23.17866    0.06057    0.03343    6.01603    4.92395   -1.78718    3.15348    2.00000
 179.95456   -0.02454   21.31538   21.08885    0.05165    0.02850   36.53954    4.35864   -2.94454    1.50281    2.00000
 179.91251   -0.01100   22.33171   22.06369    0.08819    0.04867   16.00007    0.60570    3.00992    3.22221    2.00000
 179.98540   -0.00177   21.79088   21.56132    0.01471    0.00812   24.62489    5.68632    0.96728    7.33551    2.00000
 179.95644   -0.22774   23.10661   22.75895    0.23187    0.12798    8.79040   -2.56732   -0.27375   -5.54639    2.00000
 180.04811    0.06051   22.38212   22.11012    0.07730    0.04267   15.44711   -1.01383   -0.98063   -1.92459    2.00000
 179.96175   -0.00237   23.53692   23.12724    0.03833    0.02115    6.27489    0.61415    1.59900    3.30926    2.00000
 180.03932   -0.03074   23.14502   22.79252    0.04991    0.02755    8.52932    4.16663    1.10328    4.46930    2.00000
 180.02510    0.07298   18.09327   18.10422    0.07718    0.04260  271.45679   -1.50813   -0.06602   -1.54226    2.00000
 179.94777   -0.02836   23.71680   23.27733    0.05943    0.03280    5.51926   -2.83835    3.03525    0.23930    2.00000
 179.99522    0.04773   23.23760   22.87293    0.04797    0.02647    7.90390    4.52585   -0.18700    1.11605    2.00000
 180.10579    0.09500   22.44660   22.16939    0.14219    0.07848   14.74138   -4.50203   -0.71446   -3.52818    2.00000
 179.97293   -0.12908   23.53692   23.12724    0.13189    0.07279    6.27489   -2.46955   -1.29117   -0.87181    2.00000
 179.89275    0.01198   22.02836   21.78330    0.10792    0.05956   20.64429    1.73052    0.62586    3.14796    2.00000
 179.99484    0.07474   23.25955   22.89198    0.07492    0.04135    7.75571    1.16010    1.02487    1.28654    2.00000
 179.99883   -0.02564   23.30639   22.93205    0.02567    0.01417    7.44401   -5.34444   -4.61415  -10.95370    2.00000
 180.02611    0.00744   21.06420   20.79945    0.02715    0.01499   46.39272   -3.02576   -2.03873   -4.68194    2.00000
 179.98848   -0.02095   23.37443   22.98970    0.02391    0.01320    6.99564   -0.71361   -0.78254    0.12750    2.00000
 180.17619   -0.03123   22.38692   22.11455    0.17893    0.09876   15.39445   -3.23377   -1.12083   -4.55338    2.00000
 180.02736    0.02032   22.66626   22.36818    0.03408    0.01881   12.37430    3.98722    0.70088    5.10949    2.00000
 179.98560   -0.00439   23.20835   22.84753    0.01507    0.00832    8.10148   -3.42199    3.83907   -3.17448    2.00000
 179.96979    0.00100   23.71493   23.27578    0.03024    0.01669    5.52706    0.05379   -0.58000   -1.04157    2.00000
 180.00565    0.02241   22.09459   21.84544    0.02311    0.01275   19.53006    4.00319   -2.58911    0.96100    2.00000
 179.96548   -0.01393   23.03941   22.70021    0.03722    0.02055    9.24730   -2.28065   -0.36629   -3.79766    2.00000
 179.93571    0.01146   23.10181   22.75476    0.06529    0.03604    8.82304   -1.06547    3.78338    2.90761    2.00000
 179.99945    0.03071   19.20997   18.68078    0.03072    0.01695  196.94743   -1.95942   -2.51664   -4.57029    2.00000
 179.95888   -0.00642   23.82709   23.36845    0.04161    0.02297    5.06049   -1.79520   -0.76802   -4.26612    2.00000
 179.95731   -0.01060   22.45128   22.17366    0.04400    0.02428   14.69052   -3.60083   -1.30921   -4.93971    2.00000
 180.01959    0.08404   22.46066   22.18220    0.08630    0.04763   14.58880   -0.37024   -0.76344    0.06938    2.00000
 179.94162    0.02927   23.13782   22.78623    0.06531    0.03604    8.57827   -5.01526    0.33371   -2.38933    2.00000
 180.03790    0.01490   22.24357   21.98262    0.04073    0.02248   17.07011    3.74842    0.51421    3.42060    2.00000
 180.03728   -0.02369   21.71125   21.48478    0.04416    0.02437   26.12496    0.79246   -1.68360   -1.36656    2.00000
 179.99698   -0.02058   21.92970   21.69145    0.02080    0.01148   22.29143   -0.94892   -5.50153   -7.25823    2.00000
 180.04128    0.00882   23.16202   22.80731    0.04220    0.02329    8.41431   -2.96776   -3.79598   -0.95376    2.00000
 179.91400    0.01042   21.02928   20.75341    0.08663    0.04781   48.11816    1.89633    1.28053    3.36905    2.00000
 179.77939    0.00580   22.09304   21.84396    0.22069    0.12180   19.55650    0.59734    1.29202    2.35372    2.00000
 180.00916   -0.02178   22.59323   22.30256    0.02363    0.01304   13.15569    3.35208    0.04737    2.54583    2.00000
 179.95621    0.01901   23.78422   23.33307    0.04775    0.02636    5.23861    3.51231    0.90009    6.37564    2.00000
 180.09390   -0.04716   23.48557   23.08379    0.10508    0.05800    6.49365    1.84872   -1.14475   -0.62241    2.00000
 179.89328    0.04273   22.75732   22.44971    0.11496    0.06345   11.40338   -2.00172   -0.87057   -5.53355    2.00000
 179.98930    0.00614   22.86631   22.54704    0.01233    0.00680   10.43873   -3.27082   -1.22087   -5.36374    2.00000
 179.98553    0.02520   23.36354   22.98047    0.02906    0.01604    7.06738    1.28637   -0.59096   -1.10376    2.00000
 179.90839   -0.02062   22.94456   22.61678    0.09391    0.05183    9.89627   -2.35574    0.06470   -3.37164    2.00000
 179.98315    0.00827   23.42611   23.03348    0.01876    0.01035    6.74695   -1.34004   -1.29749    2.48242    2.00000
 180.00977   -0.04784   22.66626   22.36818    0.04883    0.02695   12.37430   -5.27586   -0.38142   -7.27811    2.00000
 179.97713   -0.07418   22.25642   21.99443    0.07762    0.04284   16.85829    4.29880    0.22161    3.88818    2.00000
 180.33578   -0.22307   22.88978   22.56796    0.40313    0.22250   10.27600   -1.77968   -0.22630   -3.14223    2.00000
 179.98849    0.02339   20.62142   20.17563    0.02606    0.01439   74.33123   -1.76999    0.05884   -1.85218    2.00000
 180.00768   -0.03790   21.30122   21.07377    0.03867    0.02134   36.93627   -0.54671   -0.90520   -1.04341    2.00000
 179.97981   -0.01578   22.44894   22.17153    0.02562    0.01414   14.71595   -5.92458    0.07023   -3.99125    2.00000
 179.98952    0.05742   21.95163   21.71186    0.05837    0.03221   21.92540    3.53507    0.03112    4.14114    2.00000
 180.15198    0.05296   23.44233   23.04720    0.16095    0.08883    6.67787    0.06087    3.08377    3.97259    2.00000
 180.01352   -0.05572   21.18152   20.94181    0.05734    0.03165   41.05765    0.84121    0.64167    2.36907    2.00000
 179.87514    0.09307   20.82468   20.43279    0.15574    0.08595   61.07889   -1.39104    3.54422    1.86589    2.00000
 180.06673    0.07892   21.79904   21.56898    0.10335    0.05704   24.48763    2.99130   -1.27089    1.49571    2.00000
 179.93594    0.01433   23.72428   23.28353    0.06563    0.03623    5.48805    2.13726    0.28842    2.38371    2.00000
 180.11549    0.14036   20.76979   20.35652    0.18177    0.10033   65.00891   -0.49206    0.80419    0.35188    2.00000
 180.00256   -0.01925   23.77232   23.32325    0.01942    0.01072    5.28809   -0.51247   -1.81244   -2.35904    2.00000
 180.02892   -0.02426   22.65061   22.35412    0.03774    0.02083   12.54174    2.92710    0.47110    2.87087    2.00000
 180.02795    0.07226   22.73986   22.43410    0.07748    0.04276   11.58928    0.03026    1.05146   -0.81286    2.00000
 179.98923   -0.01680   23.63506   23.20952    0.01996    0.01102    5.86065    0.66208    2.37595    6.93871    2.00000
 179.94710   -0.06061   22.28470   22.02042    0.08045    0.04440   16.51529   -1.03130    0.88612    1.16691    2.00000
 179.97128   -0.02515   23.50449   23.09980    0.03816    0.02106    6.41306    0.06502   -0.61938    0.23284    2.00000
 179.95888   -0.06236   21.09921   20.84320    0.07470    0.04123   44.75307    1.71932    2.05799    3.36446    2.00000
 180.05394   -0.07100   23.58687   23.16926    0.08916    0.04921    6.06332   -1.36860    1.29006   -2.08918    2.00000
 180.06685    0.04848   22.90804   22.58423    0.08258    0.04558   10.14942    1.22305    4.67280    8.12067    2.00000
 179.95540   -0.10040   23.78184   23.33111    0.10986    0.06063    5.24851    1.62296    3.19035    2.59902    2.00000
 180.19286    0.00945   21.32347   21.09747    0.19309    0.10657   36.31284    1.87250   -1.97041   -0.08788    2.00000
 180.25391    0.05636   22.78227   22.47202    0.26008    0.14354   11.13782   -0.65013   -1.54607   -2.01859    2.00000
 180.05927    0.05997   23.03460   22.69602    0.08432    0.04654    9.27994    0.51072    0.01039   -0.09771    2.00000
 180.03918    0.01263   23.78899   23.33700    0.04117    0.02272    5.21882   -1.18584    4.44453    2.17607    2.00000
 180.05647    0.04143   22.10156   21.85207    0.07004    0.03865   19.41110   -4.05327    1.04923   -1.42669    2.00000
 179.99338   -0.11652   23.60936   23.18805    0.11671    0.06441    5.96874    1.07583    1.73477   -0.58800    2.00000
 179.91162    0.03754   23.76993   23.32128    0.09602    0.05300    5.29799   -2.35763   -1.28617   -1.67875    2.00000
 180.24377    0.07200   23.37715   22.99200    0.25419    0.14030    6.97770    5.33968   -0.86661    9.09738    2.00000
 179.84305   -0.03141   21.40591   21.18304    0.16006    0.08834   34.06205    0.20197   -2.33945   -1.58631    2.00000
 180.06540    0.01099   21.98726   21.74503    0.06632    0.03660   21.33060    3.60935    0.72214    2.81995    2.00000
 179.97826    0.05851   23.38259   22.99661    0.06243    0.03445    6.94184    2.90998   -1.76442    0.62214    2.00000
 179.99994    0.18478   23.75565   23.30949    0.18478    0.10198    5.35737   -1.34762   -3.86743  -11.30956    2.00000
 179.99599    0.02447   20.80426   20.40143    0.02480    0.01369   62.69471   -0.51573    2.29675    1.65994    2.00000
 179.99074   -0.01186   21.34369   21.11902    0.01504    0.00830   35.74609   -4.73228   -0.03884   -5.18397    2.00000
 179.96222    0.04200   22.49347   22.21210    0.05649    0.03118   14.23276    2.22813    3.73772    4.06054    2.00000
 179.97897   -0.05188   22.70992   22.40734    0.05598    0.03090   11.90796    1.82977   -1.25365    2.88009    2.00000
 180.03175   -0.03296   22.96020   22.63073    0.04577    0.02526    9.78778    5.10302    2.61407   10.17649    2.00000
 180.03116   -0.03684   22.68713   22.38693    0.04825    0.02663   12.15104   -1.76780   -1.19349   -3.49623    2.00000
 179.98074   -0.10042   22.46769   22.18861    0.10225    0.05643   14.51250   -0.19275    4.14815    2.12725    2.00000
 180.04340    0.01525   22.23843   21.97789    0.04599    0.02538   17.15484   -2.15639    3.03463    0.29734    2.00000
 180.16336    0.04911   22.90282   22.57958    0.17059    0.09415   10.18559    2.29473    3.94480    6.41113    2.00000
 179.99074   -0.03285   23.05861   22.71700    0.03413    0.01884    9.11676    0.86933    0.35942    4.74998    2.00000
 180.02649    0.09123   23.65880   23.22929    0.09500    0.05243    5.76114   -4.39753    0.85975   -6.19433    2.00000
 180.05128    0.02877   21.97355   21.73227    0.05880    0.03245   21.55937    4.20542    1.17853    5.48614    2.00000
 180.09372    0.03323   23.83423   23.37435    0.09944    0.05488    5.03080   -3.30801   -0.75382    1.08931    2.00000
 180.03825    0.05174   22.32691   22.05926    0.06434    0.03551   16.05273    1.36449    0.40908    3.20935    2.00000
 179.98743    0.01654   23.49368   23.09065    0.02077    0.01147    6.45911    0.30159   -2.19389   -5.46600    2.00000
 180.00157   -0.04109   23.79613   23.34290    0.04112    0.02269    5.18913    4.41450    1.06081    0.26536    2.00000
 180.02321   -0.04693   23.79613   23.34290    0.05236    0.02890    5.18913   -2.12343    2.27603   -2.05190    2.00000
 179.96992    0.00176   22.42532   22.14993    0.03012    0.01663   14.97314    4.13847    1.60598    6.25248    2.00000
 179.96268   -0.00079   21.32549   21.09962    0.03734    0.02061   36.25617   -0.69556   -0.16992   -0.42124    2.00000
 179.98689    0.04399   21.72184   21.49498    0.04590    0.02533   25.85649    1.37936    3.52540    4.07066    2.00000
 179.95166    0.21714   23.55854   23.14554    0.22246    0.12278    6.18278    3.43055   -2.39600    3.41975    2.00000
 180.00346    0.11011   18.48524   17.90726    0.11017    0.06080  301.63028    5.08183    0.90207    5.95449    2.00000
 180.04478    0.00420   23.43422   23.04034    0.04497    0.02482    6.71241    3.40830   -2.64119   -2.35785    2.00000
 179.98553    0.06483   22.40132   22.12781    0.06642    0.03666   15.23646    0.89982    2.00538    2.83215    2.00000
 180.05893    0.03959   22.13780   21.88557    0.07100    0.03919   18.81038   -3.89278   -2.57019   -6.16730    2.00000
 180.00211    0.05024   22.99211   22.65878    0.05029    0.02776    9.56959   -0.85842    0.55109   -4.70133    2.00000
 180.14359    0.00603   23.49368   23.09065    0.14371    0.07932    6.45911    3.46269   -1.36549    4.08257    2.00000
 179.98888   -0.05440   22.67409   22.37521    0.05553    0.03065   12.29058   -6.43015   -2.79831   -7.64941    2.00000
 180.01929    0.04951   22.91065   22.58656    0.05313    0.02932   10.13134   -0.64865    2.03571   -0.57505    2.00000
 180.00841   -0.00926   23.51800   23.11123    0.01251    0.00690    6.35549    4.95502   -3.14964    5.78959    2.00000
 180.10265   -0.02298   23.75803   23.31145    0.10519    0.05806    5.34747   -3.87899   -2.63110  -10.33689    2.00000
 180.04980    0.01256   21.96807   21.72717    0.05137    0.02835   21.65088    0.73285    1.77877    0.12516    2.00000
 179.97768    0.01498   16.58718   15.77777    0.02689    0.01484  863.85272   -1.24165   -0.58236   -1.82287    2.00000
 180.06380    0.28373   23.69809   23.26183    0.29081    0.16051    5.59729   -3.80031   -2.49159  -13.00362    2.00000
 179.97478    0.06052   21.89974   21.66338    0.06556    0.03618   22.79473    3.97868    0.71824    4.95870    2.00000
 179.98959    0.04275   22.96493   22.63494    0.04400    0.02428    9.75504   -2.48363   -0.36448   -5.84039    2.00000
 180.00180    0.06976   23.68312   23.24943    0.06978    0.03851    5.65971   -2.61250    2.31392   -7.26918    2.00000
 179.99985   -0.05383   21.60535   21.38277    0.05383    0.02971   28.80818   -1.90892   -0.18212   -1.22913    2.00000
 179.91521   -0.10438   23.46125   23.06321    0.13448    0.07422    6.59727    0.27442   -1.71111    0.50765    2.00000
 180.00935   -0.00041   22.30526   22.03932    0.00937    0.00517   16.29024    0.11791   -0.16179   -0.03070    2.00000
 179.96935   -0.01669   23.37443   22.98970    0.03490    0.01926    6.99564    1.31060    1.27775    6.34695    2.00000
 180.02541    0.00720   23.02012   22.68335    0.02641    0.01457    9.37848    4.83572    4.13480    9.03674    2.00000
 180.04292    0.19326   21.25471   21.02421    0.19797    0.10926   38.23980   -1.74879    2.14901    1.02837    2.00000
 180.01866   -0.03103   22.96733   22.63704    0.03621    0.01999    9.73865    0.41654    0.01287    2.20467    2.00000
 180.09499   -0.06029   23.47206   23.07236    0.11251    0.06210    6.55122    3.14687   -3.05696    1.21745    2.00000
 179.97820    0.03312   22.48175   22.20143    0.03965    0.02188   14.35991   -1.15674   -0.69963   -2.31100    2.00000
 180.01054    0.09492   18.68218   18.11830    0.09550    0.05271  269.51782   -2.76192   -3.18704   -5.88770    2.00000
 180.02580    0.00823   22.40372   22.13003    0.02709    0.01495   15.21013   -2.03632    0.07305   -3.05759    2.00000
 179.94589   -0.00003   21.14997   20.90489    0.05411    0.02986   42.44115   -0.23876   -1.88039   -1.85108    2.00000
 180.03088   -0.07067   22.00096   21.75779    0.07713    0.04257   21.10183   -0.98378    0.04529    0.82562    2.00000
 180.01128    0.03412   22.93673   22.60980    0.03593    0.01983    9.95052   -1.76327   -1.25416   -6.66388    2.00000
 179.95541    0.05019   23.63988   23.21355    0.06713    0.03705    5.84038    2.96737   -0.07504    3.72554    2.00000
 180.02122    0.00987   23.52881   23.12038    0.02341    0.01292    6.30943   -3.10117    0.07060    1.28959    2.00000
 179.94061    0.04326   23.31455   22.93897    0.07347    0.04055    7.39021    6.08109    1.97935   13.92407    2.00000
 180.05721   -0.09973   22.71990   22.41626    0.11497    0.06346   11.80173   -4.45901    0.82983   -3.53445    2.00000
 179.98428    0.01044   23.68312   23.24943    0.01886    0.01041    5.65971   -0.28807   -0.76763    0.81797    2.00000
 180.41747    0.08508   20.36709   19.89741    0.42605    0.23515   90.39823   -3.62037   -0.26225   -3.85274    2.00000
 179.95564    0.08342   22.28213   22.01806    0.09448    0.05214   16.54342    0.73576    0.92079    3.73825    2.00000
 179.97989    0.04440   23.83661   23.37632    0.04874    0.02690    5.02090   -2.71015   -0.94809   -1.03413    2.00000
 180.00211    0.01325   23.27418   22.90468    0.01342    0.00741    7.65693   -0.11909   -0.09280    0.36078    2.00000
 179.96112   -0.09119   22.15205   21.89859    0.09913    0.05471   18.57687   -6.16057    2.07452   -3.56025    2.00000
 179.81590    0.32074   23.21810   22.85599    0.36981    0.20411    8.03562   -4.86696   -3.37261   -5.26725    2.00000
 180.03517    0.00267   23.45314   23.05635    0.03527    0.01947    6.63182   -2.49819    0.12934   -1.10586    2.00000
 180.40251   -0.18126   23.18397   22.82636    0.44144    0.24364    8.26612    0.27206    2.59476    4.42572    2.00000
 180.00281    0.00600   23.05621   22.71490    0.00662    0.00365    9.13308    0.83893   -1.19795    0.78098    2.00000
 179.88988   -0.00567   22.33411   22.06590    0.11028    0.06087   15.97374   -2.90096    2.95492    0.10755    2.00000
 179.97234    0.02436   23.32544   22.94819    0.03686    0.02034    7.31847   -5.91221    0.54429   -5.23873    2.00000
 179.96552   -0.02308   23.67377   23.24168    0.04150    0.02290    5.69872    1.29389   -1.76277    1.21702    2.00000
 179.84888    0.20998   21.33965   21.11471    0.25871    0.14279   35.85944    0.41902   -3.42693   -3.52255    2.00000
 180.01340   -0.02908   17.95276   17.96983    0.03201    0.01767  290.95834   -8.71915    0.68028   -8.01971    2.00000
 179.95877    0.02103   22.28470   22.02042    0.04628    0.02554   16.51529    1.54469   -2.41060    0.24970    2.00000
 179.89993   -0.03643   23.43152   23.03805    0.10649    0.05877    6.72392    0.03025    1.08670   -0.06539    2.00000
 179.89523    0.11426   22.26670   22.00388    0.15503    0.08556   16.71221    5.72615   -0.11954    5.58523    2.00000
 180.05264   -0.02973   23.16446   22.80942    0.06046    0.03337    8.39784   -5.49363    0.65937   -5.47370    2.00000
 180.02110   -0.08735   23.49368   23.09065    0.08986    0.04960    6.45911   -0.81326   -2.37882   -0.44095    2.00000
 180.00793    0.01928   22.06399   21.81647    0.02085    0.01151   20.04948   -4.80527   -0.11599   -3.47101    2.00000
 180.00937   -0.01626   23.63185   23.20684    0.01877    0.01036    5.87416    4.00531    1.08032    1.95936    2.00000
 179.97147   -0.00621   22.03658   21.79096    0.02921    0.01612   20.50702    0.61250    1.01761    1.78304    2.00000
 180.05310    0.01504   22.99103   22.65783    0.05518    0.03046    9.57694    6.85526    0.78304    8.04547    2.00000
 179.92780   -0.04005   22.47003   22.19075    0.08258    0.04558   14.48707   -1.68270   -0.05131    0.33816    2.00000
 180.09998    0.03407   22.69234   22.39161    0.10562    0.05830   12.09523   -4.08545   -1.06383   -2.69084    2.00000
 180.06146   -0.13299   23.29278   22.92052    0.14652    0.08086    7.53369   -1.18472    0.42759   -4.05692    2.00000
 179.95602    0.01154   22.50753   22.22492    0.04546    0.02509   14.08017   -3.09092    2.80612    0.46036    2.00000
 180.00520   -0.01322   22.65844   22.36115    0.01421    0.00784   12.45802   -3.24236   -0.38352   -3.30264    2.00000
 180.03041    0.00012   23.11141   22.76315    0.03041    0.01679    8.75777   -1.70572    2.20534    3.47745    2.00000
 180.03477   -0.09188   21.90246   21.66593    0.09824    0.05422   22.74897   -0.17160   -1.72093   -1.02632    2.00000
 179.98474   -0.00893   22.54034   22.25482    0.01768    0.00976   13.72413    2.32900    1.19176    3.61267    2.00000
 180.03777    0.03760   22.22301   21.96372    0.05329    0.02941   17.40903   -0.40453    0.73317    1.20093    2.00000
 179.79729   -0.02907   20.73531   20.31162    0.20478    0.11302   67.32311    6.78513    1.20255    8.24896    2.00000
 179.99776   -0.12805   22.47003   22.19075    0.12807    0.07069   14.48707    3.80614    1.81361    4.79175    2.00000
 179.97939    0.00962   22.98887   22.65594    0.02275    0.01256    9.59164   -0.85908    1.20680   -2.11863    2.00000
 179.99063    0.02492   23.77470   23.32521    0.02662    0.01469    5.27820   -1.48913   -2.29780    3.83258    2.00000
 179.96230    0.05728   22.71242   22.40957    0.06858    0.03785   11.88140    0.07072   -0.05528   -0.05340    2.00000
 180.06358   -0.03251   23.14742   22.79462    0.07141    0.03941    8.51300    0.73674   -3.01978    1.19143    2.00000
 179.99966   -0.03989   22.20244   21.94482    0.03989    0.02202   17.74795   -0.16355    1.40433    0.23933    2.00000
 180.04689   -0.05096   23.65693   23.22774    0.06925    0.03822    5.76894    5.54631   -0.92926    3.61767    2.00000
 180.15479   -0.06897   23.36354   22.98047    0.16945    0.09352    7.06738   -0.59738    2.32984    1.23377    2.00000
 180.06291   -0.04537   21.63260   21.40897    0.07757    0.04281   28.11913   -0.56236   -4.86725   -4.75048    2.00000
 180.07986   -0.03532   23.76279   23.31538    0.08734    0.04820    5.32768   -1.64273   -0.14950    2.24721    2.00000
 179.98401    0.00465   21.75623   21.52815    0.01665    0.00919   25.21969    4.71986    1.63481    4.55347    2.00000
 180.07127   -0.01075   22.39892   22.12560    0.07209    0.03979   15.26279    2.01227   -0.65143   -0.05304    2.00000
 180.01077   -0.03517   21.82354   21.59194    0.03678    0.02030   24.07584   -2.99739   -1.13198   -4.84378    2.00000
 180.05341    0.06551   23.69809   23.26183    0.08452    0.04665    5.59729    0.97573    0.97895   -2.14630    2.00000
 179.96506    0.02528   22.67669   22.37755    0.04314    0.02381   12.26267   -0.58552   -1.98474    0.32353    2.00000
 180.07465    0.08840   23.13062   22.77993    0.11571    0.06386    8.62723   -3.98123   -1.30605   -5.98278    2.00000
 180.00111   -0.07261   23.45314   23.05635    0.07262    0.04008    6.63182   -2.21687    1.19296   -6.45124    2.00000
 180.00159    0.02337   22.37972   22.10791    0.02343    0.01293   15.47344    1.84483    1.11764    4.70505    2.00000
 179.96806   -0.11535   23.48017   23.07922    0.11969    0.06606    6.51668    6.88135   -2.46766    5.80288    2.00000
 180.02602   -0.03831   22.20501   21.94718    0.04631    0.02556   17.70559   -0.56877   -0.68317   -2.06985    2.00000
 179.90833   -0.02630   23.14262   22.79042    0.09536    0.05263    8.54564   -3.66429    1.11539   -6.24018    2.00000
 179.78149   -0.13853   21.22423   20.99134    0.25871    0.14279   39.20136    7.54134    2.48106    9.99356    2.00000
 180.01450   -0.04107   22.93151   22.60515    0.04355    0.02404    9.98668   -2.23302   -0.46382   -0.60292    2.00000
 180.02875    0.03101   23.63506   23.20952    0.04229    0.02334    5.86065    0.73007    1.28602   -2.37503    2.00000
 179.96156   -0.01513   23.19128   22.83271    0.04131    0.02280    8.21673   -1.23693   -0.33157   -1.70092    2.00000
 179.98186   -0.04739   22.45831   22.18007    0.05075    0.02801   14.61423    0.45410    0.83315    0.28774    2.00000
 179.97903    0.08099   23.73551   23.29283    0.08366    0.04617    5.44123   -3.23586    0.09672   -2.92818    2.00000
 179.94612    0.03613   22.86109   22.54239    0.06487    0.03581   10.47490   -0.78693    2.64107   -0.38761    2.00000
 180.00323    0.07858   22.01466   21.77055    0.07865    0.04341   20.87306   -1.66359    0.57749   -0.98008    2.00000
 180.03542   -0.05723   17.99399   17.91952    0.06730    0.03714  299.53873   -0.19388    4.91397    4.77483    2.00000
 179.98164    0.12608   22.99534   22.66161    0.12741    0.07032    9.54754   -3.67920   -1.72032   -3.28833    2.00000
 179.98427   -0.02875   23.53962   23.12953    0.03277    0.01809    6.26338    1.88636   -2.71502    2.10554    2.00000
 180.07759    0.06143   23.33905   22.95972    0.09897    0.05462    7.22879    2.80974   -0.60157    2.03462    2.00000
 179.98592   -0.02677   22.20758   21.94954    0.03025    0.01670   17.66322    0.21747    2.07700    2.25639    2.00000
 180.01517    0.00662   23.18884   22.83059    0.01655    0.00914    8.23320   -1.51345   -2.31038   -1.57298    2.00000
 179.71455   -0.01122   23.74868   23.30374    0.28567    0.15767    5.38631    3.47704   -1.08806    1.45411    2.00000
 179.91949   -0.01288   22.92369   22.59818    0.08153    0.04500   10.04093    5.80266   -1.87795    1.67158    2.00000
 180.14584    0.07253   22.09149   21.84249    0.16288    0.08990   19.58293   -5.35124   -0.29412   -5.92126    2.00000
 179.94585   -0.02553   23.71867   23.27888    0.05988    0.03305    5.51146   -0.29420    0.55276   -0.89595    2.00000
 180.04216    0.01002   23.64955   23.22162    0.04334    0.02392    5.79973   -0.12374   -1.06684   -4.61964    2.00000
 180.11285   -0.53298   23.67564   23.24323    0.54479    0.30069    5.69092    4.59707   -3.62182   10.34440    2.00000
 180.01176   -0.06927   21.95711   21.71696    0.07026    0.03878   21.83389   -0.25555   -1.89168   -1.10652    2.00000
 179.99133   -0.07124   22.76730   22.45863    0.07176    0.03961   11.29716   -4.17396    3.16667   -1.13910    2.00000
 179.99471   -0.01140   22.41332   22.13887    0.01257    0.00694   15.10480   -0.36743   -0.04782   -1.31218    2.00000
 179.86549   -0.03758   23.80566   23.35076    0.13965    0.07708    5.14955   -5.72399   -0.88928   -6.56783    2.00000
 179.98242    0.04649   23.72803   23.28663    0.04971    0.02743    5.47245    0.92839    0.57769    2.56034    2.00000
 179.97917    0.02235   21.43199   21.20969    0.03055    0.01686   33.36107    3.82350   -1.64673    2.61096    2.00000
 180.02773   -0.02880   22.83762   22.52146    0.03998    0.02206   10.63763    6.22881   -1.57998    3.63370    2.00000
 179.92474    0.00241   22.35811   22.08801    0.07529    0.04155   15.71042    0.44633   -2.27405   -0.72743    2.00000
 180.10542    0.01361   22.33651   22.06811    0.10630    0.05867   15.94741   -2.02564    1.47379   -3.63643    2.00000
 179.97755   -0.18862   22.12464   21.87355    0.18995    0.10484   19.02594    5.31139   -0.89768    4.91276    2.00000
 179.91685    0.08660   22.68713   22.38693    0.12005    0.06626   12.15104    8.10351    0.09954    7.54976    2.00000
 179.93965    0.01066   23.08741   22.74217    0.06128    0.03382    8.92095    4.44927   -1.12106   -0.04926    2.00000
 180.00070   -0.03020   23.55854   23.14554    0.03021    0.01667    6.18278    2.29203    3.24952    9.71020    2.00000
 180.10384   -0.02657   23.41798   23.02659    0.10717    0.05915    6.78163    3.43284    3.84005    7.08429    2.00000
 179.94177   -0.00161   23.10901   22.76105    0.05825    0.03215    8.77409   -0.11281    1.16760   -2.10419    2.00000
 180.01427   -0.01735   22.62453   22.33068    0.02246    0.01240   12.82081   -3.72935    0.33291   -2.95621    2.00000
 180.00299    0.03013   23.37443   22.98970    0.03027    0.01671    6.99564   -2.50778    0.67685    0.49847    2.00000
 180.01591    0.03407   23.81280   23.35666    0.03761    0.02076    5.11986    4.59680   -2.37340   -1.73504    2.00000
 180.08244   -0.03993   22.37492   22.10349    0.09160    0.05055   15.52610   -4.30728   -0.90433   -5.66068    2.00000
 180.02074   -0.03355   23.66628   23.23548    0.03944    0.02177    5.72993    3.03046   -2.26357   -3.30898    2.00000
 179.92444   -0.14132   23.81518   23.35863    0.16025    0.08845    5.10997   -5.42975    0.35409   -0.48747    2.00000
 180.01910   -0.05738   21.89702   21.66083    0.06047    0.03338   22.84048    0.26939    2.82426    2.91376    2.00000
 179.99373   -0.03803   22.82979   22.51449    0.03854    0.02127   10.69188   -4.21819    1.48006   -2.87484    2.00000
 180.04605   -0.02968   23.03701   22.69811    0.05479    0.03024    9.26362    5.96396   -1.52782    4.37245    2.00000
 180.11955   -0.03334   23.45044   23.05406    0.12412    0.06850    6.64333    1.35351   -1.34264    1.81302    2.00000
 180.06516    0.30657   20.79851   20.39395    0.31341    0.17298   63.08041   -6.11017   -1.16785   -7.05215    2.00000
 180.07066    0.05832   23.13542   22.78413    0.09162    0.05057    8.59459    6.26067    1.70076    7.09965    2.00000
 179.96841    0.16339   23.61578   23.19342    0.16641    0.09185    5.94172   -2.02636   -3.96936   -3.15233    2.00000
 180.11205   -0.06520   23.03701   22.69811    0.12963    0.07155    9.26362   -3.86485    2.17338   -4.66137    2.00000
 179.97194   -0.02471   17.95684   17.96805    0.03739    0.02064  291.26114   -0.16602    0.21251    0.04542    2.00000
 180.38116    0.42477   20.85432   20.47936    0.57072    0.31500   58.67898   -3.26782    3.10360   -0.28174    2.00000
 180.03372   -0.01610   23.61096   23.18939    0.03736    0.02062    5.96198   -1.21584   -0.13976   -1.19081    2.00000
 180.04980   -0.03321   21.49288   21.27190    0.05986    0.03304   31.72457   -5.32899   -3.07077   -7.86912    2.00000
 180.02325   -0.01059   23.33361   22.95511    0.02556    0.01411    7.26466    5.32588   -1.31057    3.77780    2.00000
 179.96722   -0.07053   23.82947   23.37042    0.07777    0.04292    5.05059   -5.61914    2.24207   -9.96958    2.00000
 179.99365    0.02206   21.82626   21.59449    0.02296    0.01267   24.03009    0.69170   -0.53941    0.43821    2.00000
 179.96172    0.10578   22.59584   22.30490    0.11250    0.06209   13.12778   -6.54222    2.70879   -5.72357    2.00000
 179.94044   -0.01203   21.04175   20.76985    0.06075    0.03353   47.50193   -3.46372    2.13968   -1.19214    2.00000
 180.08099    0.03970   22.54268   22.25695    0.09020    0.04978   13.69870    1.74798   -1.94994   -0.00009    2.00000
 179.99165    0.01212   21.99000   21.74758    0.01471    0.00812   21.28484    1.27201   -1.38280   -0.07818    2.00000
 179.92224   -0.06270   23.40165   23.01276    0.09989    0.05513    6.85129    2.28334   -0.12680    3.14597    2.00000
 180.12814    0.08982   21.76946   21.54091    0.15650    0.08637   24.99092    1.52662    1.40700    3.03927    2.00000
 180.00523    0.00259   23.53962   23.12953    0.00585    0.00323    6.26338   -2.36364    0.72836   -1.31663    2.00000
 179.94926   -0.00676   22.16082   21.90661    0.05118    0.02825   18.43317    0.56197    0.32357   -0.23722    2.00000
 179.94424    0.03831   23.04901   22.70860    0.06765    0.03734    9.18203   -2.45507    0.84602   -5.30135    2.00000
 180.06082   -0.25885   22.36051   22.09022    0.26590    0.14676   15.68409   -4.41314    0.98233   -3.14224    2.00000
 180.06319   -0.06656   23.33905   22.95972    0.09177    0.05065    7.22879   -2.21857    1.29498    3.26916    2.00000
 180.00693   -0.01961   23.02119   22.68429    0.02080    0.01148    9.37113   -1.04192    2.63898    2.81052    2.00000
 179.99576    0.04251   23.32816   22.95050    0.04272    0.02358    7.30053   -1.96899   -0.61173   -3.79877    2.00000
 180.01999    0.05662   23.12102   22.77154    0.06004    0.03314    8.69250    0.42371   -1.85296    4.59093    2.00000
 179.98354   -0.00305   22.76730   22.45863    0.01675    0.00925   11.29716   -0.14003    0.70377    0.04413    2.00000
 180.00481   -0.04382   23.51530   23.10895    0.04409    0.02433    6.36700    2.12302   -1.40461    1.09988    2.00000
 180.03117   -0.03144   22.26156   21.99916    0.04428    0.02444   16.77356    6.10297   -2.12232    3.89514    2.00000
 180.05000   -0.05880   22.62714   22.33302    0.07719    0.04260   12.79290    0.46131    0.01662   -0.35190    2.00000
 179.96889    0.07209   22.92891   22.60283    0.07852    0.04334   10.00477   -0.39834    0.50528   -0.29141    2.00000
 180.04416    0.07330   23.50179   23.09751    0.08557    0.04723    6.42457    2.93237   -0.40961    0.58210    2.00000
 179.99852    0.12307   23.78660   23.33504    0.12308    0.06793    5.22872    0.26353   -0.37813    2.71633    2.00000
 180.02151   -0.01945   23.22054   22.85811    0.02901    0.01601    8.01915   -1.37351    0.09059    1.83978    2.00000
 179.97433   -0.06486   23.40437   23.01506    0.06976    0.03850    6.83968   -2.92672   -2.04694   -4.10376    2.00000
 179.98743    0.01402   23.75327   23.30752    0.01883    0.01040    5.36726   -3.53885   -1.10201   -5.17939    2.00000
 179.97951   -0.04854   22.43722   22.16085    0.05269    0.02908   14.84311   -1.37472    3.28320    2.36386    2.00000
 179.96304   -0.04768   23.49098   23.08836    0.06032    0.03329    6.47062   -5.73204    1.69590    3.69502    2.00000
 179.84296   -0.19694   23.25711   22.88986    0.25189    0.13902    7.77218    2.09612    0.09937    2.15137    2.00000
 179.98384   -0.01311   21.71125   21.48478    0.02081    0.01149   26.12496   -0.22610    0.50038    0.24552    2.00000
 179.99146    0.00005   22.76730   22.45863    0.00855    0.00472   11.29716   -4.50722    0.33555   -4.19434    2.00000
 179.94218   -0.03100   22.75483   22.44748    0.06560    0.03620   11.42994   -0.00140   -2.30913   -3.91830    2.00000
 180.01216   -0.03574   23.50449   23.09980    0.03776    0.02084    6.41306   -0.52798    0.72933   -0.98224    2.00000
 180.04568    0.08526   23.03220   22.69392    0.09673    0.05339    9.29626   -2.66599   -1.56947   -0.43045    2.00000
 179.97037   -0.06297   22.25642   21.99443    0.06959    0.03841   16.85829   -0.75217    0.43272    1.54423    2.00000
 180.18855    0.01608   23.49098   23.08836    0.18924    0.10445    6.47062   -3.88302    0.78171   -3.14014    2.00000
 179.96700    0.16478   23.46395   23.06550    0.16805    0.09275    6.58576    1.57146    0.79901    0.33883    2.00000
 179.83328    0.09444   23.58687   23.16926    0.19160    0.10575    6.06332   -4.48212    0.38789   -2.37113    2.00000
 179.98866    0.00659   23.54773   23.13639    0.01311    0.00724    6.22884    0.10640   -2.46337   -1.50526    2.00000
 180.00351   -0.05268   23.62542   23.20147    0.05280    0.02914    5.90118   -0.85416   -2.33736   -4.61110    2.00000
 180.03624    0.05702   23.03460   22.69602    0.06756    0.03729    9.27994    3.65135   -3.41251    1.48181    2.00000
 179.94397   -0.03018   23.67002   23.23858    0.06364    0.03513    5.71433    1.85033   -6.40507   -1.07626    2.00000
 180.10089   -0.01003   21.33358   21.10824    0.10139    0.05596   36.02946    4.59640    2.53174    7.22367    2.00000
 180.01221   -0.00124   18.46141   17.88161    0.01226    0.00677  306.00369    1.13359   -0.91915    0.17583    2.00000
 179.98557    0.00035   21.85075   21.61746    0.01443    0.00797   23.61830   -0.79404   -2.22369   -2.52568    2.00000
 179.91132    0.04290   23.36626   22.98278    0.09852    0.05438    7.04944    1.03090    2.85848    3.30399    2.00000
 180.01508   -0.01703   22.63757   22.34240    0.02274    0.01255   12.68127    0.56960   -2.31193   -1.25727    2.00000
 180.00362    0.01576   23.32544   22.94819    0.01617    0.00893    7.31847    0.94989    1.44361    4.36901    2.00000
 180.30634    0.11357   22.93412   22.60748    0.32670    0.18032    9.96860    2.66935   -1.82629   -0.58522    2.00000
 179.97307   -0.02321   21.85347   21.62001    0.03555    0.01962   23.57255    3.76438   -1.01680    2.96506    2.00000
 179.67970    0.15534   23.39892   23.01045    0.35598    0.19647    6.86289    5.87642   -0.34665    5.51491    2.00000
 179.95158   -0.05480   22.52394   22.23987    0.07312    0.04036   13.90215   -1.83693    1.67715    1.85111    2.00000
 180.00244    0.02358   20.93708   20.61776    0.02370    0.01308   53.20195   -2.99844    2.52449   -0.74336    2.00000
 179.98695    0.00558   22.59323   22.30256    0.01419    0.00783   13.15569    4.68076   -6.18636   -1.39216    2.00000
 179.97314    0.02971   22.76481   22.45640    0.04005    0.02211   11.32371    0.07827   -2.23092   -3.03054    2.00000
 180.06313    0.22178   23.73738   23.29438    0.23059    0.12727    5.43343   -2.11564    0.49720    2.11628    2.00000
 180.00461   -0.12578   21.07830   20.81780    0.12587    0.06947   45.70504    3.82428    1.06536    5.10239    2.00000
 180.02068    0.00508   22.21529   21.95663    0.02128    0.01175   17.53613    4.57365   -2.19264    4.56693    2.00000
 180.66115   -0.49098   23.24736   22.88139    0.82351    0.45454    7.83804   -1.19163    2.62220   -1.73172    2.00000
 179.99358   -0.02644   23.33361   22.95511    0.02721    0.01502    7.26466    2.53342   -0.91203    2.74613    2.00000
 180.01385   -0.04518   22.75732   22.44971    0.04726    0.02608   11.40338    1.38711    0.36239    3.07553    2.00000
 180.02145   -0.02991   23.38532   22.99892    0.03681    0.02031    6.92390    1.31168   -0.04377    3.43157    2.00000
 180.11118   -0.00485   22.93934   22.61213    0.11128    0.06142    9.93244   -1.75253    3.74128    3.34969    2.00000
 179.97606    0.02558   23.60293   23.18268    0.03503    0.01933    5.99576    1.28837    0.97583   -4.41824    2.00000
 180.00696    0.00276   22.14437   21.89158    0.00748    0.00413   18.70261    2.92033   -3.67921   -0.46978    2.00000
 180.06461    0.05764   21.93793   21.69910    0.08657    0.04778   22.15417   -3.83917   -1.75156   -6.74703    2.00000
 180.01192    0.01190   22.71491   22.41180    0.01684    0.00930   11.85484   -2.22677   -3.10037   -6.80941    2.00000
 180.00005   -0.00076   23.44233   23.04720    0.00076    0.00042    6.67787    0.43966    2.51698    5.34969    2.00000
 179.94849    0.06757   22.45597   22.17793    0.08496    0.04689   14.63966   -5.79234    1.00183   -5.40456    2.00000
 180.00528   -0.00240   22.69496   22.39396    0.00580    0.00320   12.06724   -1.41298    1.47801   -1.31040    2.00000
 179.99919    0.02648   22.87935   22.55866    0.02649    0.01462   10.34832   -0.30829    4.01444    4.26937    2.00000
 180.00127   -0.02669   21.83170   21.59960    0.02672    0.01475   23.93858   -4.77268   -0.61782   -5.62213    2.00000
 180.05981   -0.01896   21.08428   20.82506    0.06274    0.03463   45.43305   -2.04197    2.65612    0.77554    2.00000
 180.08037    0.04009   21.80721   21.57663    0.08981    0.04957   24.35037    1.51595    0.18240    2.40207    2.00000
 179.67442    0.03565   21.97629   21.73482    0.32752    0.18076   21.51361   -3.97413    2.29834   -1.88653    2.00000
 179.95465    0.00931   23.14262   22.79042    0.04629    0.02555    8.54564   -1.08501    1.85111   -1.72536    2.00000
 180.04672   -0.06548   21.92970   21.69145    0.08044    0.04439   22.29143    2.57723    0.23743    3.16835    2.00000
 180.02615    0.06457   22.29755   22.03223    0.06967    0.03845   16.37463   -1.11116    4.72771    4.24932    2.00000
 179.98665    0.02758   23.74112   23.29748    0.03064    0.01691    5.41783   -5.92620   -0.15124   -4.92637    2.00000
 180.00133   -0.16362   23.45584   23.05863    0.16362    0.09031    6.62030   -2.61187    2.13218    5.69037    2.00000
 180.01500   -0.01577   20.71061   20.28144    0.02176    0.01201   68.87858   -4.53680    0.69457   -3.72760    2.00000
 179.96924    0.00355   22.45831   22.18007    0.03096    0.01709   14.61423    3.23881   -2.84626   -1.69072    2.00000
 179.94231   -0.00549   23.76041   23.31342    0.05796    0.03199    5.33757   -6.98071   -2.70951   -3.17406    2.00000
 179.98689   -0.02530   23.09941   22.75266    0.02850    0.01573    8.83936   -1.51548    1.16732   -0.31658    2.00000
 180.03737   -0.11833   22.72988   22.42518    0.12409    0.06849   11.69551    0.98141    1.51387   -0.33402    2.00000
 180.04886   -0.00514   22.55933   22.27209    0.04913    0.02712   13.51848   -4.00350   -0.64791   -4.52268    2.00000
 180.06148   -0.07461   23.09221   22.74637    0.09668    0.05336    8.88831    1.30490   -1.07469    5.78604    2.00000
 180.03873   -0.02657   21.33358   21.10824    0.04697    0.02592   36.02946    4.82413    0.87505    5.31619    2.00000
 180.06065   -0.04407   23.75088   23.30555    0.07497    0.04138    5.37716   -3.72088   -2.35428  -10.29116    2.00000
 180.02953   -0.03838   21.85075   21.61746    0.04842    0.02673   23.61830    0.00927    1.11599    1.51401    2.00000
 180.05273   -0.01436   22.43957   22.16298    0.05466    0.03017   14.81768   -2.58935   -0.17284   -2.71744    2.00000
 179.89664    0.00437   21.63065   21.40710    0.10346    0.05710   28.16835    8.16039   -2.51858    5.64006    2.00000
 180.04684   -0.02863   20.84135   20.45898    0.05489    0.03030   59.72894    0.15566    0.71228    0.64878    2.00000
 179.91129   -0.05136   23.60454   23.18403    0.10250    0.05657    5.98901   -0.11964   -1.09558    0.39337    2.00000
 180.23718    0.25376   23.36082   22.97817    0.34735    0.19171    7.08531   13.89347   -3.29516   18.97746    2.00000
 180.01347   -0.00670   22.95760   22.62840    0.01505    0.00831    9.80587   -4.66112    0.25237   -6.06396    2.00000
 179.95949    0.09971   21.08129   20.82143    0.10763    0.05940   45.56904   -0.71652    1.08783    0.22202    2.00000
 180.01469    0.02106   23.27661   22.90680    0.02568    0.01418    7.64046   -1.42600    1.49485   -4.38049    2.00000
 180.01068   -0.10269   22.91847   22.59353    0.10324    0.05698   10.07709    1.92210    2.32812   -0.02056    2.00000
 180.02438    0.05520   23.68686   23.25253    0.06035    0.03331    5.64410   -4.16387    1.61920   -4.42516    2.00000
 180.02336    0.02203   22.81221   22.49878    0.03211    0.01772   10.81914    0.36949    0.89133    0.41815    2.00000
 179.99435   -0.05622   22.60106   22.30959    0.05650    0.03119   13.07197    3.32472    3.49814    6.14339    2.00000
 180.01060    0.22891   22.91326   22.58888    0.22916    0.12648   10.11326    3.98402    0.20330    4.30016    2.00000
 179.98973    0.01254   22.55933   22.27209    0.01621    0.00895   13.51848   -0.76966    0.27606   -0.16501    2.00000
 180.11914    0.12526   22.81470   22.50101    0.17287    0.09541   10.79675   -0.95727    0.58366    3.37239    2.00000
 179.84373   -0.11558   23.11141   22.76315    0.19436    0.10727    8.75777   -9.33631   -3.42032   -8.89624    2.00000
 179.98615    0.00792   23.12342   22.77364    0.01596    0.00881    8.67618   -8.05639    1.59586   -6.52867    2.00000
 180.02724   -0.00837   23.27174   22.90256    0.02850    0.01573    7.67339    6.32883    2.41475    8.77224    2.00000
 179.93909   -0.02319   23.06341   22.72119    0.06518    0.03597    9.08412   -2.40990   -3.40529   -5.79963    2.00000
 180.08594   -0.09647   21.92151   21.68379    0.12919    0.07130   22.42869   -3.05207    3.10937   -0.18257    2.00000
 179.94826   -0.07551   21.15967   20.91642    0.09153    0.05052   42.00890    1.65090   -2.15244   -0.66784    2.00000
 180.00198   -0.04212   23.59329   23.17463    0.04217    0.02328    6.03630   -0.93919   -2.79618    0.06817    2.00000
 179.98019   -0.03607   22.63235   22.33771    0.04114    0.02271   12.73709   -0.04835   -0.29649    0.44943    2.00000
 179.85094    0.20144   22.82468   22.50993    0.25059    0.13831   10.72736    4.07678   -0.29148    4.54906    2.00000
 180.07257   -0.04505   23.65505   23.22619    0.08542    0.04715    5.77675    0.24301   -2.75555    2.17202    2.00000
 179.94260    0.05917   22.55206   22.26550    0.08244    0.04550   13.59698   -0.45597    2.48733    1.96675    2.00000
 179.93343   -0.05359   23.41253   23.02198    0.08547    0.04717    6.80485   -2.20138   -3.07336   -8.75476    2.00000
 179.96484   -0.08337   22.22815   21.96844    0.09048    0.04994   17.32430    1.44826   -0.01397    1.17097    2.00000
 179.98061    0.04100   23.70932   23.27113    0.04535    0.02503    5.55047   -4.77598   -0.78651   -8.34378    2.00000
 180.02682   -0.06520   22.42052   22.14550    0.07051    0.03891   15.02581    1.22365   -0.92531   -3.09853    2.00000
 180.05956    0.05429   23.70183   23.26493    0.08059    0.04448    5.58168   -1.85828    1.02788   -4.87830    2.00000
 179.90485   -0.06329   23.45314   23.05635    0.11429    0.06308    6.63182   -4.09345   -2.41846   -5.17121    2.00000
 180.04762    0.06145   23.71306   23.27423    0.07775    0.04291    5.53487    0.25606    1.78741   -4.64101    2.00000
 180.00964    0.07318   23.34449   22.96433    0.07382    0.04074    7.19292    3.26384   -2.79713    0.95476    2.00000
 179.95000   -0.10559   22.20501   21.94718    0.11684    0.06448   17.70559   -1.05144    3.15963    2.32612    2.00000
 180.00111    0.01836   23.67002   23.23858    0.01839    0.01015    5.71433   -1.92770    4.07255    0.05233    2.00000
 180.05511   -0.02802   23.72428   23.28353    0.06183    0.03413    5.48805   -6.46746    1.03576  -12.11922    2.00000
 180.01337   -0.03208   22.90804   22.58423    0.03475    0.01918   10.14942    1.98604   -2.85946    1.89579    2.00000
 180.04140    0.03804   21.64259   21.41857    0.05621    0.03102   27.86649    0.23068    1.94979    2.14243    2.00000
 180.07111    0.09758   21.97629   21.73482    0.12073    0.06663   21.51361    3.51861   -0.98233    2.00965    2.00000
 179.95358    0.01893   22.27441   22.01097    0.05014    0.02767   16.62782   -3.28135   -0.62675   -4.09519    2.00000
 180.03087   -0.02828   23.71493   23.27578    0.04187    0.02311    5.52706    0.93661    2.73686    2.05190    2.00000
 180.02451    0.00260   23.69435   23.25873    0.02464    0.01360    5.61289   -3.74212    1.47623    4.23737    2.00000
 180.03419    0.00667   22.57497   22.28615    0.03484    0.01923   13.35104    1.55728    2.31849    3.52820    2.00000
 180.00595   -0.04238   22.75982   22.45194    0.04279    0.02362   11.37683   -3.33076    2.47471   -1.62561    2.00000
 180.00195    0.04566   23.55584   23.14325    0.04570    0.02522    6.19430    8.97671    1.24038   11.85871    2.00000
 179.96931    0.01556   22.46300   22.18434    0.03440    0.01898   14.56336   -2.18580    0.64056   -1.65891    2.00000
 179.99181    0.02624   21.92424   21.68635    0.02748    0.01517   22.38294    2.72235   -1.75189   -0.01087    2.00000
 179.97047   -0.04084   23.35538   22.97356    0.05039    0.02781    7.12118   -0.08935    0.41087    1.81053    2.00000
 179.97508   -0.00089   21.34369   21.11902    0.02492    0.01376   35.74609    3.28236   -2.09837    1.14694    2.00000
 179.46481    0.22905   21.38504   21.16172    0.58213    0.32130   34.62284    3.97294   -4.01959   -0.60235    2.00000
 180.02687    0.12909   23.51800   23.11123    0.13185    0.07277    6.35549   -3.99903    0.43908   -0.78927    2.00000
 179.99661   -0.03707   22.14437   21.89158    0.03722    0.02055   18.70261    1.61478   -0.37881    0.27473    2.00000
 179.97421    0.04499   23.30639   22.93205    0.05185    0.02862    7.44401   -1.17339   -1.55075   -3.25993    2.00000
 179.90717    0.13855   21.68479   21.45926    0.16678    0.09205   26.79611   -1.50674    0.02230   -1.61993    2.00000
 180.00143    0.02097   22.42052   22.14550    0.02102    0.01160   15.02581    2.52524   -1.51583   -0.04033    2.00000
 180.02303   -0.06922   23.47476   23.07464    0.07295    0.04026    6.53971    1.33600   -3.13757   -4.42823    2.00000
 179.90588   -0.02259   23.29006   22.91822    0.09680    0.05342    7.55162   -1.63845   -3.86164   -3.95298    2.00000
 180.28113    0.39808   23.73177   23.28973    0.48734    0.26898    5.45684    6.65847    0.03751    3.10671    2.00000
 179.99953    0.03207   23.37987   22.99431    0.03208    0.01770    6.95977   -0.84933    2.89955    1.49265    2.00000
 179.98566   -0.06943   22.58019   22.29084    0.07090    0.03913   13.29522    4.24279   -0.24608    3.71209    2.00000
 180.02879   -0.00565   22.93151   22.60515    0.02935    0.01620    9.98668   -0.47088   -1.37334   -1.78248    2.00000
 180.06110    0.06847   21.43199   21.20969    0.09176    0.05065   33.36107   -0.37106   -1.16955   -1.69207    2.00000
 179.99184    0.01055   23.05861   22.71700    0.01334    0.00736    9.11676    0.11908    3.15139    4.95085    2.00000
 179.95076   -0.00879   21.69802   21.47202    0.05002    0.02761   26.46053   -1.99819    0.68785   -2.64445    2.00000
 179.91487    0.03523   23.28190   22.91130    0.09213    0.05085    7.60543    2.18071   -1.30903   -0.48696    2.00000
 179.97586    0.09261   22.95760   22.62840    0.09571    0.05282    9.80587   -1.94240    1.08623   -2.34335    2.00000
 179.99020   -0.06883   23.16202   22.80731    0.06953    0.03837    8.41431    2.61167    0.38123    4.22526    2.00000
 180.01089   -0.00864   23.13542   22.78413    0.01390    0.00767    8.59459   -1.10181   -0.35557   -1.62643    2.00000
 180.01649    0.15876   23.76041   23.31342    0.15962    0.08810    5.33757   -2.30396   -2.17217    2.89405    2.00000
 180.04469    0.01242   23.78899   23.33700    0.04639    0.02561    5.21882    5.08559   -1.32529    8.12613    2.00000
 180.01180    0.01697   23.65505   23.22619    0.02067    0.01141    5.77675    2.70906    0.80216    0.70888    2.00000
 179.93335    0.37916   23.50179   23.09751    0.38497    0.21248    6.42457   -6.88626    2.34369   -3.68860    2.00000
 180.06268   -0.03437   22.51690   22.23346    0.07149    0.03946   13.97845   -4.16149   -0.69833   -3.38136    2.00000
 179.88354    0.01274   22.39652   22.12339    0.11715    0.06466   15.28912    1.28884   -0.81280    0.70653    2.00000
 179.96629    0.05312   23.45044   23.05406    0.06291    0.03472    6.64333   -0.57680    1.98321   -1.91010    2.00000
 180.00555    0.05490   21.77740   21.54857    0.05518    0.03046   24.85366   -5.89522    0.67576   -5.58046    2.00000
 179.82903   -0.00407   18.05809   17.94472    0.17103    0.09440  295.24057    0.43161   -1.78563   -1.37981    2.00000
 179.95448    0.02149   23.59490   23.17597    0.05033    0.02778    6.02954    5.07596   -1.54816    0.62757    2.00000
 180.20245    0.20156   21.73507   21.50774    0.28569    0.15768   25.58573    4.57178    0.51990    6.25532    2.00000
 180.08446    0.07358   22.60627   22.31427    0.11202    0.06182   13.01615    4.44074    1.68916    6.00565    2.00000
 180.02713   -0.03360   23.63024   23.20550    0.04319    0.02384    5.88091    3.40676   -4.28538   -0.99723    2.00000
 179.99332    0.03348   21.10369   20.84864    0.03414    0.01884   44.54908   -2.20397    4.04788    1.90243    2.00000
 180.12790    0.63502   23.17421   22.81789    0.64777    0.35753    8.33198   -0.10462    1.44993    3.58676    2.00000
 179.99011    0.02488   23.05861   22.71700    0.02677    0.01478    9.11676    2.52599   -1.72125    1.97740    2.00000
 180.32040    0.31608   22.24357   21.98262    0.45007    0.24841   17.07011    6.53785   -2.83632    3.87415    2.00000
 179.95869   -0.02399   23.60132   23.18134    0.04776    0.02636    6.00252    2.62723    3.69042    8.06125    2.00000
 180.02206    0.01334   17.91906   17.93030    0.02578    0.01423  297.70056   -1.55866    1.70640    0.12277    2.00000
 180.02771    0.04367   23.63024   23.20550    0.05172    0.02855    5.88091    0.16225   -1.70204   -5.10617    2.00000
