#RA        DEC       MAG_G     MAG_I     ANGSEP    RPROJ     SNR       VTRUE       VSYS       VMEAS      VSYSERR    
 180.18271    0.10367   22.81969   22.50547    0.21007    0.11594   10.76205   10.31672    0.09939   10.67639    2.00000
 180.04048    0.00809   22.64540   22.34943    0.04128    0.02279   12.59755    2.99209   -1.56850    2.50341    2.00000
 180.15157    0.34122   21.67156   21.44651    0.37337    0.20607   27.13169  -10.10171   -1.17719  -11.01297    2.00000
 179.97038    0.02281   23.05621   22.71490    0.03738    0.02063    9.13308    2.65829   -1.27597    2.49229    2.00000
 179.99667    0.00325   19.92935   19.43557    0.00465    0.00257  123.25603   -5.90897   -1.06461   -6.88150    2.00000
 179.95975    0.03748   22.79225   22.48094    0.05501    0.03036   11.03159    0.75970    2.18756    5.30434    2.00000
 179.95808    0.02619   23.16690   22.81154    0.04943    0.02728    8.38138   -0.40831    1.39861    3.54974    2.00000
 180.02921   -0.02419   21.90518   21.66849    0.03792    0.02093   22.70322    0.82357   -2.89882   -1.84460    2.00000
 179.97490    0.05075   21.52220   21.30184    0.05662    0.03125   30.93708   -1.65910    4.50897    2.77928    2.00000
 179.98380    0.00914   21.65039   21.42609    0.01861    0.01027   27.66861    8.10023   -1.96593    6.49117    2.00000
 180.01646   -0.03204   22.72240   22.41849    0.03602    0.01988   11.77518   -5.17320   -2.64210   -5.02530    2.00000
 180.03960   -0.01917   18.01649   17.88101    0.04400    0.02428  306.10645    2.97678    2.06370    5.09859    2.00000
 180.06992    0.09836   20.90260   20.56151    0.12067    0.06660   55.30988    2.41875    0.21198    2.72281    2.00000
 179.81261   -0.01900   23.40981   23.01967    0.18836    0.10396    6.81646   -1.68593   -0.87623   -0.52135    2.00000
 180.02930    0.06187   21.88886   21.65318    0.06845    0.03778   22.97774    1.88246   -0.28769    4.31111    2.00000
 180.04156   -0.01348   18.61214   18.04376    0.04371    0.02412  279.78549   -0.01930   -1.01783   -1.01426    2.00000
 180.01404    0.03187   23.72241   23.28198    0.03483    0.01922    5.49585    0.00762    2.62646    4.24437    2.00000
 179.92677   -0.03087   23.01904   22.68240    0.07947    0.04386    9.38583    1.58458    2.87485    7.96698    2.00000
 179.91782    0.05629   23.37715   22.99200    0.09961    0.05498    6.97770   -0.70836    3.40665    4.53263    2.00000
 180.06253    0.05264   23.61578   23.19342    0.08174    0.04512    5.94172    0.77296    1.08413    5.31213    2.00000
 180.00410   -0.01034   23.36082   22.97817    0.01112    0.00614    7.08531    1.06753   -4.31129   -4.45491    2.00000
 180.01625   -0.02856   21.26078   21.03068    0.03286    0.01814   38.06978    1.52940   -1.59967    0.33696    2.00000
 179.99950    0.01698   21.65569   21.43120    0.01698    0.00937   27.53438    3.70431    0.38007    4.53711    2.00000
 180.03999   -0.00657   21.99000   21.74758    0.04054    0.02237   21.28484    1.89434    0.00641    2.82008    2.00000
 179.76898    0.06065   23.24492   22.87928    0.23885    0.13183    7.85450    7.73328   -0.68531   10.95547    2.00000
 179.96049   -0.04433   23.07301   22.72958    0.05938    0.03277    9.01885   -6.19918   -2.41566   -9.21152    2.00000
 179.95000   -0.08832   23.61257   23.19074    0.10149    0.05601    5.95523   -2.12574    3.17840    6.83682    2.00000
 179.87917   -0.04035   22.82723   22.51221    0.12739    0.07031   10.70962   -0.07424    3.00096    4.67873    2.00000
 179.97955    0.01200   21.79632   21.56643    0.02370    0.01308   24.53338   -8.58024    1.18005   -7.01707    2.00000
 179.93900    0.08216   22.36051   22.09022    0.10233    0.05648   15.68409   -0.41568    2.22039    2.11647    2.00000
 179.93587    0.04945   22.95238   22.62375    0.08098    0.04470    9.84203    3.40830   -2.41098    0.99704    2.00000
 179.99797   -0.32034   22.05029   21.80372    0.32035    0.17681   20.27825    1.05763    1.55365    2.45192    2.00000
 179.97890   -0.03415   21.05921   20.79287    0.04014    0.02216   46.63921   -0.67439   -1.23388   -1.79128    2.00000
 179.99911    0.05929   21.08726   20.82868    0.05929    0.03273   45.29705   -1.37423    0.69128   -0.64600    2.00000
 179.99362    0.01570   23.35810   22.97586    0.01694    0.00935    7.10325    2.62224   -0.36620    2.19894    2.00000
 179.80898    0.14886   23.49908   23.09523    0.24218    0.13367    6.43608   -2.17605   -1.18986    0.35567    2.00000
 179.96040    0.00797   23.18397   22.82636    0.04040    0.02230    8.26612    0.94548   -1.00463    1.69453    2.00000
 179.91631   -0.02365   19.98640   19.49546    0.08698    0.04801  117.97805    9.31843   -1.18301    8.05454    2.00000
 179.89958    0.24937   22.06399   21.81647    0.26883    0.14837   20.04948    5.36773    2.18879    7.56194    2.00000
 179.94044   -0.06143   23.17665   22.82001    0.08556    0.04722    8.31552    2.26656    2.02532    4.90663    2.00000
 180.20737   -0.05946   22.82979   22.51449    0.21573    0.11906   10.69188   -0.24402   -1.04875    0.42668    2.00000
 180.09999    0.00534   22.57237   22.28381    0.10013    0.05527   13.37894    4.66146   -2.30940    2.95919    2.00000
 179.96976   -0.01999   16.49051   15.65926    0.03626    0.02001  912.52124    0.90668   -1.50144   -0.59397    2.00000
 180.05000    0.00983   23.74674   23.30213    0.05096    0.02813    5.39442   -4.75289   -0.10637   -3.88572    2.00000
 180.02370    0.03854   22.68191   22.38224    0.04524    0.02497   12.20686    2.60817   -3.29057   -4.11527    2.00000
 180.01369    0.02237   22.23843   21.97789    0.02622    0.01447   17.15484   -4.45162    2.29493   -2.54037    2.00000
 179.99855   -0.04142   22.15753   21.90360    0.04145    0.02288   18.48706    2.14790    1.31580    5.40375    2.00000
 179.95963    0.00046   18.77825   18.22134    0.04038    0.02229  255.32423   -0.84477   -1.63982   -2.55237    2.00000
 179.95399    0.01185   22.13341   21.88156    0.04750    0.02622   18.88223    8.77875    4.68331   13.49296    2.00000
 180.04636    0.21219   17.95854   17.96800    0.21720    0.11988  291.27029    3.37463    1.06939    4.42358    2.00000
 180.01860   -0.03563   22.61149   22.31896    0.04019    0.02218   12.96034    1.73238   -3.52174   -1.92627    2.00000
 179.87724    0.04685   22.52394   22.23987    0.13140    0.07252   13.90215   -1.73432   -0.68672   -4.66485    2.00000
 180.01659   -0.01292   23.39620   23.00814    0.02103    0.01161    6.87450   -1.12313   -0.83631    4.03341    2.00000
 180.00497    0.01429   20.83765   20.45316    0.01513    0.00835   60.02893    2.20353   -1.22452    0.61827    2.00000
 179.97369   -0.04840   23.35538   22.97356    0.05508    0.03040    7.12118    3.71538    1.07181    2.85122    2.00000
 179.96400    0.04698   20.70904   20.27955    0.05919    0.03267   68.97598   -1.56241   -0.60939   -2.26440    2.00000
 179.92395   -0.02888   23.58526   23.16792    0.08135    0.04490    6.07008    3.02602    3.58555    4.82470    2.00000
 179.99242    0.02850   23.43152   23.03805    0.02949    0.01628    6.72392    1.08218   -1.95722   -2.14396    2.00000
 180.03117    0.03950   23.77708   23.32718    0.05031    0.02777    5.26830    0.42192   -3.07056   -1.95209    2.00000
 179.98196   -0.01265   21.80993   21.57918    0.02203    0.01216   24.30461   -5.98566   -1.11629   -6.55459    2.00000
 179.85355   -0.10264   19.82519   19.32636    0.17884    0.09871  132.88126    1.34683   -0.14208    1.08881    2.00000
 179.90382   -0.44754   22.43957   22.16298    0.45776    0.25265   14.81768    6.12830   -0.13285    4.45690    2.00000
 180.03008   -0.13038   23.24004   22.87504    0.13381    0.07385    7.88743    0.68830   -1.45269   -2.76086    2.00000
 180.01445    0.03313   23.25467   22.88774    0.03615    0.01995    7.78864    2.62754   -0.58014    3.95484    2.00000
 179.98746   -0.05491   23.48557   23.08379    0.05633    0.03109    6.49365    0.39122   -0.56505   -1.57050    2.00000
 180.04196   -0.01375   23.20591   22.84541    0.04415    0.02437    8.11794   -2.90658   -1.93146   -4.54258    2.00000
 179.93842    0.12769   22.90804   22.58423    0.14176    0.07824   10.14942    8.58085   -0.50252    8.37291    2.00000
 180.01740   -0.01017   23.82947   23.37042    0.02015    0.01112    5.05059    4.28771   -1.24615    5.62134    2.00000
 180.03139    0.04201   21.18023   20.94031    0.05243    0.02894   41.11360    2.48804    1.27743    4.16794    2.00000
 180.07680    0.02072   20.88790   20.53668    0.07954    0.04390   56.24040   -1.70642    2.94170    1.42682    2.00000
 180.01282    0.04026   23.78184   23.33111    0.04225    0.02332    5.24851    2.23273    0.03045    0.54607    2.00000
 179.97481    0.04182   23.62221   23.19879    0.04882    0.02694    5.91469    2.73248    2.13748   11.14315    2.00000
 179.97804    0.12497   23.02980   22.69182    0.12688    0.07003    9.31257    0.99482   -2.44674   -0.22053    2.00000
 180.01607    0.00495   23.82233   23.36452    0.01681    0.00928    5.08028   -3.31906    2.50518   -2.10494    2.00000
 180.00549    0.05120   23.73551   23.29283    0.05149    0.02842    5.44123   -1.72572    2.48315    0.34842    2.00000
 179.99336    0.00618   23.54233   23.13182    0.00907    0.00501    6.25187   -5.25114   -1.07840  -10.19120    2.00000
 179.98807   -0.01856   23.81518   23.35863    0.02207    0.01218    5.10997   -0.37719    2.12065   -1.65915    2.00000
 179.96065    0.01977   21.97081   21.72972    0.04405    0.02431   21.60512   -1.71719    2.78605    0.26551    2.00000
 179.68492   -0.38448   23.39076   23.00353    0.49709    0.27436    6.89772    2.77108    1.18338    6.00002    2.00000
 180.14970   -0.03239   23.56919   23.15450    0.15316    0.08453    6.13764    3.80705    0.15802   -0.56080    2.00000
 180.22231    0.14551   23.52341   23.11581    0.26569    0.14664    6.33246   -5.38803    1.82433    4.73099    2.00000
 180.07874    0.10941   23.75803   23.31145    0.13480    0.07440    5.34747   -1.11319    1.66517   -2.31322    2.00000
 179.95929    0.09548   22.92108   22.59586    0.10380    0.05729   10.05901   -5.96546    0.44781   -8.80191    2.00000
 180.10472    0.02261   21.51331   21.29277    0.10713    0.05913   31.17572   -0.66054   -2.88583   -3.30909    2.00000
 179.95526    0.01781   23.34994   22.96895    0.04816    0.02658    7.15705   -2.93152   -3.25083   -4.21588    2.00000
 179.91827   -0.00563   22.36292   22.09243    0.08192    0.04521   15.65776   -4.52889    3.61355   -1.49439    2.00000
 179.98373   -0.01925   22.96493   22.63494    0.02520    0.01391    9.75504    2.07389    1.00572    4.94500    2.00000
 180.01894    0.06813   22.66365   22.36583    0.07071    0.03903   12.40220    1.15559   -2.56753   -1.65084    2.00000
 180.03146   -0.03288   23.05141   22.71070    0.04551    0.02512    9.16571    4.58939   -3.39698   -0.62654    2.00000
 179.95602   -0.06696   22.73986   22.43410    0.08011    0.04421   11.58928   -3.11513   -4.79361   -5.06204    2.00000
 180.01286    0.01159   23.50179   23.09751    0.01731    0.00956    6.42457    5.87759    1.16480    5.44471    2.00000
 180.07794    0.02348   23.55584   23.14325    0.08140    0.04493    6.19430   -0.57098   -2.23069    2.43305    2.00000
 179.21718   -0.74035   23.42881   23.03577    1.07745    0.59474    6.73544    1.78517    3.38232    5.05204    2.00000
 179.95537    0.01073   21.95985   21.71952    0.04590    0.02533   21.78814   -0.55192   -1.04381   -1.77675    2.00000
 179.91023   -0.04948   23.57241   23.15719    0.10250    0.05657    6.12413   -1.72191   -4.45184   -4.90703    2.00000
 180.01852   -0.00972   23.03701   22.69811    0.02093    0.01155    9.26362    5.75399    0.30306    9.60258    2.00000
 180.03123    0.05118   23.72616   23.28508    0.05997    0.03310    5.48025   -5.32252   -0.57450   -2.39138    2.00000
 179.93459    0.10766   22.57758   22.28849    0.12598    0.06953   13.32313    1.19825    3.62285    4.47062    2.00000
 180.02448   -0.03789   21.60924   21.38651    0.04511    0.02490   28.70975   -1.01330   -2.03389   -2.33340    2.00000
 180.10294    0.03160   23.47746   23.07693    0.10768    0.05943    6.52819   -4.78305   -0.23836   -2.75371    2.00000
 179.95148    0.04765   21.31740   21.09101    0.06801    0.03753   36.48287    0.32963   -6.37349   -5.77459    2.00000
 179.87740   -0.11797   21.93245   21.69400    0.17014    0.09391   22.24568   -0.43423   -0.46388   -1.74682    2.00000
 180.01152    0.03076   23.12102   22.77154    0.03285    0.01813    8.69250   -3.42918    0.32889   -3.93611    2.00000
 179.51196    0.04820   21.76682   21.53836    0.49042    0.27068   25.03668    0.74842   -3.93017   -3.69279    2.00000
 180.09833   -0.12551   22.29755   22.03223    0.15944    0.08800   16.37463   -2.51421    0.05803   -3.19772    2.00000
 179.97150    0.00252   21.32145   21.09532    0.02861    0.01579   36.36952   -2.48374   -0.58290   -3.99480    2.00000
 180.31393    0.08863   23.59651   23.17732    0.32621    0.18004    6.02279   -1.76593    0.18022    0.17259    2.00000
 180.51050   -1.14122   23.56598   23.15182    1.25018    0.69011    6.15115   -0.09795    1.51796    1.28730    2.00000
 179.99023   -0.04668   23.45854   23.06092    0.04769    0.02632    6.60879   -1.71160   -0.24720   -3.02002    2.00000
 180.06451    0.06771   21.97903   21.73738    0.09353    0.05162   21.46786    0.08052    3.31611    3.36235    2.00000
 180.00702   -0.02296   23.63827   23.21221    0.02401    0.01325    5.84713    2.73309   -1.18535    6.07827    2.00000
 180.00352    0.07698   23.22785   22.86446    0.07706    0.04253    7.96976   -0.34498   -0.56843    3.46040    2.00000
 180.02982   -0.03603   23.69809   23.26183    0.04676    0.02581    5.59729   -4.48199    1.34984   -4.97499    2.00000
 180.02660   -0.01235   22.87153   22.55169    0.02932    0.01618   10.40257   -4.96255   -0.48401   -3.72093    2.00000
 179.94627    0.05272   22.48175   22.20143    0.07527    0.04155   14.35991    4.58689    2.04965    4.08156    2.00000
 179.98792   -0.04987   16.84619   16.08422    0.05132    0.02832  744.92719   -3.44600    1.68547   -1.77863    2.00000
 180.04736   -0.05172   20.69492   20.26254    0.07014    0.03871   69.85257    4.74273   -3.81811    1.05617    2.00000
 180.01135   -0.01313   22.63496   22.34005    0.01736    0.00958   12.70918    4.74337    1.44539    9.71008    2.00000
 180.06902    0.09677   21.52841   21.30819    0.11887    0.06560   30.77004   -5.88265    3.58780   -2.49755    2.00000
 180.06055    0.03143   22.66626   22.36818    0.06821    0.03765   12.37430   -3.15777    2.27313   -1.97979    2.00000
 179.71451    0.14738   23.64955   23.22162    0.32129    0.17733    5.79973   -1.22925   -1.49202   -0.40538    2.00000
 179.75938   -0.09817   23.38804   23.00123    0.25988    0.14343    6.90933    1.38090    1.81473    6.15254    2.00000
 179.97708    0.00080   22.84023   22.52379    0.02293    0.01266   10.61955   -2.47052    1.17792    0.69753    2.00000
 179.96085    0.02020   23.74868   23.30374    0.04406    0.02432    5.38631    3.92840   -3.60900    1.93672    2.00000
 179.95309   -0.08098   21.94615   21.70676    0.09359    0.05165   22.01691   -0.22584    0.40294    0.06190    2.00000
 179.96255   -0.06781   23.74487   23.30058    0.07747    0.04276    5.40222   -2.65315    0.53930   -0.57181    2.00000
 180.02293    0.03543   22.69994   22.39842    0.04221    0.02330   12.01418   -6.56539   -1.80598   -6.44150    2.00000
 179.96980    0.05491   23.25711   22.88986    0.06267    0.03459    7.77218   -3.44249    4.16507   -1.16778    2.00000
 179.98193    0.00973   22.09691   21.84765    0.02052    0.01133   19.49041    4.96547   -1.06205    4.53273    2.00000
 180.02779   -0.00459   22.82219   22.50770    0.02817    0.01555   10.74471   -2.65032    0.27684    0.00297    2.00000
 180.01810   -0.00391   23.12102   22.77154    0.01850    0.01021    8.69250    1.92069   -0.14016   -0.87149    2.00000
 179.98105    0.06334   21.32145   21.09532    0.06612    0.03649   36.36952   -8.83225    2.93676   -5.70624    2.00000
 180.10504   -0.18043   22.17417   21.91883    0.20878    0.11523   18.21397   -3.35864   -3.62929   -8.31734    2.00000
 180.17233   -0.03378   21.76946   21.54091    0.17561    0.09692   24.99092    0.94868   -3.97965   -2.54350    2.00000
 180.03120    0.00083   23.61418   23.19208    0.03123    0.01723    5.94847    4.33967   -2.56392   -0.07482    2.00000
 179.94943   -0.13263   23.43692   23.04263    0.14194    0.07834    6.70090   -6.37757    4.38817    4.47647    2.00000
 180.12305   -0.01737   22.02836   21.78330    0.12427    0.06859   20.64429   -5.77726   -0.23376   -4.70438    2.00000
 179.96997   -0.03507   22.08529   21.83659    0.04617    0.02548   19.68867   -0.04820   -2.09280   -2.30255    2.00000
 180.03825    0.04660   22.64800   22.35177    0.06030    0.03328   12.56964    1.33017    2.19616    5.03303    2.00000
 179.99478   -0.00907   22.50050   22.21851    0.01046    0.00578   14.15646   -2.60879   -2.11016   -3.85458    2.00000
 179.97852    0.03043   23.54773   23.13639    0.03725    0.02056    6.22884    0.77031   -0.84439   -0.05603    2.00000
 179.99463   -0.02725   23.66815   23.23703    0.02778    0.01533    5.72213   -2.06173   -0.69742   -2.66345    2.00000
 179.98132   -0.02943   22.19216   21.93537    0.03485    0.01924   17.91741    1.38703    1.67094    3.77997    2.00000
 179.99864    0.02699   23.00072   22.66634    0.02703    0.01492    9.51079    3.58336   -1.00364    5.96455    2.00000
 180.07108   -0.04602   22.76980   22.46086    0.08467    0.04673   11.27060   -4.15185    0.52724   -5.97055    2.00000
 179.93558    0.20466   23.07061   22.72749    0.21456    0.11842    9.03517    1.83812    0.25163    0.67418    2.00000
 179.99422    0.01286   23.26198   22.89410    0.01410    0.00778    7.73925    0.50425    1.87421    3.24609    2.00000
 179.95369    0.03301   23.56125   23.14782    0.05687    0.03139    6.17127    5.27659   -2.34995    3.02295    2.00000
 179.99550    0.10394   22.64800   22.35177    0.10404    0.05742   12.56964    2.96017    1.12261    5.91774    2.00000
 180.03897   -0.00115   23.60132   23.18134    0.03899    0.02152    6.00252   -3.25468    2.72228   -3.49205    2.00000
 179.99986    0.05887   23.77708   23.32718    0.05887    0.03249    5.26830   -9.83173    4.84355   -8.95350    2.00000
 180.18765   -0.03040   22.96493   22.63494    0.19011    0.10492    9.75504    2.28637    0.65324    4.14761    2.00000
 180.01193    0.11379   23.18397   22.82636    0.11441    0.06315    8.26612   -0.07647    2.28958    4.05778    2.00000
 180.08836   -0.03512   21.27493   21.04576    0.09509    0.05248   37.67305    2.55156    0.91676    3.15766    2.00000
 179.99626    0.09586   22.92891   22.60283    0.09593    0.05295   10.00477    4.61830    0.90321    9.64587    2.00000
 180.00487    0.00426   21.82354   21.59194    0.00647    0.00357   24.07584    1.67753    1.58519    3.94868    2.00000
 179.97774    0.02000   23.23273   22.86869    0.02993    0.01652    7.93683    0.95537   -2.17405   -2.97130    2.00000
 179.97678    0.06634   21.62287   21.39961    0.07029    0.03879   28.36522   -0.36191    0.19146    0.50573    2.00000
 179.99660   -0.01111   21.48937   21.26831    0.01162    0.00641   31.81890    0.41271    1.03969    1.28485    2.00000
 180.16420    0.02470   23.49368   23.09065    0.16605    0.09165    6.45911    3.49149   -1.08186    7.26317    2.00000
 180.05305    0.03084   22.17931   21.92356    0.06136    0.03387   18.12924    1.22422    0.12268    0.34162    2.00000
 179.89528    0.01712   19.78246   19.28183    0.10611    0.05856  136.80571    1.23796   -0.87262    0.34867    2.00000
 180.02512   -0.05963   23.21322   22.85176    0.06470    0.03571    8.06855   -0.96717    0.08709   -6.74985    2.00000
 180.01102    0.03538   23.75565   23.30949    0.03706    0.02045    5.35737    1.34723   -1.45890    0.52669    2.00000
 179.98087   -0.01856   23.76279   23.31538    0.02666    0.01471    5.32768    0.58771   -3.03410    1.57715    2.00000
 180.00058   -0.04945   23.00611   22.67106    0.04945    0.02729    9.47404   -3.62900   -2.50017   -7.09534    2.00000
 180.02219   -0.11470   22.22044   21.96136    0.11682    0.06448   17.45140  -15.02479   -3.23708  -16.33953    2.00000
 179.98811   -0.09554   23.56125   23.14782    0.09628    0.05314    6.17127   -3.71024   -1.89843   -2.90773    2.00000
 179.99884   -0.02122   21.83987   21.60725    0.02126    0.01173   23.80132   -1.07407   -3.35414   -5.47853    2.00000
 180.01346    0.03042   20.46753   20.00555    0.03327    0.01836   83.09622   -2.88438   -2.15577   -5.10873    2.00000
 180.09663    0.11466   23.44503   23.04949    0.14995    0.08276    6.66636   -1.18310   -1.10898   -1.99990    2.00000
 179.97591   -0.02863   21.86436   21.63021    0.03743    0.02066   23.38953   -1.23203   -0.98212   -2.08570    2.00000
 179.95532    0.00929   22.97487   22.64366    0.04563    0.02519    9.68720    0.55950   -2.08468   -1.56564    2.00000
 180.03365   -0.02016   22.60366   22.31193    0.03922    0.02164   13.04406    4.90246   -0.93407    5.65916    2.00000
 180.02925    0.01763   23.40981   23.01967    0.03416    0.01885    6.81646   -0.08723   -2.43748   -1.53525    2.00000
 180.00691    0.04497   22.92630   22.60050    0.04549    0.02511   10.02285   -1.03512   -1.47081   -2.82475    2.00000
 179.76961    0.00898   22.19730   21.94009    0.23057    0.12725   17.83268   -0.48095    0.52009    0.73230    2.00000
 180.02881    0.01102   22.58280   22.29318    0.03085    0.01702   13.26732   -1.76818    1.63648   -1.47075    2.00000
 180.15758    0.01131   21.58199   21.36032    0.15798    0.08719   29.39880    0.89943   -7.31982   -6.89094    2.00000
 180.09093    0.00163   23.43422   23.04034    0.09094    0.05019    6.71241   -6.34053   -0.85311   -3.04797    2.00000
 180.04543    0.00649   22.20501   21.94718    0.04589    0.02533   17.70559    2.12732   -0.98015    2.39008    2.00000
 179.98782    0.31952   23.43152   23.03805    0.31975    0.17648    6.72392    7.91745   -0.31954    0.79392    2.00000
 180.14355   -0.02594   21.66098   21.43630    0.14588    0.08051   27.40015    1.53104    2.09375    4.53300    2.00000
 180.00002    0.06178   20.94354   20.62830    0.06178    0.03410   52.80672   -1.27733   -0.06498   -1.23579    2.00000
 180.24158   -0.06624   23.59490   23.17597    0.25049    0.13825    6.02954    0.02477   -1.73685   -1.95719    2.00000
 180.05502    0.00312   23.79375   23.34094    0.05512    0.03042    5.19903    0.44878   -2.26349   -1.31013    2.00000
 179.91959    0.00849   23.82233   23.36452    0.08085    0.04463    5.08028   -0.61564   -0.42867   -5.47042    2.00000
 179.93166   -0.00012   22.92891   22.60283    0.06834    0.03772   10.00477   -2.22571   -1.60232   -3.45725    2.00000
 179.94518   -0.01455   19.43700   18.92061    0.05672    0.03130  170.42415    4.01195    0.57379    4.67891    2.00000
 180.01730    0.03851   22.69745   22.39619    0.04222    0.02330   12.04074   -4.46503    1.29551   -4.87088    2.00000
 179.99911    0.02836   22.52628   22.24200    0.02837    0.01566   13.87672   -0.97883    1.39453    1.54321    2.00000
 179.82603   -0.07967   23.40709   23.01737    0.19134    0.10560    6.82807    0.39246   -4.00486   -5.97668    2.00000
 179.94440   -0.02529   21.51864   21.29821    0.06108    0.03371   31.03254   -9.62966    2.10108   -7.17419    2.00000
 180.01524    0.01338   20.72944   20.30412    0.02028    0.01119   67.70979   -1.85367   -1.26400   -3.47348    2.00000
 180.00079    0.03125   22.95760   22.62840    0.03126    0.01726    9.80587    2.31796   -4.05470    0.67435    2.00000
 180.00534   -0.10888   21.90246   21.66593    0.10901    0.06017   22.74897    4.58363    2.30317    8.15500    2.00000
 180.07817   -0.03042   22.30771   22.04157    0.08389    0.04630   16.26338    0.43886    0.58661   -0.21735    2.00000
 179.95055   -0.13176   23.02980   22.69182    0.14073    0.07767    9.31257    4.20449   -1.67055    0.12125    2.00000
 180.00737   -0.03576   22.96841   22.63799    0.03651    0.02015    9.73130    0.13320    1.98998   -2.19412    2.00000
 179.98187   -0.04850   23.43692   23.04263    0.05177    0.02857    6.70090    1.80086    1.76292    3.47308    2.00000
 179.90149    0.02479   22.35571   22.08580    0.10158    0.05606   15.73676    1.00157    1.28851    0.69219    2.00000
 180.04218   -0.02660   18.96704   18.42254    0.04987    0.02752  227.60991    0.12595   -2.09999   -1.96560    2.00000
 179.92719   -0.07259   23.61257   23.19074    0.10281    0.05674    5.95523   -3.85029    0.05009    5.01251    2.00000
 179.97408   -0.03609   23.80566   23.35076    0.04444    0.02453    5.14955   -2.67514    0.03645   -5.32995    2.00000
 179.89957   -0.02235   22.88717   22.56563    0.10289    0.05678   10.29408   -0.85123    1.89486   -3.09568    2.00000
 180.04643    0.02925   20.28345   19.80828    0.05488    0.03029   96.49412    0.39785   -2.58076   -2.25604    2.00000
 180.07657    0.03450   22.75732   22.44971    0.08399    0.04635   11.40338    5.99707    0.26339    6.79044    2.00000
 180.01430   -0.02721   20.36247   19.89246    0.03074    0.01697   90.73689    2.39872    0.37983    2.95067    2.00000
 179.98994    0.01453   22.48878   22.20783    0.01767    0.00975   14.28362   -2.50446   -1.69109   -4.92994    2.00000
 180.01398    0.20167   21.34571   21.12117    0.20216    0.11157   35.68941    3.07922    4.33490    7.17913    2.00000
 179.98917    0.01666   23.17178   22.81577    0.01987    0.01097    8.34845    0.38874   -1.58172    1.37109    2.00000
 179.89279   -0.06319   23.06581   22.72329    0.12445    0.06868    9.06781   -1.98438    2.08090   -3.73761    2.00000
 179.96014   -0.00924   23.75088   23.30555    0.04092    0.02258    5.37716   -1.76841    1.05448   -0.05341    2.00000
 179.99300   -0.02146   23.09941   22.75266    0.02258    0.01246    8.83936   -1.52662    1.25555   -0.81005    2.00000
 180.01285    0.00580   21.26280   21.03283    0.01410    0.00778   38.01310   -2.71432    2.52126    0.22335    2.00000
 180.08034    0.02868   21.73242   21.50519    0.08529    0.04708   25.63148    3.46424   -1.33928    2.55572    2.00000
 179.91780    0.17202   21.32347   21.09747    0.19065    0.10523   36.31284    0.59914    0.49752    1.44713    2.00000
 180.07607   -0.05018   22.99642   22.66256    0.09113    0.05030    9.54019   -0.45165   -0.68945    1.41333    2.00000
 180.02679    0.02653   22.93412   22.60748    0.03771    0.02081    9.96860    0.52828   -1.12578    0.76243    2.00000
 179.98463    0.03392   22.67930   22.37990    0.03724    0.02055   12.23476    2.88905   -2.90061   -1.65612    2.00000
 180.01851    0.08688   23.14262   22.79042    0.08883    0.04903    8.54564   -0.34120   -3.50973   -5.33759    2.00000
 180.14223    0.12390   23.81994   23.36256    0.18862    0.10411    5.09017    8.95644   -1.82881    5.50196    2.00000
 179.99779   -0.36842   23.14742   22.79462    0.36843    0.20335    8.51300   -1.50062    0.02940    0.74701    2.00000
 179.98878    0.06766   23.13302   22.78203    0.06858    0.03785    8.61091   -1.67787   -3.60798   -5.06244    2.00000
 180.03912   -0.05771   23.81280   23.35666    0.06972    0.03848    5.11986   -2.17405   -1.20253   -1.33689    2.00000
 179.81644    0.08356   23.41798   23.02659    0.20169    0.11132    6.78163    3.80516    0.78031    4.54835    2.00000
 179.97369    0.02915   22.87935   22.55866    0.03927    0.02167   10.34832   -4.35974    2.33329   -2.27270    2.00000
 180.04483    0.41013   23.15227   22.79884    0.41257    0.22771    8.48017   -0.61049    0.59623   -1.68106    2.00000
 179.99995    0.06035   23.20347   22.84329    0.06035    0.03331    8.13441   -0.56325   -0.00401   -1.85248    2.00000
 180.09846    0.03901   21.31538   21.08885    0.10592    0.05846   36.53954    6.77991   -1.30889    5.36087    2.00000
 180.04253   -0.01065   22.50987   22.22705    0.04385    0.02420   14.05474    0.44469    0.37719    1.78157    2.00000
 179.96803    0.04702   21.47894   21.25765    0.05686    0.03138   32.09929   -0.57684    3.32856    3.44277    2.00000
 179.91422    0.05350   22.45597   22.17793    0.10110    0.05580   14.63966    1.51116    1.63320    1.80128    2.00000
 179.99284    0.00520   23.06821   22.72539    0.00884    0.00488    9.05149   -4.52020   -0.60597   -2.86819    2.00000
 180.02428   -0.02710   20.80894   20.40805    0.03639    0.02008   62.35385    1.16300    0.66875    2.13731    2.00000
 180.00130   -0.10754   22.33171   22.06369    0.10755    0.05936   16.00007   -3.06789    1.50675   -1.09511    2.00000
 179.95830    0.02342   22.31731   22.05042    0.04783    0.02640   16.15806    2.34048    4.80505    6.97288    2.00000
 180.04276   -0.03634   22.04755   21.80116    0.05611    0.03097   20.32401   -1.48456    0.33255   -2.04271    2.00000
 180.00499   -0.00086   23.53962   23.12953    0.00506    0.00279    6.26338    5.53203    3.15234   15.71867    2.00000
 179.97430    0.13767   21.97081   21.72972    0.14005    0.07729   21.60512    0.72480   -1.42991    0.72230    2.00000
 179.90186    0.04908   22.47472   22.19502    0.10973    0.06056   14.43621    2.70376   -1.61299    1.44278    2.00000
 179.95631    0.05431   23.74112   23.29748    0.06969    0.03847    5.41783    0.26359   -2.41195    0.57689    2.00000
 179.85905   -0.02098   23.45584   23.05863    0.14251    0.07865    6.62030   -0.94999    1.04369   -0.43067    2.00000
 180.03110    0.00909   21.64775   21.42354    0.03241    0.01789   27.73573    2.10544    1.59762    1.91857    2.00000
 180.01633   -0.11799   23.14984   22.79673    0.11912    0.06574    8.49659    7.05581   -2.57225    0.27021    2.00000
 180.04549   -0.04975   23.20591   22.84541    0.06741    0.03721    8.11794    0.21019    3.28501    4.98577    2.00000
 179.98909   -0.01348   23.39076   23.00353    0.01734    0.00957    6.89772    3.04329    0.40031    1.00563    2.00000
 179.97221    0.00573   21.45286   21.23101    0.02837    0.01566   32.80028    1.51482    2.54727    3.93063    2.00000
 179.95486   -0.01657   21.64510   21.42099    0.04808    0.02654   27.80285   -1.21363    1.36369    0.42941    2.00000
 179.93454   -0.04357   22.58019   22.29084    0.07864    0.04340   13.29522    0.21162    0.49135   -0.17409    2.00000
 179.93912   -0.07187   23.60454   23.18403    0.09420    0.05199    5.98901   -3.90609    0.17595   -1.12608    2.00000
 179.85818    0.18490   23.79375   23.34094    0.23301    0.12861    5.19903   -3.50579    0.69248  -10.46289    2.00000
 179.97063    0.00347   22.70493   22.40288    0.02958    0.01632   11.96107    3.26705   -0.27022    3.53261    2.00000
 180.01257    0.03998   21.21493   20.98063    0.04192    0.02314   39.60278   -1.84578    2.89857    1.04173    2.00000
 180.00893   -0.00872   22.84805   22.53076    0.01248    0.00689   10.56531    6.13241    2.39938    6.03816    2.00000
 179.95799   -0.03311   21.04674   20.77643    0.05348    0.02952   47.25544   -3.63523    1.49908   -2.30732    2.00000
 180.00909   -0.02577   21.65833   21.43375    0.02733    0.01509   27.46727   -1.30833    0.56811   -0.94708    2.00000
 180.00526    0.01471   23.82947   23.37042    0.01563    0.00862    5.05059    2.33290    0.04751   -6.01686    2.00000
 180.05965    0.26980   23.50990   23.10437    0.27631    0.15250    6.39003   -7.40981   -1.05537   -3.37429    2.00000
 180.13330    0.75522   22.66365   22.36583    0.76689    0.42329   12.40220   -6.25686    1.81766   -5.44996    2.00000
 179.99490   -0.07604   22.23329   21.97317    0.07621    0.04206   17.23957   -5.57166   -3.02795   -9.77162    2.00000
 179.99709   -0.04873   21.88341   21.64807    0.04882    0.02694   23.06925   -4.25230    0.28857   -3.79339    2.00000
 179.96269   -0.03549   23.24492   22.87928    0.05149    0.02842    7.85450    0.62861    0.19995    3.13803    2.00000
 180.11485    0.08766   21.43199   21.20969    0.14449    0.07974   33.36107   -2.21634   -1.08051   -3.19387    2.00000
 180.04555   -0.03885   22.63235   22.33771    0.05986    0.03304   12.73709    1.51015   -0.21709    2.18031    2.00000
 179.95367    0.10373   23.53692   23.12724    0.11360    0.06270    6.27489   -2.15268   -1.83650   -4.38519    2.00000
 179.95447    0.03929   23.44503   23.04949    0.06014    0.03319    6.66636   -8.98343   -1.61993  -13.21144    2.00000
 179.94965   -0.04521   22.16630   21.91162    0.06768    0.03735   18.34335    3.40139   -0.54341    3.11152    2.00000
 180.01215    0.01312   21.98451   21.74248    0.01788    0.00987   21.37635    0.27223   -4.85845   -4.03856    2.00000
 180.05923   -0.01410   20.91768   20.58612    0.06089    0.03361   54.38766   -1.29111   -0.00239   -1.57265    2.00000
 179.99657    0.01807   21.54695   21.32664    0.01839    0.01015   30.28473   -1.32321    0.16228   -1.81998    2.00000
 180.03551    0.02646   23.38804   23.00123    0.04428    0.02444    6.90933   -4.36713    3.45289   -2.56621    2.00000
 179.81187   -0.03278   22.74734   22.44079    0.19096    0.10539   11.50961    4.09151    1.06702    5.24616    2.00000
 180.04874    0.03350   20.03944   19.55110    0.05913    0.03263  114.08297    1.84726   -2.23841   -0.39181    2.00000
 179.94168    0.03530   23.10901   22.76105    0.06817    0.03763    8.77409   -2.40529    0.66099    0.43376    2.00000
 179.88957    0.06824   22.05851   21.81137    0.12981    0.07165   20.14099   -6.62401   -3.10119   -8.33429    2.00000
 179.98227    0.06983   23.22054   22.85811    0.07204    0.03976    8.01915    3.08270    1.33506    7.99510    2.00000
 179.92860   -0.01297   20.29752   19.82313    0.07257    0.04005   95.47814   -1.79053    0.12579   -1.76707    2.00000
 180.05309    0.04254   21.32145   21.09532    0.06803    0.03755   36.36952   -1.61570   -1.03150   -2.46303    2.00000
 180.01878    0.06084   23.75565   23.30949    0.06367    0.03514    5.35737    2.51727   -0.75328    4.26479    2.00000
 179.39978   -0.78718   21.71654   21.48988    0.98989    0.54640   25.99072    1.16393   -0.37579    0.66870    2.00000
 180.00185    0.00588   23.65318   23.22464    0.00616    0.00340    5.78455   -1.09603   -1.43683   -9.04975    2.00000
 179.84341   -0.06829   23.22054   22.85811    0.17083    0.09428    8.01915    9.25853   -1.80218    7.94259    2.00000
 179.98894   -0.02601   22.98457   22.65216    0.02827    0.01560    9.62105    2.82362    1.29903   -0.69545    2.00000
 179.98012    0.04446   21.93519   21.69655    0.04870    0.02688   22.19992   -0.75219    2.29839    1.67184    2.00000
 180.19223    0.14416   23.47746   23.07693    0.24028    0.13262    6.52819    1.32316    2.73969    1.06152    2.00000
 179.98869   -0.03702   23.17421   22.81789    0.03871    0.02136    8.33198    2.48370    0.06400    0.82574    2.00000
 180.06541   -0.03929   23.76279   23.31538    0.07630    0.04211    5.32768   -2.94598   -1.34606   -4.80412    2.00000
 179.98914   -0.04839   23.78899   23.33700    0.04959    0.02737    5.21882   -3.48345   -1.86849   -5.42835    2.00000
 179.91422    0.05306   21.37983   21.15639    0.10087    0.05567   34.76304   -0.52825    2.24873    1.92441    2.00000
 179.98779   -0.01741   23.02740   22.68972    0.02126    0.01173    9.32889    4.80169   -0.78410    8.16128    2.00000
 179.86842   -0.05174   23.22541   22.86234    0.14138    0.07803    7.98622    3.07954   -4.74678   -5.34539    2.00000
 180.01518   -0.00500   23.18153   22.82424    0.01599    0.00883    8.28259   -3.68997    3.78946    4.16744    2.00000
 179.96281    0.10042   22.95499   22.62608    0.10708    0.05910    9.82395   -1.25928    2.88025    2.81501    2.00000
 180.05473   -0.02603   21.86436   21.63021    0.06061    0.03345   23.38953    1.50651   -1.52711   -0.76223    2.00000
 180.04361   -0.03587   21.48155   21.26032    0.05647    0.03116   32.02920    1.50124    8.26355    9.71969    2.00000
 179.98836    0.01636   23.78660   23.33504    0.02008    0.01108    5.22872    0.77786    1.01121    4.87458    2.00000
 179.98476    0.02711   22.52394   22.23987    0.03110    0.01716   13.90215    1.33707   -4.61949   -3.77800    2.00000
 179.95052   -0.00145   23.60614   23.18537    0.04951    0.02733    5.98225   -0.69899    0.53889   -7.98404    2.00000
 179.96039    0.09423   23.38804   23.00123    0.10221    0.05641    6.90933   -2.66326   -2.77448   -7.81140    2.00000
 179.72292    0.00503   21.22333   20.99035    0.27713    0.15295   39.23820   -1.59141    0.39307   -0.61029    2.00000
 180.10938   -0.09835   21.76946   21.54091    0.14710    0.08119   24.99092    4.20477    0.64115    4.04723    2.00000
 179.97003    0.00397   23.53962   23.12953    0.03024    0.01669    6.26338   -0.44836    2.45877    2.96321    2.00000
 180.07263   -0.05035   21.22136   20.98809    0.08838    0.04878   39.32300   -3.29035   -1.60753   -4.78520    2.00000
 179.98119    0.01921   23.30367   22.92975    0.02689    0.01484    7.46195    1.23186   -0.70311    1.09020    2.00000
 180.04260    0.05469   22.20758   21.94954    0.06933    0.03826   17.66322   -5.97233   -0.78166   -7.42212    2.00000
 180.09628    0.03223   22.79225   22.48094    0.10154    0.05604   11.03159    0.30094   -1.21094   -4.70341    2.00000
 180.02371    0.02696   21.67685   21.45161    0.03591    0.01982   26.99746   -7.83327    1.53262   -6.16548    2.00000
 180.07709   -0.12232   23.83661   23.37632    0.14459    0.07980    5.02090   -1.12636    0.51208   -3.93776    2.00000
 180.01866   -0.01587   22.03384   21.78841    0.02449    0.01352   20.55278    0.28907    1.27521    0.72641    2.00000
 179.96468   -0.03608   22.88457   22.56331    0.05049    0.02787   10.31216   -0.28014   -3.34788   -6.36489    2.00000
 179.99516   -0.02635   21.89974   21.66338    0.02679    0.01478   22.79473   -1.98399   -1.74620   -3.33996    2.00000
 180.03941    0.00888   22.18959   21.93301    0.04041    0.02230   17.95978    0.48358    1.18603    1.86557    2.00000
 180.13084   -0.02117   23.83900   23.37828    0.13254    0.07315    5.01101   -1.78898    0.33748    3.46139    2.00000
 180.00517    0.01091   22.03658   21.79096    0.01207    0.00666   20.50702   -3.83267   -0.32689   -5.01519    2.00000
 180.01465   -0.06744   23.60454   23.18403    0.06901    0.03809    5.98901   -3.11541    0.33543   -2.80283    2.00000
 179.96742   -0.01920   23.47476   23.07464    0.03782    0.02087    6.53971   -2.56227    0.25878   -0.06359    2.00000
 180.00232   -0.08658   23.33088   22.95280    0.08661    0.04780    7.28260    2.72043    1.47910    2.42302    2.00000
 180.16653   -0.08091   23.03460   22.69602    0.18515    0.10219    9.27994    3.10548    0.16081    3.42119    2.00000
 179.99060   -0.06927   23.42881   23.03577    0.06991    0.03858    6.73544    1.94504    0.26263    1.39333    2.00000
 180.25711   -0.31639   23.62864   23.20415    0.40769    0.22501    5.88767   -4.31367   -0.05898   -2.51889    2.00000
 180.00020    0.03755   22.75233   22.44525    0.03755    0.02073   11.45650    1.99426    5.37055    8.75611    2.00000
 180.01573    0.03740   23.76993   23.32128    0.04057    0.02239    5.29799   -2.92194    0.85283    6.10590    2.00000
 180.04337   -0.02487   22.81221   22.49878    0.05000    0.02759   10.81914   -3.12038   -0.97724   -2.90952    2.00000
 180.02296   -0.03577   21.82626   21.59449    0.04251    0.02346   24.03009   -1.24442   -0.01334   -0.01829    2.00000
 179.96950    0.01805   21.31336   21.08670    0.03544    0.01956   36.59622    2.56814   -1.50260    1.24965    2.00000
 180.03680    0.04802   21.71654   21.48988    0.06050    0.03339   25.99072   -4.13064   -0.88901   -4.82599    2.00000
 180.00938    0.01120   23.65693   23.22774    0.01461    0.00806    5.76894    3.00829    2.73682    0.75682    2.00000
 179.92760   -0.02816   22.48644   22.20570    0.07768    0.04288   14.30905    1.34599   -1.21996   -1.54676    2.00000
 180.34093    0.00060   23.71867   23.27888    0.34092    0.18816    5.51146    4.21874    1.55326    4.41739    2.00000
 180.06819   -0.01559   22.46769   22.18861    0.06995    0.03861   14.51250    6.77014    0.07433    7.76274    2.00000
 179.90773    0.03202   22.83762   22.52146    0.09767    0.05391   10.63763   -3.15479    1.26129    0.25172    2.00000
 179.95052   -0.30112   21.99000   21.74758    0.30516    0.16842   21.28484    0.05485    0.70138    0.41079    2.00000
 180.11201    0.00254   23.16934   22.81366    0.11204    0.06184    8.36491   -2.92323    3.79303    1.57432    2.00000
 179.98792    0.02632   22.86370   22.54471    0.02897    0.01599   10.45681    3.15849   -1.64960   -0.34057    2.00000
 180.15279   -0.06737   23.62382   23.20013    0.16699    0.09216    5.90794    4.90556    1.20872    8.22434    2.00000
 179.97090    0.00208   19.71251   19.20885    0.02917    0.01610  143.23824    5.11324    3.17025    8.24436    2.00000
 179.98048   -0.05896   23.25467   22.88774    0.06211    0.03428    7.78864   -3.43659   -1.18336   -6.34920    2.00000
 180.16136    0.08736   22.91065   22.58656    0.18349    0.10127   10.13134   -1.89718    0.26270   -3.60312    2.00000
 180.10786   -0.07999   23.33633   22.95742    0.13429    0.07412    7.24673    0.23000   -1.22349    2.19844    2.00000
 179.44432    0.35357   23.10421   22.75686    0.65862    0.36352    8.80672   -5.85301   -0.00036   -5.06234    2.00000
 179.91798    0.06536   23.25467   22.88774    0.10488    0.05788    7.78864   -1.95486    2.76236   -2.17939    2.00000
 179.98120   -0.02811   20.94677   20.63358    0.03381    0.01866   52.60910   -2.37819    1.62504   -0.57792    2.00000
 179.93729   -0.05092   22.88196   22.56098    0.08078    0.04458   10.33024    1.58948   -0.07951    3.00488    2.00000
 179.85687    0.04350   22.21787   21.95899    0.14960    0.08257   17.49376   -4.07539   -0.72231   -4.38135    2.00000
 180.04755   -0.06554   21.28504   21.05653    0.08097    0.04469   37.38967   -1.53513    2.02636   -0.18148    2.00000
 180.03850    0.01244   21.94341   21.70421    0.04046    0.02233   22.06266    5.73539   -2.67799    3.59844    2.00000
 179.97636   -0.02536   21.76682   21.53836    0.03466    0.01913   25.03668    4.68570    1.15748    4.59302    2.00000
 180.02560   -0.01388   23.73925   23.29593    0.02913    0.01608    5.42563   -2.01748    1.21815    5.71837    2.00000
 179.91460    0.08923   22.82219   22.50770    0.12352    0.06817   10.74471    1.61023   -0.88227   -0.90280    2.00000
 180.03555   -0.00694   21.11414   20.86134    0.03622    0.01999   44.07309   -0.26907   -3.09913   -3.07843    2.00000
 180.07623   -0.24267   22.47472   22.19502    0.25436    0.14039   14.43621   -7.80870    0.20808   -6.70412    2.00000
 180.03674    0.13390   21.31538   21.08885    0.13885    0.07664   36.53954   -5.19683   -2.98495   -8.29310    2.00000
 180.02576    0.03344   20.84598   20.46626    0.04221    0.02330   59.35395   -1.99258   -2.49997   -4.51552    2.00000
 180.03519    0.00398   21.89974   21.66338    0.03541    0.01954   22.79473    1.09025    0.81581    0.83633    2.00000
 180.10461    0.05934   22.27698   22.01333    0.12027    0.06638   16.59969   -1.30928   -0.24987   -0.52695    2.00000
 180.02754    0.09137   23.09221   22.74637    0.09543    0.05267    8.88831    3.06721    0.85965    5.08507    2.00000
 179.97899    0.02025   22.51456   22.23133    0.02918    0.01611   14.00388    1.55646    1.57607    4.98083    2.00000
 180.11812    0.04736   21.90246   21.66593    0.12726    0.07024   22.74897   -2.12520    3.15207    1.58386    2.00000
 179.99892    0.00060   21.15146   20.90670    0.00124    0.00069   42.37315    0.02819    2.05894    2.14732    2.00000
 179.91174   -0.27210   21.13803   20.89037    0.28605    0.15788   42.98513   -2.79052    1.25352   -0.93449    2.00000
 180.03392    0.04711   22.03384   21.78841    0.05805    0.03204   20.55278   -1.44880    0.36345   -1.68386    2.00000
 180.01726    0.09709   23.13302   22.78203    0.09861    0.05443    8.61091    2.15301   -2.74753   -1.95277    2.00000
 179.92130   -0.05463   22.46769   22.18861    0.09581    0.05288   14.51250   -0.89953   -3.91547   -5.89475    2.00000
 180.02271   -0.00704   20.18848   19.70797    0.02377    0.01312  103.35455    0.98463    2.70436    3.83720    2.00000
 179.95229    0.05262   23.26198   22.89410    0.07104    0.03921    7.73925   -1.48887    1.53290   -0.36638    2.00000
 180.01981    0.00537   22.06399   21.81647    0.02052    0.01133   20.04948    2.91318    2.06646    5.02711    2.00000
 179.95570   -0.14900   23.54233   23.13182    0.15544    0.08579    6.25187   -3.79386    0.17513    2.95196    2.00000
 179.90718    0.10602   22.66105   22.36349    0.14091    0.07777   12.43011    1.30563   -1.74787    2.63848    2.00000
 180.01790    0.02565   23.82947   23.37042    0.03128    0.01726    5.05059   -4.16130   -2.64905   -1.03089    2.00000
 179.94981    0.03043   21.06545   20.80109    0.05870    0.03240   46.33110    1.09349    0.87817    1.84709    2.00000
 180.01036    0.01636   20.49849   20.03915    0.01937    0.01069   81.36446    0.57618   -0.06284    0.42610    2.00000
 179.97884    0.00326   22.36772   22.09686    0.02142    0.01182   15.60510    4.73909   -2.28673    4.42070    2.00000
 179.85994    0.06679   23.80566   23.35076    0.15516    0.08564    5.14955    4.60142   -0.30953    4.91490    2.00000
 179.98305    0.00076   23.11862   22.76944    0.01697    0.00937    8.70881   -3.08227    0.43612   -7.41919    2.00000
 179.90353    0.02256   21.50265   21.28188    0.09907    0.05468   31.46208    2.22533    1.56374    2.98206    2.00000
 180.02856    0.04988   23.75088   23.30555    0.05748    0.03172    5.37716    2.35815    0.43838    6.98076    2.00000
 179.94968   -0.01232   23.72054   23.28043    0.05181    0.02860    5.50366   -4.50552    1.94149    1.88380    2.00000
 180.00113   -0.02430   22.15205   21.89859    0.02433    0.01343   18.57687    5.28573    0.08853    5.01073    2.00000
 180.05347   -0.11472   21.98177   21.73993    0.12656    0.06985   21.42210   -7.39765   -0.88427   -7.76940    2.00000
 179.94508    0.01050   22.24100   21.98026    0.05591    0.03086   17.11248    5.29142    0.66371    5.94954    2.00000
 180.09183   -0.02027   22.58280   22.29318    0.09403    0.05190   13.26732   -1.08291    1.40973   -0.94393    2.00000
 179.97781    0.04550   23.29278   22.92052    0.05062    0.02794    7.53369    0.83914   -0.98362   -9.68023    2.00000
 180.07967   -0.01124   23.03460   22.69602    0.08046    0.04441    9.27994    3.26390   -2.43116   -0.45457    2.00000
 180.02223    0.05002   22.49816   22.21638    0.05474    0.03021   14.18190    6.64645    0.60588    9.11108    2.00000
 180.00591    0.00275   23.83185   23.37239    0.00651    0.00359    5.04069    2.25765   -1.72175    7.19587    2.00000
 179.76054   -0.31061   23.25467   22.88774    0.39220    0.21647    7.78864    2.47410   -3.19454   -3.22237    2.00000
 179.98764    0.05543   23.13302   22.78203    0.05679    0.03135    8.61091   -4.72733    0.30690   -3.81652    2.00000
 179.98888    0.03212   21.76153   21.53326    0.03399    0.01876   25.12819   -2.90916   -3.31243   -6.75146    2.00000
 180.00572   -0.01469   22.75483   22.44748    0.01577    0.00870   11.42994    5.28880    2.41395    3.92259    2.00000
 180.00569   -0.03459   22.79974   22.48763    0.03506    0.01935   10.95192    0.04721   -0.27190   -3.00872    2.00000
 179.99699    0.06527   21.94889   21.70931    0.06534    0.03606   21.97115   -5.08591    2.47277   -2.63030    2.00000
 180.03149    0.00462   22.16968   21.91471    0.03183    0.01757   18.28787    2.26400   -1.22455    0.27039    2.00000
 180.01320    0.01773   21.33156   21.10609    0.02211    0.01220   36.08614    2.61280   -0.93568    1.41615    2.00000
 179.97847   -0.11068   23.68499   23.25098    0.11275    0.06223    5.65191    1.19607   -2.82649    1.88675    2.00000
 179.94217   -0.14627   20.60687   20.15900    0.15728    0.08681   75.18834    1.62045   -1.21255    0.53178    2.00000
 180.05370    0.00023   22.57237   22.28381    0.05370    0.02964   13.37894   -0.68044    2.23690    1.42357    2.00000
 180.01440   -0.00114   22.03384   21.78841    0.01445    0.00797   20.55278   -0.32245    0.62536   -0.05207    2.00000
 180.10646    0.07631   22.27698   22.01333    0.13099    0.07230   16.59969    3.00039    3.44386    5.40489    2.00000
 180.03619   -0.02413   23.49098   23.08836    0.04350    0.02401    6.47062    0.84441   -0.53866    4.79067    2.00000
 179.96687    0.08273   23.58365   23.16658    0.08911    0.04918    6.07684    0.50610   -1.60863   -1.78439    2.00000
 179.99158   -0.05247   23.26442   22.89621    0.05314    0.02933    7.72278   -7.99561   -0.35595   -4.67143    2.00000
 179.83315    0.20931   22.52159   22.23773    0.26768    0.14774   13.92758   -1.76311    2.61474    2.33825    2.00000
 180.11009    0.00603   22.53800   22.25268    0.11025    0.06085   13.74957    1.53939   -1.88577    0.89885    2.00000
 180.02554    0.00927   22.53331   22.24841    0.02717    0.01499   13.80043    1.37107   -2.01507   -1.91675    2.00000
 180.04588   -0.00415   23.16446   22.80942    0.04606    0.02542    8.39784    3.93067   -0.49613    5.68288    2.00000
 180.03107    0.04142   23.64149   23.21489    0.05177    0.02857    5.83362   -5.27591   -4.32887  -10.76293    2.00000
 179.89149   -0.00441   22.50284   22.22065    0.10859    0.05993   14.13103   -2.20884    3.27865    2.75990    2.00000
 180.11734    0.08080   22.75982   22.45194    0.14247    0.07863   11.37683   -0.90443    2.44693    3.43558    2.00000
 179.91928   -0.00796   23.55854   23.14554    0.08111    0.04477    6.18278   -0.38332   -1.58510    2.57774    2.00000
 180.05592   -0.00484   23.63827   23.21221    0.05614    0.03098    5.84713   -1.72641   -2.14101    2.77902    2.00000
 179.99142   -0.06391   23.32816   22.95050    0.06448    0.03559    7.30053   -0.48179   -2.94470   -1.86434    2.00000
 180.31062    0.27398   23.12342   22.77364    0.41419    0.22861    8.67618   -1.73478   -0.15698    0.87472    2.00000
 179.96616   -0.03468   23.66254   23.23239    0.04846    0.02675    5.74554    1.19001    0.18565    7.38782    2.00000
 179.94588   -0.04527   21.95711   21.71696    0.07057    0.03895   21.83389    2.67347   -0.43005    1.93604    2.00000
 179.98940   -0.06055   22.39892   22.12560    0.06147    0.03393   15.26279    5.51497   -1.42092    5.11968    2.00000
 180.01733   -0.00434   23.33088   22.95280    0.01787    0.00986    7.28260    0.40362    0.49641   -2.48161    2.00000
 179.96681   -0.16694   22.64018   22.34474    0.17021    0.09394   12.65337    5.36597    1.70450    4.38121    2.00000
 180.19868    0.03934   21.15296   20.90852    0.20255    0.11179   42.30516   -3.32630    0.07480   -3.18612    2.00000
 179.86127    0.06124   22.67930   22.37990    0.15165    0.08370   12.23476    0.75413   -2.73455   -1.60983    2.00000
 179.98409    0.00690   23.11862   22.76944    0.01735    0.00958    8.70881   -1.74808    0.72909    1.77685    2.00000
 179.97369   -0.05458   21.65304   21.42864    0.06059    0.03344   27.60150    1.50806   -3.24989   -2.10759    2.00000
 179.96243   -0.04370   23.34177   22.96203    0.05763    0.03181    7.21086    4.76353    2.68664    2.73280    2.00000
 180.04123    0.03012   23.21322   22.85176    0.05106    0.02818    8.06855   -0.22217   -0.37844   -3.54049    2.00000
 179.99010   -0.05035   23.39892   23.01045    0.05132    0.02832    6.86289    3.53980    0.20125    5.86845    2.00000
 180.02950   -0.02913   23.14984   22.79673    0.04146    0.02288    8.49659    6.60369    1.16374    6.12819    2.00000
 179.95535    0.05361   23.05861   22.71700    0.06977    0.03851    9.11676   -5.72865   -1.36637   -6.85533    2.00000
 180.01183    0.00107   23.29278   22.92052    0.01187    0.00655    7.53369    0.27249   -0.69930    1.80065    2.00000
 180.04277    0.01660   20.89583   20.55029    0.04587    0.02532   55.73042   -2.16298    0.29743   -1.82638    2.00000
 179.97829   -0.00189   20.52945   20.07275    0.02179    0.01203   79.63271   -2.46709   -0.51179   -3.07481    2.00000
 179.94649    0.03182   22.92630   22.60050    0.06226    0.03436   10.02285    0.04981   -1.17883   -3.27606    2.00000
 180.03032    0.05634   23.76993   23.32128    0.06399    0.03532    5.29799    3.75835    3.41014    8.35712    2.00000
 180.03522    0.01309   23.32000   22.94358    0.03757    0.02073    7.35434    9.26683    1.81814   15.98734    2.00000
 180.10481    0.41649   20.34864   19.87760    0.42948    0.23704   91.75287    4.17082   -0.34822    3.72482    2.00000
 179.76802    0.15886   22.06947   21.82158    0.28116    0.15518   19.95797    5.49275    0.68752    6.71228    2.00000
 180.02975   -0.01752   23.17421   22.81789    0.03454    0.01906    8.33198   -8.77019    1.12281   -7.36591    2.00000
 180.05266    0.03072   20.65884   20.21907    0.06097    0.03365   72.09275   -2.79665   -0.51052   -3.13845    2.00000
 179.98740   -0.09437   22.18702   21.93064    0.09521    0.05255   18.00214   -2.30110    0.53897    0.21264    2.00000
 180.03474    0.01922   22.04207   21.79606    0.03971    0.02192   20.41551   -1.84572   -1.14155   -3.15278    2.00000
 180.00880    0.00549   17.94300   17.95386    0.01037    0.00573  293.68170   -0.20624    0.61454    0.40614    2.00000
 179.95602    0.01202   23.55314   23.14096    0.04560    0.02517    6.20581   -0.52872   -0.83898    1.09675    2.00000
 179.81641   -0.07542   23.75088   23.30555    0.19848    0.10954    5.37716    0.43483   -0.53235   -3.04885    2.00000
 180.04909   -0.03413   22.85327   22.53541    0.05978    0.03299   10.52914   -3.67840    2.16622   -2.51500    2.00000
 179.91643   -0.06564   23.39348   23.00584    0.10627    0.05865    6.88611    4.35542   -2.21309    0.76921    2.00000
 180.08688    0.20347   22.61671   22.32365    0.22124    0.12211   12.90453    4.32193    0.52052    6.34863    2.00000
 180.06705   -0.00205   23.75803   23.31145    0.06707    0.03702    5.34747   -0.60830    0.45218   -3.89693    2.00000
 180.03793    0.01346   22.14437   21.89158    0.04026    0.02222   18.70261    2.93495    0.75683    4.58860    2.00000
 180.04805   -0.03463   23.43962   23.04491    0.05923    0.03269    6.68938    2.21125   -0.01470   -1.14492    2.00000
 179.88187   -0.05508   19.46955   18.95475    0.13034    0.07194  166.64929   -1.28834   -1.95468   -3.23639    2.00000
 179.99721    0.03525   23.26930   22.90045    0.03536    0.01952    7.68986    1.09457   -0.97802   -4.00154    2.00000
 180.47070   -0.15062   23.23517   22.87081    0.49422    0.27278    7.92036   -2.91555    2.85950    2.29919    2.00000
 180.03102    0.02528   23.67751   23.24478    0.04002    0.02209    5.68312    1.77231   -2.46741    1.29292    2.00000
 179.97549   -0.04070   22.68713   22.38693    0.04751    0.02622   12.15104   -1.28337   -0.58975    0.28592    2.00000
 179.99678   -0.01165   23.14502   22.79252    0.01209    0.00667    8.52932   -1.07342   -1.56250   -3.15158    2.00000
 180.10751    0.14601   23.13542   22.78413    0.18132    0.10007    8.59459    2.87236    0.46382    2.61777    2.00000
 180.07991    0.02568   23.04421   22.70441    0.08394    0.04633    9.21467   -3.06201   -2.58835   -8.30084    2.00000
 180.05029    0.03684   22.84544   22.52844    0.06235    0.03441   10.58339    1.79018    1.15879    1.01664    2.00000
 180.03207   -0.02297   23.68499   23.25098    0.03946    0.02178    5.65191   -0.92765    0.37277    2.40895    2.00000
 179.91814    0.01395   21.72448   21.49754    0.08305    0.04584   25.78938   -2.99288   -0.85249   -3.03922    2.00000
 179.88783   -0.11262   23.03941   22.70021    0.15894    0.08773    9.24730   -2.86207    1.07824   -3.90568    2.00000
 180.28743   -0.18566   22.87153   22.55169    0.34218    0.18886   10.40257   -3.21834   -4.00078   -6.93703    2.00000
 179.94415    0.07625   23.57883   23.16256    0.09451    0.05216    6.09710   -0.03294    1.50642    9.48879    2.00000
 180.01704   -0.05589   23.33905   22.95972    0.05843    0.03225    7.22879   -0.56807   -1.13543   -1.92046    2.00000
 179.99962   -0.04406   23.00719   22.67201    0.04406    0.02432    9.46669   -0.20330   -3.62535   -2.73899    2.00000
 180.08591    0.06918   23.79137   23.33897    0.11029    0.06087    5.20893    1.17136   -2.63179   -6.28342    2.00000
 179.83070    0.66499   22.81720   22.50324    0.68620    0.37875   10.77940   -0.20616    3.04277    3.15477    2.00000
 179.99858    0.05978   23.28734   22.91591    0.05980    0.03301    7.56956   -4.46077   -3.17062   -4.18336    2.00000
 179.93620   -0.07059   21.73771   21.51029    0.09515    0.05251   25.53997    2.26866   -3.12553   -0.19374    2.00000
 179.98436   -0.01281   22.67148   22.37286    0.02022    0.01116   12.31848   -1.44426   -2.46975   -5.22444    2.00000
 180.00940    0.00905   23.68873   23.25408    0.01305    0.00720    5.63630    4.26887    0.61307    6.19606    2.00000
 180.00414    0.03236   23.75327   23.30752    0.03262    0.01800    5.36726   -1.21432    2.08020    3.76160    2.00000
 180.01378    0.06207   23.70370   23.26648    0.06358    0.03509    5.57388    2.96204   -0.90558    1.01192    2.00000
 180.01321   -0.05414   23.50179   23.09751    0.05573    0.03076    6.42457    2.20446    0.41370    5.14675    2.00000
 179.90962   -0.03669   23.72054   23.28043    0.09755    0.05384    5.50366    3.12129   -0.88340    7.17451    2.00000
 179.90582    0.00507   22.92369   22.59818    0.09431    0.05205   10.04093   -1.06209   -2.09007   -6.05742    2.00000
 180.28304    0.11875   23.33088   22.95280    0.30694    0.16941    7.28260    2.10647   -1.66748    1.71608    2.00000
 179.98305    0.01948   23.78184   23.33111    0.02582    0.01425    5.24851   -0.99501    2.69130    1.08645    2.00000
 180.02924    0.02502   22.65322   22.35646    0.03848    0.02124   12.51383   -0.43956   -3.28888   -2.95945    2.00000
 179.94395   -0.06692   23.68125   23.24788    0.08728    0.04817    5.66751    6.58856   -0.88244   12.50901    2.00000
 180.08615   -0.01878   21.45286   21.23101    0.08817    0.04866   32.80028    0.60216    1.06914    2.34075    2.00000
 180.06686   -0.04814   23.32272   22.94589    0.08239    0.04547    7.33640    0.14686    0.84788   -1.71994    2.00000
 179.97969   -0.04570   22.91326   22.58888    0.05001    0.02760   10.11326   -0.60368    0.98358    1.57880    2.00000
 180.21828   -0.08043   22.62714   22.33302    0.23262    0.12839   12.79290   -2.43452   -0.68055   -1.56912    2.00000
 180.01923    0.01843   21.31538   21.08885    0.02663    0.01470   36.53954    6.67699   -0.42802    5.66625    2.00000
 179.97679   -0.00315   23.62060   23.19744    0.02343    0.01293    5.92145   -1.49777   -2.80405    0.86496    2.00000
 180.01831   -0.01139   23.38259   22.99661    0.02156    0.01190    6.94184    1.98942   -1.52401   -3.97936    2.00000
 179.97307   -0.00133   23.61257   23.19074    0.02696    0.01488    5.95523    1.28017    0.43289    3.37091    2.00000
 179.96967    0.03715   23.41253   23.02198    0.04795    0.02647    6.80485   -0.19027    3.08741    1.18236    2.00000
 180.00143   -0.10771   21.27695   21.04791    0.10772    0.05945   37.61637   -4.20356    0.85008   -3.68199    2.00000
 179.98325    0.01228   22.30269   22.03696    0.02077    0.01147   16.31837   -5.56660   -0.29729   -5.72425    2.00000
 179.93936    0.06077   23.38259   22.99661    0.08585    0.04738    6.94184   -3.91690    2.77687   -1.28102    2.00000
 180.05820   -0.04134   23.69622   23.26028    0.07138    0.03940    5.60509   -0.88250    1.40416    3.92558    2.00000
 180.00127   -0.03144   23.21810   22.85599    0.03147    0.01737    8.03562    0.17551   -3.57644   -5.57144    2.00000
 180.02679   -0.02412   23.48017   23.07922    0.03606    0.01990    6.51668    2.38443    4.98999    3.00616    2.00000
 180.02505   -0.05986   21.25269   21.02206    0.06490    0.03582   38.29648    5.98659   -0.59591    5.64297    2.00000
 179.96101    0.07965   22.93673   22.60980    0.08868    0.04894    9.95052    1.97989   -3.36055   -4.79724    2.00000
 179.96713   -0.00830   23.18397   22.82636    0.03389    0.01870    8.26612   -0.68707    0.63546   -2.16637    2.00000
 180.02046   -0.03172   22.80473   22.49209    0.03774    0.02083   10.89881    1.55146    0.07442    1.57929    2.00000
 180.20895    0.20556   21.61119   21.38838    0.29312    0.16178   28.66053   -0.89990   -4.25581   -5.79723    2.00000
 179.99664    0.09767   22.39892   22.12560    0.09772    0.05394   15.26279    0.46709    1.18063    1.10452    2.00000
 179.96301    0.01980   22.35811   22.08801    0.04196    0.02316   15.71042   -0.76409   -0.02663   -2.37455    2.00000
 179.98672   -0.11344   23.20103   22.84118    0.11421    0.06304    8.15087    4.46502   -0.39691    0.52046    2.00000
 179.99065   -0.03323   21.52752   21.30728    0.03452    0.01905   30.79390   -1.72150   -2.20571   -4.65078    2.00000
 179.88081    0.08641   23.23517   22.87081    0.14721    0.08125    7.92036    2.96740   -1.33959    2.66745    2.00000
 180.03181   -0.21576   17.00543   16.26848    0.21810    0.12037  684.42236   -2.25042   -1.19548   -3.45181    2.00000
 180.08350   -0.03303   21.55668   21.33599    0.08980    0.04956   30.03864   -4.78518   -0.18306   -4.88564    2.00000
 179.99992    0.04745   23.42070   23.02890    0.04745    0.02619    6.77002    0.26671    0.27011   -2.71659    2.00000
 179.96910   -0.05835   22.00370   21.76034    0.06603    0.03644   21.05607   -1.40274   -0.22763   -2.50404    2.00000
 179.53770   -0.42323   20.98656   20.69348    0.62676    0.34594   50.36401  -10.99234    1.59559   -9.48370    2.00000
 180.04767   -0.03874   23.18640   22.82847    0.06142    0.03390    8.24966   -5.95321    1.80245   -3.57675    2.00000
 180.00450   -0.03635   21.32953   21.10393    0.03663    0.02022   36.14281    0.86031   -0.82426    0.53458    2.00000
 180.02608    0.04467   23.35538   22.97356    0.05172    0.02855    7.12118   -4.42711    1.64325   -0.81888    2.00000
 179.94530   -0.05960   23.51260   23.10666    0.08091    0.04465    6.37852    2.14066   -3.33274    9.08055    2.00000
 179.95195   -0.07521   22.67409   22.37521    0.08925    0.04926   12.29058    2.50859   -1.52733   -0.40691    2.00000
 179.98654    0.02851   23.00934   22.67390    0.03153    0.01740    9.45199    1.67526   -0.93281   -0.11741    2.00000
 179.93970    0.03828   23.56389   23.15006    0.07143    0.03942    6.16001    2.36636    0.93462    2.89973    2.00000
 180.06827   -0.03162   21.83170   21.59960    0.07524    0.04152   23.93858   -2.79783   -0.69180   -5.59633    2.00000
 179.96188   -0.01521   21.86708   21.63276    0.04104    0.02265   23.34378   -0.25086   -1.37601   -1.26782    2.00000
 180.05351    0.00519   23.43962   23.04491    0.05376    0.02967    6.68938   -2.40560    5.69710    3.97056    2.00000
 179.85728   -0.04261   21.99822   21.75524    0.14894    0.08220   21.14758    0.60529   -0.70287    0.92802    2.00000
 179.95850   -0.06427   23.31728   22.94128    0.07650    0.04222    7.37227   -4.79014    2.00673   -3.38542    2.00000
 180.07472   -0.00303   23.42611   23.03348    0.07478    0.04127    6.74695    8.16727   -0.66945    4.62768    2.00000
 179.99651   -0.00712   21.45286   21.23101    0.00794    0.00438   32.80028   -3.00078    1.30756   -1.85732    2.00000
 179.99506   -0.06023   18.07175   18.09925    0.06043    0.03336  272.14120   -4.59981   -0.81796   -5.40333    2.00000
 180.02525   -0.02980   19.55330   19.04213    0.03906    0.02156  157.93169    0.41140    1.20075    1.72774    2.00000
 179.74638   -0.18916   22.79225   22.48094    0.31639    0.17463   11.03159    1.25815   -1.80662    0.49074    2.00000
 180.00285    0.04243   23.29822   22.92513    0.04253    0.02347    7.49782    2.68954    0.93298    5.42322    2.00000
 179.99232    0.04953   19.37656   18.85722    0.05012    0.02766  177.43462    5.53939    0.30777    5.83888    2.00000
 179.79901    0.01792   23.27918   22.90900    0.20179    0.11137    7.62329    0.18004    1.77525    3.69937    2.00000
 179.98602    0.06071   22.12903   21.87756    0.06230    0.03438   18.95409   -3.98130    1.41572   -2.55292    2.00000
 179.89812    0.00170   23.13302   22.78203    0.10190    0.05624    8.61091   -0.14792    0.44804   -2.95677    2.00000
 179.98360    0.04462   20.86964   20.50538    0.04754    0.02624   57.41336   -2.02705   -1.29412   -3.41772    2.00000
 179.97884    0.00611   22.82219   22.50770    0.02203    0.01216   10.74471    1.89676    3.82511    5.58748    2.00000
 179.99092    0.00396   23.81994   23.36256    0.00991    0.00547    5.09017    4.71766    2.30462   19.17509    2.00000
 179.99251   -0.05201   22.38692   22.11455    0.05255    0.02900   15.39445    0.66554   -0.37523   -0.47071    2.00000
 179.97723   -0.12889   21.74300   21.51540    0.13089    0.07224   25.44846   -1.59781   -1.40552   -2.24510    2.00000
 179.99460    0.01098   23.01796   22.68146    0.01224    0.00676    9.39318    2.76723    2.74524    6.40746    2.00000
 180.10930    0.17295   23.67189   23.24013    0.20459    0.11292    5.70652    4.35985    0.71496    7.88240    2.00000
 180.01810   -0.01306   23.60775   23.18671    0.02232    0.01232    5.97550   -1.78683   -0.67886    0.70347    2.00000
 180.20921   -0.23966   21.23512   21.00313    0.31813    0.17558   38.79436   -6.59282   -1.05767   -7.77932    2.00000
 179.97656   -0.02834   22.64279   22.34708    0.03678    0.02030   12.62546   -3.18329   -0.78636   -5.53323    2.00000
 180.01500    0.01573   23.65880   23.22929    0.02174    0.01200    5.76114    0.03794   -0.31355   -4.09442    2.00000
 180.21300    0.07390   21.82354   21.59194    0.22545    0.12443   24.07584    0.89158   -0.01974    1.08757    2.00000
 179.95181   -0.00660   23.24492   22.87928    0.04863    0.02684    7.85450    0.43367    2.57680    4.92504    2.00000
 179.98782   -0.00448   22.73238   22.42741    0.01297    0.00716   11.66895   -1.34425   -0.37130   -0.98802    2.00000
 179.96463    0.03330   21.39287   21.16971    0.04858    0.02681   34.41255    1.05874   -0.90898    0.02440    2.00000
 180.01495   -0.01272   22.86109   22.54239    0.01963    0.01084   10.47490   -0.61466   -2.65464   -5.04715    2.00000
 179.99046    0.12585   22.64018   22.34474    0.12621    0.06966   12.65337   -1.55138   -1.07975   -1.61335    2.00000
 180.05453   -0.02490   19.65306   19.14644    0.05995    0.03309  148.73846   -0.24862   -0.95340   -1.10299    2.00000
 179.86238   -0.01821   21.94615   21.70676    0.13882    0.07662   22.01691    3.22260   -0.05154    2.75478    2.00000
 180.02480   -0.09678   18.72926   18.16872    0.09990    0.05514  262.57202    0.11080    1.19713    1.24018    2.00000
 180.03439   -0.05617   23.49908   23.09523    0.06586    0.03635    6.43608   -0.17635    1.17719   -1.84791    2.00000
 180.14124   -0.09616   20.96369   20.65980    0.17087    0.09431   51.62621    2.73762   -0.29547    2.69444    2.00000
 179.99295    0.00093   22.69745   22.39619    0.00712    0.00393   12.04074    2.70098    3.19544    2.97002    2.00000
 180.03024   -0.10749   23.77946   23.32914    0.11166    0.06163    5.25841   -6.11331   -4.83055  -15.04407    2.00000
 180.03906   -0.02055   21.35635   21.13240    0.04415    0.02437   35.39392   -0.98719    1.65001    0.28972    2.00000
 180.22552    0.18926   23.73551   23.29283    0.29441    0.16249    5.44123   -2.67681   -0.42438   -1.08593    2.00000
 180.01004   -0.07609   22.59845   22.30724    0.07675    0.04236   13.09987    0.63738    2.45738    3.29613    2.00000
 180.05576    0.02772   23.41798   23.02659    0.06227    0.03437    6.78163    2.32725    1.88710    2.09456    2.00000
 180.01088    0.02041   23.38532   22.99892    0.02313    0.01277    6.92390   -3.89579   -5.19700  -11.56662    2.00000
 180.03358    0.01869   23.60454   23.18403    0.03844    0.02122    5.98901   -0.94937    0.22865    0.65610    2.00000
 180.01385   -0.00427   21.84803   21.61490    0.01450    0.00800   23.66405   -0.48024   -1.02216   -1.51579    2.00000
 180.01286   -0.01486   22.07129   21.82328    0.01966    0.01085   19.92747    1.91816   -2.30191   -0.28462    2.00000
 180.08276    0.09656   22.69496   22.39396    0.12717    0.07019   12.06724   -4.10689   -0.59416   -1.70120    2.00000
 180.09109   -0.10761   22.85848   22.54006    0.14099    0.07781   10.49298   -1.81318   -0.73709   -1.35338    2.00000
 180.00407   -0.00043   22.19216   21.93537    0.00410    0.00226   17.91741   -1.60873   -1.11061   -3.54344    2.00000
 180.00569    0.05651   23.19616   22.83694    0.05679    0.03135    8.18380   -0.29680   -2.79084   -3.04958    2.00000
 180.10170   -0.08576   23.42881   23.03577    0.13303    0.07342    6.73544    3.32429   -0.78188   11.75480    2.00000
 180.00610    0.01358   22.64279   22.34708    0.01489    0.00822   12.62546    0.79001   -1.75640    0.27855    2.00000
 179.98343    0.00676   23.82947   23.37042    0.01790    0.00988    5.05059    2.56489    2.42675    8.43891    2.00000
 179.93906   -0.04872   22.29498   22.02987    0.07803    0.04306   16.40276    1.23913   -0.18435    2.52403    2.00000
 179.98598   -0.02740   23.77708   23.32718    0.03078    0.01699    5.26830    1.02689    2.21517    0.17717    2.00000
 179.96011   -0.11434   21.55473   21.33412    0.12110    0.06684   30.08785   -2.08526    1.27926    1.65241    2.00000
 179.74481   -0.26199   22.95499   22.62608    0.36573    0.20186    9.82395    9.85816    0.11849    9.66904    2.00000
 180.04185   -0.03509   23.22541   22.86234    0.05463    0.03015    7.98622    3.19320    0.66764   10.35458    2.00000
 180.09694   -0.06795   20.58703   20.13632    0.11838    0.06534   76.35713    3.15833    3.11154    6.14305    2.00000
 180.01299   -0.01313   23.52071   23.11352    0.01847    0.01019    6.34397   -3.89227   -2.88802   -5.73819    2.00000
 179.92157    0.04451   23.40709   23.01737    0.09018    0.04977    6.82807    1.13079    1.88760    7.19242    2.00000
 179.92641    0.01243   23.51800   23.11123    0.07464    0.04120    6.35549   -4.29647   -1.55841   -2.51191    2.00000
 179.98570   -0.02462   23.67189   23.24013    0.02847    0.01572    5.70652   -4.32339   -1.22069   -5.85195    2.00000
 180.08969    0.07640   21.66362   21.43885    0.11781    0.06502   27.33304   -7.05046    3.12373   -3.78285    2.00000
 180.03123   -0.03266   18.71293   18.15118    0.04519    0.02494  264.98795    4.30862    0.25919    4.53114    2.00000
 180.08672   -0.00736   23.26686   22.89833    0.08702    0.04803    7.70632    5.57576   -0.36257    5.66973    2.00000
 180.02621    0.07563   20.77266   20.36027    0.08004    0.04418   64.81606    0.33041   -2.03402   -1.54746    2.00000
 180.11772    0.04183   20.82190   20.42842    0.12493    0.06895   61.30388   -2.53940    0.25532   -2.09359    2.00000
 180.13614    0.03223   22.02014   21.77565    0.13991    0.07722   20.78155   -4.52346    2.12692   -1.36528    2.00000
 180.23495    0.02053   23.30639   22.93205    0.23584    0.13017    7.44401   -3.23310    3.76449   -0.27506    2.00000
 179.98196    0.00575   21.78274   21.55369    0.01894    0.01045   24.76178   -5.52609   -0.40400   -5.88277    2.00000
 180.02588   -0.11590   21.35178   21.12763    0.11875    0.06554   35.51938   -0.22224    1.28290    1.15713    2.00000
 180.02542   -0.02251   22.41332   22.13887    0.03395    0.01874   15.10480   -3.55149   -3.50784   -6.73070    2.00000
 179.98784    0.11984   22.23329   21.97317    0.12045    0.06648   17.23957   -3.43084    1.89259   -2.11339    2.00000
 180.01605    0.00276   23.39620   23.00814    0.01629    0.00899    6.87450   -4.08788    0.36862    0.84651    2.00000
 179.99709    0.03329   22.71242   22.40957    0.03342    0.01845   11.88140    0.44681    2.46616    3.36172    2.00000
 180.09435   -0.03063   23.52881   23.12038    0.09919    0.05475    6.30943    0.48355   -0.54087    3.26395    2.00000
 180.65730   -0.52675   22.13670   21.88457    0.84232    0.46493   18.82835    0.35495    0.86526    1.47409    2.00000
 180.02264    0.02904   22.15533   21.90160    0.03683    0.02033   18.52298   -1.33631   -0.69603   -4.36132    2.00000
 180.06824   -0.00644   21.56447   21.34348    0.06854    0.03783   29.84176    1.55182   -2.42728   -0.48368    2.00000
 180.01367   -0.00335   21.12608   20.87586    0.01408    0.00777   43.52911    5.75047   -1.35552    4.85091    2.00000
 179.98534    0.04007   23.54503   23.13410    0.04267    0.02355    6.24035   -2.35453    0.58838   -2.15252    2.00000
 180.33438   -0.24619   23.74487   23.30058    0.41523    0.22918    5.40222   -3.90175   -1.15660    6.63604    2.00000
 179.97377    0.01915   22.45831   22.18007    0.03248    0.01793   14.61423   -1.83845    3.58442    1.91007    2.00000
 180.01746   -0.05900   20.42242   19.95683    0.06153    0.03396   86.33431    0.65626    1.37551    2.10550    2.00000
 180.02969   -0.00557   18.14088   17.80673    0.03021    0.01667  318.77487    1.63719   -0.36101    1.30786    2.00000
 179.98233    0.02577   21.70861   21.48223    0.03125    0.01725   26.19207   -6.73362    0.52781   -7.68340    2.00000
 179.96072   -0.00852   22.24357   21.98262    0.04018    0.02218   17.07011    3.37360    0.19902    5.60592    2.00000
 179.95799    0.03882   22.16082   21.90661    0.05720    0.03157   18.43317   -2.04834    0.64970   -1.22457    2.00000
 180.04417   -0.06730   23.79375   23.34094    0.08050    0.04443    5.19903    1.29043   -0.02909   -4.20979    2.00000
 180.09911   -0.04442   21.69538   21.46947    0.10861    0.05994   26.52765    2.21997    3.23767    5.93109    2.00000
 179.99184    0.03067   22.02288   21.77820    0.03173    0.01751   20.73579   -2.57470    1.44398   -1.26972    2.00000
 180.08051   -0.01929   22.48644   22.20570    0.08278    0.04569   14.30905    3.98698    0.06204    4.98788    2.00000
 179.97467   -0.02040   23.67377   23.24168    0.03252    0.01795    5.69872   -2.47449    3.85965    5.04517    2.00000
 179.99854   -0.06491   23.42070   23.02890    0.06492    0.03583    6.77002   -0.70076    0.38393   -1.73647    2.00000
 179.95682    0.05948   23.21078   22.84964    0.07350    0.04057    8.08501   -0.66489    1.49680   -2.46373    2.00000
 180.02220   -0.02075   17.98922   17.68340    0.03039    0.01677  339.81018    5.98598   -1.62772    4.36343    2.00000
 179.99973   -0.01278   22.58541   22.29553    0.01278    0.00706   13.23941    4.99501   -0.28912    6.34999    2.00000
 180.04826   -0.07158   21.21108   20.97615    0.08633    0.04765   39.77065    6.48756   -0.46850    5.47196    2.00000
 180.21092   -0.07910   22.57237   22.28381    0.22526    0.12433   13.37894    5.37867   -4.17262   -1.62749    2.00000
 180.01964    0.01129   21.82898   21.59704    0.02265    0.01250   23.98433    2.74552    0.84146    3.20767    2.00000
 180.00974   -0.02712   23.33633   22.95742    0.02882    0.01590    7.24673    2.54887   -0.20359    3.70274    2.00000
 179.98491   -0.04383   23.25711   22.88986    0.04636    0.02559    7.77218    0.92603   -0.50066    2.94236    2.00000
 179.97852   -0.10142   22.03110   21.78585    0.10367    0.05722   20.59853   -3.21824    0.55605   -2.34103    2.00000
 179.97862    0.03429   23.73177   23.28973    0.04041    0.02230    5.45684    0.03924   -1.12156   -5.34415    2.00000
 180.06485    0.01159   23.60775   23.18671    0.06588    0.03636    5.97550    2.15247   -1.03007    5.17153    2.00000
 180.04234   -0.00483   23.33633   22.95742    0.04262    0.02352    7.24673   -4.48869   -0.19568   -5.39317    2.00000
 179.97780   -0.01581   23.01258   22.67673    0.02726    0.01504    9.42994    1.29130   -0.76627   -2.09976    2.00000
 179.51707    0.09914   23.21322   22.85176    0.49300    0.27211    8.06855   -2.69638   -1.03923   -4.92142    2.00000
 180.05849    0.01709   21.86708   21.63276    0.06093    0.03363   23.34378   -0.47154   -0.17903   -0.35589    2.00000
 180.02481    0.02368   23.15958   22.80519    0.03430    0.01893    8.43077   -0.04945   -1.00880   -1.09432    2.00000
 180.04562    0.03030   23.06101   22.71909    0.05477    0.03023    9.10044   -2.49391    0.56218   -3.45657    2.00000
 180.18954   -0.58973   21.89974   21.66338    0.61945    0.34190   22.79473   10.29803    2.01615   11.72173    2.00000
 179.97644    0.01028   21.40330   21.18037    0.02571    0.01419   34.13215    1.52525   -0.21016    1.03983    2.00000
 180.00562   -0.18558   23.43692   23.04263    0.18567    0.10247    6.70090   -4.92922    2.06978   -2.72036    2.00000
 180.13591   -0.07426   22.66105   22.36349    0.15487    0.08548   12.43011    1.46060    3.20196    3.62527    2.00000
 179.99380   -0.04568   22.59062   22.30021    0.04610    0.02545   13.18359   -2.42313   -2.88090   -6.47536    2.00000
 180.01418    0.10231   23.13062   22.77993    0.10329    0.05701    8.62723    2.43413   -0.69161    2.62504    2.00000
 179.94112    0.00840   22.64279   22.34708    0.05948    0.03283   12.62546   -3.95505    0.93334   -2.98961    2.00000
 179.93391   -0.00126   23.34449   22.96433    0.06609    0.03648    7.19292    2.72854    2.30230    4.71008    2.00000
 180.03772   -0.03345   23.63185   23.20684    0.05042    0.02783    5.87416   -2.35859    0.46454    0.01320    2.00000
 179.95345   -0.05151   23.68312   23.24943    0.06943    0.03832    5.65971    1.46723   -0.62425    5.77626    2.00000
 179.99200   -0.00598   22.14218   21.88958    0.00998    0.00551   18.73853   -2.30868    0.80747   -1.25370    2.00000
 180.00230   -0.10108   22.15643   21.90260    0.10111    0.05580   18.50502   -1.77734    1.83521    0.37719    2.00000
 180.03983    0.26997   23.29822   22.92513    0.27289    0.15061    7.49782   -0.62101    1.73464    3.09627    2.00000
 179.95941   -0.01345   22.39892   22.12560    0.04275    0.02360   15.26279    4.67375    0.02781    2.87142    2.00000
 180.02951    0.01362   23.12822   22.77783    0.03251    0.01794    8.64354    1.20376    1.17433    2.40066    2.00000
 179.98480    0.00780   23.17421   22.81789    0.01708    0.00943    8.33198   -1.73238   -1.72653   -6.00798    2.00000
 179.99670    0.02191   22.63496   22.34005    0.02216    0.01223   12.70918    0.99694    0.73313    4.23983    2.00000
 180.00194   -0.00195   22.79225   22.48094    0.00275    0.00152   11.03159    3.05350   -1.68421    4.44238    2.00000
 179.90337   -0.01423   23.14742   22.79462    0.09769    0.05391    8.51300   -1.02807   -1.98263   -3.98445    2.00000
 180.15878   -0.13638   21.60924   21.38651    0.20932    0.11553   28.70975   -4.13095   -1.38430   -4.86966    2.00000
 180.18898    0.18932   23.71867   23.27888    0.26750    0.14764    5.51146   -2.97467    1.18603   -0.11256    2.00000
 179.78934    0.12312   23.69060   23.25563    0.24400    0.13467    5.62850    0.65595    1.01120   -3.81211    2.00000
 179.98795    0.00661   23.05621   22.71490    0.01375    0.00759    9.13308   -2.13618   -0.59557   -3.32256    2.00000
 180.05328   -0.00387   23.54233   23.13182    0.05342    0.02948    6.25187   -2.08264    1.85748   -2.30464    2.00000
 179.93913    0.00168   21.88341   21.64807    0.06089    0.03361   23.06925    2.65952   -0.98514    1.21199    2.00000
 179.96909    0.00773   22.34371   22.07474    0.03186    0.01758   15.86841    6.35259    1.60332    6.96808    2.00000
 180.03528   -0.03089   22.95499   22.62608    0.04689    0.02588    9.82395   -6.04464    2.73555   -4.43964    2.00000
 179.61974    0.04050   21.34167   21.11686    0.38241    0.21106   35.80276   -1.81471    0.49239   -1.62514    2.00000
 180.00146   -0.13070   22.94716   22.61910    0.13071    0.07214    9.87819   -3.16612   -1.72870   -6.40788    2.00000
 180.01324   -0.07165   23.61257   23.19074    0.07286    0.04022    5.95523   -1.35232   -0.38490   -6.12158    2.00000
 179.91602    0.03865   21.95163   21.71186    0.09245    0.05102   21.92540    7.28153   -3.30963    3.80214    2.00000
 179.86578   -0.14149   20.82283   20.42987    0.19502    0.10763   61.22889   -1.86376   -0.31698   -2.03054    2.00000
 179.89696    0.05635   22.58541   22.29553    0.11745    0.06482   13.23941   -3.47161   -0.69322   -4.92506    2.00000
 179.90932   -0.11349   20.19909   19.71915    0.14527    0.08018  102.58949   -2.63870   -3.25463   -5.78084    2.00000
 180.04546   -0.03442   21.69273   21.46692    0.05701    0.03147   26.59476   -0.09681    2.38250    1.98385    2.00000
 179.99716    0.00246   23.36082   22.97817    0.00375    0.00207    7.08531    6.85042   -3.30584    0.72154    2.00000
 179.98685    0.01942   23.30095   22.92744    0.02345    0.01294    7.47988    1.20792   -0.39962   -0.51873    2.00000
 180.03563    0.00812   21.71125   21.48478    0.03654    0.02017   26.12496   -1.77738    1.40074    0.09083    2.00000
 179.92964    0.00170   22.63496   22.34005    0.07038    0.03884   12.70918   -1.04233   -0.96685   -2.95595    2.00000
 180.03619    0.10445   18.06445   18.09821    0.11055    0.06101  272.28445   -1.15068   -3.79081   -4.95271    2.00000
