#RA        DEC       MAG_G     MAG_I     ANGSEP    RPROJ     SNR       VTRUE       VSYS       VMEAS      VSYSERR    
 179.99414   -0.05504   21.60340   21.38090    0.05535    0.03055   28.85740    4.53546   -0.71593    3.16405    2.00000
 179.98009    0.00171   22.94456   22.61678    0.01999    0.01103    9.89627    2.48691    2.77218    7.05891    2.00000
 180.03275    0.01181   22.10389   21.85428    0.03480    0.01921   19.37145   -7.09138    1.73687   -5.70314    2.00000
 179.96010    0.00728   22.04755   21.80116    0.04056    0.02239   20.32401    2.48528    0.00252    4.48978    2.00000
 180.05626   -0.01439   21.51953   21.29912    0.05808    0.03205   31.00867    1.25077   -2.09758   -0.65995    2.00000
 179.99860   -0.04125   23.03941   22.70021    0.04127    0.02278    9.24730    0.52462    1.12289    7.93324    2.00000
 179.88412   -0.05627   21.71125   21.48478    0.12882    0.07110   26.12496    2.70219    2.00274    5.70584    2.00000
 179.91640   -0.00741   21.45807   21.23634    0.08394    0.04633   32.66008   -0.06948    1.74987    1.83834    2.00000
 180.12985   -0.04309   23.09701   22.75056    0.13681    0.07551    8.85567    5.22312    1.67474    8.77360    2.00000
 179.99133   -0.05944   22.61671   22.32365    0.06007    0.03315   12.90453    1.98277    0.79202    3.86143    2.00000
 180.16100   -0.15278   23.15471   22.80096    0.22195    0.12250    8.46370    3.40700    1.77051    4.60588    2.00000
 179.97452   -0.04637   22.65844   22.36115    0.05291    0.02920   12.45802    1.92012    1.93314    4.89740    2.00000
 179.93044    0.18973   23.76517   23.31735    0.20208    0.11153    5.31778    9.13291   -0.74090   13.23870    2.00000
 180.17113   -0.08432   23.79137   23.33897    0.19078    0.10530    5.20893    3.19710   -3.62351   -0.39319    2.00000
 179.96925   -0.00904   23.60132   23.18134    0.03205    0.01769    6.00252   -1.72420   -2.06181   -4.60876    2.00000
 179.96790   -0.05105   22.15862   21.90460    0.06031    0.03329   18.46909    1.79748    1.78357    4.13222    2.00000
 180.00497   -0.03803   21.26887   21.03930    0.03835    0.02117   37.84308    2.04842    0.05522    2.28423    2.00000
 180.07909   -0.09646   22.91587   22.59121    0.12474    0.06885   10.09518   -2.38074    0.09992   -2.01848    2.00000
 179.94637   -0.02571   23.62864   23.20415    0.05947    0.03282    5.88767   -1.23385    1.46324    1.88164    2.00000
 180.00098    0.03924   22.27698   22.01333    0.03925    0.02167   16.59969   -5.68763   -0.08439   -7.44170    2.00000
 180.40543   -0.13540   22.18702   21.93064    0.42745    0.23592   18.00214   -0.90380    0.57628   -2.10851    2.00000
 180.03181   -0.03126   20.88869   20.53804    0.04461    0.02462   56.18940    3.51652    0.21437    3.81609    2.00000
 179.96260    0.07557   17.94055   17.80752    0.08432    0.04654  318.64014   -1.82579    0.48795   -1.31480    2.00000
 180.32912   -0.35876   22.50753   22.22492    0.48685    0.26871   14.08017    0.96230    1.49270    1.58284    2.00000
 180.01303    0.01308   23.69060   23.25563    0.01847    0.01019    5.62850   -3.29370    3.78348    1.03811    2.00000
 180.03024    0.13404   23.69435   23.25873    0.13741    0.07584    5.61289    0.23730   -0.11977   -1.20512    2.00000
 179.97874    0.18236   22.69994   22.39842    0.18360    0.10133   12.01418   -4.05025   -3.75082   -4.01828    2.00000
 179.97720    0.01346   23.38532   22.99892    0.02647    0.01461    6.92390    1.61996    1.02913   -3.24025    2.00000
 179.98477   -0.13495   23.73177   23.28973    0.13581    0.07496    5.45684    2.27048   -0.01717    6.76620    2.00000
 179.97627    0.02509   22.13341   21.88156    0.03452    0.01905   18.88223    0.36120    1.25035    1.88000    2.00000
 180.06543   -0.01028   21.54889   21.32851    0.06623    0.03655   30.23551    5.14089   -0.98367    4.00745    2.00000
 179.98305   -0.01826   23.73738   23.29438    0.02492    0.01376    5.43343   -5.86828   -1.03161   -8.69043    2.00000
 179.96645   -0.01832   23.58847   23.17061    0.03824    0.02111    6.05657    0.14187   -0.74100   -0.08047    2.00000
 180.03149    0.05504   16.45757   15.61997    0.06342    0.03500  928.65845   -1.01315    3.01109    2.00729    2.00000
 179.90620    0.01166   21.86980   21.63532    0.09451    0.05216   23.29802    5.79853    3.74972    9.76984    2.00000
 180.00270    0.01225   21.88341   21.64807    0.01254    0.00692   23.06925    3.48914    1.52050    5.02801    2.00000
 179.96065   -0.01587   21.44503   21.22301    0.04244    0.02342   33.01057    0.24584   -1.15033   -0.54390    2.00000
 179.96033    0.00297   22.00096   21.75779    0.03979    0.02196   21.10183    1.07958    0.04428    1.61470    2.00000
 180.01453   -0.08626   22.59584   22.30490    0.08748    0.04828   13.12778   -2.66262    2.19282   -2.69790    2.00000
 179.98282    0.20326   22.74485   22.43856    0.20398    0.11258   11.53617    1.80445   -0.77213    0.42693    2.00000
 179.90469    0.00665   23.49908   23.09523    0.09554    0.05273    6.43608    2.17557   -2.24480    5.12658    2.00000
 179.94460    0.07164   23.74300   23.29903    0.09057    0.04999    5.41002   -1.78067    2.89252    1.79653    2.00000
 179.96753   -0.02007   23.25955   22.89198    0.03818    0.02107    7.75571    1.82800   -0.77767    3.24202    2.00000
 179.99873    0.00967   21.54111   21.32102    0.00975    0.00538   30.43238    1.83757    1.66699    4.33919    2.00000
 180.01195   -0.04154   21.74565   21.51795    0.04322    0.02386   25.40271   -0.62448    2.78208    1.67553    2.00000
 180.13525   -0.06093   22.44191   22.16512    0.14834    0.08187   14.79225    1.91865   -0.68568   -0.00936    2.00000
 180.18256    0.13336   22.79475   22.48317    0.22608    0.12478   11.00504    0.62403   -0.29608   -0.05223    2.00000
 180.05293   -0.03054   22.88978   22.56796    0.06111    0.03373   10.27600    3.99318    1.73285    3.73339    2.00000
 180.03377   -0.03979   23.06341   22.72119    0.05219    0.02881    9.08412   -0.29711   -2.07298   -3.66718    2.00000
 180.12280    0.04386   23.11862   22.76944    0.13041    0.07197    8.70881    1.12979    2.97068    1.87934    2.00000
 179.96922   -0.07365   21.46068   21.23900    0.07981    0.04405   32.58998    2.63065   -0.97474    1.39943    2.00000
 179.98109   -0.02982   20.74106   20.31910    0.03531    0.01949   66.93741   -2.10170   -0.05307   -2.21053    2.00000
 180.04512   -0.00056   23.25223   22.88563    0.04513    0.02491    7.80511   -6.03430   -1.01112   -5.48189    2.00000
 180.02261   -0.01778   22.30012   22.03459    0.02877    0.01588   16.34650    2.24557    1.45109    3.32098    2.00000
 180.08366    0.00038   23.78660   23.33504    0.08367    0.04618    5.22872   -5.44732    2.64891   -3.89704    2.00000
 179.95428   -0.02570   21.43721   21.21502    0.05244    0.02895   33.22087   -3.38544   -1.20380   -4.52042    2.00000
 179.97417    0.02315   22.09536   21.84618    0.03469    0.01915   19.51684   -3.71463   -1.84375   -6.75110    2.00000
 179.92017    0.03787   23.82709   23.36845    0.08836    0.04877    5.06049   -3.17383   -2.14090  -13.72360    2.00000
 180.08388   -0.08489   23.71680   23.27733    0.11934    0.06586    5.51926    0.65889   -2.19029   -4.47238    2.00000
 179.86267    0.04601   22.34371   22.07474    0.14483    0.07993   15.86841    3.15651   -0.02854    2.70673    2.00000
 179.99356    0.03017   22.84544   22.52844    0.03085    0.01702   10.58339   -0.13947   -1.94516   -5.22960    2.00000
 180.04189    0.01024   23.83423   23.37435    0.04312    0.02380    5.03080    2.56815    1.78238    3.53434    2.00000
 179.91046    0.08551   23.63667   23.21086    0.12381    0.06833    5.85389    1.72954    2.08318   -0.68752    2.00000
 180.05539   -0.03472   22.66626   22.36818    0.06537    0.03608   12.37430    4.14937    2.09647    7.59906    2.00000
 179.98587   -0.04961   23.35266   22.97125    0.05158    0.02847    7.13912   -2.94144   -0.74258   -7.03296    2.00000
 179.99025   -0.00088   22.14985   21.89659    0.00979    0.00540   18.61279   -1.85938   -1.59216   -2.90293    2.00000
 180.23058    0.04746   22.61931   22.32599    0.23541    0.12993   12.87662    0.55943   -1.38878   -2.80517    2.00000
 180.02296   -0.05813   21.94341   21.70421    0.06250    0.03450   22.06266   -2.34466    2.32395    0.34968    2.00000
 180.12733   -0.03749   23.71306   23.27423    0.13274    0.07326    5.53487   -2.42464   -1.39982   -3.93786    2.00000
 180.08250    0.11142   22.02288   21.77820    0.13864    0.07652   20.73579    0.31640    4.01610    4.09165    2.00000
 179.98485   -0.01955   23.24248   22.87716    0.02473    0.01365    7.87097    3.61628   -2.90934    3.66358    2.00000
 179.95490    0.02980   18.02407   18.01280    0.05406    0.02983  284.04922    1.24225   -2.06259   -0.73968    2.00000
 180.18402   -0.24758   21.85620   21.62256    0.30848    0.17026   23.52679   -4.58765    1.22061   -3.15371    2.00000
 179.91583    0.10105   21.97081   21.72972    0.13151    0.07258   21.60512   -3.85536   -2.20873   -6.48442    2.00000
 180.01112    0.01023   23.36626   22.98278    0.01512    0.00834    7.04944   -4.38523    3.03149    2.30835    2.00000
 180.11469   -0.00666   22.18959   21.93301    0.11487    0.06340   17.95978    0.33486    0.91680    1.77848    2.00000
 180.00929   -0.03580   21.74830   21.52050    0.03698    0.02041   25.35696    3.23483    1.01414    4.23870    2.00000
 179.92473    0.01959   23.29822   22.92513    0.07777    0.04292    7.49782  -10.48337   -0.31660  -11.36033    2.00000
 180.12514   -0.00210   21.62287   21.39961    0.12514    0.06907   28.36522   -1.94719    0.34357   -1.74771    2.00000
 179.93315    0.05557   23.45044   23.05406    0.08693    0.04798    6.64333   -0.16613    1.01608    5.35627    2.00000
 180.01720    0.02654   23.50179   23.09751    0.03162    0.01745    6.42457    5.72179    1.35983    9.87525    2.00000
 180.04291    0.05437   20.98032   20.68430    0.06926    0.03823   50.70825   -4.16259   -0.21039   -4.35157    2.00000
 180.05505    0.13504   22.53565   22.25055    0.14583    0.08049   13.77500    2.39251    1.00490    4.64423    2.00000
 179.98897   -0.01860   22.91065   22.58656    0.02162    0.01194   10.13134    1.86880   -0.71647    1.63777    2.00000
 179.97336   -0.01174   22.40612   22.13224    0.02911    0.01607   15.18380   -0.16773    2.58614    1.74257    2.00000
 180.02383   -0.00989   22.81470   22.50101    0.02581    0.01425   10.79675   -2.04648    4.15390    2.33457    2.00000
 179.97488    0.02371   20.34633   19.87513    0.03454    0.01906   91.92220    1.37875   -1.65447   -0.39994    2.00000
 180.03397    0.22130   23.01796   22.68146    0.22389    0.12357    9.39318   12.29674    1.40851   10.46763    2.00000
 180.04832   -0.13518   22.98457   22.65216    0.14356    0.07923    9.62105    2.06087    2.25384    4.71989    2.00000
 179.91080   -0.00602   23.73177   23.28973    0.08940    0.04934    5.45684   -4.52613    0.33478   -5.34836    2.00000
 180.00882    0.02895   22.00644   21.76289    0.03026    0.01670   21.01032    4.29812   -1.28874    3.23412    2.00000
 179.93105    0.04756   22.43488   22.15871    0.08376    0.04623   14.86854   -1.63606   -0.54228    0.25956    2.00000
 179.99940    0.11229   22.59062   22.30021    0.11230    0.06198   13.18359    2.77515    0.97587    5.66190    2.00000
 180.03323    0.02677   23.77470   23.32521    0.04268    0.02356    5.27820    0.67769   -0.25651   -5.69528    2.00000
 180.16362    0.06970   21.85892   21.62511    0.17784    0.09816   23.48104   -0.55722    0.92146   -0.61754    2.00000
 180.02145   -0.00917   23.31728   22.94128    0.02334    0.01288    7.37227   -0.35907    1.05067    5.03877    2.00000
 179.87259    0.21710   23.66441   23.23394    0.25172    0.13893    5.73773   -2.02735    2.07059   -3.17613    2.00000
 179.96648   -0.01506   21.99548   21.75269    0.03676    0.02029   21.19333   -0.16942   -0.31202   -0.91047    2.00000
 179.99445   -0.00360   23.32000   22.94358    0.00662    0.00365    7.35434   -1.89644   -1.84062   -2.57850    2.00000
 179.93152    0.02347   23.14742   22.79462    0.07240    0.03996    8.51300   -1.74263    2.05372    4.54632    2.00000
 179.98711   -0.00570   23.43962   23.04491    0.01410    0.00778    6.68938    4.75247    1.70492    6.46780    2.00000
 179.98550   -0.04137   22.55440   22.26763    0.04383    0.02419   13.57155   -1.02662   -4.87090   -4.74415    2.00000
 179.68819   -0.23549   23.23273   22.86869    0.39074    0.21566    7.93683    3.05889    0.95566    3.75370    2.00000
 179.98885    0.01527   22.62714   22.33302    0.01891    0.01044   12.79290   -3.58517   -0.04633   -2.92604    2.00000
 180.06248    0.10776   23.50449   23.09980    0.12456    0.06875    6.41306   -1.82603   -1.90868   -0.88754    2.00000
 180.13808   -0.04028   20.99280   20.70267    0.14384    0.07939   50.01977   -2.51392   -1.91650   -4.55343    2.00000
 179.89043    0.06219   23.74487   23.30058    0.12599    0.06954    5.40222   -0.68053   -6.32837  -11.02095    2.00000
 179.96631    0.03694   23.81518   23.35863    0.05000    0.02759    5.10997    2.25862    0.43030    9.77928    2.00000
 179.98735   -0.01605   21.41113   21.18837    0.02043    0.01128   33.92186    2.75781    1.13061    4.22473    2.00000
 180.02469   -0.01817   21.90518   21.66849    0.03066    0.01692   22.70322    2.52556    0.86429    3.02109    2.00000
 180.01279   -0.03276   23.49638   23.09294    0.03517    0.01941    6.44760    5.99291    2.02920    8.54759    2.00000
 179.97861   -0.00024   22.05029   21.80372    0.02140    0.01181   20.27825   -1.10564   -0.26406   -0.19896    2.00000
 180.13356   -0.19806   22.77479   22.46533    0.23889    0.13185   11.21749    1.78407   -0.32407    1.30808    2.00000
 180.02505   -0.07211   23.50719   23.10209    0.07634    0.04213    6.40154   -4.99159   -0.20277   -9.44704    2.00000
 180.00404    0.00585   23.49638   23.09294    0.00712    0.00393    6.44760    3.51496   -0.14637    2.94590    2.00000
 180.21214    0.04740   21.63260   21.40897    0.21738    0.11997   28.11913   -4.29335    0.57830   -4.19179    2.00000
 179.98962   -0.01075   21.97629   21.73482    0.01494    0.00825   21.51361    1.00611   -0.61628   -0.69118    2.00000
 180.01816    0.07408   22.52159   22.23773    0.07628    0.04210   13.92758    1.56016    3.22121    4.47440    2.00000
 180.04613    0.05546   23.56919   23.15450    0.07214    0.03982    6.13764   -2.59463   -2.15233   -1.93398    2.00000
 179.99091    0.01716   23.48827   23.08608    0.01942    0.01072    6.48214    1.37268   -1.93060    3.05589    2.00000
 179.91623    0.16585   21.48415   21.26298    0.18581    0.10255   31.95910   -2.03894    1.67546   -0.69487    2.00000
 180.01646    0.04715   22.58280   22.29318    0.04995    0.02757   13.26732    2.47641    3.44984    7.31810    2.00000
 179.93652    0.01548   22.68713   22.38693    0.06533    0.03606   12.15104    3.06668    2.73105    5.31397    2.00000
 180.00388   -0.07384   23.09701   22.75056    0.07394    0.04081    8.85567    2.21848    0.65018    4.56370    2.00000
 179.93175    0.02419   23.36899   22.98509    0.07241    0.03996    7.03151    4.88690   -0.90959    8.58889    2.00000
 180.03477    0.02733   22.46535   22.18648    0.04424    0.02442   14.53793   -3.12788    5.04831    3.17806    2.00000
 180.07478   -0.09565   23.58687   23.16926    0.12142    0.06701    6.06332   -2.48674   -1.99115   -4.26868    2.00000
 179.97302   -0.08325   23.74674   23.30213    0.08751    0.04830    5.39442    3.36316   -0.04130    1.85031    2.00000
 180.08949    0.02767   22.24871   21.98734    0.09368    0.05170   16.98538   -1.18163    0.47090    0.47157    2.00000
 180.06332    0.07552   21.93519   21.69655    0.09856    0.05440   22.19992   -2.83014    3.60894    0.09579    2.00000
 180.05328    0.14443   21.05048   20.78136    0.15395    0.08497   47.07057    0.98111   -4.01360   -3.08663    2.00000
 180.01030   -0.00236   22.88978   22.56796    0.01057    0.00583   10.27600   -1.06807    0.58820    4.33098    2.00000
 179.96529    0.02439   19.68965   19.18484    0.04242    0.02342  145.35371   -0.47128    0.95301    0.31637    2.00000
 179.99986    0.02666   22.69994   22.39842    0.02666    0.01471   12.01418   -5.22001    0.93957   -3.85913    2.00000
 180.08624    0.01843   20.93169   20.60897    0.08819    0.04867   53.53132   -4.24824   -0.22557   -4.68251    2.00000
 180.05357   -0.01988   23.46125   23.06321    0.05714    0.03154    6.59727    0.90577    1.76544    4.61197    2.00000
 180.04153   -0.09500   23.32816   22.95050    0.10368    0.05723    7.30053   -1.73904   -1.42619   -1.99241    2.00000
 179.88600   -0.02069   23.38259   22.99661    0.11586    0.06395    6.94184   -4.53061    3.67071   -5.25702    2.00000
 179.99078   -0.03109   21.50532   21.28460    0.03243    0.01790   31.39049    1.49860    0.05449    1.72625    2.00000
 179.87569   -0.03613   23.56598   23.15182    0.12946    0.07145    6.15115    4.49270    3.57061    5.19781    2.00000
 179.98869    0.04101   22.92630   22.60050    0.04254    0.02348   10.02285   -3.45400    3.40616    1.58308    2.00000
 179.97325    0.02392   21.85892   21.62511    0.03588    0.01980   23.48104   -0.35023    1.24640    0.15858    2.00000
 180.03737    0.09017   21.45546   21.23367    0.09761    0.05387   32.73018   -4.39683   -5.74848  -10.93124    2.00000
 179.47086   -0.26169   23.66815   23.23703    0.59032    0.32582    5.72213    4.98483   -3.19041    1.66518    2.00000
 179.95921    0.03101   23.63185   23.20684    0.05124    0.02828    5.87416   -0.08873   -1.60787    1.48049    2.00000
 179.87363    0.12387   20.64524   20.20284    0.17695    0.09767   72.92868    1.46917    0.18382    1.69192    2.00000
 180.03008   -0.06852   21.33762   21.11255    0.07483    0.04130   35.91611    8.21315    1.79599    9.87208    2.00000
 179.77528    0.20811   23.08501   22.74007    0.30628    0.16905    8.93726   -0.53740    1.14286    2.47772    2.00000
 179.90463   -0.14410   22.00918   21.76544    0.17279    0.09537   20.96456    3.58669    0.46983    3.26653    2.00000
 179.97685    0.03934   22.69745   22.39619    0.04565    0.02519   12.04074   -1.33599   -1.45327    0.40748    2.00000
 179.99789   -0.03108   22.49347   22.21210    0.03115    0.01719   14.23276   -2.87085    2.07684    1.05625    2.00000
 180.00493    0.00797   23.31183   22.93666    0.00937    0.00517    7.40814   -4.05515   -0.77269   -4.48478    2.00000
 179.96159   -0.03591   23.37171   22.98739    0.05257    0.02902    7.01357   11.81262   -1.28532    7.13717    2.00000
 180.32607   -0.00989   22.54737   22.26123    0.32622    0.18005   13.64784   -5.11702   -0.19893   -6.12598    2.00000
 180.02235   -0.04353   22.69234   22.39161    0.04893    0.02701   12.09523    1.01627   -0.89422    1.40003    2.00000
 180.04074    0.00785   22.98672   22.65405    0.04149    0.02290    9.60634   -5.71891    1.87084   -4.23486    2.00000
 179.98367    0.01546   18.09716   18.09410    0.02249    0.01241  272.85123   -1.41034   -0.01291   -1.48123    2.00000
 180.02315   -0.05934   22.97487   22.64366    0.06369    0.03515    9.68720    2.94791   -4.08382   -3.75676    2.00000
 180.00847   -0.00506   19.57804   19.06791    0.00987    0.00545  155.65964   -2.73084    3.62374    0.90195    2.00000
 179.83379    0.03672   21.99548   21.75269    0.17023    0.09396   21.19333   -3.06230    0.00329   -2.80036    2.00000
 179.92250    0.05784   19.83419   19.33573    0.09671    0.05338  132.05505    3.94733    0.33927    4.23280    2.00000
 179.92981   -0.04992   21.61508   21.39213    0.08613    0.04754   28.56209   -0.07081   -0.21668    0.03071    2.00000
 180.03099    0.03372   22.87674   22.55634    0.04580    0.02528   10.36640   -3.14971   -0.18962   -1.81422    2.00000
 180.07558   -0.00389   23.43962   23.04491    0.07567    0.04176    6.68938    0.70373    0.47096    4.87845    2.00000
 180.09891   -0.23389   22.80722   22.49432    0.25394    0.14016   10.87225   -0.77397    0.42803   -1.65549    2.00000
 179.99498   -0.14890   23.37715   22.99200    0.14899    0.08223    6.97770    2.32595    1.75772    0.86872    2.00000
 180.03468   -0.02100   22.38452   22.11234    0.04055    0.02238   15.42078   -1.84066    4.76516    1.58333    2.00000
 180.00998    0.07014   23.77232   23.32325    0.07085    0.03910    5.28809    4.67126    1.40414    0.92198    2.00000
 180.00722   -0.00557   23.11622   22.76735    0.00912    0.00503    8.72513    0.98762    0.15784    0.69330    2.00000
 179.96330   -0.04223   23.50990   23.10437    0.05595    0.03088    6.39003   -3.24855   -1.12447   -7.66945    2.00000
 180.29359   -0.13268   22.78976   22.47871    0.32218    0.17782   11.05815   -7.07955    0.59454   -8.06113    2.00000
 180.08554    0.00524   22.72489   22.42072    0.08570    0.04730   11.74862    6.26723    0.28768    7.74616    2.00000
 180.03131    0.03422   22.48878   22.20783    0.04638    0.02560   14.28362    1.80126    3.30328    3.86295    2.00000
 180.07341    0.00313   22.88196   22.56098    0.07347    0.04055   10.33024   -0.75670    0.07530   -0.50989    2.00000
 179.99373    0.03162   23.50990   23.10437    0.03224    0.01779    6.39003    3.23231    1.01434    8.27224    2.00000
 180.02721    0.02659   23.19372   22.83482    0.03804    0.02099    8.20027    0.59691   -1.51626   -0.61593    2.00000
 180.08287   -0.00357   23.43692   23.04263    0.08295    0.04578    6.70090   -3.65974   -1.50832   -3.73707    2.00000
 179.86665   -0.03036   23.75803   23.31145    0.13676    0.07548    5.34747   -1.92764    3.17628    1.46131    2.00000
 179.97762   -0.00044   23.45314   23.05635    0.02239    0.01236    6.63182    1.21957    0.75790    0.32078    2.00000
 180.11359   -0.12083   22.44191   22.16512    0.16583    0.09153   14.79225    1.61368    2.36924    2.64135    2.00000
 180.04657   -0.02520   21.39026   21.16705    0.05295    0.02923   34.48264    1.61151   -2.19782   -0.81617    2.00000
 179.99290    0.00254   22.44191   22.16512    0.00753    0.00416   14.79225    5.50173    1.72547    4.63535    2.00000
 179.96869    0.00774   23.66441   23.23394    0.03225    0.01780    5.73773    4.29394   -1.29958    8.59184    2.00000
 179.95738   -0.04365   23.43962   23.04491    0.06101    0.03367    6.68938   -6.04460   -1.63767   -4.52664    2.00000
 179.96967    0.03702   23.24004   22.87504    0.04787    0.02642    7.88743   -2.26923    0.15552   -0.82923    2.00000
 179.69127   -0.34849   21.41895   21.19636    0.46557    0.25697   33.71156   -7.59532    3.64671   -3.57829    2.00000
 180.14996   -0.04150   23.59811   23.17866    0.15561    0.08588    6.01603   -2.29955   -0.40761   -2.21747    2.00000
 179.88669    0.00293   22.49581   22.21424    0.11335    0.06256   14.20733   -1.33537   -1.65112   -2.43451    2.00000
 179.99272   -0.08194   21.59367   21.37154    0.08226    0.04540   29.10349   -2.91627    0.50521   -2.42058    2.00000
 180.03334   -0.03463   21.60535   21.38277    0.04807    0.02653   28.80818   -2.92898    0.63337   -1.91921    2.00000
 179.98335    0.04489   22.68974   22.38927    0.04788    0.02643   12.12314    2.39660    2.51872    4.84796    2.00000
 180.09227   -0.03122   23.76517   23.31735    0.09741    0.05376    5.31778   -1.24070    0.88594   -1.07080    2.00000
 179.80052   -0.03411   22.77229   22.46309    0.20237    0.11169   11.24404    1.51572    4.12702    3.20908    2.00000
 179.96011    0.02490   23.36082   22.97817    0.04702    0.02595    7.08531    1.86397   -2.92153   -0.41470    2.00000
 179.99695   -0.01184   21.14997   20.90489    0.01223    0.00675   42.44115    2.92017   -1.49986    1.31133    2.00000
 179.95763   -0.00858   23.29278   22.92052    0.04324    0.02386    7.53369    7.08261   -2.52825    6.65734    2.00000
 179.82915   -0.08462   22.24357   21.98262    0.19066    0.10523   17.07011   -2.47580   -3.77048   -8.17113    2.00000
 179.99390   -0.07023   22.58802   22.29787    0.07049    0.03891   13.21150    1.02815   -1.77278   -1.21427    2.00000
 179.97954   -0.01641   23.19372   22.83482    0.02623    0.01448    8.20027    2.33003    1.21627   -2.87438    2.00000
 180.03770   -0.05454   21.26482   21.03499    0.06631    0.03660   37.95643    2.25422   -1.78537    0.28735    2.00000
 179.99225    0.03257   22.07599   21.82775    0.03348    0.01848   19.84729    1.38384    0.24968    0.11586    2.00000
 179.99524    0.09024   21.65039   21.42609    0.09037    0.04988   27.66861    0.04024    0.63462    0.66039    2.00000
 179.98007   -0.03591   23.30639   22.93205    0.04107    0.02267    7.44401   -3.83739    2.65382    2.64774    2.00000
 180.04411    0.00890   22.45831   22.18007    0.04501    0.02484   14.61423   -1.42380   -0.52432    0.73479    2.00000
 180.07573   -0.10654   23.28462   22.91361    0.13071    0.07214    7.58749   -3.02770   -4.40619   -8.76039    2.00000
 180.03728    0.03280   22.88717   22.56563    0.04965    0.02741   10.29408   -3.35905    2.26644    1.21171    2.00000
 180.00851   -0.09167   22.74984   22.44302    0.09207    0.05081   11.48305   -5.60775    0.06754   -4.26718    2.00000
 180.01608   -0.20534   21.43721   21.21502    0.20597    0.11368   33.22087   -0.91566    1.33468    0.21300    2.00000
 180.43869    0.40199   23.43152   23.03805    0.59502    0.32841    6.72392    0.55440   -4.01221    2.05417    2.00000
 180.01482    0.00452   23.15471   22.80096    0.01549    0.00855    8.46370   -4.25950    0.17324   -6.54159    2.00000
 179.92863    0.34297   23.49098   23.08836    0.35032    0.19335    6.47062    0.75786    1.41376    4.32401    2.00000
 179.98392    0.00570   20.26705   19.79095    0.01707    0.00942   97.67943   -0.66976   -2.61661   -3.34675    2.00000
 179.95694   -0.07407   23.72616   23.28508    0.08567    0.04729    5.48025    6.20429   -4.88932    2.49969    2.00000
 180.02209   -0.02531   23.20103   22.84118    0.03360    0.01854    8.15087   -3.44722    0.81269   -2.45259    2.00000
 179.93713    0.06772   23.41525   23.02428    0.09240    0.05100    6.79324    3.37415    0.78523    5.37195    2.00000
 180.21225    0.31336   21.11264   20.85953    0.37848    0.20889   44.14109    2.87550   -2.18217    0.35410    2.00000
 180.02571    0.06606   22.82979   22.51449    0.07089    0.03912   10.69188    0.44884   -1.30542    1.29116    2.00000
 180.14726    0.14492   23.83661   23.37632    0.20661    0.11403    5.02090   -0.74814   -4.19541   -1.59202    2.00000
 179.98569   -0.03719   23.41253   23.02198    0.03985    0.02199    6.80485    2.49960   -2.03405   -0.74038    2.00000
 179.98604    0.00024   23.24004   22.87504    0.01396    0.00771    7.88743    3.12447    0.93694    5.61131    2.00000
 179.89948    0.19690   21.26684   21.03714    0.22108    0.12202   37.89975   -0.82592   -0.37396   -1.98401    2.00000
 179.96976   -0.02340   23.02740   22.68972    0.03824    0.02111    9.32889   -2.57632    1.76352   -1.09358    2.00000
 180.00790   -0.00907   22.09614   21.84691    0.01202    0.00664   19.50362   -2.46345   -2.00650   -4.74363    2.00000
 180.02045    0.01850   23.42611   23.03348    0.02757    0.01522    6.74695   -1.29296   -0.62690   -5.76859    2.00000
 179.68188   -0.05348   21.27898   21.05007    0.32258    0.17804   37.55970    3.23627    0.49295    3.44386    2.00000
 180.00500   -0.01294   23.12342   22.77364    0.01388    0.00766    8.67618    1.03394   -1.86565   -2.27121    2.00000
 180.00545    0.09152   20.15492   19.67259    0.09169    0.05060  105.77429    0.48896   -1.28085   -0.68464    2.00000
 179.85918   -0.06470   23.17421   22.81789    0.15497    0.08553    8.33198    1.50803   -0.49012   -1.19467    2.00000
 180.00735    0.01044   22.60888   22.31662    0.01277    0.00705   12.98825   -0.03503    0.64659   -0.60905    2.00000
 180.01701   -0.05735   21.31942   21.09316    0.05983    0.03302   36.42619   -1.03223   -2.93100   -3.59980    2.00000
 180.03329    0.05463   21.03302   20.75834    0.06397    0.03531   47.93329   -5.34292    0.92108   -4.25866    2.00000
 180.05489    0.06529   22.14876   21.89559    0.08529    0.04708   18.63076   -3.13879   -3.38749   -7.02942    2.00000
 179.97453    0.00538   22.76481   22.45640    0.02603    0.01436   11.32371   -2.98428   -4.88382   -9.32999    2.00000
 179.96875    0.01649   23.33905   22.95972    0.03534    0.01950    7.22879    2.66518   -1.49512    2.50144    2.00000
 180.05457    0.04493   22.64540   22.34943    0.07068    0.03901   12.59755    0.98196    0.22878    2.55745    2.00000
 180.01421    0.02580   23.72803   23.28663    0.02945    0.01625    5.47245    2.65282    0.19588   -0.14397    2.00000
 180.01350    0.03699   22.37972   22.10791    0.03938    0.02174   15.47344   -2.77082   -0.45073   -5.02901    2.00000
 180.09499    0.03981   23.17421   22.81789    0.10300    0.05685    8.33198    4.62871    0.81476    5.97544    2.00000
 180.00301    0.16786   23.81042   23.35469    0.16789    0.09266    5.12976    2.02569    2.93916    2.67798    2.00000
 179.98499   -0.03674   23.69622   23.26028    0.03969    0.02190    5.60509   -8.00946    3.28019   -5.07754    2.00000
 180.11728   -0.01097   20.39014   19.92217    0.11779    0.06501   88.70493   -4.84556    2.20412   -2.60403    2.00000
 180.06929   -0.00386   21.08129   20.82143    0.06940    0.03830   45.56904    1.89905   -1.08708    1.12042    2.00000
 179.99744   -0.03658   22.88457   22.56331    0.03667    0.02024   10.31216   -2.30842    2.17132   -0.42823    2.00000
 180.04422   -0.03810   22.46535   22.18648    0.05837    0.03221   14.53793   -4.42369    1.43232   -2.17560    2.00000
 180.01566   -0.03779   23.60132   23.18134    0.04090    0.02258    6.00252    0.64724    0.11542    1.40777    2.00000
 180.29164   -0.39198   23.32272   22.94589    0.48857    0.26966    7.33640    4.63035   -0.68592    3.58501    2.00000
 179.88568   -0.07913   23.33633   22.95742    0.13903    0.07673    7.24673   -1.56306   -0.44129    0.97760    2.00000
 179.94377    0.07357   20.75111   20.33220    0.09260    0.05111   66.26244    0.08475    0.51157    0.82015    2.00000
 179.98599    0.11551   20.68237   20.24742    0.11635    0.06422   70.63176    3.19957   -3.02079    0.40055    2.00000
 179.95236    0.01293   21.23875   21.00706    0.04936    0.02724   38.69096   -4.90871    0.61809   -4.81212    2.00000
 179.99980   -0.00007   21.26482   21.03499    0.00022    0.00012   37.95643    0.30752   -0.17152   -0.38626    2.00000
 180.02495    0.00140   22.22558   21.96608    0.02499    0.01379   17.36667   -0.70684    1.06931    0.41536    2.00000
 179.94696    0.05712   23.61418   23.19208    0.07795    0.04302    5.94847    2.86563   -0.49192    0.84495    2.00000
 180.00182   -0.02878   22.45831   22.18007    0.02884    0.01592   14.61423   -2.49805   -1.91327   -4.51428    2.00000
 180.11583    0.07086   22.67409   22.37521    0.13579    0.07494   12.29058   -3.91058   -0.09179   -6.42360    2.00000
 180.12828    0.07266   21.27898   21.05007    0.14743    0.08137   37.55970    0.47674    0.13667    1.26343    2.00000
 180.05409    0.03485   21.81537   21.58429    0.06434    0.03551   24.21310    0.26650   -1.64557   -2.03529    2.00000
 180.01955    0.02908   23.78422   23.33307    0.03504    0.01934    5.23861   -3.39897    1.00136   -4.41759    2.00000
 179.97572   -0.03683   23.61900   23.19610    0.04411    0.02435    5.92821    2.38807   -1.22675    7.50671    2.00000
 179.99982    0.01677   22.38452   22.11234    0.01677    0.00925   15.42078    1.24649   -1.50721    0.51672    2.00000
 179.97990   -0.00384   22.21272   21.95427    0.02046    0.01129   17.57849    3.26326    2.29546    7.22757    2.00000
 179.96797   -0.11049   23.69622   23.26028    0.11504    0.06349    5.60509    0.44241    1.97418   -3.78000    2.00000
 180.02847   -0.00780   22.74485   22.43856    0.02953    0.01630   11.53617   -6.90159    6.15368   -0.11889    2.00000
 179.96812   -0.13278   22.21015   21.95191    0.13655    0.07536   17.62086   -4.55391    1.25284   -2.08571    2.00000
 179.98338    0.17418   22.69234   22.39161    0.17498    0.09657   12.09523   -5.30831    1.44324   -3.78329    2.00000
 179.97536   -0.03466   23.04181   22.70231    0.04253    0.02347    9.23099   -2.50912    1.87040   -1.29133    2.00000
 179.97627    0.05840   22.80722   22.49432    0.06303    0.03479   10.87225    1.47473    0.43365    0.06709    2.00000
 179.91570   -0.01174   22.95499   22.62608    0.08512    0.04698    9.82395    1.70038   -2.89921   -3.77416    2.00000
 179.94424    0.10661   22.27955   22.01569    0.12031    0.06640   16.57155    7.29324    1.03808    8.14225    2.00000
 180.00015   -0.00101   23.35538   22.97356    0.00103    0.00057    7.12118   -0.37646    0.97057   -1.74893    2.00000
 180.03275   -0.00868   23.04661   22.70651    0.03388    0.01870    9.19835    1.81817   -1.50808    2.27553    2.00000
 179.99826   -0.01439   22.81470   22.50101    0.01450    0.00800   10.79675    1.10198    1.32583    0.95056    2.00000
 180.00865    0.01251   22.21529   21.95663    0.01521    0.00839   17.53613  -11.41006   -0.22100  -11.43007    2.00000
 180.30528   -0.20532   23.00288   22.66823    0.36790    0.20305    9.49609   -0.34907   -3.80389   -6.89456    2.00000
 180.00574   -0.02270   23.80566   23.35076    0.02341    0.01292    5.14955   -4.87248   -2.17511   -4.93906    2.00000
 179.88757    0.00347   22.71741   22.41403    0.11247    0.06208   11.82829    1.37762    1.15408   -0.11542    2.00000
 179.96744    0.02387   22.94977   22.62143    0.04037    0.02228    9.86011   -2.11907    2.10611   -4.60175    2.00000
 179.97992   -0.01796   21.79360   21.56387    0.02694    0.01487   24.57914    0.80723   -0.25349   -0.17993    2.00000
 180.07500    0.01463   23.57723   23.16121    0.07640    0.04217    6.10386    0.33205   -1.81970   -0.09002    2.00000
 179.92570   -0.00722   23.83900   23.37828    0.07465    0.04120    5.01101    0.40101   -4.79483   -8.07484    2.00000
 180.01024    0.08565   22.94456   22.61678    0.08626    0.04761    9.89627    0.97469    4.42684    3.83522    2.00000
 180.14613    0.10064   23.36626   22.98278    0.17744    0.09793    7.04944    6.44818    2.96540    8.19949    2.00000
 179.96094   -0.00511   23.64955   23.22162    0.03941    0.02175    5.79973    0.34594   -0.47871   11.10031    2.00000
 179.99278    0.02664   23.76755   23.31931    0.02760    0.01523    5.30789    0.29839    1.48349    7.33780    2.00000
 180.32292    0.18845   21.97081   21.72972    0.37389    0.20636   21.60512    4.40551   -0.05150    4.87888    2.00000
 180.02837   -0.01586   23.06341   22.72119    0.03249    0.01793    9.08412   -2.86907    4.27581    2.62269    2.00000
 180.01698   -0.05241   23.32272   22.94589    0.05510    0.03041    7.33640    0.72469    4.67597    6.20405    2.00000
 180.11203    0.00588   21.30527   21.07808    0.11218    0.06192   36.82292    0.71705   -0.91462   -0.75906    2.00000
 179.95042   -0.05749   22.80971   22.49655    0.07591    0.04190   10.84570    1.41558   -2.32992   -3.03654    2.00000
 180.03969    0.12236   21.59756   21.37529    0.12863    0.07099   29.00506   -0.32653   -1.24884   -1.74402    2.00000
 179.93028    0.10876   23.30095   22.92744    0.12919    0.07130    7.47988   -1.84855   -3.35732   -4.72476    2.00000
 179.92258    0.02944   22.96841   22.63799    0.08283    0.04572    9.73130    0.25616    4.12286    3.03140    2.00000
 179.98232    0.05638   22.47941   22.19929    0.05909    0.03261   14.38535    0.05052   -2.83934   -2.64436    2.00000
 179.98378    0.00075   23.17421   22.81789    0.01623    0.00896    8.33198   -0.68772    1.46823    6.42756    2.00000
 180.00514   -0.02634   20.54493   20.08956    0.02684    0.01481   78.76683   -3.07880   -0.13844   -3.24730    2.00000
 179.96368   -0.05011   22.78477   22.47425    0.06188    0.03415   11.11126   -2.88457   -0.00969   -1.68440    2.00000
 180.04059    0.00840   23.45314   23.05635    0.04145    0.02288    6.63182    1.89563   -1.42095   -0.10462    2.00000
 179.97507    0.03727   23.08021   22.73588    0.04483    0.02475    8.96990    0.63354    1.43314    2.36593    2.00000
 180.07315   -0.01914   22.98457   22.65216    0.07562    0.04173    9.62105   -1.11109   -1.54983   -3.66222    2.00000
 179.89201   -0.00253   20.88155   20.52579    0.10802    0.05962   56.64839    4.37750    2.06632    6.51597    2.00000
 179.99886    0.13639   22.51925   22.23560    0.13639    0.07528   13.95302   -7.34183    2.62317   -3.93396    2.00000
 179.94295    0.01314   23.68873   23.25408    0.05856    0.03232    5.63630   -4.67232   -1.21394   -7.29236    2.00000
 179.94406   -0.04571   23.82471   23.36649    0.07224    0.03987    5.07038    2.45441   -0.99242   -1.53186    2.00000
 179.94249    0.05481   23.20103   22.84118    0.07945    0.04385    8.15087    0.91088    1.08438   -0.26328    2.00000
 180.07179    0.05513   22.47941   22.19929    0.09052    0.04996   14.38535   -1.12526   -3.28339   -4.53018    2.00000
 179.99031    0.02478   23.37987   22.99431    0.02661    0.01469    6.95977    1.84854    0.89964    1.84448    2.00000
 180.00720   -0.02903   22.92630   22.60050    0.02991    0.01651   10.02285   -3.23514   -1.55215   -4.97911    2.00000
 179.83498   -0.03613   21.83170   21.59960    0.16894    0.09324   23.93858    4.31713    2.42034    6.47597    2.00000
 180.04865    0.05644   22.49816   22.21638    0.07451    0.04113   14.18190   -2.24230    3.26616    3.06155    2.00000
 180.07130   -0.02768   21.85075   21.61746    0.07649    0.04222   23.61830    8.40640   -0.59705    8.79888    2.00000
 180.00162   -0.02624   23.73364   23.29128    0.02629    0.01451    5.44904    2.89753   -0.80833   -4.44589    2.00000
 180.01524    0.09576   23.43152   23.03805    0.09696    0.05352    6.72392    4.69139   -1.21460    5.03418    2.00000
 179.95335   -0.15089   23.39348   23.00584    0.15793    0.08717    6.88611   -2.04478   -0.92978   -0.17848    2.00000
 180.00723    0.01015   21.48415   21.26298    0.01247    0.00688   31.95910    0.41881    0.65383    1.35351    2.00000
 179.98605    0.03740   23.71867   23.27888    0.03991    0.02203    5.51146    3.66257   -0.79838    2.27089    2.00000
 180.03152   -0.10083   20.30220   19.82809    0.10565    0.05831   95.13948    6.73701    3.31135   10.29318    2.00000
 180.25427   -0.01639   22.54034   22.25482    0.25480    0.14063   13.72413   -5.10880    0.40413   -4.11700    2.00000
 180.05731   -0.00322   22.65322   22.35646    0.05740    0.03168   12.51383   -4.64779    0.88547   -3.65633    2.00000
 179.78564    0.02620   22.59062   22.30021    0.21594    0.11918   13.18359   -0.49271   -0.62862   -2.03154    2.00000
 179.99519    0.02786   22.12245   21.87155    0.02827    0.01560   19.06186    0.50295    1.73766    1.60702    2.00000
 180.00093   -0.04658   23.04661   22.70651    0.04658    0.02571    9.19835   -3.91083    1.31766    1.64205    2.00000
 180.07001    0.01587   23.21566   22.85388    0.07179    0.03962    8.05208   -2.51601    3.21259   -3.25472    2.00000
 179.99939    0.03933   22.79974   22.48763    0.03933    0.02171   10.95192   -3.84818   -1.71791   -6.75081    2.00000
 180.07928    0.05023   23.29006   22.91822    0.09387    0.05181    7.55162    2.21220    1.91029    3.46436    2.00000
 180.00740    0.04983   23.39892   23.01045    0.05038    0.02780    6.86289    1.57035   -0.85498   -0.27797    2.00000
 180.08388   -0.10608   22.41332   22.13887    0.13523    0.07463   15.10480   -0.29569    0.57595   -1.32703    2.00000
 179.92393    0.03496   23.05861   22.71700    0.08372    0.04621    9.11676   -1.40977    0.32344   -1.76655    2.00000
 180.01265   -0.00480   23.83661   23.37632    0.01353    0.00747    5.02090    0.43641   -0.85258   -2.24275    2.00000
 179.98706   -0.00995   23.82709   23.36845    0.01632    0.00901    5.06049   -1.06369    0.84159    3.13074    2.00000
 180.00998   -0.02000   22.25642   21.99443    0.02235    0.01233   16.85829   -1.23882   -0.35657   -1.98444    2.00000
 180.01569    0.04225   22.39652   22.12339    0.04506    0.02487   15.28912   -2.95271   -1.82069   -5.70475    2.00000
 180.06528   -0.04031   22.46300   22.18434    0.07672    0.04234   14.56336   -2.99837   -1.22050   -4.36939    2.00000
 179.98476   -0.00943   22.70992   22.40734    0.01793    0.00990   11.90796   -1.91714    0.49675   -0.37409    2.00000
 180.01740    0.00138   22.41092   22.13666    0.01745    0.00963   15.13113   -2.19255   -3.07407   -7.60635    2.00000
 180.06683   -0.03957   23.80327   23.34880    0.07767    0.04287    5.15945    2.84491   -0.50316    6.11543    2.00000
 179.92981    0.18050   23.30367   22.92975    0.19367    0.10689    7.46195    3.90110   -2.02058    2.90575    2.00000
 179.87930   -0.04305   23.10181   22.75476    0.12814    0.07072    8.82304    0.07963    0.03254   -1.13944    2.00000
 179.99635   -0.04005   23.38259   22.99661    0.04022    0.02220    6.94184   -4.41177    1.89997   -7.09437    2.00000
 179.95963   -0.01049   23.28734   22.91591    0.04171    0.02302    7.56956    0.54995   -3.10942   -5.45464    2.00000
 179.96390    0.01470   22.30012   22.03459    0.03898    0.02151   16.34650   -0.16771    0.34056    1.61579    2.00000
 180.04060    0.01545   23.67189   23.24013    0.04344    0.02398    5.70652   -0.06533    1.64388    2.43959    2.00000
 180.02338   -0.01600   23.37443   22.98970    0.02832    0.01563    6.99564    0.45247    1.39641    0.74247    2.00000
 180.03407    0.05958   23.65131   23.22309    0.06864    0.03788    5.79235   -2.72905    1.45062   -3.79065    2.00000
 179.89149   -0.03890   20.97513   20.67664    0.11526    0.06362   50.99511   -0.34668    1.45186    1.01652    2.00000
 179.83827    0.28773   23.03220   22.69392    0.33007    0.18217    9.29626    2.62880   -0.29699   -0.36086    2.00000
 180.06496    0.05489   23.40981   23.01967    0.08504    0.04694    6.81646   -4.01928   -1.22831   -6.38084    2.00000
 179.93457   -0.02697   23.81280   23.35666    0.07077    0.03906    5.11986   -3.22203   -0.56548   -7.76727    2.00000
 179.99207    0.04464   23.57241   23.15719    0.04534    0.02503    6.12413   -0.50565   -2.93256    0.41631    2.00000
 179.99937    0.00593   23.53422   23.12495    0.00596    0.00329    6.28641   -3.30756   -0.56943   -6.38510    2.00000
 180.02757    0.07171   23.75565   23.30949    0.07683    0.04241    5.35737   -1.15050   -0.01415    0.73220    2.00000
 180.07727   -0.02495   23.52341   23.11581    0.08120    0.04481    6.33246   -4.86031    0.17787   -7.06077    2.00000
 180.13237    0.97148   23.23273   22.86869    0.98045    0.54119    7.93683   -1.88718   -0.78767    2.44462    2.00000
 180.02701   -0.01493   22.90282   22.57958    0.03086    0.01703   10.18559   -0.58103   -0.28726    1.23243    2.00000
 179.94370   -0.02487   23.07541   22.73168    0.06155    0.03397    9.00254    1.12766    0.38806    1.50282    2.00000
 179.99319    0.02537   23.34177   22.96203    0.02627    0.01450    7.21086   -1.36900    2.65208   -0.05333    2.00000
 180.05885   -0.00427   22.66105   22.36349    0.05901    0.03257   12.43011   -0.71830   -1.69791   -4.62263    2.00000
 179.93950    0.00472   22.82468   22.50993    0.06069    0.03350   10.72736   -5.93730   -0.20834   -4.51815    2.00000
 179.99910    0.01570   21.55668   21.33599    0.01573    0.00868   30.03864   -0.65896   -0.82932   -2.29149    2.00000
 179.92796   -0.05680   22.83240   22.51682    0.09174    0.05063   10.67380    2.35769   -1.12543    2.25057    2.00000
 179.94621   -0.03799   22.21787   21.95899    0.06585    0.03634   17.49376   -1.35517   -1.46338   -2.92081    2.00000
 179.94753    0.01142   23.62703   23.20281    0.05370    0.02964    5.89443    0.44963   -3.31007   -6.79643    2.00000
 180.07581   -0.01013   23.61096   23.18939    0.07648    0.04221    5.96198   -2.92881    5.35466    1.44699    2.00000
 179.97185    0.02155   22.09459   21.84544    0.03545    0.01957   19.53006    0.29029   -2.40573   -1.15645    2.00000
 179.96442    0.06375   23.26686   22.89833    0.07300    0.04029    7.70632    2.94087    1.96090    3.15289    2.00000
 180.16113    0.13260   22.32691   22.05926    0.20869    0.11518   16.05273    3.35692    0.09178    2.91556    2.00000
 180.02592   -0.06360   22.83501   22.51914    0.06868    0.03791   10.65572    1.90567    0.75736    1.69975    2.00000
 180.02374    0.03677   23.83185   23.37239    0.04377    0.02416    5.04069    0.38087    1.76314    7.58799    2.00000
 179.81110    0.08048   22.75483   22.44748    0.20533    0.11332   11.42994    4.58283    0.32719    4.06847    2.00000
 180.00407   -0.01336   23.76517   23.31735    0.01396    0.00771    5.31778   -1.68542   -1.09677   -5.96286    2.00000
 179.95711   -0.08382   23.08501   22.74007    0.09416    0.05197    8.93726    0.29469    0.82787   -0.18659    2.00000
 180.32651    0.37672   23.57401   23.15853    0.49852    0.27515    6.11737    1.39949    1.88070    8.00463    2.00000
 180.06200   -0.04174   23.80804   23.35273    0.07473    0.04124    5.13965   -0.15730    1.62821   -1.98282    2.00000
 179.96205   -0.00045   23.79613   23.34290    0.03795    0.02094    5.18913   -3.40923   -1.46356   -9.03633    2.00000
 180.01161   -0.02948   22.67148   22.37286    0.03168    0.01749   12.31848    3.55573    1.70445    3.57324    2.00000
 179.98158    0.00929   23.81280   23.35666    0.02062    0.01138    5.11986    4.06250   -1.46854    4.05266    2.00000
 179.97150   -0.06617   21.06545   20.80109    0.07205    0.03977   46.33110    6.16251   -2.94154    3.76887    2.00000
 179.97653   -0.00775   21.63260   21.40897    0.02472    0.01364   28.11913    3.55365    1.91444    5.87471    2.00000
 180.01936   -0.01991   18.94417   18.39822    0.02778    0.01533  230.96045    5.28317   -1.58360    3.65005    2.00000
 180.01794    0.03581   21.04549   20.77478    0.04005    0.02211   47.31706   -4.92220    1.63457   -3.15558    2.00000
 179.98657    0.02091   23.18884   22.83059    0.02485    0.01371    8.23320   -3.68567    0.12629   -3.72735    2.00000
 180.02580    0.01984   23.60454   23.18403    0.03256    0.01797    5.98901    4.55270    0.68496   -1.39364    2.00000
 180.14667    0.12754   22.60106   22.30959    0.19437    0.10728   13.07197    2.46449   -0.97723    3.63349    2.00000
 179.96410   -0.01563   21.75359   21.52560    0.03915    0.02161   25.26545    1.99977    1.83457    3.63597    2.00000
 180.08527   -0.00202   22.78227   22.47202    0.08529    0.04708   11.13782   -3.34813    2.19596   -0.52815    2.00000
 179.64629   -0.36355   22.41812   22.14329    0.50722    0.27996   15.05214   -7.06718   -2.07265   -8.14335    2.00000
 180.00070    0.01228   21.40591   21.18304    0.01230    0.00679   34.06205    0.10187   -1.13451   -0.95630    2.00000
 180.06563   -0.07293   22.86109   22.54239    0.09812    0.05415   10.47490   -1.61083    2.82140    0.86358    2.00000
 179.74870    0.21492   23.83423   23.37435    0.33067    0.18251    5.03080    0.43433    1.33515    5.62727    2.00000
 179.95364   -0.04428   23.26930   22.90045    0.06410    0.03538    7.68986   -2.64602    0.40956   -4.64889    2.00000
 179.90024    0.15068   21.65039   21.42609    0.18071    0.09974   27.66861    1.92396   -2.89963   -1.13783    2.00000
 180.07112   -0.01802   23.29822   22.92513    0.07337    0.04050    7.49782    3.07736    4.76521   10.86047    2.00000
 179.98441   -0.04030   21.09622   20.83957    0.04321    0.02385   44.88907    1.67996    0.72318    2.90970    2.00000
 179.97746    0.03261   22.90282   22.57958    0.03963    0.02188   10.18559   -7.69528   -2.22221  -11.73505    2.00000
 180.03328    0.02623   22.23072   21.97081    0.04237    0.02339   17.28194   -3.82318   -1.85881   -6.91380    2.00000
 179.94240   -0.00104   23.20347   22.84329    0.05761    0.03179    8.13441    2.87524    0.15781    0.42332    2.00000
 179.89139    0.22278   22.44191   22.16512    0.24784    0.13679   14.79225   -0.95165   -1.72619   -2.55913    2.00000
 180.04770   -0.04177   23.80327   23.34880    0.06340    0.03499    5.15945   -3.32283   -1.47226   -5.99761    2.00000
 179.95258    0.01656   21.95163   21.71186    0.05023    0.02772   21.92540    7.26649   -5.58290    0.26425    2.00000
 180.02684    0.01044   22.87413   22.55401    0.02880    0.01590   10.38449    1.91214   -0.15612    4.49301    2.00000
 179.99080    0.00067   22.95499   22.62608    0.00922    0.00509    9.82395    8.61137   -1.63213    5.36200    2.00000
 180.03653   -0.03389   23.71306   23.27423    0.04983    0.02750    5.53487    5.68706   -0.14552    2.95207    2.00000
 180.04521   -0.03069   21.92970   21.69145    0.05464    0.03016   22.29143    0.58080   -4.81170   -4.77188    2.00000
 179.98637   -0.02849   22.91847   22.59353    0.03158    0.01743   10.07709    2.12187    1.14034    2.74262    2.00000
 179.97479    0.02831   23.08501   22.74007    0.03791    0.02092    8.93726   -1.81431   -0.30728   -2.38252    2.00000
 180.09319   -0.10209   23.44503   23.04949    0.13822    0.07629    6.66636   -1.18202   -2.38042   -2.81838    2.00000
 179.98102   -0.02651   23.48827   23.08608    0.03261    0.01800    6.48214   -4.59805    0.08389   -3.30070    2.00000
 180.02827   -0.03760   22.11009   21.86018    0.04704    0.02596   19.26570   -2.38514   -0.12023   -2.34983    2.00000
 179.88518   -0.25472   22.71491   22.41180    0.27941    0.15421   11.85484    3.18517   -0.85532    3.31250    2.00000
 179.93988    0.00125   23.31455   22.93897    0.06013    0.03319    7.39021   -3.94877    4.02660    3.32548    2.00000
 180.01462   -0.03213   22.47238   22.19288    0.03530    0.01948   14.46164   -2.18074   -2.42658   -8.45607    2.00000
 179.97626    0.00935   20.72316   20.29656    0.02552    0.01408   68.09938    3.65619   -1.08687    2.60592    2.00000
 179.94064    0.04293   22.97487   22.64366    0.07326    0.04043    9.68720   -2.42760   -4.20846   -2.64017    2.00000
 180.00688    0.07028   23.26198   22.89410    0.07062    0.03898    7.73925   -2.75074   -1.46037   -5.90930    2.00000
 179.95116    0.05729   22.65061   22.35412    0.07529    0.04155   12.54174    1.07133   -2.54069   -1.08714    2.00000
 179.96021    0.05865   23.76279   23.31538    0.07087    0.03912    5.32768    1.43779    3.59523    8.27780    2.00000
 180.00143   -0.04276   23.43422   23.04034    0.04278    0.02361    6.71241    0.38154   -1.33373   -2.55770    2.00000
 180.01370   -0.20428   22.55440   22.26763    0.20474    0.11300   13.57155   -4.94930    0.73109   -3.93379    2.00000
 181.17819    0.18117   22.41812   22.14329    1.19204    0.65801   15.05214   -0.15197   -2.51855   -2.25536    2.00000
 179.98703    0.02683   23.78184   23.33111    0.02981    0.01645    5.24851   -0.01408   -0.52788   -2.58518    2.00000
 180.13213   -0.17778   22.74485   22.43856    0.22151    0.12226   11.53617   -0.04366    2.91156    3.41784    2.00000
 180.00029   -0.03228   23.77232   23.32325    0.03228    0.01782    5.28809   -0.78272    3.85802    0.50436    2.00000
 180.03729    0.00102   22.58280   22.29318    0.03731    0.02059   13.26732    2.67464    1.48703    4.78581    2.00000
 179.91457   -0.05500   23.08981   22.74427    0.10160    0.05608    8.90463    3.58744   -0.82589    2.78725    2.00000
 180.28732    0.42045   23.09941   22.75266    0.50925    0.28108    8.83936    1.29447   -3.44711   -0.89676    2.00000
 180.04625    0.03410   22.67669   22.37755    0.05747    0.03172   12.26267   -2.42548    1.20077   -2.51897    2.00000
 180.03848    0.04248   22.33411   22.06590    0.05733    0.03164   15.97374   -9.47375   -3.51943  -16.01283    2.00000
 180.03438    0.02253   22.46769   22.18861    0.04111    0.02269   14.51250   -2.68598   -0.88845   -4.25767    2.00000
 179.81921    0.02017   22.94195   22.61445    0.18190    0.10040    9.91436   -2.93910    1.95193   -3.60999    2.00000
 179.97200   -0.07901   23.07541   22.73168    0.08382    0.04626    9.00254    1.74813   -1.43802    1.98052    2.00000
 179.92799   -0.07513   23.37443   22.98970    0.10406    0.05744    6.99564   -3.26230   -0.18778   -2.96018    2.00000
 180.06961    0.07749   21.93793   21.69910    0.10417    0.05749   22.15417   -0.06406   -2.59720   -2.21351    2.00000
 179.99968    0.12086   22.53331   22.24841    0.12086    0.06670   13.80043    0.96386    0.18349    2.31757    2.00000
 179.95142    0.03219   21.37983   21.15639    0.05829    0.03217   34.76304   -1.91915    2.98893    1.02487    2.00000
 179.98160    0.15316   23.06341   22.72119    0.15426    0.08514    9.08412   -4.16557    3.75200   -3.15618    2.00000
 180.08649   -0.03662   22.83501   22.51914    0.09392    0.05184   10.65572   -4.95408    0.79028   -8.21537    2.00000
 180.02826   -0.02346   23.33633   22.95742    0.03673    0.02027    7.24673    0.49915   -2.46851   -6.22681    2.00000
 179.97272   -0.01921   22.13889   21.88657    0.03337    0.01842   18.79242    6.78052   -1.08853    5.44447    2.00000
 179.99873    0.01582   22.51925   22.23560    0.01587    0.00876   13.95302   -4.97512    1.74454   -3.95582    2.00000
 180.01872   -0.04786   22.08529   21.83659    0.05139    0.02836   19.68867    3.42644    1.72522    3.39127    2.00000
 180.03572    0.02892   22.87674   22.55634    0.04596    0.02537   10.36640    4.47554    3.23797    9.11533    2.00000
 180.04262   -0.00288   23.58205   23.16524    0.04272    0.02358    6.08359    2.91619    2.78912    7.65201    2.00000
 180.05336   -0.15988   21.37983   21.15639    0.16855    0.09302   34.76304    1.52715    4.35989    5.98009    2.00000
 180.00882    0.05602   21.15445   20.91033    0.05671    0.03130   42.23740   -4.05299    2.75364   -1.22483    2.00000
 180.01418    0.12023   21.86164   21.62766    0.12106    0.06682   23.43528    2.90804    1.06464    3.79154    2.00000
 180.18167    0.07177   22.96281   22.63305    0.19533    0.10781    9.76970   -3.96555   -0.04724   -3.10353    2.00000
 180.01939   -0.03113   23.46395   23.06550    0.03668    0.02024    6.58576    1.19659   -3.53686    2.16225    2.00000
 179.88023    0.13536   23.29278   22.92052    0.18073    0.09975    7.53369    1.97508   -2.42551   -3.71482    2.00000
 179.96729   -0.00303   22.20501   21.94718    0.03285    0.01813   17.70559   -3.35289   -1.42008   -6.85695    2.00000
 180.02078    0.01453   20.88631   20.53396    0.02535    0.01399   56.34240    2.87318    0.01561    3.18489    2.00000
 179.61224   -0.34712   21.64510   21.42099    0.52043    0.28724   27.80285   -2.37845   -3.43983   -6.02302    2.00000
 179.93202    0.01397   23.76755   23.31931    0.06940    0.03830    5.30789   -4.51989    3.87759   -3.00702    2.00000
 179.96069   -0.06888   23.08261   22.73797    0.07931    0.04377    8.95358    2.52307    2.40455    2.28080    2.00000
 179.98491    0.04982   23.26930   22.90045    0.05205    0.02873    7.68986   -2.06675    0.56890    0.58331    2.00000
 180.03957    0.00149   21.76682   21.53836    0.03958    0.02185   25.03668   -6.11040    0.48249   -6.00090    2.00000
 180.02019    0.04235   23.83185   23.37239    0.04691    0.02589    5.04069    0.95576    2.41470    4.19905    2.00000
 179.95656   -0.00233   20.84506   20.46480    0.04350    0.02401   59.42895    0.02057    3.51673    3.70515    2.00000
 179.98515   -0.01724   23.11622   22.76735    0.02275    0.01256    8.72513   -0.29119    1.07046    2.74479    2.00000
 180.04388    0.11530   22.68452   22.38458    0.12337    0.06809   12.17895   -3.84151   -1.07231   -7.55676    2.00000
 179.94588   -0.10625   23.43422   23.04034    0.11925    0.06581    6.71241    4.88843    0.90063   11.63841    2.00000
 179.98204   -0.01841   21.36939   21.14573    0.02572    0.01420   35.04343   -0.66150    1.41201    0.48959    2.00000
 180.02631    0.05608   23.25955   22.89198    0.06194    0.03419    7.75571    0.26261    1.86310    3.69943    2.00000
 180.00650   -0.00378   23.30911   22.93436    0.00752    0.00415    7.42608    7.17898    0.70403    7.53189    2.00000
 179.97264    0.02059   18.99614   18.45350    0.03424    0.01890  223.34560   -0.55639   -1.52755   -2.08566    2.00000
 179.97881    0.08809   21.97903   21.73738    0.09061    0.05001   21.46786    3.07513    1.15975    4.69804    2.00000
 179.96709   -0.01030   23.29006   22.91822    0.03449    0.01903    7.55162   -3.45977    0.94792   -3.05931    2.00000
 180.01562    0.03868   21.65833   21.43375    0.04171    0.02302   27.46727    1.83837   -0.30172    1.96260    2.00000
 179.98718   -0.02608   21.89158   21.65573    0.02906    0.01604   22.93199    0.64446    0.65858    0.48137    2.00000
 179.96947   -0.01338   21.87253   21.63787    0.03333    0.01840   23.25227    3.00692   -3.87364   -0.56475    2.00000
 179.73276   -0.04895   23.76279   23.31538    0.27170    0.14996    5.32768    0.66934   -2.41131   -2.19635    2.00000
 179.98070    0.01914   22.13560   21.88357    0.02718    0.01500   18.84631   -5.12695    1.95265   -3.46235    2.00000
 179.98206    0.02173   21.43199   21.20969    0.02818    0.01555   33.36107    0.72276    0.30441    1.33259    2.00000
 180.00381    0.00114   22.95760   22.62840    0.00398    0.00220    9.80587   -4.36606   -1.17810   -6.47821    2.00000
 179.96165   -0.03656   21.87525   21.64042    0.05299    0.02925   23.20651   -1.01252   -0.98979   -1.60484    2.00000
 179.98737   -0.01215   22.96281   22.63305    0.01753    0.00967    9.76970   -4.08344   -1.95043   -4.69740    2.00000
 180.02934    0.10198   21.37200   21.14839    0.10612    0.05857   34.97333   -2.26854   -2.59368   -4.74197    2.00000
 180.01820    0.04127   20.30455   19.83056    0.04511    0.02490   94.97015   -0.06119   -1.05060   -1.14674    2.00000
 180.03983    0.02842   22.26670   22.00388    0.04893    0.02701   16.71221    0.25997   -1.50267   -1.82452    2.00000
 179.92203   -0.00328   22.88196   22.56098    0.07804    0.04307   10.33024   -3.70030    1.47469   -2.15463    2.00000
 179.81116   -0.06815   22.88717   22.56563    0.20077    0.11081   10.29408   -7.61038    1.85270  -10.00703    2.00000
 180.01752    0.01809   23.74868   23.30374    0.02518    0.01390    5.38631   -5.18975    0.66240   -6.18270    2.00000
 180.04120    0.01649   22.74984   22.44302    0.04438    0.02449   11.48305    1.19440   -0.07702   -0.39729    2.00000
 179.96466    0.03175   22.99534   22.66161    0.04751    0.02622    9.54754    0.01334    0.06042   -3.89894    2.00000
 179.99583   -0.04738   23.69996   23.26338    0.04756    0.02625    5.58948   -0.63179    1.26815   -3.13159    2.00000
 179.77521   -0.16518   22.36051   22.09022    0.27895    0.15396   15.68409    2.23645    6.34275    9.65477    2.00000
 180.04884   -0.02158   22.34371   22.07474    0.05340    0.02947   15.86841   -0.11116   -1.72150   -2.81157    2.00000
 180.05621   -0.16068   21.49643   21.27553    0.17023    0.09396   31.62912    0.55412    0.62306    1.30435    2.00000
 179.97893   -0.02637   23.54233   23.13182    0.03376    0.01863    6.25187    0.56639   -4.65122   -1.30338    2.00000
 180.06387    0.07776   23.71867   23.27888    0.10063    0.05554    5.51146    3.15158   -0.25731    1.42041    2.00000
 180.02361   -0.09001   21.33762   21.11255    0.09306    0.05136   35.91611   -3.50590   -2.44168   -6.42246    2.00000
 180.00291    0.01130   22.70244   22.40065    0.01167    0.00644   11.98763   -3.72782   -0.88044   -5.78958    2.00000
 179.83875   -0.04206   21.83714   21.60470    0.16664    0.09197   23.84707   10.21684    2.18258   12.87079    2.00000
 179.98354   -0.02479   22.08452   21.83586    0.02977    0.01643   19.70189   -2.94669   -4.99384   -8.84327    2.00000
 179.90845    0.04235   22.85588   22.53774    0.10088    0.05568   10.51106   -0.01222    2.59845    2.50515    2.00000
 180.45474    0.06559   21.74830   21.52050    0.45946    0.25359   25.35696    3.03605   -0.17665    2.54372    2.00000
 179.96001   -0.07792   23.70370   23.26648    0.08759    0.04834    5.57388   -0.39991   -0.70621    7.38191    2.00000
 179.94115   -0.03684   23.18884   22.83059    0.06944    0.03833    8.23320    3.20901    1.39801    4.00064    2.00000
 179.98026   -0.03865   21.88613   21.65063    0.04340    0.02395   23.02350    1.36371   -1.67825   -0.29114    2.00000
 180.01891    0.07804   23.00288   22.66823    0.08030    0.04432    9.49609    7.15430    2.46921    5.88458    2.00000
 179.94652   -0.03327   23.49368   23.09065    0.06298    0.03476    6.45911   -3.45697    2.52720   -3.75011    2.00000
 179.92255   -0.00837   21.25471   21.02421    0.07791    0.04300   38.23980    1.43700   -1.47788    0.12422    2.00000
 180.01154    0.00303   22.88978   22.56796    0.01193    0.00659   10.27600   -0.23160   -0.81484   -1.00030    2.00000
 179.99088   -0.01403   22.48878   22.20783    0.01674    0.00924   14.28362   -1.78919    0.95949   -0.10676    2.00000
 179.97105   -0.09832   22.34371   22.07474    0.10249    0.05657   15.86841    6.20034   -3.00811    2.65317    2.00000
 179.93900    0.06525   23.83185   23.37239    0.08933    0.04930    5.04069   -2.14658   -1.97452   -0.35102    2.00000
 180.08093    0.13023   23.62060   23.19744    0.15333    0.08462    5.92145   -2.92408    0.01271   -1.03199    2.00000
 179.84735    0.01500   23.52341   23.11581    0.15339    0.08466    6.33246   -1.58751   -4.83470   -8.85481    2.00000
 180.18066   -0.24597   22.44660   22.16939    0.30518    0.16844   14.74138   -0.64236    0.32102   -2.35188    2.00000
 179.99532    0.03340   23.61418   23.19208    0.03372    0.01861    5.94847    0.03044   -1.34189   -5.60290    2.00000
 179.84441    0.10576   22.77978   22.46979    0.18813    0.10383   11.16438   -0.22166    0.24194   -0.72052    2.00000
 180.01186   -0.03398   21.01805   20.73861    0.03599    0.01987   48.67277   -0.96024   -1.22141   -2.50901    2.00000
 179.76245    0.01325   23.76993   23.32128    0.23792    0.13132    5.29799   11.85139    3.85979   17.76789    2.00000
 179.99866    0.01042   21.42677   21.20436    0.01050    0.00580   33.50126    4.34774   -0.14181    4.38408    2.00000
 179.98793    0.08286   23.26442   22.89621    0.08373    0.04621    7.72278    5.95282   -3.21169    4.76261    2.00000
 180.00604   -0.04179   21.46590   21.24433    0.04222    0.02330   32.44979   -0.75203    2.00027    1.61623    2.00000
 179.93275    0.16752   23.76993   23.32128    0.18051    0.09963    5.29799   -2.37579   -3.21764   -1.80264    2.00000
 179.97180   -0.16720   20.01407   19.52449    0.16956    0.09358  115.90295    0.02418    0.16011    0.13386    2.00000
 179.98756   -0.01398   22.11478   21.86454    0.01871    0.01033   19.18760    0.91320    0.75934    0.02504    2.00000
 179.97540   -0.00014   21.98451   21.74248    0.02461    0.01358   21.37635    0.77097   -2.12234   -2.50051    2.00000
 180.02126    0.03315   21.75094   21.52305    0.03938    0.02174   25.31120   -1.98890   -1.71567   -4.21618    2.00000
 180.02113   -0.07086   23.36626   22.98278    0.07394    0.04081    7.04944    1.61839    1.94632    1.27917    2.00000
 179.96220    0.03760   21.54695   21.32664    0.05332    0.02943   30.28473    1.82581    2.60642    4.38057    2.00000
 179.99963   -0.03559   20.72630   20.30034    0.03559    0.01964   67.90458   -7.21396   -3.16755  -10.44425    2.00000
 180.00214    0.05937   23.32544   22.94819    0.05941    0.03279    7.31847    1.21675    0.76294   -4.36440    2.00000
 179.98891   -1.15592   23.42881   23.03577    1.15597    0.63809    6.73544   -3.27700    1.83725    3.36267    2.00000
 180.02821   -0.00607   21.52486   21.30456    0.02885    0.01593   30.86549    2.66896    2.87417    6.00025    2.00000
 179.97702    0.14500   21.26887   21.03930    0.14681    0.08103   37.84308   -6.30319    0.89022   -5.74444    2.00000
 179.97879   -0.06800   23.22785   22.86446    0.07123    0.03931    7.96976   -0.90664    3.04441    1.56701    2.00000
 180.13631    0.03614   23.82947   23.37042    0.14101    0.07783    5.05059    0.27048   -0.91852    4.37327    2.00000
 180.01216    0.05632   22.70493   22.40288    0.05762    0.03180   11.96107    6.62085   -0.84539    5.38172    2.00000
 180.05794   -0.08808   22.51925   22.23560    0.10543    0.05819   13.95302    3.54401    0.87796    4.71873    2.00000
 180.00568    0.01635   18.18248   17.93136    0.01730    0.00955  297.51877    3.40200    1.08871    4.52429    2.00000
 179.95261    0.04641   22.47706   22.19715    0.06633    0.03661   14.41078   -6.26977    3.10634   -2.36209    2.00000
 180.02551   -0.00599   23.78660   23.33504    0.02622    0.01447    5.22872   -0.37756    0.00487   -2.67796    2.00000
 180.03835   -0.02473   21.53374   21.31363    0.04563    0.02519   30.62686   -5.15034   -1.73906   -7.06151    2.00000
 179.98479    0.06014   23.68312   23.24943    0.06203    0.03424    5.65971    0.56692    1.52151    3.26424    2.00000
 180.06190    0.00407   23.10421   22.75686    0.06205    0.03424    8.80672    0.62344   -2.66511   -0.91783    2.00000
 179.98438    0.04390   23.67002   23.23858    0.04660    0.02572    5.71433    1.36604   -0.77300   -0.03742    2.00000
 179.87744    0.26726   21.78816   21.55877    0.29402    0.16228   24.67064   -1.70687    2.00693    0.76870    2.00000
 180.15331    0.00119   22.66887   22.37052    0.15331    0.08462   12.34639    1.63174    0.52880    2.66834    2.00000
 180.04002    0.00337   23.33361   22.95511    0.04017    0.02217    7.26466   -3.48372   -0.38770    0.12274    2.00000
 179.95209    0.03089   22.34371   22.07474    0.05701    0.03147   15.86841   -1.72310   -0.82851   -1.38968    2.00000
 180.00906   -0.01355   21.83987   21.60725    0.01631    0.00900   23.80132    1.18654   -2.73111   -2.19712    2.00000
 179.98050    0.08206   23.28462   22.91361    0.08434    0.04655    7.58749    1.38017    2.10369    2.61009    2.00000
 180.04802   -0.04193   22.80223   22.48986    0.06375    0.03518   10.92537   -8.94509   -1.47676  -13.10977    2.00000
 179.92763    0.07366   23.65131   23.22309    0.10327    0.05699    5.79235    0.41228    1.35094    1.63543    2.00000
 180.04588   -0.11487   22.23329   21.97317    0.12370    0.06827   17.23957   -0.96682    0.25901   -2.60649    2.00000
 179.98364   -0.00955   23.09221   22.74637    0.01894    0.01045    8.88831   -4.70796    0.18656   -5.75363    2.00000
 179.92938    0.10750   22.43722   22.16085    0.12862    0.07099   14.84311   -1.01943   -0.34686   -1.05155    2.00000
 179.98074    0.02322   22.51925   22.23560    0.03017    0.01665   13.95302    1.29674    1.91647    2.59151    2.00000
 180.38487   -0.04888   22.88457   22.56331    0.38798    0.21414   10.31216    1.04736   -2.00832   -1.12476    2.00000
 179.80551    0.27045   23.00180   22.66728    0.33312    0.18386    9.50344   -3.48439   -4.83383   -7.84196    2.00000
 180.05663   -0.07611   23.30367   22.92975    0.09487    0.05236    7.46195    3.24505    1.09422    5.00102    2.00000
 179.98883    0.01978   23.12822   22.77783    0.02272    0.01254    8.64354    1.42236    0.82628   -0.27255    2.00000
 179.98630   -0.04681   22.68452   22.38458    0.04878    0.02692   12.17895   -0.44172   -3.89414   -4.35805    2.00000
 179.73947    0.00794   23.04181   22.70231    0.26065    0.14386    9.23099    2.54100   -3.07441    2.19412    2.00000
 179.97549   -0.00253   23.08261   22.73797    0.02463    0.01359    8.95358    0.22726   -3.41833   -0.86743    2.00000
 180.05304    0.04607   22.98026   22.64838    0.07025    0.03877    9.65045    2.68963   -2.09567   -0.20788    2.00000
 179.99275   -0.07765   21.57615   21.35470    0.07799    0.04304   29.54645   -5.06888   -0.44423   -6.18719    2.00000
 180.02762   -0.00304   23.73551   23.29283    0.02779    0.01534    5.44123    1.42710    2.65608    4.14296    2.00000
 179.89696   -0.17018   23.02500   22.68763    0.19895    0.10980    9.34521   -1.73695    1.57942   -2.15855    2.00000
 179.98969   -0.01838   23.19616   22.83694    0.02108    0.01163    8.18380   -0.97099    0.65755   -4.81848    2.00000
 180.03137    0.00866   21.86164   21.62766    0.03254    0.01796   23.43528    2.73387   -1.24068    3.09169    2.00000
 180.03748   -0.02508   23.53152   23.12267    0.04510    0.02489    6.29792   -3.16162   -1.56395   -4.52311    2.00000
 180.01122    0.06527   22.85327   22.53541    0.06623    0.03655   10.52914    0.30012    0.89292    1.46490    2.00000
 179.87123   -0.09560   23.17421   22.81789    0.16038    0.08852    8.33198    4.06367   -1.57438    2.67342    2.00000
 180.04964   -0.00385   23.74674   23.30213    0.04978    0.02748    5.39442   -4.30621    0.98094   -2.99522    2.00000
 179.99673   -0.11661   23.24248   22.87716    0.11666    0.06439    7.87097    2.68141   -3.11854   -1.18760    2.00000
 179.96609    0.00730   22.60366   22.31193    0.03468    0.01914   13.04406    0.72748   -2.36583   -1.76593    2.00000
 179.96098   -0.05703   21.65569   21.43120    0.06910    0.03814   27.53438   -0.49027    1.96307    1.61515    2.00000
 179.91312   -0.01256   23.48287   23.08150    0.08778    0.04845    6.50517   -3.72172   -1.60343   -7.82687    2.00000
 179.91937   -0.06760   23.53692   23.12724    0.10521    0.05807    6.27489    4.05499    3.80720    7.74373    2.00000
 180.00169    0.06856   21.94067   21.70166    0.06858    0.03785   22.10842    2.02690    1.77868    3.94899    2.00000
 179.96881   -0.10151   21.76946   21.54091    0.10620    0.05861   24.99092   -2.57157    0.40051   -1.54197    2.00000
 180.01163   -0.02179   22.92630   22.60050    0.02469    0.01363   10.02285    1.36979    2.80330    7.79033    2.00000
 180.05765   -0.03003   22.94456   22.61678    0.06500    0.03588    9.89627   -0.09182    1.63234    0.42011    2.00000
 179.96996   -0.06121   21.91063   21.67359    0.06818    0.03763   22.61171   -1.66426   -1.50443   -1.90906    2.00000
 180.15253    0.14183   22.96493   22.63494    0.20828    0.11496    9.75504   -1.88041   -0.36605   -7.21525    2.00000
 180.00664   -0.00990   23.42341   23.03119    0.01192    0.00658    6.75847   -1.71862   -3.77631   -5.58721    2.00000
 179.81335   -0.00861   21.99548   21.75269    0.18683    0.10312   21.19333   -6.29861   -2.71426   -9.26431    2.00000
 180.02264    0.10675   23.58847   23.17061    0.10913    0.06023    6.05657   -4.81551    0.99322   -1.10327    2.00000
 180.01987    0.05097   23.83185   23.37239    0.05470    0.03019    5.04069    1.38615    2.66480    4.31329    2.00000
 179.98972   -0.10554   22.91847   22.59353    0.10604    0.05853   10.07709    4.26595   -0.66968    6.38563    2.00000
 180.09894    0.12772   22.82468   22.50993    0.16156    0.08917   10.72736    3.38588   -2.02852   -0.04778    2.00000
 180.04156   -0.01512   23.01150   22.67579    0.04424    0.02442    9.43729   -2.18929    1.79539   -1.94815    2.00000
 180.19839   -0.10716   21.47633   21.25499    0.22549    0.12445   32.16939    0.25992   -3.27372   -3.49342    2.00000
 180.00742    0.00425   22.10466   21.85502    0.00855    0.00472   19.35823    0.97952    2.26272    2.59077    2.00000
 179.95264   -0.03932   22.75483   22.44748    0.06156    0.03398   11.42994   -1.75068   -3.17121   -6.09677    2.00000
 179.89725   -0.03211   22.39892   22.12560    0.10765    0.05942   15.26279    2.01350   -0.53090    1.33128    2.00000
 179.88069   -0.02237   21.88613   21.65063    0.12139    0.06700   23.02350   -8.46987    2.21392   -6.17164    2.00000
 180.01851   -0.03008   23.46935   23.07007    0.03532    0.01950    6.56273    4.37406    2.11670    1.87560    2.00000
 180.00368    0.06552   23.20103   22.84118    0.06562    0.03622    8.15087   -4.96342    0.68128   -2.51702    2.00000
 180.04102    0.01630   21.80721   21.57663    0.04414    0.02436   24.35037    1.79163    1.24028    3.85747    2.00000
 179.95180   -0.24966   22.19987   21.94246    0.25427    0.14034   17.79032   -0.97951    1.51068    1.07587    2.00000
 179.98788    0.01033   22.22301   21.96372    0.01592    0.00879   17.40903   -4.44040   -0.17688   -2.44290    2.00000
 180.02571    0.00504   22.87674   22.55634    0.02620    0.01446   10.36640   -2.28929    0.48552   -6.45571    2.00000
 179.96236    0.00592   21.86164   21.62766    0.03810    0.02103   23.43528    1.29044   -2.86895   -2.06839    2.00000
 180.02760   -0.07415   23.46125   23.06321    0.07913    0.04367    6.59727    3.14674   -0.46654    4.86891    2.00000
 179.99248   -0.01071   21.78543   21.55622    0.01309    0.00722   24.71640    1.73190   -2.77463    0.12200    2.00000
 179.97372    0.00666   22.96020   22.63073    0.02710    0.01496    9.78778    3.23300   -0.71683    0.10758    2.00000
 179.98048    0.05745   22.37492   22.10349    0.06068    0.03349   15.52610   -0.53021    2.20320    0.18559    2.00000
 179.97797   -0.01889   22.35331   22.08359    0.02903    0.01602   15.76309    1.59616    3.82964    5.81278    2.00000
 179.97156    0.04783   22.17931   21.92356    0.05565    0.03072   18.12924   -0.03256   -1.83100   -0.34339    2.00000
 179.91821    0.18447   22.93412   22.60748    0.20179    0.11137    9.96860   13.72926   -1.21626   13.67252    2.00000
 180.03075   -0.01873   23.19372   22.83482    0.03601    0.01987    8.20027   -1.28947   -3.70205   -7.56350    2.00000
 180.23320   -0.06671   22.91847   22.59353    0.24255    0.13387   10.07709   -1.49624   -0.81054   -4.91129    2.00000
 180.05452    0.01404   21.72977   21.50264    0.05630    0.03107   25.67723   -4.76802    0.81208   -3.70181    2.00000
 179.97356    0.04168   21.63260   21.40897    0.04936    0.02724   28.11913   -2.00375   -0.10645   -2.60064    2.00000
 179.90413   -0.01446   21.79360   21.56387    0.09695    0.05351   24.57914    0.47515    0.11404    0.80419    2.00000
 179.99287   -0.06446   22.00370   21.76034    0.06485    0.03579   21.05607   -1.29790   -0.75525   -2.19825    2.00000
 179.96191    0.08649   22.64279   22.34708    0.09450    0.05216   12.62546   -4.47804    0.76209   -0.95671    2.00000
 179.93626    0.00028   21.12907   20.87949    0.06373    0.03518   43.39312    0.03586   -2.85327   -3.07041    2.00000
 180.00333    0.02295   23.57401   23.15853    0.02318    0.01280    6.11737    3.66039   -0.49081    4.84417    2.00000
 179.93457   -0.00668   23.37715   22.99200    0.06577    0.03630    6.97770   -0.23244    0.78143    1.74510    2.00000
 180.03831   -0.05274   21.89430   21.65828    0.06519    0.03598   22.88624   -2.45856    0.18731   -1.24829    2.00000
 180.07741   -0.04128   22.80971   22.49655    0.08773    0.04842   10.84570    0.25055    0.50052    2.20162    2.00000
 179.95917   -0.08073   22.82723   22.51221    0.09047    0.04993   10.70962    2.63157   -2.97165   -0.99507    2.00000
 179.93056   -0.03936   23.59169   23.17329    0.07983    0.04406    6.04306    1.31038    0.16176   -7.54303    2.00000
 180.10141   -0.11408   22.82219   22.50770    0.15264    0.08425   10.74471   -3.94379    0.13499   -3.20530    2.00000
 179.97784    0.02811   22.70743   22.40511    0.03579    0.01975   11.93451    2.23262    2.50671    4.70737    2.00000
 180.02155    0.03273   22.89761   22.57493    0.03918    0.02162   10.22175   -2.38286   -1.63029   -4.94602    2.00000
 180.05846   -0.00243   22.89500   22.57261    0.05851    0.03229   10.23983   -1.09669   -0.00007   -2.47274    2.00000
 180.11487    0.02258   22.61410   22.32131    0.11706    0.06461   12.93243    2.20297    0.61929    2.18088    2.00000
 180.09686    0.00928   23.44233   23.04720    0.09730    0.05370    6.67787   -2.94873    0.39596   -6.97239    2.00000
 180.01843   -0.04868   23.23273   22.86869    0.05205    0.02873    7.93683   -1.00509   -1.18430    3.62164    2.00000
 179.99724    0.01596   23.18397   22.82636    0.01620    0.00894    8.26612   -3.78179   -0.43409   -0.80721    2.00000
 179.95374    0.00268   20.87361   20.51219    0.04634    0.02558   57.15837    9.20479    1.41486   10.11024    2.00000
 179.95361   -0.00467   22.64018   22.34474    0.04661    0.02573   12.65337    1.94406   -1.65033   -1.05302    2.00000
 180.04179   -0.05625   23.23517   22.87081    0.07007    0.03868    7.92036    2.33663   -4.18889   -1.77847    2.00000
 179.96205   -0.05004   20.90368   20.56327    0.06281    0.03466   55.24401    4.98670    1.42495    6.42778    2.00000
 179.97179   -0.02594   22.33411   22.06590    0.03833    0.02115   15.97374    4.31401    2.42700    6.35872    2.00000
 180.00143   -0.01837   23.30639   22.93205    0.01843    0.01017    7.44401   -5.12432   -1.74650   -2.89685    2.00000
 179.98978    0.04549   23.35266   22.97125    0.04662    0.02573    7.13912   -3.19466    1.89762   -1.10043    2.00000
 180.06595   -0.03551   21.97355   21.73227    0.07491    0.04134   21.55937    3.12305   -2.90989    1.12633    2.00000
 179.96690    0.08154   23.07541   22.73168    0.08800    0.04857    9.00254   -1.26725   -1.07402   -1.83044    2.00000
 180.03270    0.02342   22.97056   22.63988    0.04022    0.02220    9.71660   -3.67707    0.27262   -0.40508    2.00000
 179.99152   -0.00957   22.99857   22.66445    0.01278    0.00706    9.52549    2.12724    0.32266    1.54446    2.00000
 179.96739    0.17143   23.67751   23.24478    0.17451    0.09631    5.68312   -5.55010   -0.86800   -3.50885    2.00000
 180.01512    0.02139   22.75982   22.45194    0.02619    0.01446   11.37683    5.80174    0.36872    5.82502    2.00000
 179.96907   -0.08262   21.46590   21.24433    0.08822    0.04869   32.44979   -7.99858    1.42478   -6.72055    2.00000
 180.02095    0.01775   22.16849   21.91362    0.02746    0.01516   18.30743   -0.83990    0.93459    0.27743    2.00000
 180.03271    0.00416   22.23586   21.97553    0.03298    0.01820   17.19721    0.36454    1.91516    1.67466    2.00000
 180.07423   -0.02435   23.08501   22.74007    0.07813    0.04312    8.93726   -5.31118    0.87881   -4.24484    2.00000
 179.92975    0.06134   23.83185   23.37239    0.09326    0.05147    5.04069    3.69307   -3.97843   -5.95537    2.00000
 179.85400   -0.11404   21.46851   21.24699    0.18525    0.10224   32.37969   -0.02584   -0.07823   -0.98117    2.00000
 180.06734    0.00403   21.56252   21.34161    0.06745    0.03723   29.89098    1.97236    2.08440    4.48310    2.00000
 180.07936   -0.08897   22.37492   22.10349    0.11922    0.06580   15.52610   -0.87983    0.84134    0.57834    2.00000
 180.07033    0.09829   23.27918   22.90900    0.12086    0.06670    7.62329    0.91862    2.52674    2.52362    2.00000
 180.01018    0.08908   23.16202   22.80731    0.08966    0.04948    8.41431   -2.83044    0.82938   -1.41817    2.00000
 179.98537    0.02865   20.87440   20.51355    0.03216    0.01775   57.10737   -5.36532   -1.62249   -7.14725    2.00000
 180.12556    0.26039   23.37443   22.98970    0.28909    0.15955    6.99564    6.71537    0.59455    3.04387    2.00000
 179.96086   -0.00092   23.30911   22.93436    0.03915    0.02161    7.42608   -0.83949    1.85164    5.69044    2.00000
 179.90627   -0.40681   23.46395   23.06550    0.41746    0.23041    6.58576   -3.27391   -6.04201   -9.54664    2.00000
 180.03868   -0.05343   23.77470   23.32521    0.06596    0.03641    5.27820    0.25079    1.02777    3.22663    2.00000
 179.95898   -0.06590   21.91607   21.67869    0.07762    0.04284   22.52020   -2.54954   -1.65239   -4.73344    2.00000
 179.96075    0.02124   23.35810   22.97586    0.04463    0.02463    7.10325   -5.91766    1.31753   -0.79812    2.00000
 180.02791   -0.04853   23.65693   23.22774    0.05598    0.03090    5.76894    2.04242   -1.05978    3.74594    2.00000
 179.98885    0.02239   22.93934   22.61213    0.02501    0.01380    9.93244   -2.84082    0.90439   -2.39461    2.00000
 180.06261   -0.03032   22.52394   22.23987    0.06955    0.03839   13.90215   -4.66357    5.54393    0.20366    2.00000
 179.97041    0.04103   22.12354   21.87255    0.05059    0.02792   19.04390    2.75493   -1.18675    3.02858    2.00000
 179.84444   -0.01975   22.23843   21.97789    0.15681    0.08655   17.15484    1.98691   -0.69477   -0.67721    2.00000
 179.82045   -0.02534   23.62703   23.20281    0.18133    0.10008    5.89443    0.60043   -2.53907    1.92329    2.00000
 180.07133   -0.01904   23.61739   23.19476    0.07383    0.04075    5.93496    2.73513   -3.55556   -1.87868    2.00000
 180.12106    0.07971   22.79724   22.48540    0.14495    0.08000   10.97848   -1.84026   -0.93463   -6.53656    2.00000
 179.99178   -0.02763   22.48409   22.20356    0.02883    0.01591   14.33448    3.36870    0.01842    3.66267    2.00000
 180.00729   -0.00276   21.88886   21.65318    0.00780    0.00431   22.97774    0.04437   -0.90983   -0.49772    2.00000
 180.07315    0.10200   22.25642   21.99443    0.12552    0.06928   16.85829    1.59602    2.24046    4.29788    2.00000
 179.93259    0.14405   23.82947   23.37042    0.15905    0.08778    5.05059    4.44050   -1.53170   -1.99147    2.00000
 179.99815    0.00271   22.71990   22.41626    0.00328    0.00181   11.80173    3.20705   -0.74441    0.58718    2.00000
 179.71696    0.06103   22.24100   21.98026    0.28953    0.15980   17.11248    4.94926   -1.74519    4.42029    2.00000
 179.98154   -0.01532   23.38259   22.99661    0.02400    0.01324    6.94184    1.17181   -1.64465   -3.39708    2.00000
 179.94186    0.02330   23.82233   23.36452    0.06263    0.03457    5.08028    1.02204    2.14730    2.08354    2.00000
 179.96661    0.01956   21.45025   21.22834    0.03870    0.02136   32.87038   -0.24280   -2.25866   -2.48503    2.00000
 179.93544    0.00015   22.00644   21.76289    0.06456    0.03563   21.01032   -5.56958   -2.80285   -9.00189    2.00000
 180.24158    0.07733   21.33560   21.11040    0.25365    0.14000   35.97279    1.33612    1.55493    2.93880    2.00000
 180.06508    0.03899   22.98564   22.65311    0.07587    0.04187    9.61369    2.01156    1.76822    3.01927    2.00000
 179.88040    0.01443   23.74112   23.29748    0.12046    0.06649    5.41783    2.32722    0.37919   -5.50823    2.00000
 179.98024   -0.01025   22.96020   22.63073    0.02226    0.01229    9.78778   -3.13120    1.83442   -1.09041    2.00000
 180.03329   -0.24457   22.29241   22.02751    0.24683    0.13623   16.43089   -1.81796   -3.87670   -4.88198    2.00000
 179.93703   -0.03764   23.78422   23.33307    0.07336    0.04049    5.23861    3.70299    0.63294   -0.03922    2.00000
 179.00391    0.62113   22.90543   22.58191    1.17387    0.64797   10.16750   -3.69050    3.10746   -1.36033    2.00000
 179.98712   -0.05629   23.39348   23.00584    0.05775    0.03187    6.88611   -3.54733    0.85345   -6.18123    2.00000
 179.97128    0.02055   23.20103   22.84118    0.03531    0.01949    8.15087    2.44793   -2.06438    4.99127    2.00000
 180.03683    0.00958   22.96281   22.63305    0.03806    0.02101    9.76970   -1.49601   -5.58188   -3.21395    2.00000
 179.92056   -0.09175   23.61578   23.19342    0.12135    0.06698    5.94172    3.10274    3.62097    9.49087    2.00000
 180.02229   -0.03151   22.39412   22.12118    0.03859    0.02130   15.31545    0.45949    1.26275    1.06216    2.00000
 179.97478   -0.07461   23.74300   23.29903    0.07876    0.04347    5.41002    2.15585   -6.29946  -14.51383    2.00000
 179.95906    0.00367   22.90022   22.57726    0.04111    0.02269   10.20367    0.87817   -2.26934   -1.02014    2.00000
 179.98352   -0.02922   23.05861   22.71700    0.03355    0.01852    9.11676    1.15500    4.45384    5.95253    2.00000
 180.07375   -0.01891   21.78274   21.55369    0.07614    0.04202   24.76178   -2.14091   -2.77220   -4.10602    2.00000
 179.83356    0.02953   23.79613   23.34290    0.16904    0.09330    5.18913   -3.15706   -1.23253   -1.75986    2.00000
 180.00706   -0.00277   22.25642   21.99443    0.00758    0.00419   16.85829    4.43505   -1.60927    2.39749    2.00000
 179.99622   -0.07095   21.02304   20.74519    0.07105    0.03921   48.42628   -2.53783    0.15845   -2.18108    2.00000
 180.01247   -0.01294   23.54773   23.13639    0.01796    0.00991    6.22884    2.50641   -2.23427    4.06372    2.00000
 179.97748    0.07602   22.78477   22.47425    0.07928    0.04376   11.11126   -3.14226    2.45575    2.08838    2.00000
