#RA        DEC       MAG_G     MAG_I     ANGSEP    RPROJ     SNR       VTRUE       VSYS       VMEAS      VSYSERR    
 179.95448   -0.03756   22.94456   22.61678    0.05901    0.03257    9.89627   -4.73877    2.76177   -1.65875    2.00000
 180.02026    0.08208   22.03658   21.79096    0.08455    0.04666   20.50702   -9.46839    2.09907   -7.79409    2.00000
 179.98372    0.00605   22.78227   22.47202    0.01736    0.00958   11.13782   -1.36426   -0.24931    1.74971    2.00000
 179.95625    0.03247   21.13205   20.88312    0.05449    0.03007   43.25712    1.06762    0.36580    1.52257    2.00000
 180.02864    0.03410   23.38804   23.00123    0.04453    0.02458    6.90933   -1.96282   -1.22866   -2.55751    2.00000
 180.01784    0.03335   23.72990   23.28818    0.03782    0.02087    5.46464   -2.71324    2.04722   -0.18138    2.00000
 180.04889   -0.10179   21.04799   20.77807    0.11292    0.06232   47.19382    2.85579   -3.28697   -0.81300    2.00000
 180.08253   -0.07983   21.87253   21.63787    0.11482    0.06337   23.25227   -5.10356   -0.16007   -5.34286    2.00000
 180.01721   -0.07211   23.79375   23.34094    0.07413    0.04092    5.19903    2.01546    1.77531    7.04187    2.00000
 179.98547   -0.06742   22.68974   22.38927    0.06897    0.03807   12.12314    5.80589    0.97996    5.41606    2.00000
 180.01527   -0.01927   23.11622   22.76735    0.02459    0.01357    8.72513    0.83005   -0.91440    0.85532    2.00000
 180.02829   -0.04182   22.82468   22.50993    0.05049    0.02787   10.72736    4.26637   -5.22087    1.34617    2.00000
 179.99876   -0.01970   22.90543   22.58191    0.01973    0.01089   10.16750   -2.56052    2.18223    2.33053    2.00000
 180.10237    0.02873   22.62192   22.32834    0.10632    0.05868   12.84871    6.06555   -0.71491    7.38637    2.00000
 180.01176    0.04066   23.35810   22.97586    0.04232    0.02336    7.10325   -5.97027    2.84100   -2.25634    2.00000
 179.98422    0.03478   22.61671   22.32365    0.03819    0.02108   12.90453   -0.87550   -0.53802   -0.14900    2.00000
 179.99548   -0.03112   23.19128   22.83271    0.03144    0.01735    8.21673    1.96790   -3.11778   -1.62452    2.00000
 179.96881   -0.01966   22.91065   22.58656    0.03687    0.02035   10.13134    2.12645   -1.75591   -1.46921    2.00000
 179.97636   -0.04930   23.55044   23.13868    0.05468    0.03018    6.21732   -2.71589    0.19857    1.74659    2.00000
 180.03258   -0.07489   23.08741   22.74217    0.08167    0.04507    8.92095   -6.54949    2.11336   -3.34508    2.00000
 179.96388   -0.07132   20.81172   20.41241    0.07994    0.04412   62.12885   -1.78097    2.33763    0.24672    2.00000
 180.00722   -0.01585   21.88341   21.64807    0.01741    0.00961   23.06925    3.24374   -0.30414    3.18762    2.00000
 179.92738   -0.04385   21.66627   21.44140    0.08482    0.04682   27.26592   -0.45916    1.80335    0.59643    2.00000
 180.10982   -0.06947   23.18640   22.82847    0.12994    0.07172    8.24966    6.22811    4.33633   10.57982    2.00000
 180.00063   -0.02533   20.27408   19.79838    0.02534    0.01399   97.17144   -0.73553   -2.76893   -3.43461    2.00000
 179.92403    0.05868   22.15862   21.90460    0.09600    0.05298   18.46909   -2.55886   -1.47088   -4.48752    2.00000
 179.97678    0.03399   23.76993   23.32128    0.04117    0.02272    5.29799   -4.70877    0.51065    2.85875    2.00000
 179.96135   -0.05854   22.85588   22.53774    0.07015    0.03872   10.51106    0.67717   -1.77882   -4.15728    2.00000
 180.00381   -0.02361   23.42070   23.02890    0.02392    0.01320    6.77002   -1.75690   -2.37863   -1.66621    2.00000
 179.96867    0.07634   22.82468   22.50993    0.08252    0.04554   10.72736    9.20623   -2.12476    6.55171    2.00000
 179.96910    0.07362   22.47472   22.19502    0.07984    0.04407   14.43621    0.10642    1.33962    0.56156    2.00000
 179.95378    0.07634   23.71867   23.27888    0.08924    0.04925    5.51146    7.96134   -0.46797    6.50073    2.00000
 180.02388    0.00224   21.52042   21.30002    0.02398    0.01324   30.98481    2.09855    1.74816    2.64970    2.00000
 180.02638   -0.06639   23.54503   23.13410    0.07144    0.03943    6.24035   -4.32998   -6.27384   -8.17659    2.00000
 180.04883   -0.03784   22.81221   22.49878    0.06178    0.03410   10.81914   -0.96635    2.03242   -1.33066    2.00000
 179.96005   -0.01325   23.61096   23.18939    0.04208    0.02323    5.96198   -2.63112   -0.50360    0.13368    2.00000
 180.01035   -0.14331   23.26686   22.89833    0.14369    0.07930    7.70632    0.09016   -0.10464   -3.08156    2.00000
 179.97459   -0.06794   22.50987   22.22705    0.07253    0.04003   14.05474   -2.03966    1.75190   -0.47049    2.00000
 180.05814    0.01589   23.53962   23.12953    0.06027    0.03326    6.26338    0.75034    2.16562    2.89170    2.00000
 180.04773    0.01275   20.91553   20.58260    0.04940    0.02727   54.51941    0.87890   -0.28255    0.83705    2.00000
 180.00531   -0.00614   22.08607   21.83733    0.00812    0.00448   19.67546   -2.21732   -0.43101   -2.49914    2.00000
 180.02773   -0.05037   23.18153   22.82424    0.05749    0.03173    8.28259   -2.33357   -0.27236    1.72396    2.00000
 180.51976   -0.09146   22.61410   22.32131    0.52774    0.29128   12.93243   -5.43536    0.40519   -5.97495    2.00000
 180.02608   -0.05380   23.56598   23.15182    0.05979    0.03300    6.15115    0.72425   -1.35842   -2.52142    2.00000
 179.93318   -0.01055   21.88613   21.65063    0.06765    0.03734   23.02350   -3.40149   -4.89398   -7.22951    2.00000
 180.07005    0.01605   23.08981   22.74427    0.07186    0.03966    8.90463   -2.21048   -0.06333   -0.21974    2.00000
 179.99590   -0.05038   23.05381   22.71280    0.05054    0.02790    9.14940    0.55536   -2.59226   -1.20661    2.00000
 179.90300    0.09125   22.13122   21.87956    0.13317    0.07350   18.91816    1.73295   -1.80327    1.11123    2.00000
 179.97591   -0.04819   23.80327   23.34880    0.05388    0.02974    5.15945   -0.54632    0.76563   -0.42889    2.00000
 180.18040    0.17917   23.41253   23.02198    0.25426    0.14033    6.80485    0.20931    1.16342    7.48039    2.00000
 179.92455    0.11744   22.70244   22.40065    0.13959    0.07704   11.98763   -0.85345   -1.54888   -6.13146    2.00000
 180.02229   -0.03742   20.82468   20.43279    0.04355    0.02404   61.07889   -3.28687   -1.65511   -4.80303    2.00000
 179.83154    0.06885   22.59584   22.30490    0.18198    0.10044   13.12778    2.60288    1.91273    4.72662    2.00000
 179.92230    0.11086   22.25128   21.98971    0.13538    0.07472   16.94302    0.98580   -1.26589    1.41811    2.00000
 179.82944   -0.03934   23.49368   23.09065    0.17505    0.09662    6.45911   -0.23234   -1.34836    1.16194    2.00000
 180.03185   -0.01994   23.16202   22.80731    0.03757    0.02073    8.41431   -4.31683   -1.11718   -6.31661    2.00000
 180.25317   -0.08183   20.22955   19.75133    0.26607    0.14685  100.38871    2.05792   -0.03781    1.81516    2.00000
 179.94492    0.04160   23.83185   23.37239    0.06903    0.03810    5.04069    0.31051    2.55648    2.98686    2.00000
 180.00990    0.00446   21.33156   21.10609    0.01086    0.00599   36.08614    2.63138   -0.13628    1.63849    2.00000
 179.92642   -0.17263   22.63496   22.34005    0.18766    0.10357   12.70918    6.22372    0.39422    5.11181    2.00000
 180.19495   -0.11792   23.05861   22.71700    0.22783    0.12574    9.11676   -2.72136    0.12396   -3.12563    2.00000
 180.04042    0.05045   21.62287   21.39961    0.06465    0.03568   28.36522   -1.93206   -1.27161   -2.57919    2.00000
 180.05611    0.02809   23.34177   22.96203    0.06274    0.03463    7.21086   -3.04341   -0.97749    0.72878    2.00000
 180.16376    0.02987   23.59651   23.17732    0.16647    0.09188    6.02279    3.92215   -1.63384    5.42608    2.00000
 179.96268    0.01115   23.42881   23.03577    0.03895    0.02150    6.73544   -3.93742   -2.58307   -6.64764    2.00000
 180.02016   -0.10523   22.62192   22.32834    0.10715    0.05914   12.84871   -1.51894    1.79977    0.87740    2.00000
 179.96227   -0.08472   23.48557   23.08379    0.09274    0.05118    6.49365   -0.71992   -0.99177    0.12140    2.00000
 179.98126    0.02892   17.75429   17.11317    0.03446    0.01902  452.92990   -1.49639    0.71774   -0.75920    2.00000
 179.99088    0.03349   22.53331   22.24841    0.03471    0.01916   13.80043   -5.07168    3.08214   -1.25459    2.00000
 180.00098    0.01617   21.86164   21.62766    0.01620    0.00894   23.43528   -0.66291    3.36635    2.75147    2.00000
 180.10223    0.05306   20.45869   19.99594    0.11518    0.06357   83.65937   -6.14424    1.30655   -4.55629    2.00000
 179.99734   -0.03076   21.10667   20.85227    0.03087    0.01704   44.41308    4.30397    0.85089    5.13921    2.00000
 180.07339    0.03859   21.26887   21.03930    0.08292    0.04577   37.84308   -0.65310    2.32958    1.32706    2.00000
 180.05342   -0.00121   21.75359   21.52560    0.05343    0.02949   25.26545    3.39391   -1.46280    1.07941    2.00000
 179.91928   -0.04233   23.24736   22.88139    0.09114    0.05030    7.83804    1.92089   -1.15199    2.31281    2.00000
 179.93709    0.00370   23.71680   23.27733    0.06302    0.03478    5.51926    1.63489    3.20067    0.66746    2.00000
 180.02200   -0.05098   22.27441   22.01097    0.05553    0.03065   16.62782    0.56320    0.76010    0.56745    2.00000
 179.98363    0.02164   23.66067   23.23084    0.02713    0.01497    5.75334   -3.58875   -0.12202   -7.14121    2.00000
 179.91670   -0.00214   21.60729   21.38464    0.08333    0.04599   28.75897    3.58057    0.99485    3.65233    2.00000
 180.04431    0.00044   21.50798   21.28732    0.04431    0.02446   31.31890    1.80010   -1.23016    0.43365    2.00000
 180.05333   -0.07814   23.43962   23.04491    0.09460    0.05221    6.68938    0.78514   -2.29893   -4.94028    2.00000
 179.94667   -0.12929   22.80473   22.49209    0.13986    0.07719   10.89881   -3.40897    0.98237   -1.99095    2.00000
 180.06818   -0.03636   20.33250   19.86027    0.07727    0.04264   92.93818   -2.28028    2.91225    0.49264    2.00000
 180.01682   -0.00986   23.22298   22.86023    0.01949    0.01076    8.00269    2.23892   -2.80694   -4.35149    2.00000
 179.91476   -0.00370   22.97379   22.64271    0.08532    0.04709    9.69455    6.92271   -1.00647    5.46173    2.00000
 180.04019   -0.01810   22.02836   21.78330    0.04407    0.02433   20.64429   -2.51695    0.19169   -2.80871    2.00000
 179.94490    0.07339   23.43152   23.03805    0.09177    0.05065    6.72392   -0.73895   -4.51904   -7.39510    2.00000
 179.98872   -0.03214   23.38532   22.99892    0.03407    0.01880    6.92390    2.68842   -1.54713    2.57017    2.00000
 179.95793    0.03477   23.33361   22.95511    0.05458    0.03012    7.26466   -1.54616   -2.79682   -7.62071    2.00000
 179.94740   -0.07707   21.23285   21.00067    0.09331    0.05150   38.85899    0.53673    0.80035    1.86177    2.00000
 180.01926    0.05918   21.54889   21.32851    0.06224    0.03435   30.23551    2.41961    3.39529    6.59364    2.00000
 179.82510   -0.04539   21.97629   21.73482    0.18070    0.09973   21.51361   -8.59387   -0.48580   -9.00893    2.00000
 180.01202   -0.00573   23.39076   23.00353    0.01332    0.00735    6.89772    1.22866   -1.67430   -4.27945    2.00000
 179.98289   -0.04108   23.42341   23.03119    0.04449    0.02456    6.75847   -1.03784    2.06919   -2.96416    2.00000
 180.20380    0.03828   22.18188   21.92592    0.20737    0.11445   18.08687   -5.34942    1.66075   -4.75806    2.00000
 180.07860    0.07811   23.75803   23.31145    0.11081    0.06116    5.34747    4.59558   -0.62713    6.01725    2.00000
 179.97432   -0.06211   22.47941   22.19929    0.06721    0.03709   14.38535    2.21203   -1.61586    1.94607    2.00000
 179.89594   -0.05377   23.75327   23.30752    0.11713    0.06465    5.36726   -2.73622    3.00387   -4.91016    2.00000
 180.05031    0.01877   22.53800   22.25268    0.05370    0.02964   13.74957    0.71817    1.15504    2.06607    2.00000
 179.96104   -0.08807   23.59811   23.17866    0.09630    0.05315    6.01603    0.83317    1.17862   -1.83857    2.00000
 179.95436    0.09280   22.45363   22.17580    0.10342    0.05708   14.66509    2.50085    2.37197    3.87842    2.00000
 180.01225   -0.01995   21.06420   20.79945    0.02341    0.01292   46.39272   -4.50225   -2.41636   -6.59810    2.00000
 180.01466   -0.00932   23.59490   23.17597    0.01738    0.00959    6.02954    5.73794   -0.77619    1.15388    2.00000
 180.02548   -0.01237   21.74565   21.51795    0.02832    0.01563   25.40271    1.00769    1.09474    3.66640    2.00000
 179.99707   -0.06749   23.82947   23.37042    0.06755    0.03728    5.05059    1.22797    1.46090   -2.92658    2.00000
 179.93845    0.04691   22.84805   22.53076    0.07739    0.04271   10.56531   -0.31967    0.88061    0.36756    2.00000
 179.90427   -0.09156   22.86109   22.54239    0.13246    0.07311   10.47490   -2.77807   -0.23130    0.14950    2.00000
 180.03439   -0.05030   23.30367   22.92975    0.06093    0.03363    7.46195    1.77356   -3.19910   -1.48372    2.00000
 179.99242    0.09103   23.27918   22.90900    0.09134    0.05041    7.62329    1.21746   -0.13541    6.05656    2.00000
 179.95937   -0.17668   22.51222   22.22919    0.18129    0.10006   14.02931    1.04491   -2.02398   -3.18211    2.00000
 179.59290    0.13227   20.74106   20.31910    0.42805    0.23626   66.93741    5.34673   -1.00064    4.28751    2.00000
 179.98988    0.05452   23.27661   22.90680    0.05545    0.03060    7.64046   -2.79804    1.24324   -5.72499    2.00000
 179.99673   -0.00193   23.50179   23.09751    0.00379    0.00209    6.42457   -1.67126   -3.73800    1.14123    2.00000
 180.10011    0.00668   23.80089   23.34683    0.10034    0.05538    5.16934    1.76691    2.34424    3.17243    2.00000
 179.96541   -0.07148   22.17674   21.92119    0.07941    0.04383   18.17160   -1.13859   -1.76175   -3.74821    2.00000
 179.68524   -0.35609   23.38532   22.99892    0.47526    0.26231    6.92390   -3.63063   -0.91741   -5.30182    2.00000
 180.01395    0.01373   23.71306   23.27423    0.01957    0.01080    5.53487    1.40339    1.36339    6.00509    2.00000
 180.37196    0.12954   21.48676   21.26565    0.39387    0.21739   31.88900   -1.38536   -0.43458   -1.45467    2.00000
 179.97342   -0.05648   16.12394   15.20388    0.06243    0.03445 1130.44519   -1.76285   -2.96657   -4.70987    2.00000
 180.00012    0.01858   21.88886   21.65318    0.01858    0.01026   22.97774   -8.52328    0.54357   -7.64059    2.00000
 179.91196    0.00030   23.50449   23.09980    0.08805    0.04859    6.41306   -4.99776    0.20961   -2.38721    2.00000
 180.06860    0.05644   21.33156   21.10609    0.08883    0.04903   36.08614    2.52000    1.22827    5.23413    2.00000
 180.09222   -0.03305   23.82947   23.37042    0.09798    0.05408    5.05059   -6.14935   -3.74338   -7.85714    2.00000
 180.00093   -0.03988   21.64259   21.41857    0.03989    0.02202   27.86649    5.34549   -0.05214    6.10154    2.00000
 180.06606    0.03344   23.13062   22.77993    0.07403    0.04086    8.62723   -1.18116   -0.84249    0.53650    2.00000
 180.10400    0.03665   23.77708   23.32718    0.11027    0.06086    5.26830    0.84815   -0.29042    5.52010    2.00000
 179.96802    0.02376   22.87935   22.55866    0.03985    0.02199   10.34832    1.94076   -0.39571   -1.58400    2.00000
 180.02219    0.00295   23.51260   23.10666    0.02239    0.01236    6.37852    1.96791    0.55351    1.40029    2.00000
 179.96425    0.05418   22.51690   22.23346    0.06491    0.03583   13.97845   -2.20443    1.12518    1.22633    2.00000
 180.11400    0.08163   22.82468   22.50993    0.14021    0.07739   10.72736    3.00798   -1.89053    1.31607    2.00000
 180.28571   -0.14116   21.71919   21.49243    0.31868    0.17589   25.92361    0.67038    1.47330    0.81651    2.00000
 179.99841    0.06400   23.66441   23.23394    0.06402    0.03534    5.73773   -1.48162   -2.28230   -2.14057    2.00000
 180.00864    0.02616   21.29718   21.06946    0.02755    0.01520   37.04962    1.57387    0.92612    2.36703    2.00000
 179.95015    0.03066   22.07522   21.82701    0.05852    0.03230   19.86051   -2.70097   -0.60822   -2.31625    2.00000
 180.24399   -0.30043   22.32691   22.05926    0.38703    0.21361   16.05273    0.52534   -3.01312   -3.69711    2.00000
 180.01157    0.02718   23.42611   23.03348    0.02954    0.01630    6.74695   -1.58584    0.16173   -5.84747    2.00000
 180.01585    0.00376   23.55854   23.14554    0.01629    0.00899    6.18278   -2.57166   -1.29645   -2.15859    2.00000
 180.00092    0.05017   23.63827   23.21221    0.05017    0.02769    5.84713   -3.42660   -2.56046  -12.95289    2.00000
 180.02570    0.02705   23.55584   23.14325    0.03731    0.02059    6.19430   -8.51676    0.06317   -6.59710    2.00000
 179.95065    0.01783   22.96493   22.63494    0.05247    0.02896    9.75504   -2.45150   -1.60071   -3.22759    2.00000
 180.04158    0.01623   22.93934   22.61213    0.04463    0.02463    9.93244   -0.06597    0.67416    5.53061    2.00000
 179.97707   -0.03449   22.26156   21.99916    0.04142    0.02286   16.77356   -0.68052    0.89101   -0.39329    2.00000
 179.99055   -0.02624   23.32000   22.94358    0.02789    0.01539    7.35434   -2.48549   -0.12781   -5.56267    2.00000
 179.84297    0.00494   21.74036   21.51284    0.15711    0.08671   25.49422   -1.24633    0.59405    0.13146    2.00000
 179.95679    0.04015   23.26930   22.90045    0.05899    0.03256    7.68986    3.41828    0.68839    3.63354    2.00000
 179.94240   -0.05365   21.46068   21.23900    0.07871    0.04344   32.58998    1.57309    0.39025    2.47563    2.00000
 180.05827   -0.01446   23.72241   23.28198    0.06004    0.03314    5.49585   -3.51583    0.52201    4.72655    2.00000
 179.88629   -0.05336   21.93245   21.69400    0.12561    0.06933   22.24568   -1.32567    1.94763    2.23830    2.00000
 179.96637    0.15737   21.88613   21.65063    0.16092    0.08882   23.02350    5.85852   -1.81632    5.55315    2.00000
 180.01331    0.06328   20.05327   19.56561    0.06466    0.03569  113.09026   -0.05556    2.64294    2.68687    2.00000
 179.93491    0.11279   23.81280   23.35666    0.13023    0.07188    5.11986   -5.06381    3.03691   -7.57235    2.00000
 180.04938    0.00559   18.15287   17.77171    0.04969    0.02743  324.74841   -1.99024   -0.58150   -2.57938    2.00000
 180.02986    0.03285   22.72240   22.41849    0.04439    0.02450   11.77518    0.59344   -1.30056   -5.07720    2.00000
 180.04008   -0.06051   21.92151   21.68379    0.07259    0.04006   22.42869    0.26485    0.64799    0.75374    2.00000
 179.99739   -0.00960   22.69234   22.39161    0.00994    0.00549   12.09523   -4.86285   -2.74330   -7.82013    2.00000
 179.86774    0.06833   23.72616   23.28508    0.14887    0.08217    5.48025   -3.66422   -1.13319   -6.76479    2.00000
 180.02898   -0.00657   21.16866   20.92688    0.02970    0.01639   41.61721    1.78367    2.53335    4.16249    2.00000
 179.96397   -0.01045   22.81470   22.50101    0.03752    0.02071   10.79675    1.60928   -0.79224    0.37581    2.00000
 179.84737   -0.11187   23.14262   22.79042    0.18924    0.10445    8.54564    4.20594   -3.48386    3.88448    2.00000
 179.98709    0.02682   20.84876   20.47062    0.02977    0.01643   59.12896   -3.90674   -0.56858   -4.66345    2.00000
 180.03804    0.06186   20.81635   20.41969    0.07262    0.04008   61.75387   -2.41577   -0.60787   -3.06563    2.00000
 180.02248    0.48416   21.08129   20.82143    0.48469    0.26751   45.56904   -1.41487   -0.42260   -2.20412    2.00000
 180.15286   -0.06486   22.28213   22.01806    0.16605    0.09165   16.54342   -4.63770   -1.50068   -6.46961    2.00000
 179.97401    0.03312   23.05621   22.71490    0.04210    0.02323    9.13308   -4.67309    1.75543   -6.93335    2.00000
 180.02267   -0.09507   22.76231   22.45417    0.09774    0.05394   11.35027    1.80399   -0.42315    2.52975    2.00000
 180.07918    0.21557   20.49407   20.03435    0.22965    0.12675   81.61186    3.59280   -1.94538    1.41505    2.00000
 179.99564   -0.08691   22.57497   22.28615    0.08702    0.04803   13.35104   -3.41080    0.14034   -4.08102    2.00000
 179.96156    0.17621   23.32816   22.95050    0.18035    0.09954    7.30053   -1.73742   -1.53217   -0.95480    2.00000
 180.30386   -0.10270   22.27698   22.01333    0.32074    0.17703   16.59969    5.68524    0.44345    6.81387    2.00000
 180.36591    0.19101   23.38804   23.00123    0.41276    0.22781    6.90933    1.17729   -0.97092   -1.09000    2.00000
 180.08878    0.01521   23.41253   23.02198    0.09008    0.04971    6.80485   -1.06238   -0.12749   -2.84159    2.00000
 179.97884   -0.08289   23.21566   22.85388    0.08555    0.04722    8.05208   -7.84050    0.73271   -5.46022    2.00000
 179.98232   -0.03289   22.18188   21.92592    0.03734    0.02061   18.08687   -0.21533   -2.04099   -2.18068    2.00000
 179.75394    0.02481   23.15471   22.80096    0.24731    0.13650    8.46370   11.56018    1.78221    9.70661    2.00000
 179.94234   -0.09803   22.81969   22.50547    0.11373    0.06277   10.76205    0.53351   -0.63721    1.02595    2.00000
 180.02539   -0.00556   23.62060   23.19744    0.02599    0.01434    5.92145   -2.16649    0.60995   -2.51491    2.00000
 180.17235   -0.18769   23.05141   22.71070    0.25482    0.14064    9.16571   -1.12247   -2.95263   -2.14850    2.00000
 180.06717   -0.04640   23.35810   22.97586    0.08164    0.04506    7.10325   -1.72834    0.00985   -7.22686    2.00000
 180.33691    0.33899   22.43722   22.16085    0.47794    0.26379   14.84311    8.33373   -0.74969    8.46280    2.00000
 180.02832    0.01441   22.12574   21.87455    0.03177    0.01754   19.00797   -4.38467   -1.30029   -7.60300    2.00000
 179.87256   -0.08094   23.46395   23.06550    0.15097    0.08332    6.58576    0.09456   -1.38487   -4.36363    2.00000
 179.91545    0.01601   19.40678   18.88892    0.08605    0.04750  173.92938   -4.43123   -1.10019   -5.49180    2.00000
 180.01866    0.02476   23.08501   22.74007    0.03101    0.01712    8.93726    2.52860   -2.50324   -5.51120    2.00000
 179.99960   -0.03283   21.60729   21.38464    0.03284    0.01812   28.75897   -4.82689   -1.42244   -7.68903    2.00000
 179.90279   -0.01456   23.14742   22.79462    0.09831    0.05426    8.51300    1.09874   -0.19162    1.22012    2.00000
 180.08263    0.13098   23.34449   22.96433    0.15486    0.08547    7.19292    5.33135   -2.30775    6.06746    2.00000
 180.04105    0.05546   23.02980   22.69182    0.06900    0.03808    9.31257    5.25889   -1.01518    4.89431    2.00000
 179.96375   -0.01772   21.56252   21.34161    0.04036    0.02227   29.89098    0.43435   -1.42725   -0.07426    2.00000
 179.96014    0.06293   22.32931   22.06148    0.07449    0.04111   16.02640   -2.04756   -1.52903   -2.88063    2.00000
 179.91885    0.02775   22.55440   22.26763    0.08575    0.04733   13.57155   -0.20681    0.22071   -0.17925    2.00000
 180.12177    0.10868   23.84138   23.38025    0.16322    0.09008    5.00111    1.19601   -2.12480    5.72248    2.00000
 180.02663   -0.06776   22.95238   22.62375    0.07280    0.04018    9.84203    2.84922   -3.40380    0.00373    2.00000
 180.03407    0.01888   23.52611   23.11809    0.03896    0.02150    6.32095   -0.93667   -0.43660    4.97253    2.00000
 179.91879    0.12226   23.56125   23.14782    0.14677    0.08100    6.17127    3.88927    2.88854   12.59817    2.00000
 179.98581    0.04814   18.57775   18.00703    0.05019    0.02770  284.84442   -2.27073   -1.59825   -3.88998    2.00000
 179.94518   -0.01479   21.92970   21.69145    0.05678    0.03134   22.29143    0.56055    0.91624    1.16671    2.00000
 180.02029    0.02162   23.08501   22.74007    0.02965    0.01637    8.93726    4.10407    0.77180    8.17661    2.00000
 179.98830   -0.01375   22.69234   22.39161    0.01806    0.00997   12.09523   -0.77570   -4.64095   -5.50649    2.00000
 180.06439    0.02623   23.24736   22.88139    0.06953    0.03837    7.83804   -2.30610    1.73285   -1.92474    2.00000
 179.92126   -0.10096   23.71119   23.27268    0.12804    0.07067    5.54267    1.10377   -4.12098  -10.66412    2.00000
 180.15169    0.10686   21.92698   21.68891    0.18554    0.10240   22.33690    2.69629   -2.13654    1.24460    2.00000
 179.97038   -0.02216   22.93673   22.60980    0.03700    0.02042    9.95052    5.10739    2.79518    4.62223    2.00000
 179.99246    0.00569   22.02288   21.77820    0.00945    0.00522   20.73579   -1.22378    2.33703   -1.15720    2.00000
 179.92084   -0.00328   23.70932   23.27113    0.07923    0.04373    5.55047   -0.74020   -2.17664    0.31843    2.00000
 180.02208   -0.07247   23.50179   23.09751    0.07576    0.04181    6.42457    2.13773    0.59719    4.05013    2.00000
 179.92589   -0.00549   23.15471   22.80096    0.07431    0.04101    8.46370    3.19028    3.21079    5.20720    2.00000
 179.93597   -0.13460   21.91879   21.68124    0.14905    0.08227   22.47445   -2.52195   -0.51923   -1.73413    2.00000
 179.69398    0.25585   21.46590   21.24433    0.39887    0.22015   32.44979    1.37365    4.05311    5.76722    2.00000
 179.86980   -0.12610   21.41895   21.19636    0.18125    0.10004   33.71156    0.33211    0.26248    0.81973    2.00000
 180.07874   -0.01655   22.82219   22.50770    0.08045    0.04440   10.74471   -1.41991   -2.61923   -3.38315    2.00000
 179.97018    0.12242   23.49098   23.08836    0.12599    0.06954    6.47062    0.66455    1.05435    2.87680    2.00000
 179.83923   -0.18444   22.54972   22.26336    0.24467    0.13504   13.62241    0.20088    3.41348    3.13498    2.00000
 179.89468    0.04177   21.77211   21.54346    0.11330    0.06253   24.94517   -3.47368    1.85333   -1.30471    2.00000
 179.98863   -0.01351   23.12822   22.77783    0.01765    0.00974    8.64354    1.98826   -0.86724    0.18845    2.00000
 179.99316   -0.00455   21.11563   20.86316    0.00821    0.00453   44.00510   -1.27730   -0.30097   -1.84203    2.00000
 179.97185   -0.05919   18.11345   17.92314    0.06555    0.03618  298.92203   -0.61720    1.12738    0.49296    2.00000
 179.88268    0.02675   23.79137   23.33897    0.12034    0.06642    5.20893    1.61659   -0.49100    4.81315    2.00000
 179.99307   -0.05168   20.91014   20.57381    0.05214    0.02878   54.84877    1.72270    0.42502    2.14037    2.00000
 180.06140   -0.03069   22.01466   21.77055    0.06864    0.03788   20.87306    0.18598   -2.44220   -2.67493    2.00000
 179.93527   -0.14282   22.44660   22.16939    0.15680    0.08654   14.74138    1.04359   -2.53775   -2.59351    2.00000
 180.04320   -0.04817   22.78227   22.47202    0.06471    0.03571   11.13782   -0.69347   -2.05911   -4.37568    2.00000
 179.99585    0.00874   21.47633   21.25499    0.00968    0.00534   32.16939    2.39186    1.89673    4.73333    2.00000
 180.01143   -0.03965   22.79225   22.48094    0.04127    0.02278   11.03159    2.90031   -1.49107    0.25352    2.00000
 180.02048   -0.03119   22.83240   22.51682    0.03731    0.02059   10.67380    4.54929   -1.63966    1.91285    2.00000
 179.99960    0.05722   23.08261   22.73797    0.05723    0.03158    8.95358   -0.88317    1.17270   -0.14901    2.00000
 179.97244   -0.05486   23.30095   22.92744    0.06139    0.03388    7.47988   -5.23584   -1.05527   -5.33352    2.00000
 180.05927   -0.02453   22.86109   22.54239    0.06415    0.03541   10.47490    3.17648    0.80104    3.65809    2.00000
 179.99045    0.00308   23.59169   23.17329    0.01003    0.00554    6.04306   -3.44974    1.55355   -0.35043    2.00000
 180.08134   -0.03745   23.22298   22.86023    0.08956    0.04943    8.00269    2.68528    0.66808    1.55466    2.00000
 179.91409    0.00805   22.46300   22.18434    0.08628    0.04762   14.56336    0.20053   -0.35333    1.66662    2.00000
 180.01761    0.09877   22.08452   21.83586    0.10032    0.05537   19.70189    0.10001   -1.69756   -0.86313    2.00000
 180.01054   -0.01021   23.27174   22.90256    0.01469    0.00811    7.67339    2.54179    1.83002    3.16512    2.00000
 180.31482    0.10975   22.84023   22.52379    0.33340    0.18401   10.61955    0.43745    3.41397    3.90185    2.00000
 180.07124    0.09383   23.45584   23.05863    0.11781    0.06502    6.62030    2.24061   -1.43671    0.81779    2.00000
 179.97923   -0.00215   23.44503   23.04949    0.02088    0.01152    6.66636   -6.62957    0.29846  -12.58082    2.00000
 179.98340   -0.04634   22.61410   22.32131    0.04922    0.02717   12.93243    0.19128    0.94424   -0.24718    2.00000
 180.02547   -0.01250   22.16191   21.90761    0.02837    0.01566   18.41520   -0.98013    1.26395    1.11758    2.00000
 179.93451   -0.08769   22.53097   22.24628    0.10944    0.06040   13.82586    2.18836   -1.17334    1.55566    2.00000
 179.78987    0.67339   21.52664   21.30637    0.70541    0.38935   30.81777    5.08688    0.87259    7.02571    2.00000
 179.98351    0.08654   23.69248   23.25718    0.08810    0.04862    5.62070   -2.82526   -2.67196  -10.73867    2.00000
 180.07808   -0.05233   23.24492   22.87928    0.09399    0.05188    7.85450    6.87517    1.36687    9.71596    2.00000
 180.06715   -0.32844   21.94341   21.70421    0.33524    0.18503   22.06266   -2.75931   -2.08975   -4.66511    2.00000
 179.97134   -0.09825   23.60454   23.18403    0.10234    0.05648    5.98901   -1.56427    1.42983    9.95321    2.00000
 179.94615    0.04643   23.02980   22.69182    0.07110    0.03924    9.31257    1.01637    2.51326    2.17057    2.00000
 180.03661   -0.19014   23.39620   23.00814    0.19363    0.10687    6.87450    5.29660    1.50805    9.80066    2.00000
 180.11720    0.18582   23.42070   23.02890    0.21970    0.12126    6.77002   -6.46802    0.91199   -4.73875    2.00000
 179.92503   -0.10137   22.80971   22.49655    0.12607    0.06958   10.84570    0.95829   -0.21541   -0.46807    2.00000
 179.94899    0.02356   23.05621   22.71490    0.05619    0.03101    9.13308   -4.42597    1.66259    0.08202    2.00000
 179.91885   -0.08359   22.57237   22.28381    0.11649    0.06430   13.37894   -0.16981   -0.46000   -2.15101    2.00000
 179.92813   -0.11798   19.71023   19.20645    0.13814    0.07624  143.44978   -1.54998    1.17678   -0.31539    2.00000
 180.03911    0.01894   23.37715   22.99200    0.04345    0.02398    6.97770    0.98003   -1.35648    3.47121    2.00000
 180.03282    0.00774   22.99749   22.66350    0.03372    0.01861    9.53284   -5.77295    2.12513   -5.79267    2.00000
 179.98666    0.04829   22.43957   22.16298    0.05010    0.02765   14.81768    1.96289    0.58658    0.83195    2.00000
 180.01717   -0.02749   22.69496   22.39396    0.03241    0.01789   12.06724    2.65152    1.95457    2.66445    2.00000
 180.11613   -0.12155   22.04207   21.79606    0.16811    0.09279   20.41551   -0.85868    1.01354    0.77782    2.00000
 179.96004   -0.13957   23.79375   23.34094    0.14518    0.08013    5.19903   -5.61615   -4.79788   -6.57134    2.00000
 180.04034    0.02005   21.54889   21.32851    0.04505    0.02486   30.23551    1.98204   -0.17054    1.92387    2.00000
 180.01552    0.03529   22.67148   22.37286    0.03856    0.02128   12.31848    2.46172    1.08276    4.55315    2.00000
 180.02132    0.12091   21.40069   21.17771    0.12277    0.06776   34.20225   -4.54333    3.12918   -2.08661    2.00000
 180.17419    0.19566   23.73925   23.29593    0.26197    0.14459    5.42563   -1.36833    1.00293   -3.16730    2.00000
 180.00951    0.01136   22.43722   22.16085    0.01481    0.00818   14.84311   -3.32112   -0.70676   -4.07937    2.00000
 179.89545    0.14778   22.30526   22.03932    0.18103    0.09991   16.29024    2.00917    1.42032    2.74116    2.00000
 179.99026    0.03388   22.90543   22.58191    0.03525    0.01945   10.16750   -0.68225    3.20889    1.64451    2.00000
 180.00304   -0.00655   22.14547   21.89258    0.00722    0.00398   18.68465   -5.14093   -4.22272   -9.21103    2.00000
 180.05112    0.13524   21.29718   21.06946    0.14457    0.07979   37.04962   -0.95709   -0.76217   -1.50312    2.00000
 180.00700   -0.07803   23.00072   22.66634    0.07834    0.04324    9.51079    0.91709   -2.40281    0.15367    2.00000
 180.03619   -0.00079   23.02012   22.68335    0.03621    0.01999    9.37848   -0.61017    3.64264    6.50667    2.00000
 180.10957    0.06735   23.18640   22.82847    0.12862    0.07099    8.24966    2.56665   -0.35614    0.47439    2.00000
 179.95547   -0.02576   21.21622   20.98212    0.05144    0.02839   39.54682   -2.32022    0.27028   -1.98420    2.00000
 179.98663    0.02565   19.83869   19.34042    0.02892    0.01596  131.64195   -0.25017    3.20160    3.00471    2.00000
 179.95020    0.04211   22.92630   22.60050    0.06522    0.03599   10.02285    0.10043    4.12015    6.52106    2.00000
 179.98013   -0.02134   20.84320   20.46189    0.02916    0.01609   59.57894    2.23274    0.59901    2.89715    2.00000
 180.06697    0.01738   23.73925   23.29593    0.06919    0.03819    5.42563   -6.33244    0.99638    0.38145    2.00000
 179.96098    0.04751   22.98133   22.64933    0.06147    0.03393    9.64310   -2.19996   -1.30042   -4.20254    2.00000
 180.08414   -0.07515   23.42611   23.03348    0.11282    0.06227    6.74695    4.14699    0.39807    2.74357    2.00000
 179.99825   -0.05290   22.72739   22.42295    0.05293    0.02921   11.72206    0.70729   -0.84158   -0.40024    2.00000
 179.92966    0.04297   22.12354   21.87255    0.08243    0.04549   19.04390    2.55757   -3.63624   -0.37921    2.00000
 180.00311    0.16527   22.35091   22.08138    0.16530    0.09123   15.78942    4.92658   -1.70721    4.06288    2.00000
 179.96625    0.01364   23.83900   23.37828    0.03641    0.02010    5.01101    0.45603   -0.95220    6.34545    2.00000
 179.96567   -0.00580   22.67930   22.37990    0.03482    0.01922   12.23476    2.42206    0.68338    2.13050    2.00000
 179.88737   -0.06176   23.42881   23.03577    0.12845    0.07090    6.73544   -1.83533    0.86867   -3.05385    2.00000
 179.97635   -0.07941   23.81518   23.35863    0.08286    0.04573    5.10997   -5.01719    1.19075    0.54423    2.00000
 180.01738   -0.02612   23.04421   22.70441    0.03138    0.01732    9.21467   -1.74508   -2.35293   -2.47726    2.00000
 179.98438   -0.00796   23.23517   22.87081    0.01754    0.00968    7.92036   -0.06117   -1.30943   -2.93286    2.00000
 180.02345    0.01403   23.75088   23.30555    0.02733    0.01509    5.37716   -1.21402   -0.14389   -1.77153    2.00000
 180.03564    0.08925   22.84544   22.52844    0.09610    0.05304   10.58339   -1.17029    2.55489    2.28776    2.00000
 180.05614   -0.04576   21.72448   21.49754    0.07242    0.03997   25.78938    0.22415    1.53163    1.83692    2.00000
 179.89342    0.01093   21.74565   21.51795    0.10715    0.05914   25.40271    2.36633   -2.05175   -0.16368    2.00000
 180.05351   -0.00694   22.76481   22.45640    0.05397    0.02979   11.32371    0.87391    1.60695   -1.05458    2.00000
 180.03198    0.01620   22.66365   22.36583    0.03586    0.01979   12.40220   -3.93364    3.49703    0.48498    2.00000
 179.93777    0.05242   23.40709   23.01737    0.08136    0.04491    6.82807   -0.93958    1.59667   -2.65038    2.00000
 180.06053   -0.01465   23.45044   23.05406    0.06227    0.03437    6.64333   -1.43012    2.49649   -0.55094    2.00000
 179.70474    0.16820   22.56193   22.27443    0.33981    0.18755   13.49057    3.86093    0.81800    6.76364    2.00000
 180.05447    0.03821   22.09071   21.84175    0.06654    0.03672   19.59615    4.49539    0.32282    3.59409    2.00000
 180.04033    0.06668   22.28213   22.01806    0.07792    0.04301   16.54342   -2.70048    3.13150    1.60448    2.00000
 180.00871    0.10124   23.15715   22.80307    0.10162    0.05608    8.44724    0.10385    0.12231   -1.90877    2.00000
 180.02727    0.01727   23.81994   23.36256    0.03227    0.01781    5.09017   -3.61074   -4.79512  -12.55895    2.00000
 179.98743    0.06417   23.30639   22.93205    0.06539    0.03609    7.44401    0.27219   -1.63297   -2.85081    2.00000
 180.03207   -0.00962   23.34449   22.96433    0.03348    0.01848    7.19292   -6.42559    2.04066   -7.10747    2.00000
 179.94931    0.03365   22.38932   22.11676    0.06084    0.03358   15.36812    1.25194    0.78497    1.37316    2.00000
 179.96075    0.00409   21.28909   21.06084    0.03946    0.02178   37.27632    0.09043   -2.54950   -1.72257    2.00000
 180.03799    0.03740   23.41253   23.02198    0.05332    0.02943    6.80485   -4.61324   -0.40475   -2.94994    2.00000
 179.99815    0.03217   22.85066   22.53309    0.03223    0.01779   10.54722    0.14668   -2.61449   -3.34085    2.00000
 180.23380   -0.01094   22.48878   22.20783    0.23405    0.12918   14.28362   -1.71903   -2.11744   -5.75317    2.00000
 179.96487   -0.04122   23.45854   23.06092    0.05416    0.02989    6.60879   -2.97823    2.20224   -4.38841    2.00000
 180.06561    0.28379   23.49098   23.08836    0.29128    0.16077    6.47062    7.03824   -1.84266    6.94205    2.00000
 179.98010   -0.05376   22.59062   22.30021    0.05733    0.03164   13.18359    0.26764   -2.34098   -2.15645    2.00000
 179.96465   -0.02475   20.82746   20.43715    0.04315    0.02381   60.85390   -5.01048   -2.63365   -7.71883    2.00000
 180.03481    0.02027   23.05861   22.71700    0.04027    0.02223    9.11676    4.30960   -0.37215    5.75555    2.00000
 179.97800    0.02190   21.66362   21.43885    0.03105    0.01714   27.33304    0.05001   -2.42236   -2.60466    2.00000
 179.86299    0.02044   23.39076   23.00353    0.13852    0.07645    6.89772   -4.07363    0.56683   -3.88792    2.00000
 180.00636    0.05336   23.55044   23.13868    0.05374    0.02966    6.21732    5.51581   -1.39886    3.25613    2.00000
 180.04308    0.01070   21.17638   20.93583    0.04439    0.02450   41.28147    2.82887    0.43320    3.19518    2.00000
 179.91100   -0.00495   21.86708   21.63276    0.08915    0.04920   23.34378    1.25434   -2.67870   -0.44570    2.00000
 180.16624    0.22532   23.83900   23.37828    0.28002    0.15455    5.01101    1.02183   -1.40110   -9.15962    2.00000
 179.95164   -0.01853   22.41092   22.13666    0.05179    0.02858   15.13113   -1.55111    6.25163    3.20104    2.00000
 179.98801   -0.02560   23.62864   23.20415    0.02827    0.01560    5.88767    0.64560   -0.12003   -0.74936    2.00000
 180.02048   -0.05541   23.42881   23.03577    0.05908    0.03261    6.73544   -4.82573   -2.10752  -10.14867    2.00000
 180.02023    0.00757   23.79375   23.34094    0.02160    0.01192    5.19903    1.33386    3.24297    2.97268    2.00000
 180.12930   -0.20184   23.37987   22.99431    0.23971    0.13230    6.95977   -7.48706   -0.47560  -11.11776    2.00000
 180.02945   -0.00178   23.60775   23.18671    0.02950    0.01628    5.97550    0.88839    1.06137    1.16204    2.00000
 179.99966   -0.08036   23.52071   23.11352    0.08036    0.04435    6.34397   -3.79646   -1.43584   -5.38834    2.00000
 180.04398    0.05722   22.62975   22.33537    0.07217    0.03983   12.76499    3.65862    2.02864    5.85026    2.00000
 179.95740   -0.01711   20.83116   20.44297    0.04591    0.02534   60.55391    4.91325    1.35169    6.29210    2.00000
 180.21217   -0.08921   22.05851   21.81137    0.23016    0.12703   20.14099   -1.08002   -1.02146   -1.71214    2.00000
 179.94989    0.03814   21.66627   21.44140    0.06297    0.03476   27.26592    5.50830    0.08538    5.45961    2.00000
 179.97115   -0.00362   23.72803   23.28663    0.02908    0.01605    5.47245   -0.25800   -0.08282    1.99323    2.00000
 180.18730    0.19732   21.67685   21.45161    0.27207    0.15016   26.99746    3.82631    2.49131    7.08259    2.00000
 180.05251   -0.01378   23.08981   22.74427    0.05428    0.02996    8.90463    0.40288   -0.25813   -1.61486    2.00000
 179.97717    0.00629   22.84284   22.52611    0.02368    0.01307   10.60147    0.58816    2.48331    4.27899    2.00000
 179.74927   -0.00841   23.25711   22.88986    0.25087    0.13846    7.77218    1.96852    2.44254    3.15931    2.00000
 180.05083    0.01798   22.24357   21.98262    0.05390    0.02975   17.07011    3.99499    1.47230    5.11711    2.00000
 180.06976    0.07839   21.64510   21.42099    0.10494    0.05792   27.80285   -2.71395    0.20059   -3.19693    2.00000
 179.89720   -0.04952   22.30526   22.03932    0.11411    0.06298   16.29024    5.59410    0.50555    5.41871    2.00000
 180.08267    0.01628   23.27418   22.90468    0.08425    0.04650    7.65693   -2.11363   -1.04676   -1.14636    2.00000
 179.92368    0.07105   23.54773   23.13639    0.10427    0.05755    6.22884   -1.75771   -5.36111   -6.17261    2.00000
 180.04881   -0.02596   22.83501   22.51914    0.05529    0.03051   10.65572    0.23141    0.28885    3.22031    2.00000
 180.00114    0.01453   22.13012   21.87856    0.01457    0.00804   18.93612   -5.79208   -1.47409   -5.73783    2.00000
 179.99168   -0.05694   22.92630   22.60050    0.05754    0.03176   10.02285    0.59985    1.00179    1.38782    2.00000
 180.02960   -0.00059   23.54503   23.13410    0.02960    0.01634    6.24035   -0.15642   -1.61936    1.00990    2.00000
 179.95056   -0.05047   22.56454   22.27678    0.07066    0.03900   13.46266    2.70689    0.30594    4.63827    2.00000
 179.99551   -0.12508   22.35331   22.08359    0.12516    0.06908   15.76309   -2.70909   -0.95733   -2.66428    2.00000
 180.00453   -0.00270   22.33651   22.06811    0.00528    0.00291   15.94741    4.55199    4.40567   10.70393    2.00000
 179.95702    0.03755   23.47476   23.07464    0.05707    0.03150    6.53971   -0.45372   -0.95279   -9.87558    2.00000
 179.96321   -0.02230   22.18188   21.92592    0.04302    0.02374   18.08687   -2.72251    1.41524   -2.44963    2.00000
 179.88557   -0.05537   18.07473   17.46312    0.12711    0.07015  378.89294    1.64885   -0.21953    1.40785    2.00000
 180.03122   -0.01202   22.87674   22.55634    0.03346    0.01847   10.36640    2.47235   -1.05877    1.10714    2.00000
 180.03586   -0.03563   23.42881   23.03577    0.05055    0.02790    6.73544    3.42263    2.03654    4.14123    2.00000
 179.98178   -0.02884   22.95238   22.62375    0.03412    0.01883    9.84203   -2.79644    0.34916   -2.82058    2.00000
 180.02267    0.02216   22.40852   22.13445    0.03171    0.01750   15.15746   -0.79759    0.04129   -2.52560    2.00000
 180.03157   -0.00875   23.78899   23.33700    0.03276    0.01808    5.21882    0.83249   -2.16387   -3.72093    2.00000
 180.19353    0.18519   23.49368   23.09065    0.26785    0.14784    6.45911    0.07325   -0.07508   -5.49253    2.00000
 180.00815   -0.11133   22.66887   22.37052    0.11162    0.06161   12.34639   -3.15101   -3.48372   -6.96658    2.00000
 180.00385   -0.03319   19.40213   18.88404    0.03341    0.01844  174.46864   -4.71352   -0.04721   -4.75768    2.00000
 179.94748   -0.11575   23.08501   22.74007    0.12711    0.07015    8.93726   -2.23862   -3.78265   -1.99109    2.00000
 179.97931   -0.09231   22.16191   21.90761    0.09460    0.05221   18.41520   -1.46740   -1.90474   -3.40218    2.00000
 179.96313    0.00100   21.64510   21.42099    0.03687    0.02035   27.80285    1.32156   -0.25913    0.99960    2.00000
 180.00926   -0.01458   21.67950   21.45416    0.01727    0.00953   26.93034   -2.10569   -2.79087   -3.72981    2.00000
 180.24828   -0.09864   21.67950   21.45416    0.26716    0.14745   26.93034   -3.66673    2.57632   -1.31079    2.00000
 180.13000   -0.00318   22.86631   22.54704    0.13004    0.07177   10.43873    0.12319   -1.75479    0.42499    2.00000
 180.03654    0.00272   23.55584   23.14325    0.03664    0.02022    6.19430   -2.30807    1.23144   -5.33008    2.00000
 179.98135    0.02823   21.49732   21.27644    0.03384    0.01868   31.60526   -0.33093    0.01632   -0.74595    2.00000
 179.99829   -0.09035   20.85932   20.48769    0.09037    0.04988   58.24936    5.36474    0.84157    6.36598    2.00000
 179.92014   -0.00082   23.74868   23.30374    0.07988    0.04409    5.38631    2.95809    0.52326   -0.47831    2.00000
 179.95473    0.12373   23.41798   23.02659    0.13175    0.07272    6.78163    2.65018   -0.43456    2.19311    2.00000
 179.97118    0.04430   23.60293   23.18268    0.05285    0.02917    5.99576   -4.42731   -1.92311   -3.60737    2.00000
 180.03087    0.08597   23.02012   22.68335    0.09134    0.05041    9.37848    1.86896    2.27708    3.19353    2.00000
 179.97495    0.00297   18.06492   18.00115    0.02524    0.01393  285.65359   -0.69683   -1.04109   -1.75396    2.00000
 180.03798    0.01874   21.71654   21.48988    0.04235    0.02337   25.99072   -2.91511    0.32622   -2.76232    2.00000
 179.90463   -0.07546   23.74300   23.29903    0.12162    0.06712    5.41002   -1.61768   -1.83065   -4.95636    2.00000
 180.01775    0.03940   22.00370   21.76034    0.04321    0.02385   21.05607   -1.33730   -2.64284   -5.07676    2.00000
 180.30418    0.13818   20.81172   20.41241    0.33410    0.18440   62.12885   -2.71923   -3.67437   -6.44782    2.00000
 179.96867   -0.05516   22.36532   22.09464    0.06343    0.03501   15.63143   -4.72043    1.35655   -3.52459    2.00000
 180.18706    0.29220   22.21787   21.95899    0.34695    0.19149   17.49376   -1.76403   -0.06235   -0.74266    2.00000
 180.09639    0.11487   19.19541   18.66544    0.14995    0.08276  198.64465    2.44421    0.01861    2.49811    2.00000
 180.05339    0.08910   23.49908   23.09523    0.10387    0.05733    6.43608   -0.99927    1.62425    0.47723    2.00000
 179.84238   -0.07555   23.36354   22.98047    0.17479    0.09647    7.06738    7.70417   -1.36334    5.13153    2.00000
 180.02264   -0.02243   22.63235   22.33771    0.03187    0.01759   12.73709   -0.65584    0.82558    1.45644    2.00000
 180.25124    0.14219   21.76417   21.53581    0.28868    0.15933   25.08243   -3.28676   -0.36563   -2.60254    2.00000
 180.12778    0.04865   23.12822   22.77783    0.13672    0.07546    8.64354   -0.08113    1.65849    0.56575    2.00000
 180.05032   -0.08637   23.46395   23.06550    0.09996    0.05517    6.58576    4.81225   -0.51185    6.59779    2.00000
 180.15034   -0.09727   23.75565   23.30949    0.17907    0.09883    5.35737   -0.21968    3.58545    3.93485    2.00000
 180.03433   -0.01372   21.21622   20.98212    0.03697    0.02041   39.54682    6.32731    0.82550    7.00143    2.00000
 179.94962   -0.01581   23.55584   23.14325    0.05281    0.02915    6.19430    3.00374   -1.49486    5.75007    2.00000
 180.19946    0.12508   23.72241   23.28198    0.23545    0.12995    5.49585    2.23369    0.30280   -1.16484    2.00000
 179.91708    0.02375   23.57080   23.15585    0.08624    0.04760    6.13088    0.41213   -0.17509   -1.07549    2.00000
 180.00752   -0.11395   22.80971   22.49655    0.11420    0.06303   10.84570    1.15089   -0.23105   -1.22452    2.00000
 179.99197   -0.03671   22.68974   22.38927    0.03758    0.02074   12.12314   -3.25832    1.70749   -2.31473    2.00000
 180.20535    0.16945   21.44764   21.22568    0.26624    0.14695   32.94048   -5.33829    1.58469   -4.19797    2.00000
 180.15314    0.00505   22.94195   22.61445    0.15321    0.08456    9.91436    5.49200    0.60425    4.86857    2.00000
 180.02150   -0.00732   21.79088   21.56132    0.02272    0.01254   24.62489    1.75809    0.71967    3.86310    2.00000
 180.08047    0.09622   22.11478   21.86454    0.12544    0.06923   19.18760    1.93871   -0.75609    0.69438    2.00000
 180.03081   -0.08860   22.52394   22.23987    0.09380    0.05177   13.90215    2.76749   -1.57563   -0.90904    2.00000
 180.17558   -0.01467   22.38692   22.11455    0.17619    0.09725   15.39445    6.07474   -1.35100    6.44565    2.00000
 180.02026   -0.01841   23.16690   22.81154    0.02737    0.01511    8.38138    3.89454    1.06270    4.89763    2.00000
 180.08923    0.04244   22.46300   22.18434    0.09881    0.05454   14.56336   -1.58116   -1.76497   -2.51945    2.00000
 180.21867    0.15125   21.65569   21.43120    0.26589    0.14675   27.53438    6.83162   -4.72153    1.51702    2.00000
 180.01155   -0.03228   23.38532   22.99892    0.03428    0.01892    6.92390    1.31049   -2.58280    2.79693    2.00000
 179.95622    0.02012   23.67189   23.24013    0.04818    0.02659    5.70652   -1.93797    3.75484    1.77257    2.00000
 179.98958    0.01756   23.70744   23.26958    0.02042    0.01127    5.55827   -1.41943    0.66965    1.32083    2.00000
 179.98204    0.02331   22.38932   22.11676    0.02942    0.01624   15.36812   -3.83152   -0.87614   -5.36167    2.00000
 179.59685   -0.09506   23.79613   23.34290    0.41422    0.22862    5.18913   -1.51084    2.94390   -4.42995    2.00000
 180.09320    0.01384   23.43692   23.04263    0.09422    0.05200    6.70090    0.94098    1.04582    3.97438    2.00000
 180.12733   -0.02117   22.94195   22.61445    0.12909    0.07125    9.91436   -0.27465   -3.32262   -3.16445    2.00000
 180.08830   -0.01473   22.58280   22.29318    0.08953    0.04941   13.26732   -5.41311    0.06001   -7.44542    2.00000
 179.85400   -0.06019   22.74236   22.43633    0.15792    0.08716   11.56272    5.11878    0.54879    7.13281    2.00000
 179.90800    0.00524   22.26413   22.00152    0.09214    0.05086   16.74035   -0.63285   -0.76447   -3.42540    2.00000
 180.12944   -0.02040   23.25467   22.88774    0.13104    0.07232    7.78864    4.20593   -0.38124    2.11734    2.00000
 179.96341   -0.03593   23.46125   23.06321    0.05128    0.02830    6.59727   -0.82561    1.50338   -0.82232    2.00000
 180.02699    0.09360   21.39026   21.16705    0.09742    0.05377   34.48264   -0.63365    0.70120    0.04750    2.00000
 180.00926    0.00545   23.48017   23.07922    0.01074    0.00593    6.51668    0.44536    2.79951    1.26823    2.00000
 179.93050   -0.11426   23.76755   23.31931    0.13374    0.07382    5.30789   -4.95949   -2.03416   -3.47060    2.00000
 179.97487   -0.09693   23.65131   23.22309    0.10013    0.05527    5.79235   -0.20698   -3.04578  -12.83084    2.00000
 180.01105    0.07101   21.30324   21.07592    0.07186    0.03966   36.87959    1.74708    1.73435    3.15111    2.00000
 179.84964   -0.08307   22.12354   21.87255    0.17178    0.09481   19.04390    0.37228    2.59971    3.98627    2.00000
 179.12685    0.69177   22.15643   21.90260    1.11396    0.61490   18.50502    1.77789    1.13237    1.87865    2.00000
 180.08820    0.07577   22.23586   21.97553    0.11628    0.06418   17.19721    0.42542   -2.39745   -1.65033    2.00000
 179.96359    0.04350   22.94716   22.61910    0.05672    0.03130    9.87819   -0.21891    2.27598   -0.02259    2.00000
 179.91216    0.02607   22.84023   22.52379    0.09162    0.05057   10.61955    2.60319    4.57378    8.22847    2.00000
 179.97827    0.01600   23.08981   22.74427    0.02699    0.01490    8.90463    4.57749   -1.78299    4.84813    2.00000
 179.96635    0.04826   22.24357   21.98262    0.05882    0.03247   17.07011   -1.97809    1.12798    0.09024    2.00000
 180.00278   -0.05009   23.73738   23.29438    0.05016    0.02769    5.43343    0.30136   -0.75457    1.93284    2.00000
 179.73122    0.07483   23.84138   23.38025    0.27902    0.15400    5.00111   -6.80548    0.25791   -0.17479    2.00000
 179.83528   -0.00343   23.27418   22.90468    0.16475    0.09093    7.65693    0.23282    0.11497    0.51252    2.00000
 180.00740   -0.02953   22.21529   21.95663    0.03044    0.01680   17.53613    4.02960   -3.07065    1.04313    2.00000
 180.04869    0.02976   20.27877   19.80333    0.05706    0.03149   96.83278    6.05554   -2.55709    3.45165    2.00000
 180.05701    0.02679   21.14549   20.89945    0.06298    0.03476   42.64514   -3.84282   -2.30549   -6.18210    2.00000
 180.04733    0.10736   23.16446   22.80942    0.11733    0.06476    8.39784   -2.69313    1.64737   -1.97053    2.00000
 179.97073    0.03226   22.77479   22.46533    0.04355    0.02404   11.21749    0.36440    3.14358    5.18297    2.00000
 180.03816    0.07570   23.26930   22.90045    0.08477    0.04679    7.68986   -1.86316    3.70702    0.01976    2.00000
 180.00700   -0.08036   22.25642   21.99443    0.08066    0.04452   16.85829   -3.54032   -0.31526   -4.23628    2.00000
 180.09732   -0.10949   23.67189   23.24013    0.14649    0.08085    5.70652    0.63464   -0.80435    9.42191    2.00000
 179.94110   -0.03766   23.43422   23.04034    0.06991    0.03858    6.71241    4.29820   -1.61248    3.10095    2.00000
 180.02023   -0.01753   18.06602   18.09189    0.02677    0.01478  273.15527    2.88545   -0.56579    2.23993    2.00000
 179.87479    0.37078   22.85848   22.54006    0.39135    0.21600   10.49298   -0.59899   -0.58419   -0.51601    2.00000
 180.09528    0.00938   23.04181   22.70231    0.09574    0.05284    9.23099    3.00397    1.16533    7.78798    2.00000
 179.96667   -0.00885   23.39076   23.00353    0.03447    0.01903    6.89772   -0.40940   -2.49117   -2.91908    2.00000
 179.89360   -0.01494   21.33358   21.10824    0.10744    0.05930   36.02946    1.91919    1.25209    3.45161    2.00000
 179.96124   -0.05686   23.36354   22.98047    0.06881    0.03798    7.06738    3.77611    2.69700    6.95363    2.00000
 180.04439    0.05579   23.56125   23.14782    0.07129    0.03935    6.17127   -0.69206    0.55998    1.65662    2.00000
 179.93555   -0.01375   22.48644   22.20570    0.06590    0.03637   14.30905    1.00364   -2.71242   -1.99781    2.00000
 179.94176    0.03171   22.50753   22.22492    0.06632    0.03660   14.08017   -6.37340   -1.78952   -7.26041    2.00000
 180.08328   -0.08347   22.62975   22.33537    0.11791    0.06508   12.76499    2.41730   -1.19811    2.39415    2.00000
 180.19366   -0.00498   22.94195   22.61445    0.19373    0.10693    9.91436    3.51500   -0.74405    3.39892    2.00000
 179.92870    0.03901   23.60614   23.18537    0.08127    0.04486    5.98225    4.18477    0.52001   10.07267    2.00000
 180.09627    0.27664   22.31491   22.04821    0.29292    0.16167   16.18439    8.45315   -1.84257    7.64580    2.00000
 180.17719   -0.05839   23.75327   23.30752    0.18656    0.10296    5.36726    0.95334   -0.00997    1.51809    2.00000
 179.95010   -0.07236   22.02836   21.78330    0.08789    0.04851   20.64429    2.46003    0.57549    1.41039    2.00000
 180.03648    0.04472   21.79360   21.56387    0.05772    0.03186   24.57914    1.24313   -0.21671    1.17093    2.00000
 180.01144   -0.01349   23.14742   22.79462    0.01769    0.00977    8.51300   -2.33589    0.09019   -1.37271    2.00000
 179.83698   -0.30008   23.12102   22.77154    0.34151    0.18849    8.69250    2.34497   -0.52206    2.32648    2.00000
 180.10266   -0.03118   22.98026   22.64838    0.10729    0.05921    9.65045   -5.16293    5.42139   -2.63211    2.00000
 179.98921   -0.00004   23.64631   23.21892    0.01079    0.00596    5.81335   -8.58435   -2.18258  -11.00885    2.00000
 180.06897   -0.06954   20.98240   20.68736    0.09794    0.05405   50.59350    3.00296   -0.47256    2.69124    2.00000
 179.98424   -0.01552   23.26442   22.89621    0.02212    0.01221    7.72278   -0.34969    3.39824    4.25623    2.00000
 180.10986   -0.09377   23.20347   22.84329    0.14445    0.07972    8.13441    0.64710    0.07580   -0.22517    2.00000
 180.01469   -0.01742   22.88457   22.56331    0.02279    0.01258   10.31216   -1.94742   -1.06871    0.19222    2.00000
 179.97391   -0.14459   20.57152   20.11875    0.14692    0.08109   77.26215   -5.10076   -0.21037   -5.44991    2.00000
 180.00568    0.00098   22.65061   22.35412    0.00576    0.00318   12.54174    0.61542    0.45320    3.36244    2.00000
 179.94559    0.01432   21.50532   21.28460    0.05626    0.03105   31.39049   -3.28798    1.25977   -2.11510    2.00000
 179.95903   -0.00190   23.68125   23.24788    0.04102    0.02264    5.66751   -6.91049   -0.50832   -5.85911    2.00000
 180.00195   -0.04908   21.38765   21.16438    0.04912    0.02711   34.55274   -1.72199   -0.16181   -1.14775    2.00000
 180.01642    0.02159   22.56454   22.27678    0.02713    0.01497   13.46266    3.10883   -1.77072    0.08453    2.00000
 179.99886    0.03301   21.92151   21.68379    0.03303    0.01823   22.42869    0.33849    1.21111    1.62850    2.00000
 179.98868    0.00071   23.81042   23.35469    0.01134    0.00626    5.12976    2.82005    0.38483    1.00995    2.00000
 179.98288    0.02281   23.61257   23.19074    0.02852    0.01574    5.95523   -0.34326   -0.13566    4.82106    2.00000
 180.00127   -0.01889   22.44425   22.16725    0.01894    0.01045   14.76681    4.46851    1.35737    5.23790    2.00000
 179.99422    0.00023   21.22832   20.99576    0.00580    0.00320   39.03562    1.92961    1.10594    2.82675    2.00000
 179.98232   -0.00061   22.87153   22.55169    0.01769    0.00977   10.40257   -1.10925   -0.42929    0.76094    2.00000
 179.98727    0.06985   22.50753   22.22492    0.07100    0.03919   14.08017   -2.34999    3.67867    0.68878    2.00000
 179.98186   -0.01792   22.32931   22.06148    0.02551    0.01408   16.02640   -1.12641    0.33060   -0.58110    2.00000
 179.87640    0.01625   18.10520   18.00018    0.12465    0.06880  285.78732    1.46662    3.25516    4.71079    2.00000
 179.99712   -0.00476   23.51800   23.11123    0.00557    0.00307    6.35549    0.96764   -0.91191   -2.65832    2.00000
 180.05322    0.01102   23.17421   22.81789    0.05436    0.03000    8.33198   -1.67393   -0.48090   -1.50656    2.00000
 179.95461    0.07593   23.65693   23.22774    0.08846    0.04883    5.76894   -4.23477   -1.67027   -6.95561    2.00000
 179.87563    0.12172   23.65131   23.22309    0.17402    0.09605    5.79235    7.30460   -0.27090    7.78736    2.00000
 179.99394   -0.00963   22.10854   21.85871    0.01138    0.00628   19.29214    1.82750   -2.65079    0.02155    2.00000
 179.97130    0.06416   22.19730   21.94009    0.07029    0.03879   17.83268   -0.66339    1.12437   -0.81907    2.00000
 179.85820    0.16506   21.81537   21.58429    0.21760    0.12010   24.21310   -1.77870   -0.81373   -2.66870    2.00000
 180.00287    0.08243   22.28727   22.02278    0.08248    0.04552   16.48716    1.38763    2.94769    6.05182    2.00000
 180.01392   -0.01756   19.13031   18.59665    0.02240    0.01236  206.25179   -1.87995   -0.20359   -2.04422    2.00000
 180.02927   -0.14514   21.95437   21.71441    0.14806    0.08172   21.87965   -2.29375   -1.93028   -4.77490    2.00000
 179.90988    0.00094   23.56389   23.15006    0.09013    0.04974    6.16001   -0.94071   -1.49041   -2.31074    2.00000
 180.04189   -0.09576   22.96281   22.63305    0.10452    0.05769    9.76970    3.06837   -2.76583    0.03233    2.00000
 179.99846   -0.00489   23.52881   23.12038    0.00512    0.00283    6.30943    0.36604   -5.34471   -4.28629    2.00000
 179.98793    0.00780   20.99280   20.70267    0.01437    0.00793   50.01977    3.02656   -3.71060   -0.03813    2.00000
 179.85030    0.04381   23.55584   23.14325    0.15598    0.08609    6.19430    3.96996   -0.62942    3.40247    2.00000
 180.02232   -0.04877   23.65880   23.22929    0.05364    0.02960    5.76114    8.63385   -0.59766    5.78097    2.00000
 179.95668    0.08974   23.75327   23.30752    0.09965    0.05500    5.36726    3.65368   -1.12101    5.45868    2.00000
 179.96915   -0.11453   23.67377   23.24168    0.11861    0.06546    5.69872    0.41450    1.05056   12.08476    2.00000
 180.01126   -0.03857   23.23760   22.87293    0.04018    0.02218    7.90390    4.49373    0.47485    6.88230    2.00000
 180.09171   -0.05265   23.10661   22.75895    0.10574    0.05836    8.79040   -0.63927    5.30517    2.49310    2.00000
 179.94766   -0.01190   21.88613   21.65063    0.05367    0.02962   23.02350   -4.42530   -0.44297   -5.45381    2.00000
 179.97672   -0.01118   23.79137   23.33897    0.02584    0.01426    5.20893   -2.46040   -0.10898    1.66972    2.00000
 180.00549    0.00501   22.62453   22.33068    0.00743    0.00410   12.82081    0.05506    0.69847    1.14226    2.00000
 179.98335   -0.20422   23.01150   22.67579    0.20490    0.11309    9.43729    1.44745    1.98665    6.02844    2.00000
 180.04539    0.03890   22.64018   22.34474    0.05978    0.03299   12.65337    2.04100    3.06324    0.82146    2.00000
 180.05765    0.02815   21.60145   21.37903    0.06415    0.03541   28.90662    6.05783   -0.04932    5.55009    2.00000
 179.87193   -0.21731   22.55682   22.26984    0.25224    0.13922   13.54530    2.04233    1.29986    1.10374    2.00000
 180.05305    0.02393   23.24979   22.88351    0.05820    0.03212    7.82157   -0.22195   -1.66889   -1.08557    2.00000
 180.01202    0.02361   22.77978   22.46979    0.02649    0.01462   11.16438    2.77159    0.04496    2.04527    2.00000
 180.06114    0.21569   21.05298   20.78465    0.22419    0.12373   46.94733   -0.29481   -0.83862   -0.98819    2.00000
 179.97124    0.14832   21.41373   21.19103    0.15108    0.08339   33.85176    4.22988    0.71477    5.17534    2.00000
 180.00652    0.04016   21.25875   21.02852    0.04069    0.02246   38.12645   -3.43049   -1.31347   -4.78189    2.00000
 180.08939   -0.08947   22.34611   22.07695    0.12646    0.06980   15.84208   -1.83217    0.12678   -2.23288    2.00000
 180.04837   -0.02973   21.29111   21.06300    0.05678    0.03134   37.21965    4.03835   -1.44161    2.56028    2.00000
 180.01907    0.05018   23.01473   22.67862    0.05369    0.02963    9.41523   -2.75068   -0.86601   -5.62347    2.00000
 179.94875    0.00745   22.23843   21.97789    0.05180    0.02859   17.15484   -4.54310   -1.26044   -5.04279    2.00000
 179.99471   -0.04831   22.14328   21.89058    0.04860    0.02682   18.72057   10.49861   -1.20353   10.53397    2.00000
 179.84120    0.04474   23.06581   22.72329    0.16498    0.09106    9.06781    0.37634   -0.88620   -0.49169    2.00000
 179.99210    0.04925   23.01796   22.68146    0.04988    0.02753    9.39318   -1.92976    3.27091    4.78327    2.00000
 180.01765   -0.09575   23.53962   23.12953    0.09737    0.05374    6.26338   -6.85149    0.97223   -2.89754    2.00000
 179.84013   -0.06153   21.15445   20.91033    0.17130    0.09454   42.23740   -0.25919    2.04527    1.76581    2.00000
 179.98077    0.00975   23.65880   23.22929    0.02156    0.01190    5.76114   -4.78751    2.27889   -2.65435    2.00000
 180.09645   -0.03838   22.18445   21.92828    0.10381    0.05730   18.04451   -0.38927   -0.48748   -0.80977    2.00000
 179.96986    0.00957   22.37972   22.10791    0.03162    0.01745   15.47344    0.72305    0.97134    2.88424    2.00000
 180.01971    0.02604   23.31728   22.94128    0.03266    0.01803    7.37227   -3.20750   -0.64785    1.28016    2.00000
 179.99077    0.06094   23.37987   22.99431    0.06164    0.03402    6.95977    1.61748    2.90030    0.56609    2.00000
 180.01582   -0.01938   22.70244   22.40065    0.02502    0.01381   11.98763    0.07574    0.07988    0.41586    2.00000
 180.02286   -0.01727   21.43199   21.20969    0.02865    0.01581   33.36107   -1.63614   -1.21092   -2.46560    2.00000
 180.00011    0.06457   21.07293   20.81096    0.06457    0.03564   45.96136    0.44371   -0.18769    0.58016    2.00000
 180.00404    0.11555   23.19859   22.83906    0.11562    0.06381    8.16734   -0.56895    3.94129    6.72494    2.00000
 179.98753   -0.00471   23.30639   22.93205    0.01333    0.00736    7.44401   -3.93802    1.98640    0.17421    2.00000
 179.89282   -0.04799   20.93708   20.61776    0.11743    0.06481   53.20195    4.49570   -0.94917    3.37069    2.00000
 180.07310   -0.05582   21.66098   21.43630    0.09198    0.05076   27.40015   -6.60134    0.38538   -6.77540    2.00000
 179.86063   -0.02482   21.83714   21.60470    0.14157    0.07813   23.84707   -1.49770   -4.65469   -6.90071    2.00000
 179.97659    0.02612   22.92108   22.59586    0.03507    0.01936   10.05901   -2.83614   -2.01658   -4.16470    2.00000
 179.97046    0.05358   23.77708   23.32718    0.06118    0.03377    5.26830   -6.03919    2.93361    0.47948    2.00000
 180.00464    0.02773   22.58802   22.29787    0.02812    0.01552   13.21150   -0.43032   -1.63891   -2.58951    2.00000
 180.00487   -0.06641   23.15958   22.80519    0.06659    0.03675    8.43077   -2.07329    0.91169   -0.09477    2.00000
 179.87376    0.09407   22.33411   22.06590    0.15742    0.08689   15.97374    0.35677   -4.75236   -3.27974    2.00000
 180.05060   -0.01530   23.67751   23.24478    0.05286    0.02918    5.68312   -0.96824    1.30251    0.38688    2.00000
 180.02625   -0.05001   23.72054   23.28043    0.05648    0.03117    5.50366    0.87307    1.01879   -0.83341    2.00000
 180.00711   -0.02810   22.18959   21.93301    0.02898    0.01600   17.95978    0.26917    3.72119    4.37242    2.00000
 179.96198   -0.00098   22.92369   22.59818    0.03804    0.02099   10.04093    2.07561    4.39607    4.45575    2.00000
 180.03777   -0.03640   21.76682   21.53836    0.05246    0.02895   25.03668    2.33527   -0.75294    1.27680    2.00000
 180.09032    0.00497   23.06101   22.71909    0.09046    0.04992    9.10044    1.81586   -1.16307   -2.92912    2.00000
 179.99872   -0.05493   22.61410   22.32131    0.05494    0.03032   12.93243   -1.83694    4.79374    3.44634    2.00000
 180.01192   -0.01385   23.03701   22.69811    0.01826    0.01008    9.26362   -1.20667    1.29397   -0.56503    2.00000
 180.22015   -0.08640   23.62542   23.20147    0.23650    0.13053    5.90118    0.96882   -2.49008    1.97478    2.00000
 179.96461   -0.24771   23.06821   22.72539    0.25022    0.13811    9.05149   -1.35160   -0.26296   -1.20495    2.00000
 180.00095   -0.09149   22.70992   22.40734    0.09150    0.05050   11.90796    2.05443    3.11009    5.63791    2.00000
 179.96648   -0.30310   21.11414   20.86134    0.30495    0.16831   44.07309    8.44628    1.77059   10.47336    2.00000
 180.01286    0.02332   21.56057   21.33974    0.02663    0.01470   29.94020   -2.71735    1.54396   -1.15893    2.00000
 180.05154    0.01357   19.87719   19.38080    0.05329    0.02941  128.08331   -1.48162    0.34765   -1.16692    2.00000
 179.96986    0.01783   22.66105   22.36349    0.03502    0.01933   12.43011   -0.38683   -3.87445   -6.14043    2.00000
 179.98830   -0.01818   22.94716   22.61910    0.02162    0.01194    9.87819    0.19128   -1.16258   -0.06761    2.00000
 180.00015    0.13245   22.84805   22.53076    0.13245    0.07310   10.56531   -1.68411    0.23293   -0.68410    2.00000
 180.03358   -0.10857   22.28727   22.02278    0.11365    0.06273   16.48716   -4.20016    1.09223   -4.68625    2.00000
 179.95744    0.07461   22.07832   21.82996    0.08589    0.04740   19.80763    7.06734   -0.93014    4.62205    2.00000
 179.78400   -0.07993   23.21322   22.85176    0.23032    0.12712    8.06855    3.32197    1.91737    5.20004    2.00000
 179.96602   -0.02737   23.76279   23.31538    0.04363    0.02408    5.32768   -1.53377    1.42638    1.91743    2.00000
 180.04515    0.02757   22.77728   22.46756    0.05290    0.02920   11.19093    1.90737    2.58418    4.93203    2.00000
 180.07182   -0.05728   21.04050   20.76821    0.09188    0.05071   47.56356   -1.46372    2.45103    0.77879    2.00000
 180.02138   -0.03751   23.58044   23.16390    0.04317    0.02383    6.09035    3.10372   -0.71025    6.46994    2.00000
 180.16408   -0.08787   21.51154   21.29095    0.18612    0.10273   31.22344   -6.33552    4.06384   -1.98814    2.00000
 179.97588   -0.03390   23.53962   23.12953    0.04161    0.02297    6.26338    1.20624   -1.34352    0.18357    2.00000
 179.94196   -0.01739   22.37012   22.09907    0.06060    0.03345   15.57877    4.38697   -1.12106    3.36621    2.00000
 180.04498    0.21025   23.42611   23.03348    0.21500    0.11867    6.74695    6.51412    1.27486    8.16673    2.00000
 179.96513    0.04016   22.21015   21.95191    0.05318    0.02935   17.62086   -7.07191    0.88776   -5.08495    2.00000
 179.89027   -0.03245   23.69622   23.26028    0.11441    0.06315    5.60509   -0.90077   -2.75349   -9.47136    2.00000
 180.07735    0.18288   23.52071   23.11352    0.19857    0.10959    6.34397   -8.43756   -3.25470  -12.04762    2.00000
 180.21152   -0.13495   23.65880   23.22929    0.25090    0.13848    5.76114   -1.27495   -0.33239    2.88592    2.00000
 179.96466   -0.01754   23.12582   22.77574    0.03946    0.02178    8.65986    4.39835    1.42651    5.93584    2.00000
 180.07133    0.06719   22.28984   22.02514    0.09799    0.05408   16.45903   -3.04072    1.81371   -1.77138    2.00000
 180.06287   -0.04297   23.20103   22.84118    0.07615    0.04203    8.15087    4.05950    2.41706    4.29628    2.00000
 179.97427   -0.03987   23.75803   23.31145    0.04745    0.02619    5.34747   -3.43170   -1.23286   -9.15033    2.00000
 179.95377   -0.01877   22.34851   22.07917    0.04991    0.02755   15.81575    3.64880    2.49771    4.56074    2.00000
 179.99257    0.09320   21.84259   21.60980    0.09350    0.05160   23.75556   -0.70789    2.19352    0.88768    2.00000
 179.99721   -0.02206   22.99749   22.66350    0.02223    0.01227    9.53284    1.58180    1.06707    1.86250    2.00000
 180.00476   -0.06422   23.31728   22.94128    0.06439    0.03554    7.37227   -0.52299    6.16021    7.48379    2.00000
 179.95560   -0.00291   23.38804   23.00123    0.04450    0.02456    6.90933   -0.99194    1.49035    0.21322    2.00000
 179.88258    0.01574   22.68452   22.38458    0.11846    0.06538   12.17895   -1.04247    0.70386   -0.21654    2.00000
 179.97913   -0.00211   22.45597   22.17793    0.02099    0.01159   14.63966   -1.64528    1.11292   -1.46919    2.00000
 180.13725   -0.09791   23.07781   22.73378    0.16860    0.09305    8.98622   -6.66837    2.76065   -4.69316    2.00000
 179.96707   -0.03495   21.97355   21.73227    0.04802    0.02650   21.55937   -3.12139    2.00799   -0.33992    2.00000
 180.04245   -0.11844   23.45314   23.05635    0.12582    0.06944    6.63182    0.56774   -3.28541   -5.01415    2.00000
 180.08273    0.01814   23.70744   23.26958    0.08470    0.04675    5.55827    0.67475    0.09848    2.84200    2.00000
 180.00984    0.02345   22.99642   22.66256    0.02543    0.01404    9.54019   -2.23642    1.68024   -2.56239    2.00000
 180.01653    0.02444   23.33088   22.95280    0.02950    0.01628    7.28260   -3.89405   -3.74844   -6.31332    2.00000
 179.93269   -0.11187   23.76279   23.31538    0.13056    0.07206    5.32768   -1.74074    0.28221   -2.41656    2.00000
 179.60451   -0.35164   23.14262   22.79042    0.52922    0.29209    8.54564    1.41472   -0.02651    2.46490    2.00000
 180.02202   -0.04478   23.71306   23.27423    0.04990    0.02754    5.53487   -0.27102    1.81643    1.86074    2.00000
 180.06403   -0.01167   22.57237   22.28381    0.06509    0.03592   13.37894    2.37273    2.26969    5.45264    2.00000
 180.02946    0.04870   21.57225   21.35096    0.05692    0.03142   29.64489   -4.53114    4.25751    0.14531    2.00000
 179.96094    0.02414   22.13889   21.88657    0.04593    0.02535   18.79242   -1.15066    0.69622   -0.11727    2.00000
 180.13504    0.10783   22.17931   21.92356    0.17281    0.09538   18.12924   -5.38539    0.85925   -5.43703    2.00000
 180.00449   -0.08490   23.78184   23.33111    0.08501    0.04692    5.24851   -0.18026    0.47333   -0.17872    2.00000
 179.97917   -0.01801   17.97770   17.99487    0.02753    0.01520  286.68802    5.58059   -1.73823    3.87318    2.00000
 180.05170   -0.07218   22.46535   22.18648    0.08878    0.04900   14.53793    4.61927   -2.47143    2.87335    2.00000
 180.01381    0.14881   23.11622   22.76735    0.14944    0.08248    8.72513   -5.04964    0.14413   -7.21987    2.00000
 180.00249   -0.04869   23.36354   22.98047    0.04875    0.02691    7.06738    0.70434    0.21771   -1.96448    2.00000
 180.03055    0.14244   22.86892   22.54936    0.14568    0.08040   10.42065   -2.37848   -0.23871   -1.65871    2.00000
 179.97406    0.01193   23.21322   22.85176    0.02855    0.01576    8.06855    0.61518   -2.44578   -4.03282    2.00000
 179.98573    0.04353   22.95760   22.62840    0.04581    0.02528    9.80587    1.28214   -1.43349   -0.92024    2.00000
 180.00328   -0.04162   23.35538   22.97356    0.04175    0.02304    7.12118   -4.59837    1.99823   -1.53064    2.00000
 179.98055    0.04660   22.49581   22.21424    0.05050    0.02787   14.20733   -3.73375   -2.62646   -6.90282    2.00000
 179.96753   -0.04060   22.49347   22.21210    0.05199    0.02869   14.23276    6.51328    0.17127    5.24962    2.00000
 180.03389   -0.00739   22.15095   21.89759    0.03469    0.01915   18.59483   -1.80547    0.49988   -0.38030    2.00000
 180.03819   -0.08395   17.92201   17.29599    0.09223    0.05090  414.25031   -2.75432   -0.86216   -3.64275    2.00000
 179.96223    0.01981   21.70331   21.47712    0.04265    0.02354   26.32630   -2.45203   -1.19999   -3.50788    2.00000
 179.94341   -0.03601   23.40165   23.01276    0.06708    0.03702    6.85129    4.06766    0.51014    4.35725    2.00000
 179.98267   -0.02077   22.93151   22.60515    0.02705    0.01493    9.98668   -3.78884   -2.33644   -6.92551    2.00000
 180.42113    0.27084   22.41332   22.13887    0.50070    0.27636   15.10480    3.74499   -1.55777    3.62282    2.00000
 179.92659    0.01134   23.52881   23.12038    0.07428    0.04100    6.30943   -2.17130    1.77860   -6.11176    2.00000
 179.98753    0.02704   23.04901   22.70860    0.02978    0.01644    9.18203    0.72862   -2.88236    1.86171    2.00000
 179.99171   -0.16768   22.05577   21.80882    0.16789    0.09266   20.18674    3.10948    0.86365    1.67872    2.00000
 180.06161   -0.05266   23.24736   22.88139    0.08106    0.04474    7.83804    5.72795    0.18701    8.35147    2.00000
 179.98433    0.00999   23.13062   22.77993    0.01858    0.01026    8.62723    0.34666   -0.42401   -0.62335    2.00000
 180.01552    0.07235   23.57241   23.15719    0.07399    0.04084    6.12413    1.75530    1.92615   10.35522    2.00000
 180.01605    0.01666   23.22541   22.86234    0.02313    0.01277    7.98622   -2.07864   -1.45600   -3.83488    2.00000
 180.01295    0.06142   22.52394   22.23987    0.06277    0.03464   13.90215   -6.13037   -0.94222   -7.73705    2.00000
 180.03642    0.17700   22.83762   22.52146    0.18071    0.09974   10.63763    0.55434   -1.33386    1.06272    2.00000
 179.89345    0.07173   23.37715   22.99200    0.12844    0.07089    6.97770    5.38709   -0.91320    0.61508    2.00000
 180.06970   -0.07094   23.04661   22.70651    0.09945    0.05489    9.19835   -5.25558   -2.40339   -3.96866    2.00000
 179.94626   -0.05405   23.30095   22.92744    0.07623    0.04207    7.47988   -3.88383   -2.30848   -7.71887    2.00000
 180.02341    0.02012   22.75483   22.44748    0.03087    0.01704   11.42994    2.58071    2.72308    3.16448    2.00000
 179.83661    0.22369   23.37715   22.99200    0.27701    0.15289    6.97770    3.99063    0.77590    2.04084    2.00000
 180.00574   -0.02329   22.19216   21.93537    0.02398    0.01324   17.91741   -3.41857   -0.56011   -5.54245    2.00000
 179.97244    0.01380   22.79475   22.48317    0.03082    0.01701   11.00504    0.74627    0.45741    3.08866    2.00000
 180.05823   -0.00995   22.67148   22.37286    0.05907    0.03260   12.31848    0.53782   -1.19118   -1.14576    2.00000
 179.98476   -0.02458   17.99033   18.02733    0.02893    0.01597  282.04807    2.47605   -1.69302    0.78884    2.00000
 180.54375   -0.17155   21.59561   21.37342    0.57016    0.31469   29.05427    5.82510   -1.87009    3.76884    2.00000
 179.92503   -0.08708   22.04755   21.80116    0.11490    0.06341   20.32401   -2.18715   -0.57896   -3.68473    2.00000
 180.01387    0.10697   21.95437   21.71441    0.10787    0.05954   21.87965    3.95957    1.12466    5.46953    2.00000
 179.98959    0.01037   22.77229   22.46309    0.01469    0.00811   11.24404    3.25515   -0.98442    1.40364    2.00000
 180.00473   -0.01696   23.29550   22.92283    0.01760    0.00972    7.51575    0.40347   -1.78846    0.94437    2.00000
 180.01086   -0.01468   20.76260   20.34717    0.01826    0.01008   65.49104    2.14118    1.00993    3.41452    2.00000
 180.02226    0.04841   22.91587   22.59121    0.05328    0.02941   10.09518   -9.02242    4.80480   -7.09630    2.00000
 179.95322   -0.17801   23.49368   23.09065    0.18406    0.10159    6.45911   -3.13150    0.95713   -0.35355    2.00000
 180.03188    0.02790   23.62060   23.19744    0.04236    0.02338    5.92145    0.89835   -1.71417   -4.11319    2.00000
 179.98894   -0.09659   22.97487   22.64366    0.09722    0.05366    9.68720   -0.23229    0.55042   -1.66309    2.00000
 180.01512    0.04049   23.21322   22.85176    0.04322    0.02386    8.06855    1.64079   -0.05685   -5.54513    2.00000
 179.93761   -0.00487   18.96288   18.41812    0.06258    0.03454  228.21910    2.84031    1.56143    4.40098    2.00000
 179.97707   -0.01833   21.88886   21.65318    0.02936    0.01621   22.97774    1.83549   -1.55921   -0.44723    2.00000
 179.99365    0.06282   22.30012   22.03459    0.06314    0.03485   16.34650    0.90244    1.38047    1.64166    2.00000
 180.05803   -0.06980   22.00918   21.76544    0.09077    0.05010   20.96456   -0.27397   -3.06364   -4.00933    2.00000
 179.97414   -0.08840   21.14997   20.90489    0.09210    0.05083   42.44115    5.36533   -1.94601    2.71920    2.00000
 179.98331    0.06341   22.22558   21.96608    0.06557    0.03619   17.36667    0.00530   -1.15348   -1.92144    2.00000
 180.12306   -0.01350   21.92424   21.68635    0.12380    0.06833   22.38294   -3.19678   -0.73196   -4.49303    2.00000
 179.92067   -0.02172   22.98564   22.65311    0.08225    0.04540    9.61369    1.97216    2.46877    4.33081    2.00000
 180.00375   -0.07272   23.77470   23.32521    0.07281    0.04019    5.27820    0.93430    0.22310   -1.72708    2.00000
 179.94070    0.12613   23.70183   23.26493    0.13937    0.07692    5.58168   -0.20280    1.94927    4.41096    2.00000
 180.01059    0.01091   23.77708   23.32718    0.01521    0.00839    5.26830   -2.75637    0.55538   -3.21129    2.00000
 179.99435   -0.01278   23.48557   23.08379    0.01396    0.00771    6.49365   -0.64349   -1.93991   -5.51084    2.00000
 179.83096   -0.00597   23.65318   23.22464    0.16914    0.09335    5.78455   -3.42512    2.91218    2.15070    2.00000
 181.06471    0.22529   21.48937   21.26831    1.08829    0.60072   31.81890   -3.34676    1.07800   -2.47815    2.00000
 179.93294    0.10951   18.67600   18.11172    0.12842    0.07088  270.42377   -4.39266   -5.82876  -10.25231    2.00000
 179.89137   -0.05476   22.50987   22.22705    0.12164    0.06714   14.05474   -1.62851    0.03257   -3.75531    2.00000
 179.99924   -0.00167   17.47019   16.79746    0.00184    0.00102  530.14978   -1.84804    0.19107   -1.67718    2.00000
 180.06152   -0.11523   22.35091   22.08138    0.13062    0.07209   15.78942   -2.95404    2.71238    0.98232    2.00000
 180.06274    0.08466   22.05303   21.80627    0.10537    0.05816   20.23250   -1.69554   -1.08793   -3.34010    2.00000
 180.00479    0.26841   23.40981   23.01967    0.26845    0.14816    6.81646   -2.79531   -0.30573    1.85387    2.00000
 179.99648    0.04818   23.34449   22.96433    0.04831    0.02666    7.19292   -6.41402   -1.72474   -8.19366    2.00000
 179.95091   -0.07454   23.09221   22.74637    0.08925    0.04926    8.88831   -1.23342   -1.86107   -4.18239    2.00000
 179.95888    0.07310   23.11381   22.76525    0.08387    0.04629    8.74145    0.46223   -0.28400    4.86420    2.00000
 180.02007   -0.01648   20.85932   20.48769    0.02596    0.01433   58.24936   -3.90589   -0.32022   -4.26119    2.00000
 180.03203    0.06921   23.25467   22.88774    0.07626    0.04209    7.78864    0.16145    0.64190    5.20461    2.00000
 179.99257   -0.01398   23.06821   22.72539    0.01583    0.00874    9.05149    2.87173   -1.16340    0.35512    2.00000
 179.93491   -0.14447   22.01466   21.77055    0.15846    0.08746   20.87306    1.54151   -1.79331   -0.74321    2.00000
 179.92690    0.00834   22.65583   22.35880    0.07357    0.04061   12.48592    2.55539    0.23651    2.18317    2.00000
 179.96104    0.02873   23.25467   22.88774    0.04840    0.02671    7.78864   -3.82875    3.67798    2.43880    2.00000
 180.02116    0.01659   20.89833   20.55454    0.02689    0.01484   55.57107   -1.99321    0.89983   -1.39018    2.00000
 179.97330    0.03277   21.81265   21.58173    0.04227    0.02333   24.25886   -5.03155   -1.71846   -7.24936    2.00000
 180.15553   -0.09349   21.00008   20.71338    0.18147    0.10016   49.61816   -2.00177    0.01400   -2.36332    2.00000
 179.87563    0.09853   22.79475   22.48317    0.15867    0.08757   11.00504   -3.84500   -0.09216   -4.38110    2.00000
 180.18359   -0.17487   23.07061   22.72749    0.25355    0.13994    9.03517    4.21500   -0.68799    4.06674    2.00000
 179.98157   -0.00306   23.25711   22.88986    0.01868    0.01031    7.77218   -4.64789   -0.03604   -2.15606    2.00000
 179.99940   -0.06773   23.07541   22.73168    0.06773    0.03738    9.00254    1.48846   -0.79943    1.17726    2.00000
 180.02286    0.04186   23.55854   23.14554    0.04770    0.02633    6.18278    4.84801   -2.87546   -1.08246    2.00000
 180.07217   -0.03348   17.94705   17.97395    0.07956    0.04391  290.25562    0.97216   -1.39518   -0.41582    2.00000
 180.03613    0.04118   22.74236   22.43633    0.05479    0.03024   11.56272   -2.09669   -2.96315   -6.25053    2.00000
 180.08046    0.21026   21.66627   21.44140    0.22512    0.12425   27.26592   -7.33411    1.75058   -5.50096    2.00000
 179.96281    0.02648   22.37012   22.09907    0.04565    0.02519   15.57877   -1.07238    0.31468   -0.31633    2.00000
 179.97974   -0.03141   22.19987   21.94246    0.03738    0.02063   17.79032    2.48834   -1.27724    0.97106    2.00000
 179.94179   -0.19149   21.44242   21.22035    0.20014    0.11046   33.08067   -0.39891    1.35640    0.50814    2.00000
 179.95325    0.01505   23.13302   22.78203    0.04912    0.02711    8.61091   -2.05337    0.32540   -0.66240    2.00000
 180.03703    0.04406   23.57562   23.15987    0.05756    0.03177    6.11062    3.70704    0.85017    7.18448    2.00000
 180.00267   -0.00465   23.21810   22.85599    0.00536    0.00296    8.03562    2.48931    3.22208    4.26783    2.00000
 180.01527   -0.02999   22.80223   22.48986    0.03366    0.01858   10.92537   -4.76000   -2.49548   -5.04482    2.00000
 179.97595    0.01717   23.16202   22.80731    0.02955    0.01631    8.41431   -0.33186   -1.40032    0.82386    2.00000
 179.97295    0.01830   22.48644   22.20570    0.03266    0.01803   14.30905   -5.97969   -0.95920   -8.49396    2.00000
 179.91600    0.07021   23.43152   23.03805    0.10948    0.06042    6.72392    0.14139    0.89204   -2.55284    2.00000
 179.99580    0.02276   21.96533   21.72462    0.02315    0.01278   21.69663   -0.09724    1.46800    0.90030    2.00000
 179.96277   -0.00559   22.61931   22.32599    0.03764    0.02078   12.87662   -0.01338    0.59184    0.55339    2.00000
 180.00441   -0.02541   21.95985   21.71952    0.02578    0.01423   21.78814    1.07636   -0.35791   -0.28029    2.00000
 180.02762    0.00602   22.48409   22.20356    0.02827    0.01560   14.33448    3.75572    0.35797    4.58875    2.00000
 180.00171    0.03828   22.48409   22.20356    0.03832    0.02115   14.33448    0.84380   -0.97875    0.10243    2.00000
 179.94815    0.02271   20.89833   20.55454    0.05660    0.03124   55.57107   -1.62304   -3.76903   -5.44304    2.00000
 180.16422   -0.18165   22.63496   22.34005    0.24487    0.13515   12.70918    5.89117   -0.23878    5.07860    2.00000
 180.02498    0.00215   23.37443   22.98970    0.02507    0.01384    6.99564   -2.51411    1.43372   -1.81904    2.00000
 180.37604   -0.30191   23.30367   22.92975    0.48224    0.26616    7.46195   -4.53742    0.44830   -4.62133    2.00000
 179.97791   -0.04292   23.63024   23.20550    0.04827    0.02664    5.88091    3.61616    1.08604    1.81455    2.00000
 179.56554   -0.56207   23.61418   23.19208    0.71041    0.39211    5.94847   -0.16532   -1.22006    0.32447    2.00000
 180.07854    0.15256   22.61410   22.32131    0.17159    0.09470   12.93243   -4.32508    0.15500   -3.63760    2.00000
 180.03201   -0.00947   22.72240   22.41849    0.03338    0.01842   11.77518   -0.48401    3.55472    4.22689    2.00000
 180.02740   -0.05944   20.92846   20.60369    0.06546    0.03613   53.72893   -4.49461    1.53513   -2.91880    2.00000
 180.00278   -0.00585   21.90518   21.66849    0.00647    0.00357   22.70322    0.81649    1.24321    2.50583    2.00000
 179.99757    0.05764   22.08607   21.83733    0.05770    0.03184   19.67546    1.06020   -2.52856   -1.14038    2.00000
 180.08549   -0.22059   21.05298   20.78465    0.23658    0.13057   46.94733   -4.59463   -1.29304   -5.84718    2.00000
 179.91023    0.07526   22.23843   21.97789    0.11714    0.06465   17.15484    1.41824    2.68277    4.24579    2.00000
 180.00848   -0.02299   23.03460   22.69602    0.02450    0.01352    9.27994   -1.87230    1.15579    2.78290    2.00000
 179.97713    0.06818   22.53331   22.24841    0.07191    0.03969   13.80043   -0.90874    1.96694    1.43520    2.00000
 180.01831    0.02279   21.49643   21.27553    0.02923    0.01614   31.62912   -4.93999   -0.89585   -5.89243    2.00000
 179.94125   -0.00267   23.35810   22.97586    0.05880    0.03245    7.10325    1.66507   -1.44353    0.04456    2.00000
 180.03535    0.14182   23.17665   22.82001    0.14616    0.08067    8.31552    2.19446    0.04844   -1.35570    2.00000
 180.01421    0.03367   23.69996   23.26338    0.03654    0.02017    5.58948   -0.91446   -3.13334   -3.83100    2.00000
 180.00604    0.05280   20.20377   19.72410    0.05314    0.02933  102.25134    0.09534   -0.21891   -0.18686    2.00000
 179.98085    0.01978   21.08875   20.83050    0.02753    0.01520   45.22905   -4.27779   -1.60272   -5.85231    2.00000
 179.94014   -0.02697   23.18640   22.82847    0.06566    0.03624    8.24966    0.76365   -3.17239   -2.98553    2.00000
 180.01501    0.02964   22.05577   21.80882    0.03323    0.01834   20.18674    0.42576   -2.26423    0.04526    2.00000
 179.98167    0.03509   22.62453   22.33068    0.03958    0.02185   12.82081    4.38341    0.59824    6.57305    2.00000
 179.84792    0.18331   22.62192   22.32834    0.23819    0.13146   12.84871   -0.42086   -0.24598   -2.16553    2.00000
