#RA        DEC       MAG_G     MAG_I     ANGSEP    RPROJ     SNR       VTRUE       VSYS       VMEAS      VSYSERR    
 180.02769    0.03722   21.31740   21.09101    0.04639    0.02561   36.48287   -1.37787    1.26626   -0.43406    2.00000
 179.99728   -0.00392   23.53152   23.12267    0.00477    0.00263    6.29792    4.13159   -2.20176    2.98553    2.00000
 179.93217    0.22496   21.49377   21.27281    0.23497    0.12968   31.70071   -2.10988    0.02854   -2.28604    2.00000
 179.99301   -0.00284   23.82709   23.36845    0.00755    0.00417    5.06049    2.63900   -4.37519   -7.60271    2.00000
 179.99367   -0.07613   23.62864   23.20415    0.07639    0.04216    5.88767    0.22344    2.07258    2.71302    2.00000
 179.99268    0.02895   22.03110   21.78585    0.02986    0.01648   20.59853    0.69156    1.79367    3.05688    2.00000
 180.04343    0.11488   22.73986   22.43410    0.12281    0.06778   11.58928   -0.16431    2.03442    1.58519    2.00000
 180.04071    0.02563   23.43422   23.04034    0.04811    0.02655    6.71241   -1.45159   -0.17963   -1.96562    2.00000
 179.62065   -0.10751   23.27174   22.90256    0.39429    0.21762    7.67339  -12.87375    1.10132   -7.37817    2.00000
 180.07898    0.00643   23.83423   23.37435    0.07924    0.04374    5.03080    0.79251    0.50875   -2.93430    2.00000
 179.89194   -0.03594   22.97918   22.64744    0.11389    0.06286    9.65780    1.06276    1.56160    2.77967    2.00000
 179.81960   -0.13309   23.37443   22.98970    0.22419    0.12373    6.99564   -4.41786    2.48614   -0.71096    2.00000
 180.02950   -0.04449   23.47746   23.07693    0.05338    0.02946    6.52819    4.62101   -0.96490    2.82020    2.00000
 180.03055   -0.04813   19.15591   18.62378    0.05701    0.03147  203.25140    2.78964   -0.25051    2.52315    2.00000
 180.08437    0.06250   23.72428   23.28353    0.10500    0.05795    5.48805   -0.90389   -2.69137  -13.63442    2.00000
 180.03584   -0.09211   21.56057   21.33974    0.09884    0.05455   29.94020    0.83914   -1.25383   -0.26469    2.00000
 180.00359    0.19111   23.23273   22.86869    0.19115    0.10550    7.93683    1.68688    0.13597    4.02724    2.00000
 180.02335    0.06379   21.95985   21.71952    0.06793    0.03749   21.78814   -8.93693    0.97782   -8.40622    2.00000
 180.27150    0.04572   18.02891   17.41322    0.27532    0.15196  389.44925    4.08852   -1.18630    2.87905    2.00000
 179.97424   -0.03026   22.05029   21.80372    0.03974    0.02193   20.27825   -6.73458   -0.33765   -7.43880    2.00000
 180.04443    0.18488   23.20347   22.84329    0.19014    0.10495    8.13441    3.06253    0.55363    2.50673    2.00000
 180.09299    0.06027   22.13122   21.87956    0.11080    0.06115   18.91816    5.36341   -0.94617    4.69180    2.00000
 180.06441    0.10232   21.42677   21.20436    0.12091    0.06673   33.50126    3.09513    0.92926    3.42156    2.00000
 180.04073   -0.06450   23.40981   23.01967    0.07628    0.04210    6.81646   -5.64182   -1.59036  -11.23282    2.00000
 179.96510   -0.01683   23.20835   22.84753    0.03875    0.02139    8.10148   -6.64821   -2.37453  -10.12790    2.00000
 180.07317   -0.20779   23.29278   22.92052    0.22029    0.12158    7.53369   -3.95203   -1.94093   -4.41784    2.00000
 180.00198    0.01409   21.65833   21.43375    0.01423    0.00785   27.46727    2.12272   -3.18457   -0.72084    2.00000
 180.00677   -0.01485   23.31455   22.93897    0.01632    0.00901    7.39021   -0.61094    4.05263    2.15742    2.00000
 179.93044   -0.06964   22.44191   22.16512    0.09843    0.05433   14.79225   -2.53582    1.70621    0.24032    2.00000
 180.00252    0.05240   21.52664   21.30637    0.05246    0.02895   30.81777    1.28667    1.58918    2.83734    2.00000
 179.96844   -0.02142   23.02277   22.68567    0.03814    0.02105    9.36039   -0.23935    5.99636    6.67278    2.00000
 180.05444   -0.00419   23.56598   23.15182    0.05460    0.03014    6.15115    3.73524   -2.59490    1.12422    2.00000
 180.07220    0.13142   21.19951   20.96271    0.14995    0.08276   40.27426   -0.40416   -0.96961   -1.54284    2.00000
 180.02675   -0.03221   21.17124   20.92986    0.04187    0.02311   41.50530   -1.08845   -2.77390   -3.30833    2.00000
 180.00397   -0.02658   23.43692   23.04263    0.02688    0.01483    6.70090    5.84097   -0.36978    9.26185    2.00000
 180.00861   -0.01438   22.29498   22.02987    0.01675    0.00925   16.40276   -1.12681   -0.94672   -2.93315    2.00000
 179.97298   -0.05430   21.59172   21.36967    0.06065    0.03347   29.15271   -0.51971   -1.59441   -3.11620    2.00000
 179.96645   -0.05630   22.31731   22.05042    0.06555    0.03618   16.15806    6.68928    1.03206    5.71912    2.00000
 179.99527    0.06062   22.36292   22.09243    0.06080    0.03356   15.65776    0.28269    1.95974    3.08375    2.00000
 180.08200   -0.01188   23.81994   23.36256    0.08286    0.04573    5.09017   -1.57673   -2.97562   -7.23580    2.00000
 180.21762   -0.20382   22.02562   21.78075    0.29817    0.16457   20.69004    1.02264   -3.38493   -0.77768    2.00000
 179.90115    0.08488   23.22541   22.86234    0.13028    0.07190    7.98622    1.50369   -0.61038    5.10048    2.00000
 179.93889    0.06019   21.57615   21.35470    0.08578    0.04734   29.54645   -1.15866    2.27440    1.47916    2.00000
 180.03201   -0.01319   23.68499   23.25098    0.03462    0.01911    5.65191    4.36488   -2.31959   -0.20160    2.00000
 179.86311    0.17394   23.68312   23.24943    0.22135    0.12217    5.65971   -4.40871   -1.13501  -10.65300    2.00000
 179.79591    0.31935   23.47206   23.07236    0.37898    0.20917    6.55122   -4.02583    0.72138   -2.88131    2.00000
 180.11549   -0.08880   22.95760   22.62840    0.14568    0.08040    9.80587    0.93812    0.22341    3.51498    2.00000
 180.06328    0.03789   22.77728   22.46756    0.07375    0.04071   11.19093   -1.18855   -2.56594   -3.15960    2.00000
 179.90910   -0.02763   23.29278   22.92052    0.09500    0.05243    7.53369    3.12027    1.19551    1.67556    2.00000
 179.88477   -0.02337   22.14328   21.89058    0.11758    0.06490   18.72057    0.65306    2.20721    3.64986    2.00000
 180.04510    0.00393   21.80176   21.57153    0.04528    0.02499   24.44187   -0.16540   -1.52290   -1.53752    2.00000
 180.02213   -0.05947   19.31139   18.78819    0.06345    0.03502  185.06900    1.29850    1.05237    2.38832    2.00000
 179.93726    0.01833   22.99965   22.66539    0.06537    0.03608    9.51814    5.07808    3.46621   11.79920    2.00000
 180.01080   -0.01435   22.45363   22.17580    0.01796    0.00991   14.66509   -1.19821    2.80868    2.75058    2.00000
 179.98845   -0.03025   23.12822   22.77783    0.03238    0.01787    8.64354    7.22134    0.63776    3.81647    2.00000
 179.90369   -0.05871   23.71867   23.27888    0.11280    0.06226    5.51146    7.27264   -0.06245    2.38989    2.00000
 180.39584   -0.07967   22.66626   22.36818    0.40378    0.22286   12.37430    0.04598   -0.75263   -0.33182    2.00000
 179.99249    0.04246   20.92307   20.59491    0.04312    0.02380   54.05830   -0.42216   -0.57093   -1.13621    2.00000
 179.90671    0.09927   22.91326   22.58888    0.13623    0.07519   10.11326    1.65899   -0.23250   -0.61360    2.00000
 180.03464   -0.00220   23.42070   23.02890    0.03471    0.01916    6.77002   -0.45448    1.19190   -1.06546    2.00000
 180.03397   -0.04859   23.55044   23.13868    0.05928    0.03272    6.21732    1.43872   -2.81597    8.52088    2.00000
 180.01653    0.03141   22.61931   22.32599    0.03549    0.01959   12.87662   -0.87519   -2.06041   -2.25807    2.00000
 179.76022   -0.02498   23.02980   22.69182    0.24107    0.13305    9.31257    4.36954   -0.77412    4.19746    2.00000
 180.00406   -0.00881   21.79904   21.56898    0.00970    0.00536   24.48763    2.62377    0.97088    3.36573    2.00000
 179.96123   -0.01200   21.91335   21.67614    0.04059    0.02240   22.56596    1.48992   -4.57323   -3.22238    2.00000
 180.02892    0.01410   22.70244   22.40065    0.03216    0.01775   11.98763   -1.56586    4.67828    0.84986    2.00000
 180.13330    0.00306   23.71306   23.27423    0.13334    0.07359    5.53487    1.66947    7.76904    8.27091    2.00000
 180.04248   -0.05290   21.65833   21.43375    0.06784    0.03744   27.46727    1.73611   -0.30442    2.12221    2.00000
 179.98933   -0.02427   22.99749   22.66350    0.02651    0.01463    9.53284    1.69725    1.37646    5.17594    2.00000
 180.00267   -0.04566   21.86164   21.62766    0.04574    0.02524   23.43528   -2.28967   -2.34996   -4.62375    2.00000
 179.97862    0.02985   20.89742   20.55301    0.03672    0.02027   55.62842   -1.08662    1.82306    0.69385    2.00000
 180.00217    0.02564   23.10421   22.75686    0.02573    0.01420    8.80672   -0.10329   -3.26029   -4.92805    2.00000
 180.00591    0.02030   23.05381   22.71280    0.02114    0.01167    9.14940    1.87022   -1.54155   -0.65057    2.00000
 179.71860   -0.05766   23.42881   23.03577    0.28726    0.15855    6.73544   -4.18180   -2.66549   -8.19197    2.00000
 180.00142   -0.02643   22.41572   22.14108    0.02647    0.01461   15.07847    5.70410   -0.19588    7.00843    2.00000
 180.02014   -0.02154   22.96733   22.63704    0.02949    0.01628    9.73865    3.59303   -0.99060    3.56863    2.00000
 179.87334    0.06957   22.98133   22.64933    0.14451    0.07976    9.64310    3.23995   -1.56670    1.23602    2.00000
 179.36668    0.23706   22.75982   22.45194    0.67623    0.37324   11.37683   -2.25974    4.72351    2.98508    2.00000
 179.85857   -0.48380   22.28470   22.02042    0.50405    0.27820   16.51529   -1.80203   -1.21165   -3.45836    2.00000
 179.93076    0.07134   18.89051   18.34112    0.09942    0.05487  238.82509   -7.49235    2.20838   -5.30179    2.00000
 180.04094   -0.01006   23.21322   22.85176    0.04216    0.02327    8.06855    5.15631   -0.63551    5.63189    2.00000
 180.01064   -0.04959   21.77476   21.54601    0.05072    0.02799   24.89941   -0.57314    1.29202    0.83035    2.00000
 180.02541    0.10610   22.89500   22.57261    0.10910    0.06021   10.23983    2.15767   -0.61746    1.06545    2.00000
 180.03125    0.05073   19.13477   18.60141    0.05959    0.03289  205.72507    2.45404   -0.41238    2.06248    2.00000
 180.00217    0.14897   22.66365   22.36583    0.14899    0.08223   12.40220    9.62884   -1.08880   11.20119    2.00000
 179.99860   -0.04519   22.61149   22.31896    0.04522    0.02496   12.96034   -2.69913   -4.02173   -6.80405    2.00000
 180.01414   -0.10352   23.69809   23.26183    0.10448    0.05767    5.59729    1.42524   -0.37236   -1.16552    2.00000
 180.03860    0.09132   21.19180   20.95375    0.09914    0.05472   40.60999   -1.49813    0.36189   -1.14246    2.00000
 179.98595   -0.04554   23.58205   23.16524    0.04766    0.02631    6.08359    5.47139   -2.50499    9.94480    2.00000
 180.01549   -0.04931   22.96948   22.63893    0.05168    0.02853    9.72395    1.91968    2.31053    2.05266    2.00000
 180.01401   -0.01456   22.20501   21.94718    0.02020    0.01115   17.70559   -3.33115    2.07760   -1.36773    2.00000
 180.00711   -0.06819   23.77946   23.32914    0.06856    0.03784    5.25841    1.59972    1.72843   -2.92583    2.00000
 180.05647    0.04295   23.06581   22.72329    0.07095    0.03916    9.06781   -1.82437   -0.47078   -3.15750    2.00000
 179.96951    0.01408   22.41572   22.14108    0.03358    0.01854   15.07847    6.81294    2.24586    9.78993    2.00000
 179.96713   -0.05285   23.69060   23.25563    0.06224    0.03435    5.62850   -2.41537    1.50257    3.61671    2.00000
 179.94763   -0.01689   23.71867   23.27888    0.05503    0.03037    5.51146   -1.40498   -0.77524   -5.55254    2.00000
 180.12164    0.00859   21.63649   21.41271    0.12195    0.06731   28.02069    0.82122    3.52900    4.44810    2.00000
 179.95557    0.02151   22.96733   22.63704    0.04936    0.02724    9.73865    2.91585    3.25944    7.61736    2.00000
 180.01871    0.05444   21.99822   21.75524    0.05757    0.03177   21.14758    0.54497   -3.83593   -3.41570    2.00000
 180.00984   -0.05127   23.08981   22.74427    0.05220    0.02881    8.90463    7.02720    0.72501    6.06832    2.00000
 179.99597    0.00735   22.29498   22.02987    0.00838    0.00463   16.40276   -2.26578   -0.41012   -3.06489    2.00000
 180.14764   -0.00937   23.04901   22.70860    0.14795    0.08166    9.18203   -1.18512    0.18819   -0.01189    2.00000
 179.99022   -0.08750   20.68081   20.24553    0.08805    0.04859   70.72916    5.23089    1.63842    6.55741    2.00000
 179.73470   -0.05177   22.91326   22.58888    0.27031    0.14919   10.11326   -0.23357    0.60574   -3.44423    2.00000
 180.15343    0.06436   21.38243   21.15905    0.16638    0.09183   34.69294   -0.64880   -0.63711   -1.69676    2.00000
 179.89355   -0.03938   23.32272   22.94589    0.11349    0.06264    7.33640   -2.38951    1.23243   -2.05524    2.00000
 179.98866   -0.01012   22.71242   22.40957    0.01519    0.00839   11.88140    5.52371   -0.37111    1.74560    2.00000
 180.06001    0.07178   21.04923   20.77972    0.09356    0.05164   47.13220    0.53231   -0.67138    0.12592    2.00000
 180.02208    0.03176   21.98177   21.73993    0.03868    0.02135   21.42210    1.91660    0.74675    2.82783    2.00000
 179.99954   -0.02999   22.82468   22.50993    0.03000    0.01656   10.72736    0.76304    1.97114    3.89810    2.00000
 179.57611    1.10431   23.62542   23.20147    1.18286    0.65294    5.90118   -3.32952    0.47702   -4.66494    2.00000
 180.03996    0.00731   22.89500   22.57261    0.04062    0.02242   10.23983   -2.62049    0.27124   -2.30883    2.00000
 180.02362    0.00776   18.12763   17.89229    0.02486    0.01372  304.18329    3.89393    1.40869    5.30952    2.00000
 179.97252   -0.04101   20.92954   20.60545    0.04936    0.02724   53.66306   -1.96966    0.52913   -1.10818    2.00000
 180.01413   -0.03646   22.88978   22.56796    0.03910    0.02158   10.27600   -2.89924   -1.93154   -7.36966    2.00000
 180.08406    0.03053   21.73507   21.50774    0.08943    0.04936   25.58573    2.63309    0.73612    2.43702    2.00000
 179.99268   -0.00944   23.82233   23.36452    0.01195    0.00659    5.08028    5.86661    1.99393   10.25681    2.00000
 180.00650   -0.02838   23.18640   22.82847    0.02912    0.01607    8.24966    0.29849    0.42885   -0.49532    2.00000
 180.07895    0.08049   23.24248   22.87716    0.11274    0.06222    7.87097    4.91949   -1.13537    3.68710    2.00000
 179.97949    0.04483   21.87797   21.64297    0.04930    0.02721   23.16076   -9.22660    1.61732   -7.18714    2.00000
 180.00174   -0.08273   22.31251   22.04600    0.08274    0.04567   16.21072    1.43341    3.16487    5.59293    2.00000
 179.94160    0.09072   22.61671   22.32365    0.10790    0.05955   12.90453    1.98421   -0.04228    1.71207    2.00000
 179.99286    0.04552   23.62864   23.20415    0.04608    0.02543    5.88767   -1.68130   -3.72352  -10.11601    2.00000
 179.96875    0.00952   23.55584   23.14325    0.03267    0.01803    6.19430   -3.75591    1.97607    2.02486    2.00000
 180.03452    0.00621   22.32211   22.05484    0.03507    0.01936   16.10540   -3.19480   -2.36900   -3.56114    2.00000
 180.05469   -0.04892   22.77978   22.46979    0.07337    0.04050   11.16438    1.42677    0.79089    2.33044    2.00000
 180.01984    0.00763   23.06821   22.72539    0.02126    0.01173    9.05149   -1.72377   -2.19377   -4.02488    2.00000
 179.95831   -0.01961   23.49368   23.09065    0.04606    0.02542    6.45911    0.29562    1.03274    3.35776    2.00000
 180.00372   -0.10609   22.17931   21.92356    0.10616    0.05859   18.12924   -5.49886   -2.57910   -7.29992    2.00000
 179.96245   -0.21406   22.71741   22.41403    0.21732    0.11995   11.82829   -0.11241    1.15151    0.49015    2.00000
 179.96439   -0.10631   23.70744   23.26958    0.11212    0.06188    5.55827    4.57239   -0.04523    2.44604    2.00000
 180.04083   -0.13727   21.94341   21.70421    0.14322    0.07904   22.06266   -1.87279   -1.93160   -3.74133    2.00000
 180.06418    0.05879   23.21810   22.85599    0.08703    0.04803    8.03562    3.33843   -1.54969    1.44831    2.00000
 180.01328   -0.00548   23.71493   23.27578    0.01436    0.00792    5.52706   -0.07692    1.28497    5.45111    2.00000
 179.90465    0.01404   23.08741   22.74217    0.09638    0.05319    8.92095   -4.45480    0.63604   -4.18053    2.00000
 180.08824   -0.27090   23.16446   22.80942    0.28491    0.15725    8.39784    5.35685    2.00720   11.23856    2.00000
 179.96771    0.07897   22.53800   22.25268    0.08532    0.04709   13.74957    0.83772    1.85685    4.10555    2.00000
 179.91151    0.03860   23.05621   22.71490    0.09654    0.05328    9.13308    2.73106    1.12909    0.43549    2.00000
 180.00546    0.00147   23.58526   23.16792    0.00567    0.00313    6.07008   -8.99836    2.96143   -9.33028    2.00000
 180.24435   -0.11236   21.67950   21.45416    0.26896    0.14844   26.93034    9.45108   -3.49404    5.16620    2.00000
 179.97777    0.03284   22.69745   22.39619    0.03966    0.02189   12.04074   -5.47270   -3.60749   -6.97494    2.00000
 179.94954   -0.00793   20.92846   20.60369    0.05107    0.02819   53.72893    0.33721   -1.23463   -0.91508    2.00000
 180.00343    0.02344   22.58019   22.29084    0.02369    0.01308   13.29522   -5.49845    1.88804   -3.94124    2.00000
 180.06104    0.05332   22.31971   22.05263    0.08104    0.04473   16.13173    2.06177    2.21693    4.27887    2.00000
 179.98038   -0.11798   23.66628   23.23548    0.11960    0.06601    5.72993    5.85517   -2.23072    2.66082    2.00000
 180.01276   -0.08477   23.40981   23.01967    0.08572    0.04731    6.81646   -3.39449    0.93052   -7.07378    2.00000
 179.90627    0.04447   22.33411   22.06590    0.10375    0.05726   15.97374    5.78083   -0.37410    4.02273    2.00000
 180.06844   -0.03950   22.88196   22.56098    0.07902    0.04361   10.33024   -4.84294   -1.96693   -6.09236    2.00000
 179.84937   -0.17585   23.04181   22.70231    0.23154    0.12779    9.23099   -2.31595    0.51879   -2.50541    2.00000
 180.08389   -0.00681   21.38243   21.15905    0.08416    0.04645   34.69294    4.10494   -3.18736    1.05975    2.00000
 179.98563   -0.03026   22.67409   22.37521    0.03350    0.01849   12.29058   -2.01318    0.52176   -2.38020    2.00000
 179.95888   -0.00898   20.89833   20.55454    0.04210    0.02323   55.57107    6.06090    1.81075    8.17329    2.00000
 180.06265    0.00364   20.84876   20.47062    0.06277    0.03464   59.12896   -7.74024   -1.16722   -8.98662    2.00000
 179.95268    0.02612   22.91587   22.59121    0.05406    0.02983   10.09518    0.66446   -0.26611   -0.13249    2.00000
 180.15829    0.15461   23.25955   22.89198    0.22127    0.12212    7.75571    2.80584   -2.35189    0.76546    2.00000
 180.00830    0.00365   21.90246   21.66593    0.00907    0.00501   22.74897   -1.53555   -3.57808   -3.27103    2.00000
 180.04465   -0.00773   23.33361   22.95511    0.04530    0.02500    7.26466   -0.83014    1.89805   -1.15435    2.00000
 179.99751   -0.00747   22.35811   22.08801    0.00788    0.00435   15.71042    0.91092   -2.40610   -3.17200    2.00000
 179.96175   -0.12433   21.72184   21.49498    0.13008    0.07179   25.85649   -2.80086    0.01216   -4.09086    2.00000
 180.01027   -0.02586   17.46665   16.79245    0.02783    0.01536  531.46881    0.75269    0.08265    0.83111    2.00000
 179.96954    0.00867   22.18702   21.93064    0.03166    0.01747   18.00214   -1.51970   -0.35821   -1.61166    2.00000
 180.09508    0.05539   23.26686   22.89833    0.11004    0.06073    7.70632   -2.23609   -2.47151   -5.46302    2.00000
 180.04823    0.02656   22.30012   22.03459    0.05507    0.03039   16.34650    0.72469   -0.87284    1.98868    2.00000
 179.98538    0.01819   23.24979   22.88351    0.02334    0.01288    7.82157   -0.31173   -1.98987   -8.03201    2.00000
 179.99661   -0.01314   22.51456   22.23133    0.01357    0.00749   14.00388   -3.66999   -0.37546   -4.74625    2.00000
 180.06358   -0.00571   23.70370   23.26648    0.06383    0.03523    5.57388    3.57885    1.18586   12.69766    2.00000
 180.12985    0.03139   21.87525   21.64042    0.13359    0.07373   23.20651   -2.08250   -0.12901   -1.15968    2.00000
 180.04686   -0.14352   22.23072   21.97081    0.15098    0.08333   17.28194   -6.75621    1.73711   -5.26286    2.00000
 179.79628   -0.08430   23.77708   23.32718    0.22047    0.12168    5.26830    3.55498    2.54016   13.07826    2.00000
 180.02441   -0.01563   23.27661   22.90680    0.02899    0.01600    7.64046    2.48612    1.27625    1.79569    2.00000
 180.01006    0.04737   23.62060   23.19744    0.04842    0.02673    5.92145    0.05009   -1.35092  -10.12412    2.00000
 180.03584   -0.01695   23.56125   23.14782    0.03965    0.02188    6.17127   -1.72132   -1.58700   -1.28357    2.00000
 180.01025    0.04346   22.98026   22.64838    0.04466    0.02465    9.65045   -2.99289   -0.43045   -7.05659    2.00000
 180.10661    0.25935   22.55440   22.26763    0.28041    0.15477   13.57155   -3.20708    1.52893   -0.62675    2.00000
 179.95947    0.01778   22.75982   22.45194    0.04425    0.02442   11.37683   -1.56914   -0.26052    0.21637    2.00000
 179.94542    0.07274   23.46125   23.06321    0.09094    0.05019    6.59727    5.67292   -2.26306    5.04141    2.00000
 180.04317   -0.00385   21.12160   20.87042    0.04334    0.02392   43.73311   -2.25553   -1.44805   -4.22722    2.00000
 180.00262    0.00251   21.00631   20.72257    0.00363    0.00200   49.27392   -3.62424    0.24898   -3.59013    2.00000
 180.01163   -0.01549   22.54268   22.25695    0.01937    0.01069   13.69870   -2.08082    3.63569    1.28831    2.00000
 179.97047   -0.03458   23.18884   22.83059    0.04547    0.02510    8.23320   -2.95228   -1.27399   -4.84434    2.00000
 180.11642    0.14408   22.68452   22.38458    0.18524    0.10224   12.17895    1.01362   -1.53027    0.10137    2.00000
 179.94106   -0.03315   23.46935   23.07007    0.06763    0.03732    6.56273   -0.26445    1.74311   -7.82550    2.00000
 180.04935   -0.13209   23.29822   22.92513    0.14101    0.07783    7.49782    4.43817    1.11445    4.61774    2.00000
 179.92172    0.00806   21.59561   21.37342    0.07869    0.04343   29.05427   -0.67224   -1.89119   -3.41598    2.00000
 180.01912    0.06048   23.45584   23.05863    0.06343    0.03501    6.62030   -2.79859   -0.04956   -5.22928    2.00000
 179.97034   -0.11802   21.53197   21.31182    0.12169    0.06717   30.67459   -2.08457   -1.09078   -2.50527    2.00000
 180.01755   -0.03122   21.78005   21.55112    0.03582    0.01977   24.80791   -0.70387    0.12363   -1.55531    2.00000
 179.96867    0.08900   21.05298   20.78465    0.09435    0.05207   46.94733    0.88433   -4.05709   -2.50944    2.00000
 179.87637   -0.03673   22.06399   21.81647    0.12896    0.07118   20.04948    7.83972   -0.94490    7.94421    2.00000
 180.04607    0.09968   23.05861   22.71700    0.10981    0.06061    9.11676   -0.86257   -4.71385   -7.69381    2.00000
 179.98997   -0.02120   23.34449   22.96433    0.02345    0.01294    7.19292   -1.09389   -0.41711   -5.37592    2.00000
 180.06268    0.06338   22.71741   22.41403    0.08914    0.04920   11.82829   -0.56373   -2.11724   -4.17836    2.00000
 179.98750    0.00638   23.54503   23.13410    0.01403    0.00774    6.24035    3.90499    2.72129    8.35478    2.00000
 179.97125    0.02243   22.85327   22.53541    0.03646    0.02013   10.52914    3.15617    1.89524    4.44547    2.00000
 179.99504   -0.02623   22.82723   22.51221    0.02670    0.01474   10.70962    4.32161    1.88388    3.31174    2.00000
 179.98808   -0.00154   21.70331   21.47712    0.01202    0.00664   26.32630    1.04128   -2.39714   -0.14103    2.00000
 180.01730   -0.02267   21.56252   21.34161    0.02852    0.01574   29.89098   -5.19741   -1.35082   -6.11986    2.00000
 180.14366   -0.02001   21.21622   20.98212    0.14504    0.08005   39.54682   -5.33760    0.26385   -4.60500    2.00000
 180.01205   -0.03256   22.69745   22.39619    0.03473    0.01917   12.04074   -4.13606    1.45238   -2.67142    2.00000
 180.04913    0.02123   22.78726   22.47648    0.05352    0.02954   11.08471   -6.69245   -0.57338   -8.97434    2.00000
 180.05261    0.04100   23.11622   22.76735    0.06670    0.03681    8.72513    0.26915    1.71009    4.04129    2.00000
 180.04189   -0.24549   23.58526   23.16792    0.24903    0.13745    6.07008   -1.91608    0.98261   -2.68064    2.00000
 179.94316   -0.02906   21.99000   21.74758    0.06383    0.03523   21.28484    0.27342    4.04906    5.09345    2.00000
 179.98074   -0.02738   23.42881   23.03577    0.03347    0.01847    6.73544    2.42859    0.86646   -0.47848    2.00000
 180.03079   -0.04359   22.11009   21.86018    0.05337    0.02946   19.26570    3.70152   -0.67670    4.50383    2.00000
 180.07446   -0.04560   21.99822   21.75524    0.08732    0.04820   21.14758    1.27295   -2.17427   -0.98131    2.00000
 179.91364   -0.14145   22.02836   21.78330    0.16573    0.09147   20.64429    1.35496    5.38043    6.99134    2.00000
 180.01414    0.00321   22.91326   22.58888    0.01450    0.00800   10.11326   -3.59788   -1.82080   -3.76465    2.00000
 179.99991   -0.01485   21.09323   20.83594    0.01485    0.00820   45.02506    5.49120   -1.80593    4.08966    2.00000
 179.94243   -0.05760   21.68744   21.46181    0.08144    0.04495   26.72900   -3.85467    0.93007   -3.51013    2.00000
 180.34529   -0.32346   21.25269   21.02206    0.47313    0.26114   38.29648    0.99063    1.34528    1.84134    2.00000
 180.08226    0.10849   22.53800   22.25268    0.13615    0.07515   13.74957   -1.17103   -3.35535   -4.06418    2.00000
 179.91718   -0.00183   19.50157   18.98823    0.08285    0.04572  162.94678    1.47979   -1.18587    0.31395    2.00000
 180.03334   -0.04667   23.29006   22.91822    0.05735    0.03165    7.55162   -1.60658    2.61932   -0.05230    2.00000
 179.93364    0.11897   20.98448   20.69042    0.13623    0.07519   50.47875    8.11035   -0.28450    7.62093    2.00000
 179.98792   -0.05713   21.79360   21.56387    0.05839    0.03223   24.57914   -2.02499    1.72367   -0.12652    2.00000
 179.78934   -0.04307   21.68479   21.45926    0.21503    0.11868   26.79611    5.54866   -0.55361    4.70513    2.00000
 179.85274   -0.34797   23.73551   23.29283    0.37786    0.20855    5.44123   -4.30960    0.93076   -2.61469    2.00000
 180.00427   -0.00665   23.58365   23.16658    0.00790    0.00436    6.07684    4.52040    1.47225    5.93438    2.00000
 179.97060    0.08097   23.78660   23.33504    0.08614    0.04754    5.22872    6.41238    0.38643    0.78183    2.00000
 180.01459    0.03618   22.33651   22.06811    0.03901    0.02153   15.94741    1.39168   -1.68344   -0.10517    2.00000
 180.01453   -0.00675   23.78660   23.33504    0.01602    0.00884    5.22872    3.97930   -1.15421    5.28043    2.00000
 180.11581    0.09339   23.16690   22.81154    0.14877    0.08211    8.38138   -1.78849    3.08926   -0.73592    2.00000
 180.05891    0.14166   22.92891   22.60283    0.15343    0.08468   10.00477    0.88713   -0.52103    1.88432    2.00000
 179.98022   -0.00481   23.64631   23.21892    0.02036    0.01124    5.81335   -1.52915   -3.07889   -1.90524    2.00000
 179.96571   -0.00236   20.79421   20.38833    0.03437    0.01897   63.36968    4.58581    2.37827    7.05466    2.00000
 180.02844    0.06326   21.25875   21.02852    0.06936    0.03828   38.12645   -4.08622   -3.26224   -7.68654    2.00000
 180.01086   -0.15920   21.65569   21.43120    0.15957    0.08807   27.53438   -1.35163    1.54233    0.95523    2.00000
 179.99937    0.00284   23.71867   23.27888    0.00290    0.00160    5.51146   -4.07887   -2.16136   -4.90381    2.00000
 180.03661   -0.08875   23.17421   22.81789    0.09600    0.05298    8.33198   -3.14935    0.30783   -1.11318    2.00000
 180.05841   -0.01738   23.79137   23.33897    0.06094    0.03364    5.20893   -4.14579   -0.96526   -7.85342    2.00000
 179.96259    0.03707   22.10389   21.85428    0.05267    0.02907   19.37145   -4.77428    0.66044   -4.88456    2.00000
 180.19109    0.06704   21.77740   21.54857    0.20251    0.11177   24.85366   -4.05424   -1.21802   -6.15050    2.00000
 180.00871   -0.01130   21.95163   21.71186    0.01427    0.00788   21.92540    2.33915    2.78929    3.68130    2.00000
 180.02794   -0.01775   21.41634   21.19370    0.03310    0.01827   33.78166   -7.16050    4.20738   -2.57622    2.00000
 180.15099    0.10692   17.56886   17.00578    0.18501    0.10211  475.65070   -0.25747    0.48194    0.20076    2.00000
 179.92200   -0.01400   21.70861   21.48223    0.07926    0.04374   26.19207    3.18486   -2.24054    0.63270    2.00000
 180.03030    0.01998   23.04901   22.70860    0.03630    0.02003    9.18203   -2.74052   -1.59607   -2.60087    2.00000
 179.98280    0.05272   23.25711   22.88986    0.05545    0.03060    7.77218   -1.13511   -0.27784    5.83296    2.00000
 179.96938    0.05053   23.79613   23.34290    0.05908    0.03261    5.18913   -2.70114    0.28958    0.81728    2.00000
 180.04076   -0.06081   22.00096   21.75779    0.07321    0.04040   21.10183    1.81081   -0.12830    1.13068    2.00000
 179.97418    0.00213   21.56057   21.33974    0.02591    0.01430   29.94020    2.44406    0.44385    3.58324    2.00000
 180.09821    0.00530   21.78005   21.55112    0.09836    0.05429   24.80791   -3.60864    0.69789   -2.87749    2.00000
 180.10645    0.40330   23.48287   23.08150    0.41711    0.23022    6.50517    2.57798    2.01331    0.55780    2.00000
 179.97852    0.00840   23.68312   23.24943    0.02307    0.01273    5.65971    1.97120    0.00720    8.38361    2.00000
 179.99788    0.00781   23.03220   22.69392    0.00809    0.00447    9.29626    4.57602    1.15558    8.15577    2.00000
 179.97298   -0.08624   18.04867   17.66434    0.09038    0.04988  343.06097    6.38807    3.61162   10.04080    2.00000
 179.83514    0.03423   23.67377   23.24168    0.16837    0.09293    5.69872    1.86703    1.91203   -1.25790    2.00000
 180.01846    0.01459   22.58541   22.29553    0.02353    0.01299   13.23941   -9.92884    2.72962   -6.45304    2.00000
 179.96564    0.10015   22.78726   22.47648    0.10588    0.05844   11.08471    2.72813    1.92378    7.02169    2.00000
 179.96439   -0.03713   22.50987   22.22705    0.05146    0.02840   14.05474    0.38551   -2.25428   -4.17027    2.00000
 179.97836   -0.01374   21.16224   20.91941    0.02563    0.01415   41.89699   -0.60342   -2.13116   -3.26503    2.00000
 180.05568   -0.16607   20.52503   20.06795    0.17515    0.09667   79.88010    1.52969   -3.92828   -2.38587    2.00000
 179.98364    0.00718   23.74868   23.30374    0.01786    0.00986    5.38631    2.67840    1.72754    2.68136    2.00000
 179.98277    0.02650   22.45128   22.17366    0.03161    0.01744   14.69052    6.84892    1.01341    9.32841    2.00000
 180.00365   -0.03508   22.24614   21.98498    0.03527    0.01947   17.02775   -0.64485   -1.23417   -2.05977    2.00000
 180.01735   -0.05706   22.47003   22.19075    0.05964    0.03291   14.48707   -4.48276   -1.64632   -5.46972    2.00000
 179.94453    0.02285   21.59951   21.37716    0.05999    0.03311   28.95584    2.56999   -0.43742    3.51143    2.00000
 180.28091   -0.10446   23.28190   22.91130    0.29971    0.16542    7.60543    3.24481   -0.25563    1.52743    2.00000
 180.02689    0.11679   23.07301   22.72958    0.11984    0.06614    9.01885   -7.90778   -2.74477   -8.85269    2.00000
 179.97980   -0.02259   23.27918   22.90900    0.03031    0.01673    7.62329   -2.01662   -2.67878   -7.65610    2.00000
 180.01073    0.04133   22.10931   21.85944    0.04270    0.02357   19.27892    1.85331   -3.15749   -1.25146    2.00000
 180.00243   -0.00814   21.67156   21.44651    0.00850    0.00469   27.13169    2.66024    0.86029    3.74698    2.00000
 180.00966    0.14262   22.49581   22.21424    0.14295    0.07890   14.20733    2.94013    1.53887    3.65064    2.00000
 180.07674   -0.02955   21.90791   21.67104    0.08224    0.04539   22.65746    0.61923    3.76580    5.34634    2.00000
 180.06718    0.05170   21.69273   21.46692    0.08477    0.04679   26.59476    2.39998    3.76521    6.04039    2.00000
 180.02296   -0.00202   22.22815   21.96844    0.02306    0.01273   17.32430    0.39043   -0.62934   -1.26897    2.00000
 179.93658   -0.03147   23.37171   22.98739    0.07080    0.03907    7.01357    7.13631    1.43441   10.26005    2.00000
 180.02415    0.00486   21.93793   21.69910    0.02464    0.01360   22.15417   -3.49464   -0.10266   -3.96663    2.00000
 180.02612    0.00607   18.07232   18.09868    0.02682    0.01481  272.21930   -2.55292   -2.90096   -5.51322    2.00000
 180.01865   -0.04413   23.67564   23.24323    0.04790    0.02644    5.69092   -0.97838   -2.40736   -5.77321    2.00000
 179.92151    0.04570   21.39808   21.17504    0.09082    0.05013   34.27235   -4.60748   -3.38473   -7.72134    2.00000
 179.90572    0.02746   22.76231   22.45417    0.09821    0.05420   11.35027    4.62294   -0.63055    4.75440    2.00000
 180.06241   -0.05728   23.29006   22.91822    0.08471    0.04675    7.55162   -1.89980   -3.09293   -5.30599    2.00000
 180.06023   -0.02313   21.91607   21.67869    0.06452    0.03561   22.52020   -1.02401   -1.23768   -3.17153    2.00000
 179.98013    0.09738   19.57129   19.06088    0.09938    0.05485  156.27930   -0.94471    1.43429    0.38584    2.00000
 179.97964   -0.01762   22.64800   22.35177    0.02691    0.01485   12.56964    2.70148    0.13359    3.80117    2.00000
 179.98354    0.01735   22.08994   21.84102    0.02392    0.01320   19.60937    0.44937    0.16150    0.68237    2.00000
 180.06078    0.03942   20.20612   19.72657    0.07243    0.03998  102.08201   -2.54860   -0.17758   -2.23816    2.00000
 180.08736    0.08740   18.13412   18.01781    0.12357    0.06820  283.35995    0.57759    1.66583    2.30285    2.00000
 180.01433   -0.40684   23.71119   23.27268    0.40709    0.22469    5.54267    3.63580   -1.70836    1.14970    2.00000
 179.98859    0.04801   22.86370   22.54471    0.04935    0.02724   10.45681    2.41631    2.27120    3.39816    2.00000
 180.02077   -0.00587   18.09414   18.12686    0.02157    0.01191  268.33832   -3.43945    0.88094   -2.54915    2.00000
 179.98718    0.01907   23.17665   22.82001    0.02298    0.01268    8.31552   -2.89519   -0.14548   -6.36470    2.00000
 179.92841   -0.00102   23.34721   22.96664    0.07160    0.03952    7.17499   -0.77967   -3.46358   -8.17236    2.00000
 179.99362   -0.05236   22.70743   22.40511    0.05275    0.02911   11.93451    2.22400   -0.71328    2.78545    2.00000
 180.15712   -0.06142   20.86011   20.48905    0.16870    0.09311   58.17923    5.56398   -1.30534    4.45718    2.00000
 180.04836    0.09569   23.63506   23.20952    0.10721    0.05917    5.86065   -4.99180   -1.17516  -10.00089    2.00000
 179.98280   -0.01670   22.58541   22.29553    0.02397    0.01323   13.23941   -1.25620   -1.31063   -3.46194    2.00000
 180.03270    0.07010   22.51690   22.23346    0.07735    0.04269   13.97845    2.14181    0.56134    2.57418    2.00000
 179.97185    0.01981   23.77232   23.32325    0.03442    0.01900    5.28809   -1.34990   -0.54543    2.17124    2.00000
 179.90744    0.02248   22.41812   22.14329    0.09525    0.05257   15.05214   -1.16419    1.04905    0.83858    2.00000
 180.03407    0.08462   23.42341   23.03119    0.09122    0.05034    6.75847    0.77544    0.56878    3.96865    2.00000
 179.98070    0.02300   21.92151   21.68379    0.03002    0.01657   22.42869   -0.92414    0.09308   -0.29091    2.00000
 179.91310    0.14768   22.58280   22.29318    0.17135    0.09457   13.26732   -6.87360    0.17563   -7.31118    2.00000
 180.00185    0.17805   21.72184   21.49498    0.17806    0.09827   25.85649   -5.99443    0.69626   -5.90839    2.00000
 180.07587   -0.04647   22.83240   22.51682    0.08897    0.04911   10.67380    3.62768   -0.18766    2.41575    2.00000
 179.97173   -0.02273   21.42417   21.20169    0.03627    0.02002   33.57136    1.24103    1.81278    2.43759    2.00000
 179.97142    0.06034   23.45044   23.05406    0.06676    0.03685    6.64333   -0.23264   -0.03915    6.59506    2.00000
 179.93556   -0.18397   22.22558   21.96608    0.19493    0.10758   17.36667    1.58592    1.63911    2.98330    2.00000
 179.69882    0.12913   22.03932   21.79351    0.32769    0.18086   20.46127    0.33578   -0.92865   -0.84970    2.00000
 179.93987   -0.04575   23.05381   22.71280    0.07555    0.04170    9.14940   -0.75181   -1.61613   -2.42710    2.00000
 179.91635    0.01420   22.24871   21.98734    0.08485    0.04683   16.98538   -1.32261   -0.60686   -2.25131    2.00000
 179.99287    0.03809   22.65844   22.36115    0.03875    0.02139   12.45802   -0.83486   -0.48171   -1.04844    2.00000
 180.12399    0.01528   22.39892   22.12560    0.12494    0.06896   15.26279   -3.42939   -0.40532   -0.54489    2.00000
 179.95450   -0.00530   21.19180   20.95375    0.04581    0.02528   40.60999   -2.82023   -3.14352   -5.65234    2.00000
 179.95209    0.01744   22.96948   22.63893    0.05100    0.02815    9.72395    0.71722   -2.31112   -1.83184    2.00000
 179.98222   -0.02917   22.17674   21.92119    0.03416    0.01885   18.17160   -3.25656    1.65473   -0.90183    2.00000
 180.00867    0.07084   20.47859   20.01755    0.07137    0.03939   82.47774    4.64370    2.17151    6.92052    2.00000
 179.96783   -0.01232   20.38553   19.91722    0.03443    0.01901   89.04359    3.86705   -1.07922    2.67341    2.00000
 179.97739   -0.02034   23.17178   22.81577    0.03041    0.01679    8.34845    2.62603   -3.74133   -0.93091    2.00000
 179.89174    0.07542   22.04207   21.79606    0.13194    0.07282   20.41551   -5.10391    0.27062   -3.14858    2.00000
 179.98293    0.00981   23.52341   23.11581    0.01968    0.01086    6.33246   -0.47335    0.66607   -1.56169    2.00000
 180.03156   -0.03595   23.59329   23.17463    0.04783    0.02640    6.03630   -6.78453   -0.94994   -3.39267    2.00000
 179.99741   -0.02189   23.49098   23.08836    0.02204    0.01217    6.47062   -2.43010   -3.08417   -6.84138    2.00000
 180.21359    0.06733   23.02500   22.68763    0.22395    0.12360    9.34521    0.63243   -0.94819   -4.13075    2.00000
 180.07597   -0.24017   23.08741   22.74217    0.25190    0.13903    8.92095    0.25011    0.21289   -1.87960    2.00000
 179.95639   -0.02645   23.46665   23.06778    0.05100    0.02815    6.57425    0.25895    5.00436    5.65763    2.00000
 180.04443    0.05318   21.30931   21.08239    0.06930    0.03825   36.70957   -4.22099   -7.11947  -11.41755    2.00000
 180.17877   -0.57178   21.94615   21.70676    0.59908    0.33065   22.01691    0.96293   -0.88063   -1.34641    2.00000
 179.97217   -0.04462   21.95985   21.71952    0.05258    0.02902   21.78814   -2.45919    5.36569    2.27879    2.00000
 180.03046    0.12821   23.41253   23.02198    0.13178    0.07273    6.80485   -2.20152   -0.37707    3.33824    2.00000
 180.03181   -0.01143   22.06947   21.82158    0.03380    0.01866   19.95797   -2.56422   -4.10322   -6.57962    2.00000
 180.07835    0.13491   23.27174   22.90256    0.15601    0.08611    7.67339   -6.99234    1.35461   -1.45341    2.00000
 179.96516   -0.03023   22.60366   22.31193    0.04612    0.02545   13.04406   -5.39705    2.18009   -4.25820    2.00000
 180.01868    0.00909   22.50050   22.21851    0.02077    0.01147   14.15646    5.18225    0.81405    6.30007    2.00000
 180.04051    0.07050   22.64540   22.34943    0.08131    0.04488   12.59755    0.03921    0.33834    0.65668    2.00000
 180.04364    0.04051   22.81720   22.50324    0.05955    0.03287   10.77940    4.42576    2.31958    5.80428    2.00000
 179.98679   -0.00469   22.44191   22.16512    0.01403    0.00774   14.79225    4.83549    6.57148   12.80188    2.00000
 180.01492   -0.07427   21.06296   20.79780    0.07576    0.04181   46.45434    1.13656    1.71640    2.60362    2.00000
 180.02534    0.01603   21.67950   21.45416    0.03000    0.01656   26.93034   -0.33594   -0.19422   -0.40974    2.00000
 180.02399   -0.00768   23.37987   22.99431    0.02518    0.01390    6.95977   -1.07810    0.00485   -4.04408    2.00000
 179.98546   -0.02501   22.48409   22.20356    0.02893    0.01597   14.33448   -6.00777   -2.40411  -10.25227    2.00000
 180.07791   -0.03458   18.67188   18.10734    0.08524    0.04705  271.02777   -0.39668    0.07446   -0.30614    2.00000
 180.03345    0.04677   22.61410   22.32131    0.05749    0.03173   12.93243    2.51150   -2.26991   -0.27610    2.00000
 180.05904   -0.07313   23.19372   22.83482    0.09399    0.05188    8.20027    2.00510    0.09094   -2.09649    2.00000
 180.01662    0.01698   20.38092   19.91227    0.02376    0.01311   89.38225   -3.88992    0.32683   -3.46481    2.00000
 180.02924    0.02968   22.40852   22.13445    0.04166    0.02300   15.15746   -0.38107    2.60712    1.57993    2.00000
 179.98557    0.03875   21.05672   20.78958    0.04135    0.02282   46.76246    4.99412    3.99655    8.79003    2.00000
 180.01463   -0.01027   23.35810   22.97586    0.01788    0.00987    7.10325    5.18341   -2.27568    2.07502    2.00000
 180.07977    0.09857   22.87935   22.55866    0.12681    0.06999   10.34832   -6.61074   -1.66785  -10.69625    2.00000
 180.01349    0.77103   23.10901   22.76105    0.77115    0.42564    8.77409   -3.04432   -3.03331   -6.88675    2.00000
 179.94534    0.01258   23.49368   23.09065    0.05608    0.03095    6.45911    1.28957   -0.92839   -5.65546    2.00000
 180.00706    0.01705   22.96281   22.63305    0.01845    0.01019    9.76970   -4.98021    0.27526   -1.45427    2.00000
 179.88206   -0.07230   22.20244   21.94482    0.13833    0.07635   17.74795    0.74075   -0.78043    1.46456    2.00000
 179.97414    0.04858   23.71493   23.27578    0.05503    0.03037    5.52706   -3.02259   -1.66943   -3.80930    2.00000
 179.97229    0.02962   23.56389   23.15006    0.04056    0.02239    6.16001   -5.23200    0.72111   -1.22732    2.00000
 179.86295   -0.14668   21.95437   21.71441    0.20075    0.11080   21.87965   -1.16343   -2.99298   -5.32091    2.00000
 180.07603    0.01557   22.48409   22.20356    0.07761    0.04283   14.33448    1.41209   -1.92482   -2.62278    2.00000
 179.99911    0.01723   23.65880   23.22929    0.01725    0.00952    5.76114    0.65256    2.42827    5.94355    2.00000
 179.95404    0.05671   23.05621   22.71490    0.07299    0.04029    9.13308   -3.46791    0.03136    0.75228    2.00000
 179.97166   -0.01452   22.50753   22.22492    0.03183    0.01757   14.08017    0.31694   -2.11001   -1.48087    2.00000
 179.97705   -0.00280   22.84805   22.53076    0.02312    0.01276   10.56531    0.93987   -0.98316    0.85774    2.00000
 180.02843    0.01331   20.90583   20.56678    0.03139    0.01733   55.11226   -4.22855    1.48146   -2.83949    2.00000
 180.01236    0.10351   22.59845   22.30724    0.10424    0.05753   13.09987   -1.25873   -0.79779    1.07119    2.00000
 179.98267   -0.03151   23.08261   22.73797    0.03596    0.01985    8.95358   -4.63755    0.87247   -4.15213    2.00000
 179.97919    0.03680   23.78184   23.33111    0.04229    0.02334    5.24851    0.10994   -0.13421   -3.22708    2.00000
 179.99129   -0.08429   23.80327   23.34880    0.08474    0.04677    5.15945   -0.84625    2.68049    6.90368    2.00000
 179.94971    0.00148   21.03426   20.75999    0.05031    0.02777   47.87167    3.54115   -0.69124    2.65894    2.00000
 179.90720   -0.00138   21.45025   21.22834    0.09281    0.05123   32.87038    3.46401   -1.76151    0.76532    2.00000
 180.01895    0.00966   23.81994   23.36256    0.02127    0.01174    5.09017    4.52084   -0.00632    9.28144    2.00000
 179.98470   -0.03514   23.30095   22.92744    0.03833    0.02115    7.47988    1.07660   -2.36070   -2.86315    2.00000
 180.07330   -0.05515   23.62382   23.20013    0.09174    0.05063    5.90794   -0.45920   -1.93299   -7.43131    2.00000
 180.08066   -0.01309   23.77232   23.32325    0.08172    0.04510    5.28809   -0.16626    1.44060    0.69991    2.00000
 179.89952   -0.11310   22.43957   22.16298    0.15128    0.08350   14.81768   -3.91317    2.20083   -2.21415    2.00000
 180.00549   -0.01443   23.40165   23.01276    0.01544    0.00852    6.85129   -2.47043   -1.12218   -5.55205    2.00000
 180.02615    0.12628   21.46851   21.24699    0.12896    0.07118   32.37969   -0.88029    0.48024   -0.31158    2.00000
 180.00536    0.06783   23.44773   23.05177    0.06804    0.03756    6.65484    0.39653    1.15450    2.54949    2.00000
 179.90512   -0.11984   22.61149   22.31896    0.15286    0.08437   12.96034    7.56383   -1.47260    3.50996    2.00000
 180.56306    0.21430   23.72241   23.28198    0.60247    0.33253    5.49585    1.94493    1.92458   -1.97203    2.00000
 179.99434    0.01620   21.63455   21.41084    0.01716    0.00947   28.06991   -2.13795   -0.96310   -3.44404    2.00000
 179.99257    0.01073   23.75565   23.30949    0.01305    0.00720    5.35737    0.81841   -3.08254   -6.21659    2.00000
 179.99448   -0.00791   22.61931   22.32599    0.00965    0.00533   12.87662    2.82229    2.05331    2.54290    2.00000
 179.98589    0.07791   23.56125   23.14782    0.07918    0.04370    6.17127    4.03190    0.51402   -1.19441    2.00000
 179.81960   -0.02249   22.80473   22.49209    0.18180    0.10034   10.89881   -4.70738    3.97491   -1.44654    2.00000
 179.92056    0.08648   22.69496   22.39396    0.11742    0.06481   12.06724    1.79539   -1.46767   -0.54022    2.00000
 180.01393    0.02100   21.02179   20.74354    0.02520    0.01391   48.48790   -1.58275   -0.26113   -0.76491    2.00000
 179.93687    0.00388   23.18397   22.82636    0.06325    0.03491    8.26612   -3.21097   -4.19416  -13.84693    2.00000
 180.02553   -0.07357   22.78726   22.47648    0.07787    0.04298   11.08471    2.00643   -2.20556   -1.13721    2.00000
 179.96675    0.00376   21.40069   21.17771    0.03346    0.01847   34.20225    2.37508    0.95914    2.47884    2.00000
 180.09264   -0.29799   23.25711   22.88986    0.31206    0.17223    7.77218    0.31493   -0.11928   -4.09285    2.00000
 180.03326   -0.02312   22.10699   21.85723    0.04051    0.02236   19.31857   -2.28362   -0.11111   -1.39552    2.00000
 180.05115   -0.03372   22.88717   22.56563    0.06126    0.03381   10.29408   -0.67292    2.96357    4.65036    2.00000
 179.98425   -0.03802   23.84138   23.38025    0.04116    0.02272    5.00111   -2.22910    0.48525    5.61302    2.00000
 179.97681   -0.08574   23.30095   22.92744    0.08882    0.04902    7.47988    0.15817   -1.76171   -3.18788    2.00000
 180.03281   -0.26572   21.56836   21.34722    0.26774    0.14777   29.74333    0.27074   -2.34897   -2.96313    2.00000
 179.64053    0.06133   23.40165   23.01276    0.36465    0.20126    6.85129   -6.93106   -1.42007   -6.74976    2.00000
 180.06432    0.01401   22.60888   22.31662    0.06583    0.03633   12.98825   -1.98816    1.82573   -0.51446    2.00000
 179.99570    0.07937   22.00096   21.75779    0.07948    0.04387   21.10183   -0.54921   -2.07267   -3.30823    2.00000
 180.04642   -0.05429   22.13999   21.88758    0.07143    0.03942   18.77446    1.69772   -1.10231    0.09510    2.00000
 179.90076    0.00470   22.34371   22.07474    0.09936    0.05484   15.86841   -0.98582    2.15317    0.79315    2.00000
 180.09451   -0.17732   21.41895   21.19636    0.20094    0.11090   33.71156    1.13597   -2.41916   -1.51572    2.00000
 179.99577    0.08227   22.92108   22.59586    0.08238    0.04547   10.05901   -3.35802   -1.68358   -4.99618    2.00000
 180.01260    0.02518   20.27408   19.79838    0.02816    0.01554   97.17144   -2.64239   -0.49415   -3.12720    2.00000
 180.00455   -0.15534   21.61119   21.38838    0.15541    0.08577   28.66053   -3.16932   -1.77771   -4.26103    2.00000
 180.01707    0.03661   23.41253   23.02198    0.04040    0.02230    6.80485   -2.17188    1.32082    4.04191    2.00000
 180.01357    0.00104   23.45584   23.05863    0.01360    0.00750    6.62030    5.56812    1.04297    3.57870    2.00000
 179.81895    0.04952   22.27184   22.00861    0.18770    0.10359   16.65595    1.56157    0.04437    2.78437    2.00000
 180.06094   -0.08205   23.21810   22.85599    0.10221    0.05641    8.03562   -2.48476   -2.41969   -7.85103    2.00000
 180.07016   -0.21662   22.93934   22.61213    0.22770    0.12567    9.93244    2.97386   -4.20013   -0.65521    2.00000
 179.94650    0.06317   21.55668   21.33599    0.08277    0.04568   30.03864   -1.71871   -1.12324   -3.28120    2.00000
 179.98679    0.10937   23.78660   23.33504    0.11017    0.06080    5.22872   -3.00256    2.26715   -0.20385    2.00000
 180.02112    0.03665   23.39620   23.00814    0.04230    0.02335    6.87450   -3.89618   -4.92116   -5.89007    2.00000
 179.93814   -0.00817   23.83900   23.37828    0.06240    0.03444    5.01101   -1.44862    1.45710    4.33475    2.00000
 179.98969    0.03314   21.68479   21.45926    0.03471    0.01916   26.79611    0.58106   -3.77396   -3.53153    2.00000
 179.13017   -0.68333   22.71741   22.41403    1.10611    0.61056   11.82829    7.51840   -0.65958    9.86131    2.00000
 179.99535   -0.05699   23.23517   22.87081    0.05718    0.03156    7.92036    0.54678    1.82085    1.92156    2.00000
 179.92258    0.07447   22.71741   22.41403    0.10743    0.05929   11.82829   -0.65744    1.41689    0.80583    2.00000
 180.01965   -0.02340   21.32347   21.09747    0.03055    0.01686   36.31284    1.71486   -0.83693    1.55734    2.00000
 179.98332   -0.03399   22.90022   22.57726    0.03786    0.02090   10.20367   -0.00041    1.05143    2.97649    2.00000
 179.96701   -0.03536   23.48287   23.08150    0.04836    0.02669    6.50517   -2.01402   -0.58659   -3.79767    2.00000
 179.71503    0.29945   23.82709   23.36845    0.41338    0.22816    5.06049   -3.22760   -2.38323   -5.26333    2.00000
 179.99200   -0.12740   22.11009   21.86018    0.12766    0.07046   19.26570    1.84100    0.84451    2.87193    2.00000
 180.05598   -0.04466   22.43488   22.15871    0.07161    0.03952   14.86854   -2.15835    0.01737   -2.04956    2.00000
 179.96016    0.11658   21.43721   21.21502    0.12320    0.06800   33.22087   -0.71859   -1.05850   -2.06216    2.00000
 180.01208   -0.03549   23.00827   22.67295    0.03749    0.02069    9.45934   -2.16885   -0.48797   -0.22829    2.00000
 179.94566   -0.03678   21.41113   21.18837    0.06561    0.03621   33.92186    1.05853   -1.26515    0.35898    2.00000
 180.07941   -0.29320   21.99274   21.75013    0.30376    0.16765   21.23909    0.87315   -2.02994   -0.81754    2.00000
 179.96033    0.02902   22.59062   22.30021    0.04915    0.02713   13.18359   -9.06107   -1.14871   -9.09395    2.00000
 180.51070    0.69476   23.45584   23.05863    0.86226    0.47593    6.62030    3.48372   -1.44406   -0.13116    2.00000
 180.19556   -0.03018   23.53692   23.12724    0.19787    0.10921    6.27489   -5.22847    0.86525   -8.10097    2.00000
 179.88243    0.01723   22.01740   21.77310    0.11883    0.06558   20.82730    4.91820   -2.89007    1.95571    2.00000
 179.90714    0.04842   21.70861   21.48223    0.10474    0.05781   26.19207    1.17393    0.26198    1.29000    2.00000
 180.06633   -0.05792   22.25899   21.99679    0.08806    0.04860   16.81592   -6.96489    1.13952   -7.98801    2.00000
 179.95630    0.04015   21.31133   21.08454    0.05934    0.03275   36.65289    3.39306    0.78050    3.94472    2.00000
 180.02982    0.02043   22.55206   22.26550    0.03615    0.01995   13.59698   -0.12201   -0.49034   -1.86116    2.00000
 179.97028    0.02533   21.58004   21.35845    0.03905    0.02155   29.44802    2.52619   -3.16780   -0.28596    2.00000
 180.01996    0.03689   23.48827   23.08608    0.04194    0.02315    6.48214    2.13280    4.53172    7.62203    2.00000
 180.00636   -0.18745   23.09941   22.75266    0.18756    0.10352    8.83936    1.51721   -2.82443    3.06404    2.00000
 180.06934   -0.23072   19.30071   18.77685    0.24092    0.13297  186.32310    2.99828    1.73502    4.71354    2.00000
 179.93294   -0.10382   23.42341   23.03119    0.12360    0.06822    6.75847   -2.75458    0.98425   -0.39728    2.00000
 180.00130    0.02021   22.03932   21.79351    0.02025    0.01118   20.46127   -1.03989    0.36589   -0.78060    2.00000
 180.16351   -0.09231   23.48557   23.08379    0.18777    0.10364    6.49365    4.61239   -1.42762    3.43179    2.00000
 179.97684   -0.10504   22.63496   22.34005    0.10757    0.05937   12.70918    0.13785   -2.37504   -2.25304    2.00000
 180.04053   -0.04834   22.82723   22.51221    0.06307    0.03481   10.70962    2.53558    0.48578   -0.66873    2.00000
 179.88570    0.03134   23.23517   22.87081    0.11852    0.06542    7.92036   -0.40014   -1.24693   -2.77344    2.00000
 179.94505   -0.04286   22.98241   22.65027    0.06968    0.03846    9.63575    0.19686   -3.64095   -3.75324    2.00000
 179.89905    0.03833   21.86980   21.63532    0.10798    0.05960   23.29802    1.12121   -1.29750    1.28423    2.00000
 179.94643   -0.00365   17.69377   17.04559    0.05370    0.02964  467.22769    2.14680   -1.72446    0.40465    2.00000
 179.97639    0.00946   22.86892   22.54936    0.02543    0.01404   10.42065   -5.83280   -3.67061  -11.51477    2.00000
 180.00981   -0.03264   22.47472   22.19502    0.03408    0.01881   14.43621    4.09886    3.09594    7.47519    2.00000
 180.27484    0.29584   23.31455   22.93897    0.40381    0.22287    7.39021   -2.46259    0.49387    0.17522    2.00000
 180.20042    0.19667   23.82709   23.36845    0.28080    0.15498    5.06049    0.07444   -2.03617   -3.74653    2.00000
 180.06520    0.09456   21.73242   21.50519    0.11486    0.06339   25.63148    2.54948   -0.01224    2.81656    2.00000
 180.00900   -0.03121   23.58044   23.16390    0.03248    0.01793    6.09035    0.89532    0.99480    0.69980    2.00000
 180.10275    0.04964   21.59951   21.37716    0.11411    0.06298   28.95584   -2.89777    1.82685   -0.38258    2.00000
 180.15128    0.01743   21.88341   21.64807    0.15227    0.08404   23.06925   -2.55800   -0.29236   -1.95283    2.00000
 179.99962   -0.05237   22.30012   22.03459    0.05237    0.02890   16.34650   -1.08100   -2.44457   -2.37152    2.00000
 180.02657    0.07929   23.07301   22.72958    0.08362    0.04615    9.01885   -4.59572    2.88448   -1.34632    2.00000
 180.03239    0.02542   23.00719   22.67201    0.04118    0.02273    9.46669   -9.11967    1.87022   -7.15705    2.00000
 179.96001    0.05947   23.35266   22.97125    0.07167    0.03956    7.13912    2.50220   -0.55640    1.50272    2.00000
 180.00127   -0.00324   22.31491   22.04821    0.00348    0.00192   16.18439   -0.02554   -2.13696   -2.74720    2.00000
 180.02032   -0.00625   23.54233   23.13182    0.02127    0.01174    6.25187   -5.47767   -0.57153   -3.18346    2.00000
 179.87192   -0.04560   22.13780   21.88557    0.13595    0.07503   18.81038    3.97957   -1.45995    2.84241    2.00000
 180.01511    0.00587   21.15581   20.91194    0.01621    0.00895   42.17677    0.00353   -0.93379   -0.34271    2.00000
 179.99294   -0.00652   22.35091   22.08138    0.00961    0.00531   15.78942   -2.36308    0.16226   -0.94744    2.00000
 180.01593    0.08425   18.08533   17.90352    0.08574    0.04732  302.26718   -1.54017    0.99952   -0.54353    2.00000
 179.91582    0.00962   23.39620   23.00814    0.08472    0.04676    6.87450   -5.84887   -0.22635   -2.53442    2.00000
 179.98549    0.04625   23.29278   22.92052    0.04847    0.02675    7.53369    1.54468    0.34053    1.16706    2.00000
 179.98972    0.09895   22.71741   22.41403    0.09949    0.05491   11.82829   -1.06730    4.60580    2.70833    2.00000
 179.99118   -0.10411   22.95499   22.62608    0.10448    0.05767    9.82395    3.20141   -0.05404    3.19743    2.00000
 180.04945   -0.02114   23.81756   23.36059    0.05378    0.02968    5.10007   -4.43666   -0.03467   -2.00361    2.00000
 180.14464    0.06517   23.20591   22.84541    0.15864    0.08756    8.11794   -2.91923    3.28638    0.14443    2.00000
 180.03986    0.02588   22.94195   22.61445    0.04751    0.02622    9.91436   -2.81400    1.55598    0.79088    2.00000
 180.06992   -0.04879   23.62703   23.20281    0.08526    0.04705    5.89443    0.06004   -0.38827    1.72674    2.00000
 179.98915    0.10435   23.83900   23.37828    0.10491    0.05790    5.01101   -3.45074   -0.07020  -12.54383    2.00000
 179.97668   -0.05002   22.97918   22.64744    0.05518    0.03046    9.65780    5.60777    3.37899    8.01380    2.00000
 179.99933   -0.09969   22.78477   22.47425    0.09969    0.05502   11.11126    1.81264   -3.01524   -3.99203    2.00000
 180.06145    0.06563   22.87674   22.55634    0.08990    0.04962   10.36640   -1.82287   -1.95196   -5.42599    2.00000
 180.00513    0.00178   23.43692   23.04263    0.00543    0.00300    6.70090   -1.90730   -1.06746   -4.76298    2.00000
 179.98511   -0.01710   23.11862   22.76944    0.02268    0.01252    8.70881    0.54966    0.22375    1.54697    2.00000
 180.00458    0.01083   22.76231   22.45417    0.01176    0.00649   11.35027    0.60181   -1.01572    0.38096    2.00000
 179.99677   -0.00549   23.71119   23.27268    0.00637    0.00351    5.54267    1.90400    2.37204   11.39358    2.00000
 179.98911   -0.01732   22.10621   21.85650    0.02046    0.01129   19.33179    0.14206   -0.10144   -1.16187    2.00000
 180.03540   -0.03735   23.17665   22.82001    0.05146    0.02840    8.31552   -0.67345   -2.58072   -5.53629    2.00000
 179.99506    0.05715   22.02836   21.78330    0.05737    0.03166   20.64429   -1.83718   -0.55336   -2.67388    2.00000
 180.03229   -0.06820   21.80993   21.57918    0.07545    0.04164   24.30461    1.23093   -0.49770   -0.68066    2.00000
 180.00900    0.01533   23.51260   23.10666    0.01778    0.00981    6.37852   -0.93146   -0.23024   -6.04850    2.00000
 180.01447   -0.03865   22.88978   22.56796    0.04127    0.02278   10.27600    2.15902   -1.03729   -2.79508    2.00000
 180.00778    0.04650   23.64955   23.22162    0.04714    0.02602    5.79973   -0.22386    0.11690    2.12014    2.00000
 179.97906    0.02003   22.16630   21.91162    0.02897    0.01599   18.34335   -0.09071   -3.03108   -2.41971    2.00000
 179.86447   -0.12622   23.33088   22.95280    0.18520    0.10222    7.28260   -1.69293   -1.70524   -5.30147    2.00000
 179.85474   -0.17197   21.91063   21.67359    0.22511    0.12424   22.61171   -5.06715   -1.12980   -6.23901    2.00000
 180.05568   -0.07778   22.16968   21.91471    0.09566    0.05279   18.28787   -1.23580   -0.31424   -1.39512    2.00000
 180.09276   -0.09437   22.10776   21.85797    0.13232    0.07303   19.30536   -3.46427   -0.41576   -4.06020    2.00000
 180.04169    0.00462   23.11862   22.76944    0.04194    0.02315    8.70881   -2.04764    1.86264   -3.25014    2.00000
 179.98022    0.00981   23.78660   23.33504    0.02208    0.01219    5.22872    3.50294    1.18125    3.28625    2.00000
 180.06252   -0.02078   21.00631   20.72257    0.06588    0.03636   49.27392    2.86963    0.21005    3.25242    2.00000
 180.34006    0.45763   21.34976   21.12548    0.57013    0.31468   35.57606   -1.86728    1.78243    0.72820    2.00000
 180.07742   -0.00467   21.20594   20.97017    0.07757    0.04281   39.99447    3.20601   -0.80027    2.64123    2.00000
 180.02031    0.02282   23.35810   22.97586    0.03055    0.01686    7.10325    0.56437    0.51010    0.43609    2.00000
 180.09807    0.10802   23.43692   23.04263    0.14589    0.08052    6.70090   -4.02312    1.94316   -6.08623    2.00000
 180.04501    0.07471   22.53800   22.25268    0.08722    0.04814   13.74957   -0.95441   -2.07089   -6.64435    2.00000
 179.42091   -0.08742   22.97379   22.64271    0.58565    0.32325    9.69455   -0.83802   -2.02097   -2.22093    2.00000
 179.93266    0.02359   19.14344   18.61063    0.07134    0.03938  204.70618    1.46089    0.53991    2.02169    2.00000
 180.12399    0.07450   22.21787   21.95899    0.14466    0.07984   17.49376   -4.03664    1.14387   -4.53824    2.00000
 179.95033    0.02513   22.40852   22.13445    0.05567    0.03072   15.15746   -0.11358    2.47055    1.73284    2.00000
 180.01881    0.04233   21.66362   21.43885    0.04632    0.02556   27.33304   -2.58765    1.86166   -1.11371    2.00000
 179.86176    0.15448   20.78702   20.37898    0.20731    0.11442   63.85181    3.18072    0.02351    3.38803    2.00000
 179.95573   -0.02208   23.53152   23.12267    0.04948    0.02731    6.29792   -4.98384    3.88744   -1.42558    2.00000
 180.04897   -0.05369   22.59845   22.30724    0.07266    0.04010   13.09987    0.38319    2.55767    3.47758    2.00000
 180.10957   -0.05310   21.36418   21.14040    0.12176    0.06720   35.18363    7.56761   -0.28826    7.31265    2.00000
 179.94514   -0.04514   22.97702   22.64555    0.07104    0.03921    9.67250    5.99192    3.56391    8.30658    2.00000
 179.93175    0.00002   21.24864   21.01775    0.06826    0.03767   38.40983   -2.66109    0.05631   -2.90899    2.00000
 180.06142    0.09494   22.69234   22.39161    0.11307    0.06241   12.09523    9.48023    3.61080   13.14347    2.00000
 180.04811   -0.01383   22.69496   22.39396    0.05006    0.02763   12.06724    9.97153   -0.98233    9.44606    2.00000
 180.32579   -0.27974   23.00396   22.66917    0.42941    0.23701    9.48874    4.58427   -1.01620    4.52813    2.00000
 180.00188    0.00586   21.37200   21.14839    0.00615    0.00340   34.97333   -2.49248    1.07903   -1.42067    2.00000
 179.94016    0.00192   23.02500   22.68763    0.05988    0.03305    9.34521    1.96205    1.49948    2.24297    2.00000
 179.86340    0.04743   23.64470   23.21757    0.14459    0.07980    5.82011   -2.70022    2.41462   -2.90016    2.00000
 180.01811   -0.04071   21.98177   21.73993    0.04456    0.02459   21.42210    3.73026   -2.60404    2.02075    2.00000
 179.94507    0.03475   23.24248   22.87716    0.06500    0.03588    7.87097   -1.62091    1.05489   -0.68563    2.00000
 180.05728   -0.07905   22.81720   22.50324    0.09762    0.05388   10.77940    0.35500    0.72645   -0.19990    2.00000
 179.97893   -0.01092   22.51690   22.23346    0.02373    0.01310   13.97845   -4.65350   -2.08333   -6.78022    2.00000
 179.91875   -0.00109   23.80804   23.35273    0.08126    0.04485    5.13965   -6.81316   -0.79813   -4.35515    2.00000
 180.06454   -0.05470   22.89500   22.57261    0.08461    0.04670   10.23983    3.82052    1.52199    3.86363    2.00000
 180.06717    0.04753   23.81756   23.36059    0.08229    0.04542    5.10007    1.72097    0.30602    1.26903    2.00000
 180.04759    0.06690   22.97810   22.64649    0.08210    0.04531    9.66515    5.10859    1.08550    5.02780    2.00000
 180.04890    0.01345   23.79613   23.34290    0.05072    0.02799    5.18913   -3.13166    2.28404    0.51433    2.00000
 179.96227   -0.00252   22.44425   22.16725    0.03782    0.02087   14.76681   -3.14556   -2.96093   -6.58597    2.00000
 180.02902    0.00983   23.17421   22.81789    0.03064    0.01691    8.33198    1.96668    1.52377    1.83702    2.00000
 179.91283   -0.10307   23.47476   23.07464    0.13499    0.07450    6.53971    2.95158    3.79933   11.42863    2.00000
 179.64989   -0.04684   23.16690   22.81154    0.35324    0.19496    8.38138    1.73356    1.86014    4.85069    2.00000
 180.07751   -0.04582   23.81756   23.36059    0.09004    0.04969    5.10007   -4.02968   -3.41257   -9.49013    2.00000
 180.05177   -0.01594   22.27184   22.00861    0.05417    0.02990   16.65595   -5.15595   -1.28738   -5.36556    2.00000
 179.95277   -0.03044   21.94889   21.70931    0.05619    0.03101   21.97115   -2.01454   -0.83174   -3.95573    2.00000
 180.01996    0.05955   22.84805   22.53076    0.06281    0.03466   10.56531   -1.91194    3.07167   -2.43320    2.00000
 180.14812    0.16198   23.14022   22.78832    0.21949    0.12114    8.56195   -3.38718    1.22996   -1.88411    2.00000
 179.99895   -0.01573   23.29006   22.91822    0.01577    0.00870    7.55162    4.03323    1.34021    9.72800    2.00000
 179.96832    0.02292   23.79613   23.34290    0.03910    0.02158    5.18913   -3.46065    1.89363   -4.30649    2.00000
 179.87959   -0.02734   23.37715   22.99200    0.12347    0.06815    6.97770    3.74477   -0.48203    0.92448    2.00000
 179.95625   -0.02034   20.91984   20.58963    0.04823    0.02662   54.25592    1.98858   -0.11903    1.99846    2.00000
 180.07394   -0.05583   23.77946   23.32914    0.09265    0.05114    5.25841    0.06509   -0.17237   -4.51140    2.00000
 180.57468    0.00545   22.39892   22.12560    0.57470    0.31720   15.26279    1.72888    2.04238    2.58256    2.00000
 179.98944    0.07887   23.04181   22.70231    0.07957    0.04392    9.23099    2.56461    1.18781    3.20267    2.00000
 180.04974   -0.01868   23.40981   23.01967    0.05314    0.02933    6.81646    0.45244    1.20929   -2.19361    2.00000
 179.89671   -0.05134   23.45584   23.05863    0.11534    0.06366    6.62030    2.31592    0.16069    2.96867    2.00000
 179.93690    0.02615   23.26198   22.89410    0.06830    0.03770    7.73925   -0.92999   -1.24927   -6.87660    2.00000
 180.00117   -0.02595   21.44764   21.22568    0.02597    0.01434   32.94048   -0.91811    1.32270    0.96860    2.00000
 180.00323    0.01204   20.78702   20.37898    0.01247    0.00688   63.85181   -5.02828   -1.27847   -6.30045    2.00000
 179.93092   -0.17196   23.07301   22.72958    0.18531    0.10228    9.01885    6.16290   -0.72908    7.25788    2.00000
 180.09621    0.05434   22.78726   22.47648    0.11048    0.06098   11.08471   -1.48459    1.20910   -2.01945    2.00000
 180.02020   -0.01263   21.80721   21.57663    0.02382    0.01315   24.35037    1.10108   -1.45240   -0.17152    2.00000
 179.88243   -0.19797   21.42156   21.19903    0.23025    0.12708   33.64146   -2.30890   -1.14887   -3.34404    2.00000
 179.99458    0.10357   21.47111   21.24966    0.10371    0.05724   32.30959    1.87556    0.24335    2.20857    2.00000
 180.04929    0.09012   21.96259   21.72207    0.10272    0.05669   21.74238   -3.81934   -0.67778   -3.81231    2.00000
 179.57324   -0.21104   20.55820   20.10396    0.47609    0.26277   78.02465    5.38122    0.88770    6.60598    2.00000
 179.93977   -0.05670   23.39348   23.00584    0.08272    0.04565    6.88611    0.57674   -1.59813    1.82767    2.00000
 180.05283    0.02245   23.19859   22.83906    0.05739    0.03168    8.16734   -5.57638   -1.08176   -8.64868    2.00000
 179.92355    0.01489   22.80223   22.48986    0.07789    0.04299   10.92537   -0.46953   -0.58315    0.30411    2.00000
 180.10078    0.16093   21.34774   21.12333    0.18989    0.10481   35.63274    1.73697   -0.69358    0.46092    2.00000
 180.03493   -0.03058   22.21529   21.95663    0.04642    0.02562   17.53613    1.36089   -0.58566    1.02475    2.00000
 180.07205    0.00190   23.20835   22.84753    0.07208    0.03978    8.10148    2.90780    0.15897    3.04829    2.00000
 180.11130    0.14374   22.52862   22.24414    0.18179    0.10033   13.85129   -6.66212   -0.58637   -7.72973    2.00000
 179.99524   -0.04273   22.40852   22.13445    0.04300    0.02373   15.15746    2.89110   -0.59721    3.06881    2.00000
 180.02957    0.01960   23.54233   23.13182    0.03547    0.01958    6.25187    1.27099    1.62613   -0.20605    2.00000
 180.06438   -0.00850   22.68191   22.38224    0.06492    0.03583   12.20686   -2.83682    1.91383   -2.81450    2.00000
 179.88937   -0.03526   20.92630   20.60018    0.11610    0.06408   53.86068   -1.51335   -0.21042   -1.77822    2.00000
 179.98938    0.01981   22.47941   22.19929    0.02247    0.01240   14.38535   -4.37256   -2.28061   -5.28740    2.00000
 180.00781    0.00576   21.94615   21.70676    0.00970    0.00536   22.01691   -2.26635    0.99944   -1.58270    2.00000
 180.00563    0.03067   22.73737   22.43187    0.03119    0.01721   11.61584   -2.07554    0.58535   -3.65527    2.00000
 180.03241    0.02555   22.35091   22.08138    0.04127    0.02278   15.78942    2.40052    2.56990    5.32218    2.00000
 179.99304   -0.03812   22.62975   22.33537    0.03875    0.02139   12.76499    0.04529    0.04670    1.29474    2.00000
 180.00514    0.03145   23.82709   23.36845    0.03187    0.01759    5.06049   -0.63872    0.12206   -4.46525    2.00000
 179.98502   -0.08668   22.71242   22.40957    0.08797    0.04855   11.88140    3.26201    4.76239    7.92814    2.00000
 180.08527    0.10577   22.77229   22.46309    0.13586    0.07498   11.24404   -4.03086    2.30079   -2.83803    2.00000
 180.04474   -0.04222   22.74734   22.44079    0.06151    0.03395   11.50961    5.94415   -1.63174    4.72956    2.00000
 179.98112    0.03920   23.66067   23.23084    0.04350    0.02401    5.75334   -3.33912    0.63201   -5.89180    2.00000
 180.02164   -0.00253   22.95760   22.62840    0.02178    0.01202    9.80587   -3.86250    3.12508   -0.20542    2.00000
 180.01083    0.02330   23.77708   23.32718    0.02570    0.01418    5.26830   -1.95144   -1.16979    0.42272    2.00000
 179.90102    0.04315   21.58783   21.36593    0.10798    0.05960   29.25115   -1.57950    3.20617    2.33766    2.00000
 179.99026   -0.04631   20.96993   20.66899    0.04732    0.02612   51.28198   -3.27899   -0.55345   -3.79540    2.00000
 179.82738    0.03716   22.30012   22.03459    0.17657    0.09746   16.34650   -5.88166    1.17943   -3.48102    2.00000
 180.01921   -0.00164   21.98451   21.74248    0.01928    0.01064   21.37635    0.85997   -1.22946   -0.69006    2.00000
 179.92522    0.11599   23.72241   23.28198    0.13800    0.07617    5.49585   -1.44772   -2.60885    5.01704    2.00000
 180.00584    0.06025   23.49098   23.08836    0.06054    0.03341    6.47062    6.14786    2.29029   12.09549    2.00000
 180.03638    0.02177   21.69273   21.46692    0.04240    0.02340   26.59476    1.95502    0.15852    1.54982    2.00000
 179.90329   -0.03379   23.67564   23.24323    0.10244    0.05654    5.69092    1.76600    2.44142    0.83921    2.00000
 179.96858    0.11034   21.02179   20.74354    0.11473    0.06332   48.48790    3.27409    1.85962    5.32377    2.00000
 179.96419    0.00660   20.68081   20.24553    0.03643    0.02010   70.72916   -5.59573    2.48108   -2.98224    2.00000
 180.02383    0.03821   22.78477   22.47425    0.04504    0.02486   11.11126   -1.19075   -2.41003   -6.54751    2.00000
 180.03246    0.01002   23.44233   23.04720    0.03397    0.01875    6.67787   -4.24148   -0.39144   -1.02574    2.00000
 180.12424   -0.08688   23.83185   23.37239    0.15160    0.08367    5.04069   -6.78678    2.40922    1.82665    2.00000
 180.06026    0.07007   22.87413   22.55401    0.09241    0.05100   10.38449   -0.52675    1.07319    0.96472    2.00000
 179.92467   -0.02792   21.30931   21.08239    0.08035    0.04435   36.70957   -0.51576    0.69835   -0.09519    2.00000
 180.03683   -0.07714   23.57562   23.15987    0.08548    0.04718    6.11062    3.53809   -2.52393    2.77011    2.00000
 179.94572    0.02968   23.82947   23.37042    0.06186    0.03414    5.05059  -10.36595   -1.56450  -15.39022    2.00000
 179.94431    0.15704   21.27291   21.04361    0.16663    0.09197   37.72973    4.03401    4.62737    8.47544    2.00000
 179.94484   -0.00387   23.52611   23.11809    0.05530    0.03052    6.32095    4.83204    1.13429    5.91593    2.00000
 179.91646   -0.27773   23.17421   22.81789    0.29002    0.16007    8.33198    2.26030   -0.73360    4.22682    2.00000
 179.96812    0.09326   22.73986   22.43410    0.09856    0.05440   11.58928    4.22092    0.00116    3.61640    2.00000
 179.98454   -0.07122   22.80223   22.48986    0.07288    0.04022   10.92537   -2.27917   -5.66742   -8.57247    2.00000
 179.95107    0.04020   23.69622   23.26028    0.06333    0.03495    5.60509    1.23475    2.21273   -3.20349    2.00000
 179.93484    0.00238   22.20758   21.94954    0.06520    0.03599   17.66322    1.71801   -1.54935    1.20630    2.00000
 179.93452    0.01985   23.15227   22.79884    0.06843    0.03777    8.48017    1.93728    0.22300   -1.25422    2.00000
 180.00015    0.00917   22.94456   22.61678    0.00917    0.00506    9.89627   -4.71268   -0.54660   -4.42172    2.00000
 180.07658   -0.03104   20.80709   20.40514    0.08263    0.04561   62.50336    0.47700    1.66868    2.28267    2.00000
 180.06882   -0.00285   20.93923   20.62127    0.06887    0.03801   53.07021   -2.81358    0.00045   -2.95021    2.00000
 180.05449   -0.06289   21.78005   21.55112    0.08321    0.04593   24.80791    3.16318    1.06876    4.64401    2.00000
 180.02338    0.04139   21.97081   21.72972    0.04754    0.02624   21.60512   -1.54202    2.24834    1.65336    2.00000
 179.86691   -0.05735   23.25467   22.88774    0.14492    0.07998    7.78864   -0.90144    0.87986   -2.29452    2.00000
 180.01913    0.05408   21.69802   21.47202    0.05737    0.03166   26.46053   -2.96688   -2.01613   -4.08576    2.00000
 179.94286    0.03118   21.68479   21.45926    0.06510    0.03593   26.79611    2.19249   -1.79071   -0.38598    2.00000
 179.83913   -0.06125   23.70557   23.26803    0.17213    0.09501    5.56608    2.28622    6.23476    9.52234    2.00000
 180.03175   -0.01602   21.46851   21.24699    0.03558    0.01964   32.37969    4.17431    0.88302    5.18771    2.00000
 180.01767   -0.04753   22.40612   22.13224    0.05071    0.02799   15.18380   -2.87210   -1.90868   -3.42658    2.00000
 179.92081    0.18824   20.31861   19.84542    0.20422    0.11272   93.95416    3.97111   -0.22220    3.74102    2.00000
 180.04916   -0.04382   21.24555   21.01443    0.06585    0.03634   38.49707    0.63174   -1.76828   -1.02991    2.00000
 180.01575   -0.03797   21.59951   21.37716    0.04111    0.02269   28.95584   -1.96001    0.83913   -1.24963    2.00000
 180.02002   -0.16118   21.94341   21.70421    0.16242    0.08964   22.06266    1.68244   -1.41385    0.88098    2.00000
 179.93996   -0.00470   23.08261   22.73797    0.06023    0.03324    8.95358    3.55863   -3.42288   -3.54211    2.00000
 179.92703    0.03541   22.50987   22.22705    0.08111    0.04477   14.05474   -2.94800   -2.30789   -6.95549    2.00000
 179.94402   -0.16061   22.75483   22.44748    0.17009    0.09388   11.42994    1.09178   -3.26160   -4.27043    2.00000
 179.83711    0.05442   23.17909   22.82212    0.17173    0.09478    8.29905   -6.95470   -3.56186  -17.02876    2.00000
 179.95711    0.03187   22.82979   22.51449    0.05345    0.02950   10.69188    1.15579    0.05022    2.11320    2.00000
 179.99583    0.00127   23.60775   23.18671    0.00436    0.00241    5.97550   -2.36364    0.19887    2.86469    2.00000
 179.98428   -0.00371   23.40709   23.01737    0.01615    0.00891    6.82807   -4.35991    2.66581    0.75726    2.00000
 180.00865   -0.03340   22.74734   22.44079    0.03450    0.01904   11.50961   -0.27945   -0.90313    0.40542    2.00000
 179.98360    0.04716   23.72054   23.28043    0.04993    0.02756    5.50366    0.82288    3.23667    4.80781    2.00000
 179.97444    0.05524   22.00918   21.76544    0.06087    0.03359   20.96456    2.72641    0.64248    2.32452    2.00000
 179.97778   -0.07494   17.89172   17.91199    0.07817    0.04314  300.82224   -3.70362    1.06499   -2.67198    2.00000
 180.04947    0.14146   22.44191   22.16512    0.14986    0.08271   14.79225    4.00287    1.03149    5.65012    2.00000
 179.98734   -0.01752   22.90022   22.57726    0.02161    0.01193   10.20367    3.55045    1.67882    5.48913    2.00000
 180.49329    0.86460   21.03052   20.75505    0.99541    0.54944   48.05654   -2.71666   -0.51399   -2.53835    2.00000
 180.07007   -0.01162   21.46329   21.24166    0.07103    0.03920   32.51989    2.99915    0.27684    2.74211    2.00000
 180.02296   -0.06926   23.66628   23.23548    0.07297    0.04027    5.72993   -6.48738    4.27076   -4.21271    2.00000
 180.28380   -0.31743   22.05029   21.80372    0.42580    0.23501   20.27825    9.95376   -0.82090    8.89468    2.00000
 179.92073   -0.01429   21.39808   21.17504    0.08055    0.04446   34.27235   -1.47354   -1.47634   -3.35588    2.00000
 180.02208   -0.09396   23.11622   22.76735    0.09652    0.05327    8.72513    2.34770    1.18767    2.60162    2.00000
 179.97096   -0.08984   23.09701   22.75056    0.09441    0.05211    8.85567    2.29757    2.95770    4.97211    2.00000
 180.05736    0.08483   23.05381   22.71280    0.10240    0.05652    9.14940   -1.59879   -0.26919   -0.59253    2.00000
 180.00781   -0.03390   23.69996   23.26338    0.03479    0.01920    5.58948   -0.76463   -2.34868   -7.27652    2.00000
 179.97910    0.03497   23.59169   23.17329    0.04074    0.02248    6.04306   -4.85559    0.87118   -0.95703    2.00000
 179.99312   -0.01118   23.48287   23.08150    0.01313    0.00725    6.50517   -4.91030   -4.08966  -16.48586    2.00000
 179.96123   -0.04829   23.46665   23.06778    0.06193    0.03418    6.57425   -1.58858   -0.25567   -5.17829    2.00000
 180.20999    0.10306   21.63260   21.40897    0.23391    0.12910   28.11913   -5.26342    0.58733   -4.46831    2.00000
 180.08411   -0.11128   20.87996   20.52307    0.13949    0.07699   56.75038    2.54217    0.98697    3.24819    2.00000
 180.02876   -0.03229   23.79375   23.34094    0.04325    0.02387    5.19903   -4.03255    1.95033   -0.60007    2.00000
 179.96278   -0.03581   23.64149   23.21489    0.05165    0.02850    5.83362    1.37764   -1.18972   -4.12384    2.00000
 180.01753   -0.00358   22.79475   22.48317    0.01790    0.00988   11.00504   -0.78353   -2.92023   -3.37858    2.00000
 179.96819    0.15043   22.58019   22.29084    0.15376    0.08486   13.29522   -5.30026    2.01675   -1.65348    2.00000
 180.00520    0.02629   23.22054   22.85811    0.02680    0.01479    8.01915    3.11373   -0.89895    1.76076    2.00000
 180.00768    0.49938   21.02928   20.75341    0.49944    0.27566   48.11816    7.86321   -0.14667    7.85268    2.00000
 179.92535    0.18684   22.25385   21.99207    0.20119    0.11104   16.90065   -2.14865   -0.55245   -3.31374    2.00000
 180.06982   -0.04547   23.45044   23.05406    0.08333    0.04599    6.64333   -4.14004   -2.09027   -9.29661    2.00000
 180.00150    0.01925   22.21529   21.95663    0.01930    0.01065   17.53613    1.07240    2.46632    5.83951    2.00000
 180.08936   -0.16841   21.92698   21.68891    0.19064    0.10522   22.33690   -5.66196    1.26972   -3.29967    2.00000
 179.99896   -0.06975   21.45025   21.22834    0.06976    0.03850   32.87038    5.43258   -1.39970    4.05811    2.00000
 180.11314   -0.09523   21.29111   21.06300    0.14788    0.08162   37.21965   -3.22148   -1.33383   -4.34578    2.00000
 180.02255   -0.02665   23.37171   22.98739    0.03492    0.01927    7.01357    2.43327    0.93057    0.81269    2.00000
 179.94429    0.02340   23.56759   23.15316    0.06042    0.03335    6.14439    0.23130    2.16387    6.61118    2.00000
 180.00035    0.07674   22.31011   22.04378    0.07675    0.04236   16.23705   -4.80860   -0.97159   -4.54136    2.00000
 179.94292    0.08744   21.32953   21.10393    0.10442    0.05763   36.14281   -2.88323   -4.01398   -6.43698    2.00000
 179.99350   -0.00572   21.79088   21.56132    0.00866    0.00478   24.62489    1.69093    0.20541    0.69635    2.00000
 179.97395   -0.03072   23.17178   22.81577    0.04027    0.02223    8.34845   -4.09087   -0.82499   -4.45222    2.00000
 180.14018    0.16273   23.21322   22.85176    0.21479    0.11855    8.06855   -7.21975   -0.99819   -8.73453    2.00000
 180.02097    0.03905   21.49643   21.27553    0.04433    0.02447   31.62912    2.58672    0.55716    3.19123    2.00000
 179.96333    0.03790   22.17417   21.91883    0.05274    0.02911   18.21397   -2.99284   -1.15319   -4.38182    2.00000
 179.89986    0.06033   23.71867   23.27888    0.11691    0.06453    5.51146    6.30460   -4.67694   -0.23088    2.00000
 180.05524   -0.03421   22.99426   22.66067    0.06498    0.03586    9.55489   -0.02428    2.86401    1.51975    2.00000
 179.96159    0.02192   23.16202   22.80731    0.04421    0.02440    8.41431   -2.38503   -1.19498   -4.31224    2.00000
 179.99469    0.02181   21.94615   21.70676    0.02245    0.01239   22.01691    0.79369    3.34763    3.10833    2.00000
 179.98045    0.01202   23.81518   23.35863    0.02294    0.01266    5.10997    0.63305    1.03647   -1.74402    2.00000
 180.03059    0.04427   22.20501   21.94718    0.05381    0.02970   17.70559   -0.88855   -0.39626   -1.18097    2.00000
 180.03548    0.10660   22.06125   21.81392    0.11235    0.06201   20.09524   -7.51531   -1.95612   -7.49365    2.00000
 179.99773    0.00441   23.28734   22.91591    0.00496    0.00274    7.56956    3.11479   -1.60925    3.35958    2.00000
