#RA        DEC       MAG_G     MAG_I     ANGSEP    RPROJ     SNR       VTRUE       VSYS       VMEAS      VSYSERR    
 180.00133   -0.00437   23.38259   22.99661    0.00457    0.00252    6.94184    2.38115    0.50982    3.56210    2.00000
 179.92763    0.03156   22.32211   22.05484    0.07896    0.04358   16.10540   -3.94965   -3.87447   -7.71597    2.00000
 180.05643    0.01864   23.00719   22.67201    0.05942    0.03280    9.46669   -1.68992   -2.91372   -2.25590    2.00000
 180.00478    0.02924   22.19216   21.93537    0.02963    0.01635   17.91741    2.40640   -0.89921    2.51463    2.00000
 179.67970   -0.00689   23.71493   23.27578    0.32037    0.17682    5.52706    3.82661    1.80640    8.79707    2.00000
 180.04311    0.14955   22.16739   21.91262    0.15563    0.08590   18.32539    7.97474    2.87575    9.57963    2.00000
 180.04701   -0.01559   23.67189   23.24013    0.04953    0.02734    5.70652   -2.36797    0.74340    1.87519    2.00000
 179.99225    0.02762   17.53830   16.87244    0.02869    0.01583  510.42575   -1.11014    0.45026   -0.67054    2.00000
 180.02431   -0.09114   23.21078   22.84964    0.09432    0.05206    8.08501    2.90404    1.03674    5.31555    2.00000
 180.05190   -0.02683   20.45427   19.99114    0.05842    0.03224   83.98769   -4.84049   -1.57313   -6.39935    2.00000
 180.05478   -0.00882   21.51065   21.29004    0.05549    0.03063   31.24731    3.33668    0.98615    4.46489    2.00000
 179.92770   -0.07670   22.61410   22.32131    0.10540    0.05817   12.93243   -0.64545   -0.98009   -1.92339    2.00000
 180.08192   -0.01061   22.47003   22.19075    0.08260    0.04559   14.48707   -2.50656    0.24309   -1.92441    2.00000
 179.96626   -0.00953   23.55044   23.13868    0.03506    0.01935    6.21732    0.96050    0.34323   -3.83933    2.00000
 179.91838    0.03399   22.77728   22.46756    0.08841    0.04880   11.19093   -0.23537   -2.43355   -5.91774    2.00000
 179.97517   -0.09031   23.83185   23.37239    0.09366    0.05170    5.04069   -0.73747   -0.18595   -3.06095    2.00000
 179.94768    0.04664   23.52071   23.11352    0.07010    0.03869    6.34397   -2.64443   -1.61174   -8.97182    2.00000
 180.02869   -0.00427   22.40372   22.13003    0.02901    0.01601   15.21013   -1.18222    2.40311    2.39238    2.00000
 180.02908   -0.01315   22.51925   22.23560    0.03192    0.01762   13.95302   -1.60918   -0.03219   -2.32054    2.00000
 179.93985    0.03524   22.71491   22.41180    0.06972    0.03848   11.85484   -5.46164    0.25793   -6.99513    2.00000
 180.09734    0.00430   23.48287   23.08150    0.09743    0.05377    6.50517    5.16937    2.15640    5.31299    2.00000
 179.99940   -0.01745   20.62672   20.18168    0.01746    0.00964   74.01955   -0.08697    4.59868    4.79339    2.00000
 180.01572   -0.03402   23.37171   22.98739    0.03748    0.02069    7.01357   -3.16633    0.10242   -7.53505    2.00000
 180.02647    0.03729   22.77479   22.46533    0.04574    0.02524   11.21749    3.48199    2.82408    8.28713    2.00000
 179.99968    0.00299   21.26078   21.03068    0.00301    0.00166   38.06978    1.61982   -2.28659    0.07500    2.00000
 179.96255    0.01925   22.21529   21.95663    0.04210    0.02323   17.53613    0.34164    3.16598    5.71429    2.00000
 180.02393    0.00798   22.77229   22.46309    0.02521    0.01392   11.24404    0.20242    1.21182    1.88114    2.00000
 179.95934   -0.03015   23.43422   23.04034    0.05062    0.02794    6.71241   -0.22871    0.15121   -2.35658    2.00000
 179.98418   -0.01169   23.04661   22.70651    0.01968    0.01086    9.19835   -0.39725    0.31365    2.67101    2.00000
 179.94798   -0.05082   22.08607   21.83733    0.07271    0.04013   19.67546    3.01121   -1.85949    1.30442    2.00000
 179.99094    0.01335   23.03941   22.70021    0.01613    0.00890    9.24730   -1.51320    3.72224    1.79737    2.00000
 179.94044   -0.01988   18.70272   18.14022    0.06278    0.03465  266.49789   -2.31701    1.16794   -1.11849    2.00000
 179.94643    0.01286   23.61257   23.19074    0.05510    0.03041    5.95523    1.64650   -3.20653    2.74170    2.00000
 179.92696    0.02987   21.35398   21.12998    0.07891    0.04355   35.45781   -1.07034   -3.35085   -4.69681    2.00000
 180.05115   -0.05754   23.01688   22.68051    0.07699    0.04249    9.40053    0.60239   -2.49845   -1.78969    2.00000
 180.01505   -0.01965   23.26930   22.90045    0.02474    0.01366    7.68986   -0.77957   -4.42063   -8.62454    2.00000
 180.02844    0.01141   21.78816   21.55877    0.03066    0.01692   24.67064   -0.28612   -2.13430   -3.16847    2.00000
 180.08176   -0.19571   23.14262   22.79042    0.21210    0.11706    8.54564    1.87405    1.99675    2.66759    2.00000
 180.00951   -0.02322   21.46590   21.24433    0.02509    0.01385   32.44979   -0.67767   -0.34455   -0.91072    2.00000
 179.90436    0.07103   21.36939   21.14573    0.11913    0.06575   35.04343   -2.47170    1.47015   -1.59566    2.00000
 180.19594   -0.26821   23.54233   23.13182    0.33216    0.18333    6.25187    0.97440   -0.59516  -10.96408    2.00000
 180.03024   -0.06274   23.28190   22.91130    0.06966    0.03844    7.60543   -5.21415    0.77856  -10.89844    2.00000
 180.00510   -0.06645   23.69809   23.26183    0.06665    0.03679    5.59729   -2.46747   -0.16837   -2.46906    2.00000
 180.06157    0.02325   23.69435   23.25873    0.06581    0.03632    5.61289    1.38031    1.68215    7.73948    2.00000
 179.95061   -0.08411   23.28734   22.91591    0.09755    0.05384    7.56956    0.69092    1.98564    6.65194    2.00000
 180.04303   -0.04911   23.45854   23.06092    0.06529    0.03604    6.60879    1.32160   -1.15528    7.00107    2.00000
 179.97829   -0.04630   21.34571   21.12117    0.05114    0.02822   35.68941   -0.11197   -0.56963   -1.16895    2.00000
 180.02901   -0.07873   21.26078   21.03068    0.08390    0.04631   38.06978   -0.97159   -2.73081   -3.73607    2.00000
 179.87550   -0.06811   22.87413   22.55401    0.14191    0.07832   10.38449   -1.62690   -3.20944   -5.95341    2.00000
 180.03442    0.14259   21.86980   21.63532    0.14669    0.08096   23.29802   -5.75128   -0.96549   -7.45565    2.00000
 180.83984   -0.48594   23.26686   22.89833    0.97029    0.53558    7.70632    2.18516    1.67434    2.83600    2.00000
 179.99341   -0.02067   23.65505   23.22619    0.02170    0.01198    5.77675   -2.92560   -0.71244    3.06503    2.00000
 179.99681    0.08338   23.00719   22.67201    0.08344    0.04605    9.46669   -2.02088   -2.02311   -4.20728    2.00000
 180.03171   -0.05268   23.06341   22.72119    0.06149    0.03394    9.08412    4.19523   -2.49784   -0.69817    2.00000
 179.94582   -0.01240   23.11381   22.76525    0.05559    0.03068    8.74145   -1.93648   -0.22933   -1.65963    2.00000
 180.09373   -0.10689   22.90022   22.57726    0.14216    0.07846   10.20367   11.14734    2.50509   18.06144    2.00000
 180.01810    0.04845   21.71919   21.49243    0.05172    0.02855   25.92361    0.06557    2.62132    2.73906    2.00000
 180.02701   -0.07215   21.30527   21.07808    0.07704    0.04252   36.82292   -1.35233    3.07948    2.29940    2.00000
 179.82907   -0.04402   23.49368   23.09065    0.17651    0.09742    6.45911   -0.64019   -2.57690   -5.01232    2.00000
 180.00110   -0.02447   22.31011   22.04378    0.02449    0.01352   16.23705   -5.25007    1.07517   -4.14784    2.00000
 179.94043   -0.03707   23.83185   23.37239    0.07016    0.03872    5.04069    3.81285    1.15824    5.47207    2.00000
 180.00958    0.00503   23.30367   22.92975    0.01083    0.00598    7.46195   -4.46738   -0.08962   -4.82176    2.00000
 180.02382   -0.06284   22.25385   21.99207    0.06721    0.03709   16.90065   -4.96339    1.75342   -3.81854    2.00000
 180.32623    0.11904   22.06673   21.81902    0.34728    0.19167   20.00373    4.51524   -1.85145    2.70288    2.00000
 180.00510    0.04485   21.63455   21.41084    0.04514    0.02491   28.06991    2.94041    0.87166    3.63305    2.00000
 179.91338   -0.06767   23.54233   23.13182    0.10992    0.06067    6.25187   -3.21805    2.27322   -0.46659    2.00000
 179.91402    0.10728   22.25642   21.99443    0.13748    0.07588   16.85829    5.13925    0.27455    5.70819    2.00000
 179.97627    0.04913   21.97355   21.73227    0.05455    0.03011   21.55937    2.10493    1.94497    4.47366    2.00000
 180.06702   -0.06652   20.23658   19.75876    0.09443    0.05212   99.88072   -1.76846   -2.02583   -3.72770    2.00000
 180.03038    0.03080   23.03701   22.69811    0.04326    0.02388    9.26362   -0.90515   -5.89260   -7.36676    2.00000
 180.05215   -0.02911   22.84023   22.52379    0.05972    0.03296   10.61955   -1.66618   -4.82081  -10.43391    2.00000
 179.95752    0.00063   22.71491   22.41180    0.04249    0.02345   11.85484   -1.67447   -0.56366   -0.96162    2.00000
 179.96609    0.02423   22.04481   21.79861    0.04168    0.02300   20.36976    1.20377   -0.07619   -1.21499    2.00000
 180.08870   -0.00048   23.40437   23.01506    0.08871    0.04896    6.83968   -4.83138   -1.38470   -9.86476    2.00000
 179.92560   -0.01830   22.69745   22.39619    0.07662    0.04229   12.04074    3.74812    0.09406    4.24776    2.00000
 180.05107    0.05019   23.14262   22.79042    0.07161    0.03952    8.54564   -0.09093    3.60299    0.61016    2.00000
 180.01503    0.07457   23.52881   23.12038    0.07607    0.04199    6.30943   -4.81578    3.56830   -3.06642    2.00000
 179.98816    0.00024   23.75803   23.31145    0.01185    0.00654    5.34747    2.36644    1.50589    8.41817    2.00000
 180.05064   -0.00334   21.41373   21.19103    0.05076    0.02801   33.85176   -1.70313    0.65847   -0.56947    2.00000
 180.00076    0.00635   22.37732   22.10570    0.00639    0.00353   15.49977    0.08019   -1.08123    0.26028    2.00000
 179.90120    0.02270   23.76041   23.31342    0.10138    0.05595    5.33757    4.25861    1.53146    7.55946    2.00000
 179.96935   -0.00880   22.91065   22.58656    0.03190    0.01761   10.13134    1.04620    0.31591    3.57963    2.00000
 179.94873   -0.02884   22.56976   22.28146    0.05882    0.03247   13.40685   -4.63821   -1.92756   -8.74727    2.00000
 180.03632   -0.24111   22.87674   22.55634    0.24383    0.13458   10.36640   -0.74507    1.47894    2.49560    2.00000
 180.05107   -0.02692   21.99274   21.75013    0.05773    0.03186   21.23909   -2.36415   -0.00759   -3.83869    2.00000
 179.95772   -0.03005   22.97702   22.64555    0.05187    0.02863    9.67250    2.86602    0.67996    8.88830    2.00000
 180.02541    0.07910   20.60555   20.15748    0.08307    0.04585   75.26626   -2.84933    1.03162   -1.46806    2.00000
 180.00328   -0.04323   23.65131   23.22309    0.04335    0.02393    5.79235  -11.01046    3.08946  -16.70933    2.00000
 180.04321    0.03036   21.51065   21.29004    0.05281    0.02915   31.24731   -5.76977    0.76446   -4.65662    2.00000
 180.13998   -0.00858   23.33905   22.95972    0.14025    0.07741    7.22879    4.76729    2.36396    6.53169    2.00000
 180.14296    0.09462   22.62453   22.33068    0.17144    0.09462   12.82081   -0.41523    0.15111   -2.96969    2.00000
 180.02556   -0.03504   23.72990   23.28818    0.04338    0.02394    5.46464    3.76993    0.15609    2.29195    2.00000
 179.98482    0.03426   21.90246   21.66593    0.03748    0.02069   22.74897   -5.46097    3.02125   -3.47388    2.00000
 179.86310   -0.01700   23.67938   23.24633    0.13795    0.07614    5.67531   -1.98492   -1.46762   -3.39582    2.00000
 179.98570   -0.05079   23.27661   22.90680    0.05276    0.02912    7.64046   -4.47173   -1.56667   -1.84495    2.00000
 180.00175   -0.45488   22.58541   22.29553    0.45488    0.25106   13.23941   -3.28427    3.17102   -0.92533    2.00000
 179.99789    0.00694   23.42341   23.03119    0.00725    0.00400    6.75847   -1.99792   -3.99747   -2.32754    2.00000
 179.66583    0.40415   23.11141   22.76315    0.52441    0.28944    8.75777   -4.36231   -0.18157  -10.31140    2.00000
 179.95470    0.01349   21.16609   20.92389    0.04727    0.02609   41.72912    1.42253   -2.83281   -1.58927    2.00000
 180.01924    0.09308   23.09701   22.75056    0.09505    0.05246    8.85567    1.66027    0.69412    2.78557    2.00000
 180.03255   -0.01588   22.29755   22.03223    0.03621    0.01999   16.37463   -0.96720    1.28421    1.80253    2.00000
 180.00687   -0.04471   21.77740   21.54857    0.04523    0.02496   24.85366   -5.63597    0.70386   -4.54760    2.00000
 179.83849    0.04343   23.52341   23.11581    0.16725    0.09231    6.33246   -4.73297    1.62449   -0.17047    2.00000
 180.00755    0.10364   23.77470   23.32521    0.10391    0.05735    5.27820    3.30044   -2.28778    6.06912    2.00000
 179.92699   -0.03156   21.54695   21.32664    0.07955    0.04390   30.28473   -1.19419   -1.51765   -2.19746    2.00000
 180.01164    0.04624   23.40437   23.01506    0.04769    0.02632    6.83968    0.51865    4.01491    6.94797    2.00000
 180.01347   -0.00364   23.62864   23.20415    0.01395    0.00770    5.88767   -4.34806   -0.95831   -6.80575    2.00000
 179.99913   -0.05013   22.99103   22.65783    0.05014    0.02767    9.57694    7.22412    0.59391    6.42550    2.00000
 179.98944   -0.00222   22.90804   22.58423    0.01079    0.00596   10.14942    2.12981    0.13206    3.01649    2.00000
 180.03976   -0.01053   23.26930   22.90045    0.04113    0.02270    7.68986   -0.94954    1.02754   -0.23887    2.00000
 180.16710   -0.20171   21.42156   21.19903    0.26193    0.14457   33.64146    2.12948   -0.94013    1.60063    2.00000
 180.00327    0.03246   22.57237   22.28381    0.03262    0.01800   13.37894   -0.84126    2.34971    0.91983    2.00000
 179.92097   -0.02719   22.08452   21.83586    0.08357    0.04612   19.70189   -3.51650   -1.77618   -3.47350    2.00000
 180.01675    0.07944   23.62382   23.20013    0.08118    0.04481    5.90794   -3.58652   -0.42701   -3.52060    2.00000
 179.96606    0.02455   22.65061   22.35412    0.04189    0.02312   12.54174    1.43350   -0.00678    1.32019    2.00000
 179.63774   -0.24020   21.51687   21.29639    0.43466    0.23990   31.08026   -0.11626   -2.56114   -2.77894    2.00000
 180.02544   -0.05848   22.27441   22.01097    0.06377    0.03520   16.62782   -2.84269   -1.40663   -3.80504    2.00000
 180.00633   -0.08376   21.85347   21.62001    0.08400    0.04636   23.57255   -9.15821    0.94170   -6.40212    2.00000
 180.04414   -0.03092   22.58541   22.29553    0.05390    0.02975   13.23941    2.68656    2.55022    5.24334    2.00000
 179.98837    0.05643   22.77479   22.46533    0.05762    0.03180   11.21749    5.87198   -2.38091    1.92654    2.00000
 180.09692   -0.54757   23.76993   23.32128    0.55608    0.30692    5.29799    2.51230    2.05699    2.53214    2.00000
 180.13843    0.01866   23.01796   22.68146    0.13968    0.07709    9.39318   -2.87449   -0.03008   -3.46493    2.00000
 179.91576    0.02241   20.92307   20.59491    0.08717    0.04811   54.05830    0.40551   -0.34374    0.28041    2.00000
 179.92880   -0.02568   22.85848   22.54006    0.07569    0.04178   10.49298    0.70246    0.98248    0.50587    2.00000
 180.01140    0.08157   23.34994   22.96895    0.08236    0.04546    7.15705    0.47361    3.04890    0.80036    2.00000
 180.06931   -0.03681   22.55440   22.26763    0.07847    0.04331   13.57155   -1.39497    1.44571    0.29012    2.00000
 180.04500   -0.04059   22.19473   21.93773    0.06060    0.03345   17.87505    4.14362   -0.36867    3.40791    2.00000
 180.01471    0.01244   23.22054   22.85811    0.01927    0.01063    8.01915    3.87306    0.92303    2.18650    2.00000
 179.98895   -0.06985   23.68312   23.24943    0.07072    0.03903    5.65971    2.69808    1.12698   -3.16900    2.00000
 179.99039    0.03867   23.63988   23.21355    0.03985    0.02199    5.84038    0.23549    3.77824    6.84401    2.00000
 179.98203   -0.00427   23.72241   23.28198    0.01847    0.01019    5.49585    2.78430   -1.38280   -3.08765    2.00000
 179.97675   -0.07561   23.72428   23.28353    0.07910    0.04366    5.48805   -1.70092    0.83870    0.03672    2.00000
 180.35287   -0.25429   23.01796   22.68146    0.43495    0.24007    9.39318   -4.14322   -3.68336  -10.44387    2.00000
 179.98978   -0.03517   22.13122   21.87956    0.03663    0.02022   18.91816   -7.97085   -4.10546  -10.06474    2.00000
 180.00159   -0.01903   22.39892   22.12560    0.01910    0.01054   15.26279   -5.39337   -0.88162   -5.46536    2.00000
 179.94734   -0.04524   21.37200   21.14839    0.06943    0.03832   34.97333    1.21015   -1.72291   -0.76963    2.00000
 179.94225    0.03429   20.87678   20.51763    0.06717    0.03707   56.95438    7.54871    2.17485    9.57532    2.00000
 180.00514   -0.02963   23.34994   22.96895    0.03007    0.01660    7.15705   -1.89576    1.27000   -1.44886    2.00000
 180.05869   -0.00680   21.58588   21.36406    0.05908    0.03261   29.30036   -5.04814   -0.56016   -5.09722    2.00000
 180.03136   -0.06292   22.17931   21.92356    0.07030    0.03880   18.12924   -5.04333    2.57329   -2.42746    2.00000
 180.02982   -0.05170   23.81042   23.35469    0.05969    0.03294    5.12976   -2.79474    0.97089    7.19432    2.00000
 180.01331    0.05538   22.34131   22.07253    0.05696    0.03144   15.89474    0.71180   -3.49773   -1.90046    2.00000
 179.96510   -0.06035   23.33905   22.95972    0.06971    0.03847    7.22879   -0.05377   -0.62743   -1.92488    2.00000
 179.91022    0.03914   22.81221   22.49878    0.09794    0.05405   10.81914   -4.08867    0.42246   -4.55457    2.00000
 180.11626    0.11882   23.13782   22.78623    0.16624    0.09175    8.57827   -0.67827   -2.79255   -3.52916    2.00000
 180.17400   -0.07440   21.58004   21.35845    0.18923    0.10444   29.44802   -1.25980    0.25693   -1.70423    2.00000
 180.02112   -0.00656   20.32558   19.85284    0.02212    0.01221   93.44617    3.58973   -1.37771    2.44109    2.00000
 180.08476   -0.02085   23.39620   23.00814    0.08728    0.04817    6.87450   -0.86444    1.23778   -0.62825    2.00000
 179.86552   -0.09061   23.45314   23.05635    0.16215    0.08950    6.63182   -4.29478    1.23498   -2.41512    2.00000
 179.98936   -0.00951   21.42156   21.19903    0.01427    0.00788   33.64146   -8.32441   -1.68298   -9.66846    2.00000
 179.82066   -0.28993   21.92151   21.68379    0.34091    0.18816   22.42869    3.94096   -0.62292    3.33517    2.00000
 179.98997   -0.00976   17.99232   17.92222    0.01399    0.00772  299.07779   -1.40964    0.45866   -1.02861    2.00000
 179.88817    0.08576   23.55854   23.14554    0.14093    0.07778    6.18278    0.82279    3.63766    7.05303    2.00000
 179.97473    0.05536   23.51800   23.11123    0.06085    0.03359    6.35549   -1.27743   -3.80900   -9.25141    2.00000
 180.11960   -0.45645   23.57562   23.15987    0.47186    0.26044    6.11062   -4.08653   -3.11864  -10.59495    2.00000
 179.97690   -0.01470   23.13542   22.78413    0.02738    0.01511    8.59459    2.81506   -3.94139   -0.32477    2.00000
 180.03139    0.17926   18.38997   17.80473    0.18199    0.10044  319.11679    5.86808   -0.15073    5.68535    2.00000
 179.97346    0.03593   22.94977   22.62143    0.04466    0.02465    9.86011   -2.81296    2.50637    0.49140    2.00000
 180.02841   -0.00576   23.56389   23.15006    0.02899    0.01600    6.16001    0.08244    1.02761    6.94370    2.00000
 179.87967   -0.04830   22.23072   21.97081    0.12966    0.07156   17.28194   -4.14964   -1.29190   -6.49129    2.00000
 180.11452    0.05964   23.59008   23.17195    0.12911    0.07126    6.04981   -1.70701    0.79689    5.26475    2.00000
 179.92786   -0.12542   23.05141   22.71070    0.14469    0.07986    9.16571   -2.86709   -2.51038   -8.21701    2.00000
 179.93304    0.00586   22.80473   22.49209    0.06722    0.03710   10.89881    1.68055    1.25682    3.57501    2.00000
 180.05318   -0.28298   23.34994   22.96895    0.28793    0.15892    7.15705   -3.07290    2.07281    1.41927    2.00000
 180.06432   -0.01165   22.77229   22.46309    0.06537    0.03608   11.24404    1.69263   -0.67140    3.28136    2.00000
 180.03484    0.13587   22.77728   22.46756    0.14026    0.07741   11.19093   -1.09168    5.16650    3.47761    2.00000
 179.74754    0.44254   23.50179   23.09751    0.50948    0.28120    6.42457   -6.57996   -0.38594   -3.63429    2.00000
 179.86792    0.13331   22.82219   22.50770    0.18766    0.10357   10.74471    1.89970   -1.95325    2.65963    2.00000
 180.14017    0.03907   22.13560   21.88357    0.14551    0.08031   18.84631    7.16152   -0.79473    4.47568    2.00000
 179.96362    0.16730   23.25467   22.88774    0.17121    0.09449    7.78864   -4.82317   -1.44330   -7.80515    2.00000
 180.00372    0.04216   22.47941   22.19929    0.04232    0.02336   14.38535    2.49310   -0.05271    4.26850    2.00000
 180.62953   -0.14146   23.37987   22.99431    0.64523    0.35613    6.95977    3.10181    1.97350    6.12429    2.00000
 179.98265   -0.08146   22.23586   21.97553    0.08329    0.04597   17.19721    5.17930   -1.67801    1.82036    2.00000
 179.81024    0.02855   22.67148   22.37286    0.19190    0.10591   12.31848    2.18817    0.36329    3.13992    2.00000
 180.18396    0.07951   22.23329   21.97317    0.20041    0.11061   17.23957    5.70523    2.20274    8.22351    2.00000
 179.96860    0.00343   23.70744   23.26958    0.03159    0.01744    5.55827   -1.92582    1.12113   -0.73003    2.00000
 179.99384    0.05327   23.72803   23.28663    0.05362    0.02960    5.47245    2.00154    2.93438    7.19026    2.00000
 180.10097    0.10734   21.64775   21.42354    0.14736    0.08133   27.73573    0.04052   -0.81636   -0.17427    2.00000
 179.95686   -0.10235   23.76755   23.31931    0.11107    0.06130    5.30789   -0.18090    1.99179    2.54417    2.00000
 180.15987   -0.11726   23.68125   23.24788    0.19826    0.10943    5.66751   -3.76747    0.65496   -1.31058    2.00000
 179.99785    0.01440   23.61900   23.19610    0.01456    0.00804    5.92821   -1.20357   -1.95906   -2.74846    2.00000
 179.97035   -0.05174   22.15533   21.90160    0.05964    0.03291   18.52298   -3.01360    1.55083   -1.19001    2.00000
 180.03258    0.02259   23.01688   22.68051    0.03965    0.02188    9.40053    3.11859   -0.58609   -0.50255    2.00000
 180.03297    0.00856   23.56598   23.15182    0.03407    0.01880    6.15115   -3.73639   -0.10560   -5.44205    2.00000
 179.99638   -0.03566   23.67751   23.24478    0.03584    0.01978    5.68312    5.63057    0.78385    9.47500    2.00000
 179.99048   -0.00212   22.50753   22.22492    0.00975    0.00538   14.08017    1.53922   -1.99855    0.50797    2.00000
 179.98907    0.07211   23.61418   23.19208    0.07293    0.04025    5.94847   -3.96949    2.04367   -2.69267    2.00000
 179.99844    0.00510   22.48175   22.20143    0.00533    0.00294   14.35991    3.24821    3.51602    7.17279    2.00000
 179.97935   -0.02103   23.82471   23.36649    0.02948    0.01627    5.07038   -1.77589    0.35342   -8.43760    2.00000
 180.03905    0.02961   23.51800   23.11123    0.04901    0.02705    6.35549    2.28745    0.00290    3.49017    2.00000
 180.16628   -0.24521   22.58541   22.29553    0.29626    0.16352   13.23941   -1.80245    2.74312    2.03684    2.00000
 179.83385   -0.00029   22.86109   22.54239    0.16615    0.09170   10.47490   -0.77645   -3.64505   -4.01613    2.00000
 179.98314   -0.08515   23.84138   23.38025    0.08680    0.04791    5.00111   -2.16035    0.60546  -11.54204    2.00000
 179.98315    0.07209   23.12582   22.77574    0.07403    0.04086    8.65986   -3.58536   -0.39101   -9.72470    2.00000
 180.00876   -0.03985   22.82468   22.50993    0.04080    0.02252   10.72736   -7.14889    1.77814   -7.09901    2.00000
 180.00398   -0.04522   22.02562   21.78075    0.04539    0.02505   20.69004    2.59109    2.82509    5.54134    2.00000
 179.98395    0.06605   22.98780   22.65500    0.06797    0.03751    9.59899    1.07915   -2.28223   -1.04514    2.00000
 179.93410    0.09277   22.58541   22.29553    0.11379    0.06280   13.23941   -5.09191    1.48035   -4.92951    2.00000
 180.09128    0.02123   22.73737   22.43187    0.09372    0.05172   11.61584   -2.34728    1.41244    0.77216    2.00000
 179.88799   -0.04909   21.81537   21.58429    0.12229    0.06749   24.21310   -7.04726    0.05318   -6.60878    2.00000
 180.01398    0.06703   22.72489   22.42072    0.06848    0.03779   11.74862    1.44169    1.59212    0.19771    2.00000
 180.14365    0.08648   23.48017   23.07922    0.16767    0.09254    6.51668    2.51422    1.90944    6.31507    2.00000
 179.96947    0.01779   23.63506   23.20952    0.03534    0.01950    5.86065   -1.51290    3.50522   -3.26143    2.00000
 179.98114    0.51454   23.66067   23.23084    0.51488    0.28418    5.75334    3.93764    3.10547    3.76280    2.00000
 180.01244    0.01800   22.74984   22.44302    0.02188    0.01208   11.48305    3.95804    0.01447    3.09470    2.00000
 180.19244    0.12017   21.10816   20.85409    0.22689    0.12522   44.34508   -4.04445   -0.98994   -4.93357    2.00000
 179.96133   -0.07611   23.76517   23.31735    0.08537    0.04712    5.31778    1.77761    3.22223    9.33428    2.00000
 179.88870   -0.03832   21.84803   21.61490    0.11771    0.06497   23.66405   -1.66892   -0.84186   -2.93909    2.00000
 180.09554    0.11167   22.37492   22.10349    0.14696    0.08111   15.52610    1.20953    0.64836    2.31502    2.00000
 179.81142   -0.05115   21.54500   21.32477    0.19540    0.10784   30.33394    3.88580   -0.44316    4.34086    2.00000
 179.96791    0.01141   23.09701   22.75056    0.03405    0.01880    8.85567    2.50645    0.62787    3.09193    2.00000
 180.01498   -0.00984   22.81221   22.49878    0.01793    0.00990   10.81914    4.33386   -1.72861    1.06011    2.00000
 179.95218    0.01199   23.68686   23.25253    0.04930    0.02721    5.64410    2.49318   -1.63310   -4.11907    2.00000
 180.08476    0.04787   22.83762   22.52146    0.09736    0.05373   10.63763   -0.33703    6.27280    4.94188    2.00000
 180.06557   -0.02830   20.11925   19.63499    0.07142    0.03942  108.34527   -3.17353   -0.05782   -3.29741    2.00000
 180.12692    0.00203   22.20501   21.94718    0.12693    0.07006   17.70559   -2.82421    1.77431   -1.65248    2.00000
 180.11168   -0.01245   19.26013   18.73376    0.11237    0.06202  191.08871   -1.30145   -0.64906   -1.96296    2.00000
 179.98711    0.17065   22.47003   22.19075    0.17113    0.09445   14.48707   -2.36561    2.95099    1.60406    2.00000
 179.85468   -0.05731   23.67751   23.24478    0.15622    0.08622    5.68312    2.79271    1.08508    4.10608    2.00000
 180.02966   -0.77008   21.95437   21.71441    0.77066    0.42537   21.87965   -0.94639   -0.55648   -1.44321    2.00000
 180.03966   -0.16135   22.41812   22.14329    0.16615    0.09170   15.05214   -0.57079    2.41953    2.35618    2.00000
 179.95059   -0.06086   21.00943   20.72716    0.07839    0.04327   49.10180    2.62940    0.54936    2.26595    2.00000
 179.99666   -0.02187   22.30012   22.03459    0.02212    0.01221   16.34650   -0.53820   -1.11340   -2.11866    2.00000
 180.04047   -0.05379   18.12045   17.79837    0.06731    0.03715  320.20209   -3.46764    1.03943   -2.38821    2.00000
 180.01221   -0.04182   20.87202   20.50946    0.04357    0.02405   57.26037   -3.10210    0.24263   -2.47466    2.00000
 180.05856    0.00774   22.98672   22.65405    0.05908    0.03261    9.60634    0.40460    4.03477    1.54664    2.00000
 180.01595    0.13629   22.15643   21.90260    0.13722    0.07573   18.50502    2.26433    2.08972    3.92716    2.00000
 179.92216   -0.00532   22.00918   21.76544    0.07801    0.04306   20.96456   -3.00756    2.39649    0.10579    2.00000
 179.98996   -0.05733   23.40165   23.01276    0.05820    0.03212    6.85129   -4.23723   -1.97428   -9.76716    2.00000
 179.94891   -0.02007   23.72054   23.28043    0.05488    0.03029    5.50366    0.58439   -0.82965   -2.02401    2.00000
 180.12978    0.02450   23.45044   23.05406    0.13207    0.07289    6.64333    0.45622    1.69068    6.01364    2.00000
 179.98032   -0.01250   22.69745   22.39619    0.02332    0.01287   12.04074   -4.05312   -1.48093   -9.09433    2.00000
 179.80180   -0.33315   22.76980   22.46086    0.38765    0.21395   11.27060   10.38220    0.34871   11.85680    2.00000
 179.97498   -0.04614   23.43962   23.04491    0.05248    0.02897    6.68938    1.77425   -2.54878   -1.84430    2.00000
 179.95911   -0.02929   23.46395   23.06550    0.05030    0.02776    6.58576    0.72267    1.60028    3.80146    2.00000
 180.01427   -0.02628   22.49113   22.20997    0.02991    0.01651   14.25819   -0.75893   -4.89133   -4.99755    2.00000
 179.94879    0.05526   22.40612   22.13224    0.07534    0.04158   15.18380    2.51745   -1.69488    2.25239    2.00000
 179.99513   -0.01481   23.41253   23.02198    0.01559    0.00860    6.80485    0.93131    1.41136    6.47627    2.00000
 180.01057   -0.00049   21.91879   21.68124    0.01058    0.00584   22.47445   -0.20134   -4.41920   -4.69453    2.00000
 180.01512   -0.02852   23.46125   23.06321    0.03228    0.01782    6.59727    2.44495    1.72549    3.79005    2.00000
 179.80597   -0.48720   21.80993   21.57918    0.52441    0.28944   24.30461    3.46467    0.83834    4.59720    2.00000
 179.96912    0.06055   21.30931   21.08239    0.06797    0.03751   36.70957   -1.96272   -0.09834   -1.76802    2.00000
 179.97644    0.13322   23.55044   23.13868    0.13529    0.07467    6.21732    2.38515   -0.25264    1.37675    2.00000
 180.10985    0.02138   22.99965   22.66539    0.11192    0.06177    9.51814   -3.24454    2.64561    0.12966    2.00000
 180.02689    0.04177   23.19128   22.83271    0.04968    0.02742    8.21673    9.62948   -0.45140    6.89628    2.00000
 179.82179    0.03687   23.74868   23.30374    0.18198    0.10044    5.38631    0.36994    1.19134    7.94503    2.00000
 179.99367   -0.02160   22.23072   21.97081    0.02251    0.01243   17.28194    1.42827   -1.27080    0.19460    2.00000
 179.99959    0.00075   23.67002   23.23858    0.00085    0.00047    5.71433    4.35102    2.10035    4.72260    2.00000
 180.02151   -0.01910   23.71493   23.27578    0.02878    0.01588    5.52706   -3.42425   -2.86881   -4.87389    2.00000
 180.05081    0.12260   22.69745   22.39619    0.13272    0.07325   12.04074   -1.91099    1.22880    0.25074    2.00000
 179.98914    0.06753   21.16609   20.92389    0.06840    0.03775   41.72912    2.11961   -1.58944   -0.15055    2.00000
 180.00012    0.00774   23.12342   22.77364    0.00774    0.00427    8.67618    0.62855    2.76935    3.59132    2.00000
 180.01755    0.02815   21.26482   21.03499    0.03317    0.01831   37.95643   -1.43604   -0.58835   -2.53481    2.00000
 180.07201    0.00361   22.60888   22.31662    0.07209    0.03979   12.98825    1.58705    0.54318    2.04287    2.00000
 179.98215   -0.02308   21.42938   21.20702    0.02918    0.01611   33.43117   -1.81972   -4.17351   -6.03896    2.00000
 179.98698    0.01090   23.28734   22.91591    0.01697    0.00937    7.56956   -0.52822   -1.55786   -3.18068    2.00000
 180.11346    0.00981   23.57883   23.16256    0.11388    0.06285    6.09710   -6.01206    0.93803   -2.75294    2.00000
 179.96931   -0.03019   22.58280   22.29318    0.04305    0.02376   13.26732   -0.69684    1.04226    0.23427    2.00000
 179.94093   -0.06365   22.55440   22.26763    0.08683    0.04792   13.57155    1.34871   -1.58834   -0.81854    2.00000
 180.03322   -0.04224   21.11712   20.86497    0.05374    0.02966   43.93710   -1.12534    0.08921   -0.53056    2.00000
 180.00639    0.07062   22.60888   22.31662    0.07091    0.03914   12.98825    0.01134   -2.17026   -0.33707    2.00000
 180.03835   -0.24696   21.63065   21.40710    0.24992    0.13794   28.16835   -5.02024    2.16199   -3.20591    2.00000
 179.92451    0.15412   23.56759   23.15316    0.17161    0.09472    6.14439   -2.20329    0.40573   -3.35258    2.00000
 180.03137   -0.02713   22.69496   22.39396    0.04147    0.02289   12.06724    4.23499   -1.37833    0.88885    2.00000
 180.12814   -0.01972   23.49908   23.09523    0.12965    0.07155    6.43608    0.33054    0.03256    3.91852    2.00000
 179.82599    0.03765   21.21750   20.98361    0.17803    0.09826   39.49087   -0.99560   -3.21202   -4.18633    2.00000
 180.01427    0.01391   22.65844   22.36115    0.01993    0.01100   12.45802   -0.86822    0.11784    1.14063    2.00000
 179.90186    0.22589   22.87413   22.55401    0.24629    0.13594   10.38449    2.05740   -0.49645    0.40764    2.00000
 179.88914    0.10552   21.09473   20.83776    0.15305    0.08447   44.95706    1.61660    6.30968    7.92940    2.00000
 180.02702   -0.03066   23.69248   23.25718    0.04086    0.02255    5.62070   -0.06937    0.59947   -2.35282    2.00000
 179.78284   -0.08023   23.06101   22.71909    0.23152    0.12778    9.10044   -0.54390    2.99977    3.89132    2.00000
 180.01636   -0.05065   21.58004   21.35845    0.05323    0.02938   29.44802    1.37531   -1.43279   -0.21810    2.00000
 179.95901    0.01210   21.49643   21.27553    0.04274    0.02359   31.62912    1.71313    2.41367    3.57879    2.00000
 179.98251    0.02381   22.05851   21.81137    0.02954    0.01630   20.14099   -6.47749   -0.06432   -6.53603    2.00000
 179.99026    0.01689   23.49368   23.09065    0.01949    0.01076    6.45911   -2.83581    2.30670   -2.62415    2.00000
 180.00400   -0.01563   23.39620   23.00814    0.01613    0.00890    6.87450    3.66083    1.71466    2.71764    2.00000
 179.94331   -0.01631   22.96841   22.63799    0.05898    0.03255    9.73130   -1.73107    0.15519   -0.77199    2.00000
 179.86670    0.08230   22.96493   22.63494    0.15666    0.08647    9.75504    0.96896    0.43809    2.88992    2.00000
 180.02740   -0.01896   23.32000   22.94358    0.03333    0.01840    7.35434    0.60262    1.71702    2.91956    2.00000
 179.97557   -0.01416   23.34449   22.96433    0.02823    0.01558    7.19292   -2.67898    0.13279   -4.00267    2.00000
 180.07846   -0.01132   22.24357   21.98262    0.07927    0.04375   17.07011    2.65678    2.13318    4.80501    2.00000
 179.95277    0.06578   22.59584   22.30490    0.08097    0.04469   13.12778   -0.04816    0.72412   -1.51820    2.00000
 180.02124   -0.14195   20.95538   20.64755    0.14353    0.07922   52.08529    0.57603    1.07933    1.79382    2.00000
 179.94363   -0.02517   23.21566   22.85388    0.06173    0.03407    8.05208    4.25177   -0.55903    1.71644    2.00000
 179.95932   -0.06482   23.30639   22.93205    0.07653    0.04224    7.44401    5.73106    2.44581    9.87008    2.00000
 179.79607    0.24243   23.50719   23.10209    0.31680    0.17485    6.40154    2.38471    2.89695    1.00795    2.00000
 179.98248   -0.02360   22.47706   22.19715    0.02939    0.01622   14.41078   -0.74758    5.01059    5.77849    2.00000
 179.92381    0.07152   22.16191   21.90761    0.10450    0.05767   18.41520   -3.59716    1.52608   -2.33934    2.00000
 179.99438   -0.01694   23.61257   23.19074    0.01785    0.00985    5.95523    1.94579   -0.70002   -2.59073    2.00000
 180.07869    0.08914   23.22298   22.86023    0.11890    0.06563    8.00269   -0.96245   -1.16791   -0.54969    2.00000
 179.97832   -0.02688   21.98726   21.74503    0.03454    0.01906   21.33060   -1.04009   -2.51342   -2.33190    2.00000
 180.07166    0.01200   23.51800   23.11123    0.07266    0.04010    6.35549    3.42553   -2.37054    7.00265    2.00000
 180.01617    0.07497   21.44503   21.22301    0.07669    0.04233   33.01057    1.88999    0.83156    2.73574    2.00000
 180.00592   -0.06389   23.61739   23.19476    0.06416    0.03541    5.93496   -1.68073   -4.87259   -6.62087    2.00000
 180.15881   -0.15156   22.28727   22.02278    0.21953    0.12116   16.48716    4.83891   -1.44688    4.28853    2.00000
 180.03426    0.04406   23.34994   22.96895    0.05581    0.03080    7.15705   -1.45300    0.63820   -3.48106    2.00000
 179.93372   -0.13892   22.66105   22.36349    0.15392    0.08495   12.43011   -5.39666   -3.68815   -8.41821    2.00000
 179.77538    0.34430   23.57401   23.15853    0.41110    0.22690    6.11737   -0.74673   -1.57327   -5.41159    2.00000
 180.00317   -0.02854   22.83501   22.51914    0.02871    0.01585   10.65572   -0.25961   -2.03420   -4.87414    2.00000
 180.18942   -0.00499   22.86892   22.54936    0.18950    0.10459   10.42065   -1.76446   -3.62284   -4.22462    2.00000
 179.96661   -0.02139   22.53097   22.24628    0.03966    0.02189   13.82586   -0.67265    1.96855    2.23958    2.00000
 180.08960    0.03782   23.09941   22.75266    0.09725    0.05368    8.83936    1.02054    1.67036    2.39000    2.00000
 179.98256   -0.00827   23.28190   22.91130    0.01930    0.01065    7.60543   -1.20093    2.35509   -0.96181    2.00000
 180.38338   -0.30218   23.19128   22.83271    0.48815    0.26943    8.21673    2.88195   -1.40073    4.24045    2.00000
 179.98816    0.04431   22.68452   22.38458    0.04586    0.02531   12.17895    1.06147   -0.38438    0.27137    2.00000
 180.00539   -0.01679   22.09459   21.84544    0.01763    0.00973   19.53006   -5.49976    0.95585   -4.36068    2.00000
 179.98055   -0.01976   22.52394   22.23987    0.02773    0.01530   13.90215    1.17877    1.50823    1.95657    2.00000
 180.05061   -0.61008   22.07289   21.82480    0.61218    0.33789   19.90016    3.22426    0.26302    4.58372    2.00000
 180.02351    0.00042   23.70183   23.26493    0.02351    0.01298    5.58168    3.72252    1.08920    5.93223    2.00000
 179.99051    0.00620   21.11712   20.86497    0.01134    0.00626   43.93710    2.62100   -3.25764   -0.42272    2.00000
 179.97820    0.10700   23.78660   23.33504    0.10920    0.06027    5.22872   -2.50471   -0.70083   -5.79942    2.00000
 179.99380   -0.00150   21.83714   21.60470    0.00638    0.00352   23.84707   -2.52649    1.29119   -1.43986    2.00000
 180.00664   -0.00585   22.70743   22.40511    0.00885    0.00489   11.93451    2.10444   -0.16705    3.40139    2.00000
 180.05443    0.00786   22.94977   22.62143    0.05499    0.03035    9.86011   -3.17276   -1.24638   -2.78285    2.00000
 180.02196    0.11330   22.05303   21.80627    0.11540    0.06369   20.23250    0.75663    1.95363    5.02599    2.00000
 179.96098    0.09926   22.47003   22.19075    0.10665    0.05886   14.48707   -0.55028   -0.66500    1.36030    2.00000
 179.98393   -0.03096   23.09461   22.74846    0.03488    0.01925    8.87199   -0.33453   -0.70755   -2.15877    2.00000
 180.06239   -0.09205   22.64279   22.34708    0.11121    0.06138   12.62546    1.28413   -4.90519   -4.80560    2.00000
 180.02290   -0.02037   22.80473   22.49209    0.03066    0.01692   10.89881   -1.76205   -1.01243   -1.88109    2.00000
 179.93378   -0.03326   23.26442   22.89621    0.07411    0.04090    7.72278    0.02645   -1.68550    3.21525    2.00000
 180.03162    0.00331   22.27441   22.01097    0.03180    0.01755   16.62782   -0.77857    0.00362   -2.29138    2.00000
 179.95793    0.00436   22.62453   22.33068    0.04230    0.02335   12.82081    0.65157    3.04696    3.06647    2.00000
 180.09357    0.14987   22.75732   22.44971    0.17668    0.09751   11.40338    2.39543    1.27212    3.42583    2.00000
 179.74776   -0.07806   22.69745   22.39619    0.26405    0.14574   12.04074    7.51841   -2.88390    4.35486    2.00000
 179.85982   -0.16302   21.88613   21.65063    0.21500    0.11867   23.02350    5.24466   -0.57047    4.67388    2.00000
 179.94583   -0.01825   23.60132   23.18134    0.05716    0.03155    6.00252    3.57557    0.75172   -3.18832    2.00000
 179.94524    0.03923   22.95760   22.62840    0.06736    0.03718    9.80587   -1.33475    1.17161    4.62699    2.00000
 180.02823   -0.00928   22.95760   22.62840    0.02972    0.01640    9.80587    2.09176   -1.54478    5.03061    2.00000
 180.05527    0.05571   23.14502   22.79252    0.07847    0.04331    8.52932    2.78889   -2.42489    2.54883    2.00000
 179.73253   -0.19617   21.27493   21.04576    0.33170    0.18308   37.67305    2.30724   -4.42732   -2.01738    2.00000
 180.08781   -0.01568   21.81265   21.58173    0.08920    0.04923   24.25886    1.81968    2.20725    4.23622    2.00000
 179.98102   -0.00115   23.28190   22.91130    0.01901    0.01049    7.60543    6.91437   -3.78973    0.40824    2.00000
 179.93208   -0.04103   23.29278   22.92052    0.07935    0.04379    7.53369   -1.74440   -0.14339   -5.98041    2.00000
 180.02245    0.31399   21.96807   21.72717    0.31479    0.17374   21.65088    0.08119   -2.41960   -4.02876    2.00000
 179.97662   -0.04679   23.60614   23.18537    0.05231    0.02887    5.98225   -1.15617   -0.07777   -0.90735    2.00000
 179.96921   -0.01827   22.95499   22.62608    0.03580    0.01976    9.82395   -0.70376   -0.18658   -1.90716    2.00000
 180.04987   -0.02869   22.47238   22.19288    0.05753    0.03175   14.46164   -1.47314    5.70898    3.45870    2.00000
 179.98238    0.01013   21.48155   21.26032    0.02033    0.01122   32.02920   -3.20334    4.19370    1.40265    2.00000
 180.25252   -0.11210   23.39620   23.00814    0.27629    0.15249    6.87450    8.76106   -1.39507    4.89616    2.00000
 180.02950   -0.05942   23.11141   22.76315    0.06633    0.03661    8.75777   -3.75189   -0.83970   -7.32865    2.00000
 179.95241    0.00110   22.74984   22.44302    0.04760    0.02627   11.48305    0.02191    1.92953    2.96178    2.00000
 179.97633    0.04874   23.01904   22.68240    0.05418    0.02990    9.38583    0.45347   -4.96700   -5.67709    2.00000
 179.99266   -0.04797   23.66254   23.23239    0.04853    0.02678    5.74554    1.83929    1.98824    4.43610    2.00000
 180.11592   -0.03792   23.76517   23.31735    0.12196    0.06731    5.31778    8.59131   -0.02699    8.21398    2.00000
 179.98895    0.12360   22.92369   22.59818    0.12409    0.06849   10.04093   -1.67855    3.08889    0.82804    2.00000
 180.03754   -0.03259   20.60290   20.15446    0.04971    0.02743   75.42210   -1.59003    1.75445   -0.04743    2.00000
 179.93694    0.01342   22.76980   22.46086    0.06448    0.03559   11.27060    1.11273    0.94741    1.90328    2.00000
 180.10143    0.04193   22.31731   22.05042    0.10975    0.06057   16.15806   -6.51334   -1.74842   -8.99146    2.00000
 179.97701   -0.02042   22.26413   22.00152    0.03076    0.01698   16.74035    2.21127    0.28804    1.94890    2.00000
 180.05026    0.02066   22.35811   22.08801    0.05435    0.03000   15.71042    0.03127    2.64115    1.09442    2.00000
 180.00661   -0.01891   23.12102   22.77154    0.02003    0.01105    8.69250    1.17298   -1.45552   -3.29102    2.00000
 179.93451   -0.18167   22.51690   22.23346    0.19311    0.10658   13.97845   -6.48924    2.47329   -3.13674    2.00000
 179.88815    0.00071   23.67377   23.24168    0.11184    0.06173    5.69872   -4.77693   -2.27411   -1.22736    2.00000
 179.99164   -0.02509   22.31731   22.05042    0.02644    0.01460   16.15806   -0.50807   -3.23811   -4.26889    2.00000
 179.93556    0.02435   22.84023   22.52379    0.06888    0.03802   10.61955    2.89718    0.96434    1.76133    2.00000
 179.88567   -0.10310   22.45831   22.18007    0.15396    0.08497   14.61423    2.40918   -0.20579    2.10000    2.00000
 180.02654   -0.00849   23.37715   22.99200    0.02786    0.01538    6.97770    3.75205    2.25957   -1.36330    2.00000
 180.02319    0.03227   18.86194   18.31069    0.03974    0.02193  243.01651    0.84497    2.74857    3.56060    2.00000
 179.96388   -0.04797   22.42532   22.14993    0.06004    0.03314   14.97314   -5.55204    2.41002   -1.59653    2.00000
 179.95436    0.00050   21.58588   21.36406    0.04565    0.02519   29.30036    2.43460    0.61822    3.08473    2.00000
 180.05269   -0.00324   23.12822   22.77783    0.05279    0.02913    8.64354   -0.47352    1.85749    1.10253    2.00000
 180.04565    0.02308   22.89500   22.57261    0.05116    0.02824   10.23983   -1.46132   -0.08710   -2.18605    2.00000
 179.91454   -0.09185   22.65322   22.35646    0.12546    0.06924   12.51383   -1.55980   -0.39289   -1.43534    2.00000
 179.91853    0.06181   22.22301   21.96372    0.10226    0.05644   17.40903    1.84400    2.76374    5.20102    2.00000
 180.07558   -0.06904   22.90282   22.57958    0.10237    0.05650   10.18559   -3.35285    2.09655    0.57715    2.00000
 180.01950    0.03369   22.67148   22.37286    0.03892    0.02148   12.31848    0.63844   -2.85588   -0.55541    2.00000
 179.99541    0.19579   22.71491   22.41180    0.19584    0.10809   11.85484    5.90447    0.68135    6.19574    2.00000
 180.05440   -0.07838   22.66626   22.36818    0.09540    0.05265   12.37430    4.52878   -4.99580   -2.97785    2.00000
 179.93925    0.71530   21.86164   21.62766    0.71788    0.39623   23.43528   -0.53418   -1.51880   -2.66255    2.00000
 180.01755    0.02607   21.66892   21.44395    0.03142    0.01734   27.19880    0.83399   -1.59160   -1.76411    2.00000
 180.01656    0.00385   22.34371   22.07474    0.01700    0.00938   15.86841   -0.09271    3.90738    5.43195    2.00000
 180.02138   -0.01730   21.74300   21.51540    0.02750    0.01518   25.44846   -1.85112    3.62094    2.30401    2.00000
 179.95828   -0.05007   22.12793   21.87656    0.06518    0.03597   18.97205    1.71564   -0.03155    0.73511    2.00000
 180.05917    0.01485   22.56976   22.28146    0.06101    0.03367   13.40685    4.21146   -2.02718    4.52080    2.00000
 180.01013   -0.01733   22.42052   22.14550    0.02008    0.01108   15.02581    1.47100    2.73905    2.61564    2.00000
 180.02991    0.03300   22.52159   22.23773    0.04453    0.02458   13.92758   -3.29003    0.26473   -2.07179    2.00000
 179.99561    0.03244   23.27918   22.90900    0.03274    0.01807    7.62329   -5.23047   -1.22615   -9.37488    2.00000
 179.95950   -0.04168   23.38259   22.99661    0.05811    0.03207    6.94184    3.79037   -0.75103    4.51467    2.00000
 180.01212   -0.09201   23.76041   23.31342    0.09280    0.05122    5.33757    1.98721   -3.56099   -6.65916    2.00000
 179.87012    0.04670   23.37987   22.99431    0.13802    0.07617    6.95977   -5.47444   -0.66439   -5.77964    2.00000
 179.90996   -0.11701   23.26442   22.89621    0.14764    0.08149    7.72278    1.10892   -1.55128   -3.78267    2.00000
 180.04216   -0.06165   22.44425   22.16725    0.07469    0.04122   14.76681   -3.53261   -1.62561   -1.33896    2.00000
 180.06342   -0.03967   22.80473   22.49209    0.07480    0.04129   10.89881    0.89890    0.49109    2.92809    2.00000
 179.95570   -0.02700   23.16934   22.81366    0.05187    0.02863    8.36491   -0.78714    0.99844   -1.51390    2.00000
 179.99504   -0.02941   23.30367   22.92975    0.02983    0.01646    7.46195    1.90040    2.03429    4.09910    2.00000
 179.96327    0.14882   23.31455   22.93897    0.15329    0.08460    7.39021    5.50837    0.86262    6.05008    2.00000
 179.96236   -0.05978   23.51800   23.11123    0.07064    0.03899    6.35549    4.18587   -2.51303    4.40950    2.00000
 180.01086    0.02059   22.06947   21.82158    0.02329    0.01285   19.95797   -2.57416   -1.40132   -3.30675    2.00000
 180.11018   -0.03642   21.71390   21.48733    0.11605    0.06405   26.05784    3.76848    1.90538    5.32754    2.00000
 179.98792    0.01497   22.98887   22.65594    0.01924    0.01062    9.59164    3.69663    4.06849    6.55923    2.00000
 180.14459    0.00452   22.02562   21.78075    0.14466    0.07984   20.69004   -3.16887   -0.92897   -3.15854    2.00000
 180.05357    0.11185   23.42341   23.03119    0.12402    0.06845    6.75847   -1.00974   -0.25493   -2.67315    2.00000
 180.01363   -0.02774   23.20591   22.84541    0.03091    0.01706    8.11794    2.73298   -0.96771    3.27783    2.00000
 180.08414   -0.09095   23.03220   22.69392    0.12390    0.06838    9.29626    1.79697    1.61145    3.47987    2.00000
 179.98605   -0.05480   23.61418   23.19208    0.05654    0.03121    5.94847    3.72633    1.18238   10.00342    2.00000
 179.98372    0.10385   23.43152   23.03805    0.10512    0.05802    6.72392   -1.15006    2.53879   -1.76047    2.00000
 179.89851    0.09828   20.04174   19.55352    0.14128    0.07797  113.91752    0.44298   -0.62950   -0.12202    2.00000
 180.01355    0.01595   22.59062   22.30021    0.02093    0.01155   13.18359    2.68875    2.60086    4.57870    2.00000
 180.01187    0.04118   22.28984   22.02514    0.04286    0.02365   16.45903    0.71395   -2.34320   -1.52895    2.00000
 179.98676    0.00383   22.63757   22.34240    0.01379    0.00761   12.68127   -0.93450    3.63000    1.37291    2.00000
 180.17065    0.04336   22.69234   22.39161    0.17608    0.09718   12.09523    5.63211   -0.88065    4.35196    2.00000
 180.06816    0.00918   22.95499   22.62608    0.06878    0.03796    9.82395   -2.68383   -1.00551   -3.22411    2.00000
 179.88388    0.32299   23.54503   23.13410    0.34323    0.18944    6.24035    3.42711    1.24208    3.27984    2.00000
 179.97235   -0.00955   23.72616   23.28508    0.02925    0.01614    5.48025   -1.67023    2.89444   -2.26081    2.00000
 180.02565    0.02987   22.88457   22.56331    0.03937    0.02173   10.31216    0.99905    1.41642    0.60938    2.00000
 179.98653   -0.10333   22.70493   22.40288    0.10420    0.05751   11.96107   -3.31417   -2.55735   -4.11792    2.00000
 179.94943   -0.02182   23.30639   22.93205    0.05507    0.03039    7.44401    5.11530   -4.04344    1.49381    2.00000
 180.07274    0.03684   23.73551   23.29283    0.08154    0.04500    5.44123    0.62191   -0.83621   -9.30550    2.00000
 180.47986    0.23374   23.50179   23.09751    0.53376    0.29460    6.42457    0.27216    0.54154    3.75312    2.00000
 179.96971   -0.07312   23.44773   23.05177    0.07914    0.04368    6.65484   -1.65850    2.12249   -3.10719    2.00000
 180.00961    0.07628   22.57497   22.28615    0.07688    0.04243   13.35104    2.00869   -1.82369    0.76982    2.00000
 180.03682   -0.08031   23.02012   22.68335    0.08835    0.04876    9.37848    1.16536   -1.15854   -1.72888    2.00000
 180.19623    0.38417   22.37252   22.10128    0.43138    0.23809   15.55244   -5.64445    0.65693   -4.47189    2.00000
 179.97762    0.03146   22.47238   22.19288    0.03861    0.02131   14.46164   -0.47222   -0.29433    1.11684    2.00000
 179.97023   -0.04390   22.69745   22.39619    0.05304    0.02927   12.04074   -2.53478   -1.50076   -5.09502    2.00000
 180.04868   -0.01765   22.54268   22.25695    0.05179    0.02858   13.69870    0.63806    2.09570    3.05768    2.00000
 179.97392   -0.01531   23.11141   22.76315    0.03024    0.01669    8.75777   -3.22844    3.24242   -1.25989    2.00000
 180.04413   -0.01488   20.94031   20.62303    0.04657    0.02570   53.00433   -1.10585   -1.26451   -2.60214    2.00000
 180.05943   -0.00868   21.85620   21.62256    0.06007    0.03315   23.52679   -7.90212   -0.22400   -8.22902    2.00000
 180.02084    0.02018   22.61671   22.32365    0.02902    0.01602   12.90453    1.92471   -3.20813    1.90316    2.00000
 180.01575   -0.08211   23.54233   23.13182    0.08361    0.04614    6.25187   -4.64435   -1.65823   -4.75976    2.00000
 180.03716    0.03263   20.79133   20.38459    0.04945    0.02729   63.56253    3.35602    2.53176    5.73490    2.00000
 180.07281    0.00771   23.16690   22.81154    0.07322    0.04041    8.38138    0.01456    3.20726    0.07992    2.00000
 180.38519   -0.05548   23.36626   22.98278    0.38917    0.21479    7.04944   -5.32535   -2.20633  -11.47159    2.00000
 179.99158    0.06068   23.24736   22.88139    0.06126    0.03381    7.83804   -1.37409   -2.42547   -0.62412    2.00000
 179.98625    0.02007   23.05141   22.71070    0.02433    0.01343    9.16571    3.26368    1.48568    3.95552    2.00000
 180.09470   -0.03917   22.26413   22.00152    0.10247    0.05655   16.74035   -4.82840   -1.51325   -5.28734    2.00000
 180.01231   -0.06077   23.66628   23.23548    0.06201    0.03422    5.72993    0.56370    2.15810    2.57874    2.00000
 179.95470   -0.04674   23.03460   22.69602    0.06509    0.03592    9.27994   -3.80444    0.38574    1.20513    2.00000
 180.15057   -0.09466   22.78477   22.47425    0.17785    0.09816   11.11126    0.71172    1.44653    1.18994    2.00000
 179.65500   -0.11004   21.28504   21.05653    0.36213    0.19987   37.38967   -2.70153   -0.28541   -2.49340    2.00000
 179.96049   -0.00921   23.71867   23.27888    0.04056    0.02239    5.51146    6.16927   -0.77558    3.24450    2.00000
 179.63580   -0.03880   22.75982   22.45194    0.36626    0.20215   11.37683    1.69786   -0.85680   -1.40885    2.00000
 180.16380    0.05250   23.21322   22.85176    0.17201    0.09494    8.06855    0.29313   -1.24212   -6.50158    2.00000
 180.04330   -0.20413   22.60106   22.30959    0.20867    0.11517   13.07197    1.30079    3.13055    6.32529    2.00000
 180.09854    0.02523   23.28462   22.91361    0.10172    0.05614    7.58749   -0.95208   -3.21720   -5.67868    2.00000
 180.04732   -0.02095   23.27418   22.90468    0.05175    0.02856    7.65693   -1.96441    0.27248   -2.36566    2.00000
 179.93440    0.02925   23.02740   22.68972    0.07182    0.03964    9.32889    5.31118   -0.76403    6.48051    2.00000
 179.99350    0.25184   23.70183   23.26493    0.25192    0.13904    5.58168    1.15821   -1.92508    3.24943    2.00000
 180.23776   -0.03868   22.65583   22.35880    0.24089    0.13295   12.48592    3.69571    2.88433    5.47581    2.00000
 179.94246    0.00595   21.89430   21.65828    0.05785    0.03193   22.88624   -0.72658    0.71032   -0.88989    2.00000
 179.95828    0.11190   23.52071   23.11352    0.11942    0.06591    6.34397    0.24323   -0.64984    6.67023    2.00000
 179.98965   -0.08613   21.88341   21.64807    0.08675    0.04788   23.06925    0.94354   -1.40857   -1.38979    2.00000
 180.09782   -0.00632   23.23760   22.87293    0.09803    0.05410    7.90390    1.19233    2.60946    5.58636    2.00000
 180.10931    0.16785   22.80722   22.49432    0.20030    0.11055   10.87225   -0.77978   -1.38135   -0.80902    2.00000
 180.02850   -0.03055   20.93600   20.61600    0.04178    0.02306   53.26783    1.42888   -0.23648    1.05066    2.00000
 179.99297   -0.02781   21.73771   21.51029    0.02869    0.01583   25.53997   -4.80448   -1.58567   -5.41233    2.00000
 179.95824    0.02643   23.31455   22.93897    0.04943    0.02728    7.39021    0.95601   -0.83070    1.00560    2.00000
 180.16061   -0.04787   23.69435   23.25873    0.16759    0.09250    5.61289   -1.57409   -2.07220   -6.45554    2.00000
 179.92355    0.02294   23.81756   23.36059    0.07981    0.04405    5.10007   -0.64726   -1.45147   -4.03265    2.00000
 180.02785    0.03021   23.57080   23.15585    0.04109    0.02268    6.13088    6.11279   -0.56085    1.97828    2.00000
 179.97665   -0.05577   22.78976   22.47871    0.06046    0.03337   11.05815    2.49133    0.86339    3.82057    2.00000
 180.07350    0.00104   22.91587   22.59121    0.07351    0.04057   10.09518   -2.99556   -2.44020   -8.41801    2.00000
 180.07841   -0.09100   23.13782   22.78623    0.12012    0.06630    8.57827    3.24405   -2.53734    1.50735    2.00000
 180.40295    0.17423   17.89156   17.91305    0.43900    0.24230  300.64172    2.89223   -1.30242    1.65232    2.00000
 180.08493   -0.05507   19.14760   18.61501    0.10122    0.05587  204.22125   -1.97168    1.69707   -0.34780    2.00000
 179.94164   -0.10915   23.68312   23.24943    0.12377    0.06831    5.65971    2.37255   -0.65561    6.76403    2.00000
 180.04427   -0.00289   23.26686   22.89833    0.04435    0.02448    7.70632   -0.84662   -1.79958   -5.60851    2.00000
 180.04906   -0.01931   22.58019   22.29084    0.05272    0.02910   13.29522    5.78767    1.26375    8.34240    2.00000
 180.00368   -0.01698   22.38932   22.11676    0.01738    0.00959   15.36812   -3.42670    0.42903   -3.79809    2.00000
 179.99382    0.02668   23.56919   23.15450    0.02738    0.01511    6.13764   -2.51696   -0.86205   -6.52161    2.00000
 180.02580    0.03841   23.34721   22.96664    0.04628    0.02554    7.17499   -5.54156   -0.36757   -6.87870    2.00000
 179.98517    0.01288   22.55206   22.26550    0.01965    0.01084   13.59698    3.93242    2.64756   10.22627    2.00000
 180.02538    0.04282   23.24004   22.87504    0.04977    0.02747    7.88743    2.79352   -0.61278    2.96672    2.00000
 180.03670   -0.03707   23.66441   23.23394    0.05215    0.02878    5.73773    0.21709   -0.27460    6.39835    2.00000
 180.04099   -0.02375   23.30095   22.92744    0.04737    0.02615    7.47988   -1.93350   -2.00646   -0.96587    2.00000
 179.78557   -0.07070   23.38532   22.99892    0.22578    0.12462    6.92390    2.56480   -2.01560   -4.08094    2.00000
 179.74733   -0.30407   21.46329   21.24166    0.39535    0.21820   32.51989   -3.20797    0.31590   -1.76144    2.00000
 180.00214    0.17648   22.68974   22.38927    0.17650    0.09741   12.12314   -3.80095   -0.05864   -4.88067    2.00000
 180.14478    0.00252   21.13355   20.88493    0.14480    0.07992   43.18912   -2.22589    2.74937    0.55334    2.00000
 179.99812   -0.02406   23.37987   22.99431    0.02414    0.01332    6.95977    4.34143    0.60542    5.16616    2.00000
 179.87448    0.04646   23.10421   22.75686    0.13384    0.07387    8.80672   -0.35665    0.72121    1.86078    2.00000
 180.05768    0.01959   21.68744   21.46181    0.06092    0.03362   26.72900   -2.52327   -2.83382   -5.58611    2.00000
 179.95821    0.02705   23.81518   23.35863    0.04978    0.02748    5.10997    2.05030    0.87014    8.07926    2.00000
 180.03258    0.00870   18.67394   18.10953    0.03372    0.01861  270.72577    3.22655   -3.76897   -0.49693    2.00000
 180.01785    0.05393   22.49113   22.20997    0.05681    0.03135   14.25819   -5.53266    3.00148   -0.47363    2.00000
 180.16843   -0.06195   21.03302   20.75834    0.17947    0.09905   47.93329   -0.64885   -0.06602   -0.39408    2.00000
 179.96381   -0.01681   22.49816   22.21638    0.03991    0.02203   14.18190   -3.05003    0.40367   -1.73716    2.00000
 179.75449    0.03159   23.84138   23.38025    0.24755    0.13663    5.00111   -5.43963    2.25032    0.07314    2.00000
 180.04153    0.01269   22.24100   21.98026    0.04343    0.02397   17.11248   -0.61121    1.93827    2.03760    2.00000
 180.08224    0.10664   22.93934   22.61213    0.13467    0.07433    9.93244    3.85080   -2.32311   -0.35400    2.00000
 179.97166   -0.05329   22.63235   22.33771    0.06036    0.03331   12.73709   -2.52958    0.13412   -4.31040    2.00000
 179.92424    0.05889   18.88439   18.33460    0.09596    0.05296  239.72325   -3.94307   -2.10356   -6.01744    2.00000
 180.08739   -0.05539   23.34994   22.96895    0.10347    0.05711    7.15705   -0.38424    0.25993    3.70810    2.00000
 179.94588    0.16187   22.92891   22.60283    0.17068    0.09420   10.00477    3.73309   -0.73398   -1.06654    2.00000
 179.98236    0.02535   23.05381   22.71280    0.03088    0.01705    9.14940   -3.69710    0.97478   -2.55904    2.00000
 180.11446   -0.07588   22.52628   22.24200    0.13732    0.07579   13.87672    9.82943   -0.01193   10.10665    2.00000
 180.02042    0.02575   23.47206   23.07236    0.03286    0.01814    6.55122    4.38929    4.82328    7.03532    2.00000
 180.05212    0.11754   23.49908   23.09523    0.12858    0.07097    6.43608   -2.32090    2.27205    0.16853    2.00000
 180.13797   -0.16692   22.61931   22.32599    0.21656    0.11953   12.87662   -6.85656    0.89677   -7.72301    2.00000
 180.10809    0.00112   21.04923   20.77972    0.10810    0.05966   47.13220   -2.91480    1.85906   -1.34884    2.00000
 179.92538    0.07946   23.74674   23.30213    0.10901    0.06017    5.39442   -1.04670    2.04726    0.80486    2.00000
 179.96307   -0.10416   22.94456   22.61678    0.11051    0.06099    9.89627   -0.18674   -4.99494   -7.93805    2.00000
 179.98312   -0.04006   21.94615   21.70676    0.04346    0.02399   22.01691   -1.45381    1.85714   -1.16483    2.00000
 180.09067    0.14560   23.02119   22.68429    0.17153    0.09467    9.37113    4.48459   -1.22402    3.29836    2.00000
 180.05910    0.00356   21.96807   21.72717    0.05920    0.03268   21.65088    1.22355   -2.38789   -1.40942    2.00000
 179.96780   -0.01195   23.46935   23.07007    0.03433    0.01895    6.56273   -3.61997    4.09225   -3.14508    2.00000
 180.02126    0.13790   23.16202   22.80731    0.13953    0.07701    8.41431   -1.29022   -1.27176   -3.68192    2.00000
 180.00912    0.01006   21.88886   21.65318    0.01358    0.00750   22.97774   -3.11287    0.87904   -2.81818    2.00000
 179.99152   -0.01303   23.27174   22.90256    0.01555    0.00858    7.67339    0.78509   -1.96463   -1.36894    2.00000
 179.99092   -0.02511   23.46125   23.06321    0.02670    0.01474    6.59727   -4.72088    3.59386   -3.68140    2.00000
 179.99379   -0.03618   23.32816   22.95050    0.03670    0.02026    7.30053    0.74514    1.54695    4.84107    2.00000
 179.95532    0.08133   23.43692   23.04263    0.09279    0.05121    6.70090    1.84197    5.97206    7.85945    2.00000
 180.05304    0.07737   21.44242   21.22035    0.09380    0.05177   33.08067    2.73906   -0.14859    2.87263    2.00000
 179.95956    0.00359   22.16410   21.90961    0.04060    0.02241   18.37928   -3.24159    0.65852   -2.34021    2.00000
 179.96422    0.00396   22.52159   22.23773    0.03599    0.01987   13.92758   -5.04565    1.15782   -3.02634    2.00000
 180.03021   -0.00076   22.77978   22.46979    0.03022    0.01668   11.16438    1.23720   -0.91423   -1.92754    2.00000
 180.00294    0.09223   20.78559   20.37711    0.09228    0.05093   63.94823    1.32456   -2.95338   -1.71755    2.00000
 179.97871   -0.05503   22.67669   22.37755    0.05900    0.03256   12.26267    0.16835    2.46169    1.14613    2.00000
 180.07150    0.00286   21.98451   21.74248    0.07156    0.03949   21.37635   -2.73703   -3.68725   -6.86072    2.00000
 179.98972   -0.00757   23.70744   23.26958    0.01277    0.00705    5.55827   -0.46197   -0.52652   -6.42789    2.00000
 180.01102   -0.03832   21.69538   21.46947    0.03988    0.02201   26.52765   -4.50817   -0.01545   -4.27182    2.00000
 180.00780   -0.00477   20.60687   20.15900    0.00914    0.00505   75.18834   -0.28120   -2.00235   -2.21195    2.00000
 180.07153   -0.11871   21.58977   21.36780    0.13860    0.07650   29.20193    2.33155   -0.35761    2.44776    2.00000
 179.91946    0.17619   22.59323   22.30256    0.19372    0.10692   13.15569    1.45362    5.04401    4.69962    2.00000
 179.90646    0.03133   23.81994   23.36256    0.09864    0.05444    5.09017    2.85616    2.23234    7.01281    2.00000
 180.02812    0.04748   23.67938   23.24633    0.05518    0.03046    5.67531    1.19363   -4.22577   -4.87186    2.00000
 179.91000   -0.06428   23.17665   22.82001    0.11058    0.06103    8.31552   -1.09450    0.95559    0.95970    2.00000
 180.01579   -0.00569   23.46125   23.06321    0.01679    0.00927    6.59727    1.42758   -0.72691    4.17686    2.00000
 180.00153    0.02284   21.99822   21.75524    0.02289    0.01264   21.14758   -3.66443    3.44888   -1.36189    2.00000
 180.16090   -0.01534   23.57883   23.16256    0.16163    0.08921    6.09710   -1.31250    1.56741   -0.93462    2.00000
 179.93314   -0.04413   23.39076   23.00353    0.08011    0.04421    6.89772    2.42502   -2.38204   -4.40908    2.00000
 179.96634   -0.05519   23.10901   22.76105    0.06465    0.03568    8.77409   -1.72089    0.01805   -0.39922    2.00000
 180.01108   -0.00975   22.50519   22.22278    0.01476    0.00815   14.10560   -3.82540   -0.42026   -3.51830    2.00000
 179.99626   -0.02340   22.89239   22.57028    0.02369    0.01308   10.25791   -2.90475    1.39868   -3.34625    2.00000
 179.96954    0.00240   23.61739   23.19476    0.03054    0.01686    5.93496   -4.00291   -0.03732    0.75100    2.00000
 179.97482   -0.60074   21.08875   20.83050    0.60127    0.33187   45.22905   -3.42467    1.41309   -2.10748    2.00000
 180.01221    0.02099   21.65039   21.42609    0.02429    0.01341   27.66861    1.49103    3.93933    5.38165    2.00000
 180.05035   -0.02536   18.10020   18.12153    0.05638    0.03112  269.07248    1.05056   -0.30637    0.75993    2.00000
 179.91733    0.15779   22.23586   21.97553    0.17813    0.09832   17.19721    4.48498    0.12828    5.37431    2.00000
 179.91212   -0.23412   23.50719   23.10209    0.25007    0.13802    6.40154    0.49067    1.79354    6.84270    2.00000
 180.04596   -0.08424   22.81470   22.50101    0.09596    0.05296   10.79675   -9.45566   -1.44835  -14.13288    2.00000
 180.01891    0.07168   22.51690   22.23346    0.07413    0.04092   13.97845   -1.05520    2.31936    2.49394    2.00000
 179.92970   -0.02544   22.04755   21.80116    0.07475    0.04126   20.32401    1.28809   -2.81271   -1.54547    2.00000
 179.96935   -0.02689   23.29822   22.92513    0.04078    0.02251    7.49782   -2.68012    0.59536    1.57795    2.00000
 179.99515    0.01727   23.68312   23.24943    0.01793    0.00990    5.65971    2.98218   -1.22882    1.48084    2.00000
 179.94772   -0.06728   23.75327   23.30752    0.08520    0.04703    5.36726    0.72931   -4.09864   -0.87478    2.00000
 180.07205   -0.00452   21.69008   21.46437    0.07219    0.03984   26.66188   -4.28225    1.48363   -3.11800    2.00000
 180.07376    0.01595   21.92151   21.68379    0.07546    0.04165   22.42869  -10.10146    2.36308   -8.18661    2.00000
 180.04745    0.00304   23.08741   22.74217    0.04755    0.02624    8.92095   -9.68128    1.85858   -5.57152    2.00000
 179.92097    0.11747   16.06128   15.12403    0.14158    0.07814 1171.57227   -0.23943    0.53450    0.30010    2.00000
 180.16333    0.09207   22.72240   22.41849    0.18749    0.10348   11.77518    1.03126    2.54869    3.28053    2.00000
 180.04070    0.00314   22.71491   22.41180    0.04081    0.02253   11.85484    1.69857    0.85640    2.03257    2.00000
 179.92894    0.00725   23.39348   23.00584    0.07143    0.03942    6.88611    1.34114    0.81808   -0.16745    2.00000
 180.08730   -0.07144   23.40709   23.01737    0.11280    0.06226    6.82807    4.91208   -1.81603    5.87937    2.00000
 179.93669    0.00052   21.74300   21.51540    0.06331    0.03494   25.44846   -0.73584    5.73436    4.98367    2.00000
 180.01701   -0.02223   23.24979   22.88351    0.02800    0.01546    7.82157    0.44356    0.98810    4.81143    2.00000
 180.00616    0.00179   23.61900   23.19610    0.00642    0.00354    5.92821   -4.10534    1.25382   -0.90374    2.00000
 179.84276    0.09821   21.41634   21.19370    0.18539    0.10232   33.78166   -3.41090   -1.99795   -5.54109    2.00000
 179.97729   -0.02690   22.84284   22.52611    0.03520    0.01943   10.60147    1.25385   -1.02111   -0.59071    2.00000
 179.97757   -0.02510   21.95985   21.71952    0.03366    0.01858   21.78814    0.39138   -3.03914   -2.29491    2.00000
 179.95827   -0.10816   23.79851   23.34487    0.11594    0.06399    5.17924    2.56946    0.54143    8.34844    2.00000
 180.09190   -0.04846   22.53331   22.24841    0.10390    0.05734   13.80043   -6.24693    0.62099   -6.07060    2.00000
 179.97511    0.02114   23.32272   22.94589    0.03265    0.01802    7.33640    0.58016    1.66615    5.97297    2.00000
 180.07507    0.02130   22.96948   22.63893    0.07804    0.04307    9.72395   -3.32578   -0.20057   -1.02785    2.00000
 179.97021   -0.03846   22.02562   21.78075    0.04865    0.02685   20.69004    4.03901   -3.93808    1.56357    2.00000
 180.02756    0.01259   21.94889   21.70931    0.03029    0.01672   21.97115    1.81913   -2.09625   -1.43868    2.00000
 180.06877   -0.04187   22.97271   22.64177    0.08051    0.04444    9.70190   -0.46736    1.38741    0.99527    2.00000
 180.00729   -0.02022   23.47476   23.07464    0.02150    0.01187    6.53971    2.85760   -2.23251    2.43171    2.00000
 179.92474    0.01583   23.84138   23.38025    0.07690    0.04244    5.00111    1.12872    5.54715   11.09571    2.00000
 180.00000    0.03011   21.33762   21.11255    0.03011    0.01662   35.91611   -1.32561   -2.71229   -4.73143    2.00000
 179.98837    0.03021   21.28909   21.06084    0.03237    0.01786   37.27632    1.94058   -1.62431    0.47672    2.00000
 179.95490   -0.03003   23.04181   22.70231    0.05418    0.02990    9.23099   -1.03198   -1.91215   -4.31680    2.00000
 180.01904   -0.04275   22.48878   22.20783    0.04680    0.02583   14.28362    0.68590   -0.57181   -1.82624    2.00000
 179.69110   -0.02353   21.41634   21.19370    0.30980    0.17099   33.78166   -3.30821    1.68716   -1.25410    2.00000
 180.01393    0.00230   23.74868   23.30374    0.01412    0.00779    5.38631    1.66599    2.89561    6.43220    2.00000
 179.90695   -0.14161   23.49368   23.09065    0.16945    0.09352    6.45911    3.17355   -3.76739   -1.80204    2.00000
 180.06563    0.00596   23.65131   23.22309    0.06590    0.03637    5.79235    6.23644   -1.04500    2.03941    2.00000
 180.04648   -0.04004   21.03551   20.76163    0.06135    0.03386   47.81005   -3.28697   -0.99720   -4.63885    2.00000
 179.95300   -0.08487   23.47746   23.07693    0.09701    0.05354    6.52819    1.66544   -1.08096    4.10452    2.00000
 180.00549   -0.04112   22.05029   21.80372    0.04149    0.02290   20.27825   -3.32632   -0.64940   -4.25182    2.00000
 179.66534   -0.14615   21.43199   21.20969    0.36518    0.20156   33.36107    4.50657    1.18343    5.14581    2.00000
 180.03339   -0.03535   21.99822   21.75524    0.04863    0.02684   21.14758   -2.41404    0.19119   -2.54381    2.00000
 180.00768    0.38912   21.47894   21.25765    0.38919    0.21481   32.09929   -4.90504   -0.70848   -5.60796    2.00000
 180.04408    0.07580   23.41798   23.02659    0.08769    0.04840    6.78163   -0.81299    2.52531   -2.42900    2.00000
 179.99506   -0.09176   22.53800   22.25268    0.09189    0.05072   13.74957    0.95073    1.47388    2.70074    2.00000
 180.02867   -0.05052   20.92630   20.60018    0.05809    0.03206   53.86068    0.12446   -0.24715   -0.19903    2.00000
 179.99557   -0.00501   22.50050   22.21851    0.00668    0.00369   14.15646    0.69250    2.54980    2.98166    2.00000
 179.95508    0.01274   23.14022   22.78832    0.04669    0.02577    8.56195   -4.25684   -2.16915  -12.03034    2.00000
 180.00108   -0.00880   22.17417   21.91883    0.00887    0.00489   18.21397   -1.42177    2.36737   -0.41280    2.00000
 180.00844   -0.04393   23.49098   23.08836    0.04473    0.02469    6.47062    1.65316    2.00130    7.49419    2.00000
 179.94112    0.01391   23.38259   22.99661    0.06050    0.03339    6.94184    4.68455   -1.97589   -1.17844    2.00000
 179.70918   -0.10408   22.40852   22.13445    0.30888    0.17048   15.15746    6.46777    1.59523    8.30544    2.00000
 180.09041    0.05990   23.73925   23.29593    0.10845    0.05986    5.42563    6.77394   -0.85267    6.48172    2.00000
 180.01707    0.06659   23.13062   22.77993    0.06874    0.03794    8.62723   -6.85055   -1.32710   -9.60790    2.00000
 180.00790   -0.00511   22.59845   22.30724    0.00941    0.00519   13.09987    4.68346   -2.13807   -0.03744    2.00000
 180.04172   -0.58189   22.65583   22.35880    0.58339    0.32199   12.48592   -6.64861   -3.65901   -8.62242    2.00000
 179.91797   -0.07145   23.06821   22.72539    0.10878    0.06004    9.05149    0.35749    1.58768    1.56584    2.00000
 180.02219   -0.01213   21.26887   21.03930    0.02528    0.01395   37.84308    0.42362    0.05668    0.63792    2.00000
 180.00510    0.07260   22.50519   22.22278    0.07278    0.04017   14.10560   -2.62373    3.18886    3.11586    2.00000
 179.93781    0.02114   23.56919   23.15450    0.06569    0.03625    6.13764    2.45093    0.69333    7.26901    2.00000
 180.02551    0.03941   22.26156   21.99916    0.04695    0.02591   16.77356    2.61631    1.69393    3.76686    2.00000
 180.03087   -0.01157   23.21566   22.85388    0.03296    0.01819    8.05208    2.57971    0.87351    0.69091    2.00000
 179.91718    0.02626   23.07061   22.72749    0.08688    0.04795    9.03517    0.92453    1.53911    3.50501    2.00000
 179.92740    0.07441   22.86370   22.54471    0.10396    0.05738   10.45681    0.92387   -4.09179    2.61252    2.00000
 179.99030   -0.08986   22.38212   22.11012    0.09038    0.04988   15.44711   -0.38484   -0.98035   -2.00149    2.00000
 180.01360   -0.03878   23.66067   23.23084    0.04109    0.02268    5.75334   -3.18709   -0.74918   -5.54804    2.00000
 179.97385    0.05604   23.36354   22.98047    0.06184    0.03413    7.06738    0.09288    2.64503    2.35099    2.00000
 179.91766   -0.40763   23.20835   22.84753    0.41587    0.22953    8.10148    2.76514   -0.40675    2.43801    2.00000
 180.02377    0.04220   22.69496   22.39396    0.04844    0.02673   12.06724   -1.77123   -1.47362   -4.32496    2.00000
 180.05952    0.08433   22.28984   22.02514    0.10323    0.05697   16.45903    0.41652    0.50224    0.85249    2.00000
 180.00626   -0.00767   23.29822   22.92513    0.00989    0.00546    7.49782   -3.57537   -0.85982   -0.73396    2.00000
 180.26950    0.34016   22.19730   21.94009    0.43398    0.23953   17.83268   -3.26986   -0.30503   -4.20925    2.00000
 179.72932    0.14098   22.90282   22.57958    0.30518    0.16844   10.18559   -2.01746   -0.21276   -2.47169    2.00000
 179.98853   -0.15610   20.91553   20.58260    0.15652    0.08639   54.51941    6.79761    2.99389    9.75650    2.00000
 179.76341   -0.13142   20.22721   19.74886    0.27064    0.14938  100.55804   -0.77831    0.75437    0.09822    2.00000
 180.00366    0.01485   23.10901   22.76105    0.01530    0.00844    8.77409   -0.34762   -0.97928   -1.64934    2.00000
 180.00417    0.01404   23.07301   22.72958    0.01465    0.00809    9.01885    1.46286    0.40707    1.81852    2.00000
 179.95401   -0.06262   22.29755   22.03223    0.07770    0.04288   16.37463   -0.77269   -1.62744   -2.71868    2.00000
 179.98746   -0.00335   22.85327   22.53541    0.01299    0.00717   10.52914    0.86982   -1.06870    0.04474    2.00000
 179.97951    0.15602   23.64309   23.21623    0.15736    0.08685    5.82687   -5.79711    1.02192  -11.48745    2.00000
 180.06625   -0.09661   23.79851   23.34487    0.11715    0.06466    5.17924   -5.36142   -2.64933   -1.64477    2.00000
 180.14671    0.00067   23.07301   22.72958    0.14672    0.08098    9.01885   -1.51925    0.95979    2.34244    2.00000
 180.02789    0.15068   21.61897   21.39587    0.15324    0.08458   28.46366   -1.00845   -1.57023   -1.51978    2.00000
 180.08699    0.11652   23.16690   22.81154    0.14541    0.08026    8.38138    1.91910   -1.84019    1.99442    2.00000
 179.95403   -0.01567   23.72054   23.28043    0.04858    0.02681    5.50366    1.03457    0.18502    2.10669    2.00000
 180.01515    0.02509   23.80566   23.35076    0.02931    0.01618    5.14955    0.19654   -3.12491   -1.92008    2.00000
 179.98904   -0.05263   23.00503   22.67012    0.05376    0.02967    9.48139   -4.60981   -1.15077   -6.58772    2.00000
 179.78806   -0.19516   23.01796   22.68146    0.28811    0.15902    9.39318    5.95007   -1.30374    2.92668    2.00000
 179.97523    0.01833   22.17417   21.91883    0.03081    0.01700   18.21397    3.08403    1.45067    3.59284    2.00000
 180.27917   -0.06913   23.61418   23.19208    0.28760    0.15873    5.94847   -0.48501    1.88588    3.27066    2.00000
 179.96449    0.10040   23.61900   23.19610    0.10649    0.05877    5.92821   -8.68603    1.18105   -1.21568    2.00000
 179.82605    0.16550   23.70370   23.26648    0.24010    0.13252    5.57388  -10.45704   -0.59528   -8.11113    2.00000
 180.06377   -0.01344   21.05547   20.78794    0.06517    0.03597   46.82408   -1.34343    0.92638    0.08371    2.00000
 180.02003   -0.06206   20.99384   20.70420    0.06522    0.03599   49.96240    0.95838    2.42165    4.03097    2.00000
 180.08232    0.07031   22.76481   22.45640    0.10826    0.05975   11.32371    1.81836    2.79106    4.01151    2.00000
 180.01357   -0.08186   20.98448   20.69042    0.08297    0.04579   50.47875   -4.59729    2.30575   -2.66224    2.00000
 179.98409    0.00662   22.52628   22.24200    0.01724    0.00951   13.87672    1.38479    0.90084    2.25809    2.00000
 179.99617    0.00189   23.03460   22.69602    0.00427    0.00236    9.27994   -0.79098    0.46664   -0.49986    2.00000
 180.04482    0.14261   23.47476   23.07464    0.14948    0.08250    6.53971    5.36875    1.51945    6.43623    2.00000
 180.00125    0.03979   22.98887   22.65594    0.03981    0.02197    9.59164   -0.29900    4.61866    1.09511    2.00000
 179.88936    0.73472   23.09701   22.75056    0.74301    0.41010    8.85567    3.21282   -1.34770    2.98794    2.00000
 179.99442    0.10778   22.44660   22.16939    0.10792    0.05956   14.74138   -0.54883    1.14376    1.35127    2.00000
 180.02502   -0.05515   22.81720   22.50324    0.06056    0.03343   10.77940   -2.74108    2.81159   -0.51649    2.00000
 180.04099   -0.30573   23.37715   22.99200    0.30847    0.17025    6.97770   -4.50691    0.46567    0.95125    2.00000
 179.99977    0.01255   23.72803   23.28663    0.01256    0.00693    5.47245    0.02054    1.97270    2.30597    2.00000
 180.04826    0.05767   21.80176   21.57153    0.07521    0.04151   24.44187   -2.53500    0.92779   -1.80601    2.00000
 179.99341   -0.06113   23.04901   22.70860    0.06149    0.03394    9.18203    0.88925    0.97060    3.61644    2.00000
 179.97876    0.10358   23.47476   23.07464    0.10574    0.05836    6.53971   -1.80099    0.98017   -1.35415    2.00000
 180.03241    0.02395   23.72803   23.28663    0.04029    0.02224    5.47245   -0.52144    1.10734   -8.19574    2.00000
 180.06831    0.03147   18.09534   18.10075    0.07521    0.04151  271.93484   -1.81865   -1.38640   -3.17687    2.00000
 179.72830    0.35329   23.60132   23.18134    0.44569    0.24599    6.00252   -4.62114   -3.72200  -12.60180    2.00000
 179.98083   -0.04152   21.96807   21.72717    0.04574    0.02524   21.65088    1.91520    0.47359    2.72164    2.00000
 179.96114    0.00035   22.00096   21.75779    0.03887    0.02146   21.10183    2.54810    4.30169    5.93943    2.00000
 180.12251    0.00035   21.89974   21.66338    0.12252    0.06762   22.79473    1.35055    0.72551    3.25144    2.00000
 179.99478    0.07685   23.59651   23.17732    0.07702    0.04251    6.02279    4.75841    1.14866    5.91822    2.00000
 179.98392    0.01969   23.44503   23.04949    0.02542    0.01403    6.66636   -1.00702   -0.42766   -4.24960    2.00000
 179.91737   -0.02536   20.74393   20.32284    0.08642    0.04770   66.74456    2.48653    2.73686    5.36323    2.00000
 179.99083    0.04730   21.09622   20.83957    0.04818    0.02659   44.88907    1.07203   -1.55811    0.24039    2.00000
 179.99937   -0.17686   23.65318   23.22464    0.17687    0.09762    5.78455    2.27369   -1.01692    1.64351    2.00000
 180.00687   -0.03947   22.22558   21.96608    0.04007    0.02211   17.36667   -0.78013   -1.99039   -2.17103    2.00000
 179.90417    0.02393   22.31251   22.04600    0.09876    0.05451   16.21072   -4.62601   -0.10483   -4.38261    2.00000
 179.98363    0.01044   23.67002   23.23858    0.01942    0.01072    5.71433    1.76818   -0.49334    4.55775    2.00000
 179.85324    0.03175   23.66628   23.23548    0.15016    0.08287    5.72993   -1.01112    5.13068    6.46221    2.00000
 179.99380   -0.04540   23.46665   23.06778    0.04582    0.02529    6.57425    1.10003   -0.93824    5.00826    2.00000
 179.99458   -0.06760   23.05621   22.71490    0.06782    0.03743    9.13308   -0.31383    2.37436    2.65598    2.00000
 179.98926    0.04358   23.39348   23.00584    0.04489    0.02477    6.88611    0.57875    3.66163    4.09747    2.00000
 180.02477   -0.00682   22.62714   22.33302    0.02570    0.01418   12.79290   -0.75710   -2.76490   -4.01015    2.00000
 180.01437   -0.05622   23.82947   23.37042    0.05803    0.03203    5.05059   -0.74450   -1.57196   -6.36819    2.00000
 180.09789    0.03641   23.62060   23.19744    0.10445    0.05765    5.92145    2.43142    0.79083    4.56878    2.00000
 180.13680    0.09208   20.66198   20.22285    0.16489    0.09101   71.89795    4.45524    1.99604    6.32508    2.00000
 180.12154   -0.00055   22.83501   22.51914    0.12154    0.06708   10.65572    0.71075   -0.78019   -1.72791    2.00000
 179.91098   -0.12932   23.76517   23.31735    0.15699    0.08665    5.31778    4.04408    1.80716   -0.45791    2.00000
 180.08832   -0.24932   23.04181   22.70231    0.26451    0.14599    9.23099    2.96012   -1.69846   -1.45024    2.00000
 179.97585   -0.05034   23.04661   22.70651    0.05583    0.03081    9.19835    4.33219   -1.05139    1.53728    2.00000
 179.94421    0.01869   22.72489   22.42072    0.05884    0.03247   11.74862    4.09542   -4.35783   -0.05003    2.00000
 179.96320   -0.00561   20.97305   20.67358    0.03722    0.02055   51.10986   -5.03518   -1.91395   -7.03866    2.00000
 179.98135   -0.02599   22.83501   22.51914    0.03199    0.01765   10.65572    3.71797    4.38026    7.84667    2.00000
 180.18762   -0.13160   22.81969   22.50547    0.22917    0.12648   10.76205   -7.80709   -1.32976   -8.44633    2.00000
 179.99904    0.16993   23.22541   22.86234    0.16993    0.09379    7.98622   -2.12074   -3.27572   -6.44353    2.00000
 180.32150   -0.28518   21.87253   21.63787    0.42975    0.23720   23.25227    3.59361   -0.13530    2.88681    2.00000
 179.91887    0.02403   23.61900   23.19610    0.08461    0.04670    5.92821    1.96271   -1.06347   -2.17111    2.00000
 180.04742    0.02938   21.88341   21.64807    0.05579    0.03079   23.06925    2.68403    1.70797    4.68059    2.00000
 180.04688   -0.14657   21.59756   21.37529    0.15388    0.08493   29.00506   -1.16917    0.84811    0.43542    2.00000
 180.04340   -0.02632   22.33651   22.06811    0.05075    0.02801   15.94741    0.34338   -1.06904   -0.84172    2.00000
 179.99033    0.02110   21.73507   21.50774    0.02321    0.01281   25.58573   -1.02792   -0.72162   -2.31790    2.00000
 179.96774   -0.02063   21.35398   21.12998    0.03829    0.02113   35.45781   -0.00031    5.14022    5.59548    2.00000
 179.97000    0.02362   22.11587   21.86554    0.03819    0.02108   19.16964    2.25998    2.59882    5.51200    2.00000
 180.11717   -0.38955   23.79375   23.34094    0.40679    0.22452    5.19903    0.12863   -0.98507    6.03267    2.00000
 180.04597   -0.07172   18.03330   17.98844    0.08519    0.04702  287.78433    3.11074    2.39859    5.49411    2.00000
 179.98512    0.01181   17.90049   17.92134    0.01900    0.01049  299.22815   -5.83298    1.13451   -4.64691    2.00000
 180.01382   -0.05467   23.27174   22.90256    0.05639    0.03112    7.67339   -5.23823    1.01442   -4.88464    2.00000
 180.11453    0.03385   22.12903   21.87756    0.11944    0.06592   18.95409   -5.08434    1.19462   -5.33195    2.00000
 180.00513    0.01970   23.22785   22.86446    0.02036    0.01124    7.96976   -1.30701    0.02668   -1.70009    2.00000
 180.06555    0.04261   22.71990   22.41626    0.07818    0.04315   11.80173    4.90613   -0.00158    1.74238    2.00000
 179.84215   -0.11905   23.27174   22.90256    0.19772    0.10912    7.67339   -1.06287   -3.93495   -2.92737    2.00000
 179.91048   -0.19704   21.78543   21.55622    0.21642    0.11945   24.71640   -0.77252    1.98595    1.02559    2.00000
 180.05496    0.00779   21.84803   21.61490    0.05551    0.03064   23.66405   -2.70881    0.11185   -1.61335    2.00000
 180.04469   -0.06228   22.41332   22.13887    0.07666    0.04231   15.10480   -1.46688    0.15857   -0.54122    2.00000
 179.79549    0.14548   21.62871   21.40522    0.25099    0.13853   28.21757   11.11736    0.67125   11.31455    2.00000
 179.93414   -0.09078   23.53962   23.12953    0.11214    0.06189    6.26338   -7.94632    0.84230   -6.14838    2.00000
 179.92918   -0.02995   18.02509   17.40906    0.07690    0.04244  390.32895   -4.26127   -0.52965   -4.79054    2.00000
 180.00281   -0.05482   21.97629   21.73482    0.05489    0.03030   21.51361    1.28006    0.30926    1.22764    2.00000
 180.03365    0.04730   23.19128   22.83271    0.05804    0.03203    8.21673   -3.12719   -0.24359   -6.67027    2.00000
 180.16443   -0.01925   23.47476   23.07464    0.16555    0.09137    6.53971   -0.30109    2.10929    1.74122    2.00000
 179.99644    0.01042   23.56598   23.15182    0.01101    0.00608    6.15115   -2.06042   -0.71739   -1.71033    2.00000
 180.04880   -0.01957   17.97062   17.60640    0.05257    0.02902  352.94229    3.87530    0.42165    4.27994    2.00000
 179.99445    0.10183   23.15958   22.80519    0.10198    0.05629    8.43077   -3.53869   -0.89398   -7.11809    2.00000
 179.89514    0.04023   22.68191   22.38224    0.11231    0.06199   12.20686    0.09156   -1.48180   -4.31701    2.00000
 179.98158   -0.02469   23.60614   23.18537    0.03081    0.01700    5.98225   -0.18411   -0.72140    1.31018    2.00000
 179.99126   -0.02783   21.27089   21.04145    0.02917    0.01610   37.78640    2.46457    1.87096    4.50194    2.00000
 180.05894   -0.01336   23.76993   23.32128    0.06045    0.03336    5.29799    1.05691   -0.69289    3.09447    2.00000
