#RA        DEC       MAG_G     MAG_I     ANGSEP    RPROJ     SNR       VTRUE       VSYS       VMEAS      VSYSERR    
 180.02437    0.07631   22.66626   22.36818    0.08011    0.04421   12.37430   -0.48043   -3.73617   -2.95207    2.00000
 180.00330   -0.01675   23.06821   22.72539    0.01707    0.00942    9.05149    5.02454    1.12825    6.39370    2.00000
 179.98953   -0.00035   23.84138   23.38025    0.01048    0.00578    5.00111   -1.60857   -0.77758   -4.02168    2.00000
 179.96223    0.05198   22.05577   21.80882    0.06425    0.03546   20.18674    1.70586    0.57533    1.94737    2.00000
 179.96849   -0.00613   23.11381   22.76525    0.03210    0.01772    8.74145   -3.32132    1.11053   -3.35166    2.00000
 179.97794    0.03166   23.82709   23.36845    0.03859    0.02130    5.06049    0.64886   -3.42599   10.43904    2.00000
 179.96059   -0.03027   23.67938   23.24633    0.04971    0.02743    5.67531    0.00481   -3.19126   -6.42633    2.00000
 180.01105   -0.05387   22.58280   22.29318    0.05499    0.03035   13.26732    2.93458   -0.19461    2.97374    2.00000
 180.01845   -0.03645   22.85588   22.53774    0.04085    0.02255   10.51106   -0.96386    3.30915    0.23310    2.00000
 180.06496   -0.07406   23.67751   23.24478    0.09851    0.05437    5.68312   -5.01083   -3.11263   -6.43916    2.00000
 180.04427    0.11597   21.56057   21.33974    0.12413    0.06851   29.94020    6.44039   -0.94853    4.54110    2.00000
 179.97108    0.00955   23.36354   22.98047    0.03045    0.01681    7.06738   -0.51396   -3.23710   -4.62908    2.00000
 179.98360   -0.07928   22.40612   22.13224    0.08096    0.04468   15.18380    1.30744   -3.86209   -3.67809    2.00000
 179.96526    0.07382   22.57237   22.28381    0.08159    0.04503   13.37894  -11.68893    3.43764   -7.82016    2.00000
 179.97438    0.00185   23.38804   23.00123    0.02568    0.01418    6.90933   -1.20510    2.19693   -0.97381    2.00000
 179.99049   -0.04897   23.47476   23.07464    0.04988    0.02753    6.53971   -2.23796   -0.47282   -2.15573    2.00000
 180.11336    0.11982   22.91847   22.59353    0.16494    0.09104   10.07709   -5.21618   -1.13634  -10.66703    2.00000
 180.02264   -0.10259   23.28462   22.91361    0.10505    0.05798    7.58749   12.67402   -0.44821   11.26185    2.00000
 179.98590   -0.00503   22.74734   22.44079    0.01497    0.00826   11.50961    1.93946   -0.20259    2.48306    2.00000
 180.00854    0.00351   23.19859   22.83906    0.00925    0.00510    8.16734   -4.96787    2.53914   -0.29493    2.00000
 179.97478   -0.02353   23.32272   22.94589    0.03450    0.01904    7.33640   -0.11410    0.85273    0.62242    2.00000
 179.95213    0.01279   23.78184   23.33111    0.04954    0.02734    5.24851   -0.03366   -0.00287   -4.78070    2.00000
 180.06049    0.00198   23.58687   23.16926    0.06052    0.03340    6.06332    1.39205    3.86387    4.66549    2.00000
 179.76291   -0.11306   23.38804   23.00123    0.26267    0.14497    6.90933    4.09865   -0.27580    6.38046    2.00000
 180.09419    0.01576   19.65306   19.14644    0.09550    0.05271  148.73846    0.96398   -1.98494   -1.00725    2.00000
 180.03590   -0.06425   23.53692   23.12724    0.07360    0.04062    6.27489    0.84486    1.71150    7.35474    2.00000
 179.93449   -0.01339   23.39892   23.01045    0.06687    0.03690    6.86289   -0.84409   -1.51220   -5.04707    2.00000
 180.11621   -0.20640   22.20501   21.94718    0.23687    0.13073   17.70559    5.75622   -0.22831    4.99250    2.00000
 179.95680   -0.00417   22.86109   22.54239    0.04340    0.02395   10.47490    2.16045   -3.27455   -2.54339    2.00000
 180.00969   -0.02249   23.06821   22.72539    0.02449    0.01352    9.05149    1.17995    1.14239   -2.65236    2.00000
 180.08661   -0.02393   23.11622   22.76735    0.08986    0.04960    8.72513    1.48119    0.64986    2.44555    2.00000
 180.02296   -0.00640   22.56715   22.27912    0.02383    0.01315   13.43476    2.49054    0.23253    0.44394    2.00000
 179.97845    0.04947   22.27698   22.01333    0.05395    0.02978   16.59969    2.04678    1.19455    4.12106    2.00000
 179.99390   -0.04206   23.00180   22.66728    0.04250    0.02346    9.50344    0.16528    0.96560    3.03715    2.00000
 179.99319    0.00510   22.56976   22.28146    0.00851    0.00470   13.40685    2.85519    1.74799    4.55755    2.00000
 179.98361    0.00398   23.82471   23.36649    0.01687    0.00931    5.07038    2.67365    1.78482   -0.06135    2.00000
 179.94849    0.00522   21.60924   21.38651    0.05179    0.02858   28.70975    1.78083   -0.64619    1.04161    2.00000
 180.16504   -0.03854   23.26442   22.89621    0.16948    0.09354    7.72278   -1.28970    2.55705    2.74813    2.00000
 180.11475   -0.01099   21.97081   21.72972    0.11526    0.06362   21.60512    2.48530   -3.44680   -0.53054    2.00000
 179.98375    0.08935   22.32211   22.05484    0.09081    0.05012   16.10540   -5.59552    1.65172   -5.18464    2.00000
 180.04953   -0.30892   23.18640   22.82847    0.31287    0.17268    8.24966    3.67626    4.23195    9.09762    2.00000
 179.99751   -0.01622   23.68873   23.25408    0.01641    0.00906    5.63630   -2.51684    4.71951    2.82013    2.00000
 180.05322    0.06419   23.07061   22.72749    0.08339    0.04603    9.03517    1.08766    3.35593    7.35945    2.00000
 179.89581   -0.02950   21.64510   21.42099    0.10828    0.05976   27.80285   -1.72446   -2.93779   -5.08529    2.00000
 180.01636    0.01142   22.01740   21.77310    0.01995    0.01101   20.82730    1.26735    0.05806    1.54812    2.00000
 179.98450    0.11472   23.02740   22.68972    0.11576    0.06389    9.32889    4.41027   -2.40245    3.97384    2.00000
 180.11852    0.02812   17.95860   17.96800    0.12181    0.06723  291.27029   -0.82374   -1.83899   -2.65150    2.00000
 180.03249   -0.00883   23.83185   23.37239    0.03366    0.01858    5.04069   -4.56443   -0.29138   -1.59460    2.00000
 179.88651   -0.02509   21.60145   21.37903    0.11624    0.06416   28.90662   -5.25373    3.80344   -0.93154    2.00000
 180.01974   -0.01326   22.16191   21.90761    0.02378    0.01313   18.41520    0.07240   -4.02354   -3.92989    2.00000
 179.82103   -0.09858   22.98672   22.65405    0.20432    0.11277    9.60634    8.73912   -4.55759    5.47124    2.00000
 179.95253   -0.06162   21.93793   21.69910    0.07779    0.04293   22.15417   -2.78294    1.64941   -1.64323    2.00000
 180.06142   -0.00557   22.92108   22.59586    0.06167    0.03403   10.05901    2.90509   -0.38348    2.68741    2.00000
 179.99937    0.01207   21.49466   21.27371    0.01209    0.00667   31.67685    0.87740    2.78819    3.56594    2.00000
 179.97495   -0.10749   22.77978   22.46979    0.11037    0.06091   11.16438    2.44719   -0.09229    1.40957    2.00000
 180.08665    0.01198   22.07987   21.83143    0.08748    0.04828   19.78120    3.03958   -1.68883    0.61297    2.00000
 180.04860    0.00333   23.55854   23.14554    0.04872    0.02689    6.18278    1.69304    1.30588    4.54448    2.00000
 180.01007    0.01985   23.19128   22.83271    0.02226    0.01229    8.21673    2.98895   -0.05338    1.43178    2.00000
 179.95792    0.09385   22.31731   22.05042    0.10286    0.05677   16.15806   -2.03734   -0.11735   -1.16074    2.00000
 179.99724    0.02386   23.65131   23.22309    0.02402    0.01326    5.79235   -1.31265   -1.92325   -8.00262    2.00000
 180.00587    0.03840   21.87253   21.63787    0.03885    0.02144   23.25227    1.78528   -0.17015    2.43629    2.00000
 179.99438   -0.02523   20.94031   20.62303    0.02585    0.01427   53.00433    4.84474   -3.61673    1.25079    2.00000
 180.02974   -0.04130   22.67148   22.37286    0.05090    0.02809   12.31848   -0.59635    2.83870    0.92121    2.00000
 180.07486   -0.08634   21.26280   21.03283    0.11427    0.06307   38.01310   -4.62020    0.15507   -4.35350    2.00000
 179.76131    0.07039   22.77479   22.46533    0.24885    0.13735   11.21749    3.26309   -3.35305   -1.88676    2.00000
 179.92589    0.06250   23.29822   22.92513    0.09695    0.05351    7.49782    0.85044   -1.73332   -1.24688    2.00000
 180.00145    0.00011   23.69060   23.25563    0.00146    0.00081    5.62850   -1.85876    1.95265   -4.16224    2.00000
 179.92693   -0.18056   22.41092   22.13666    0.19479    0.10751   15.13113    4.28907   -1.59914    2.50461    2.00000
 179.95238    0.06780   23.59490   23.17597    0.08286    0.04573    6.02954   -3.51934   -2.02419  -11.35515    2.00000
 179.81998   -0.06196   23.18153   22.82424    0.19039    0.10508    8.28259    4.35284    3.12523    7.93633    2.00000
 179.94205   -0.03234   23.69622   23.26028    0.06636    0.03662    5.60509    1.94014    1.73160    2.42659    2.00000
 180.03259    0.00068   21.75888   21.53070    0.03260    0.01799   25.17394   -2.88697   -0.85483   -2.99595    2.00000
 180.20197   -0.00736   22.38932   22.11676    0.20209    0.11154   15.36812   -0.24764    0.04383    0.96704    2.00000
 179.88998   -0.02304   23.23029   22.86658    0.11241    0.06204    7.95329    1.06201   -0.09614   -1.57822    2.00000
 179.98662   -0.03348   22.45363   22.17580    0.03606    0.01990   14.66509    2.88794    0.00885    4.01339    2.00000
 180.00220   -0.05282   22.27184   22.00861    0.05286    0.02918   16.65595    3.86892   -2.02948    2.90486    2.00000
 179.99863    0.04258   23.01581   22.67957    0.04260    0.02351    9.40788   -4.82456    3.11039   -2.59332    2.00000
 180.02646    0.04680   23.59811   23.17866    0.05376    0.02967    6.01603    3.16845    0.94895    6.63177    2.00000
 180.00737   -0.06207   22.91065   22.58656    0.06250    0.03450   10.13134   -0.23132    1.13586    2.31631    2.00000
 179.99802   -0.00430   22.63235   22.33771    0.00474    0.00262   12.73709    1.08051    0.03391    0.33968    2.00000
 180.01810    0.00615   19.54205   19.03041    0.01911    0.01055  158.96445    2.19098    3.14124    5.30789    2.00000
 180.01038   -0.02054   22.29498   22.02987    0.02301    0.01270   16.40276   -0.06537    2.90651    2.87236    2.00000
 180.03642    0.02130   23.68499   23.25098    0.04220    0.02329    5.65191   -2.61684    1.42406   -1.62962    2.00000
 180.04341    0.00694   22.28213   22.01806    0.04396    0.02426   16.54342   -3.17989    0.99885   -1.18737    2.00000
 180.04106    0.00577   21.13653   20.88856    0.04146    0.02288   43.05313    1.85564    2.12989    3.70384    2.00000
 179.60851   -0.40508   22.28727   22.02278    0.56335    0.31093   16.48716    3.75141    1.03658    2.56394    2.00000
 180.01009   -0.00450   23.01688   22.68051    0.01105    0.00610    9.40053    8.29156    2.77979    8.70470    2.00000
 180.01981    0.00143   23.59169   23.17329    0.01985    0.01096    6.04306   -1.01740   -3.40797   -7.90007    2.00000
 179.99579   -0.03004   23.71493   23.27578    0.03034    0.01674    5.52706    4.57430    0.94870    5.69405    2.00000
 180.00957   -0.02337   23.31728   22.94128    0.02525    0.01394    7.37227    6.55561   -1.41472    8.50232    2.00000
 179.99547   -0.11578   21.76417   21.53581    0.11587    0.06395   25.08243   -0.11865    0.66905    0.76421    2.00000
 179.93312    0.01790   23.22541   22.86234    0.06924    0.03821    7.98622    3.24750   -0.57199    3.04416    2.00000
 180.05533   -0.07414   23.49638   23.09294    0.09251    0.05106    6.44760    7.94314   -0.00309    7.90850    2.00000
 180.04253    0.00860   22.84805   22.53076    0.04339    0.02395   10.56531    2.27349   -0.25359    1.50877    2.00000
 179.97993    0.02686   23.47476   23.07464    0.03353    0.01851    6.53971   -0.12507    1.06337    5.11961    2.00000
 179.96565   -0.00482   21.63649   21.41271    0.03468    0.01914   28.02069    3.16338    3.31920    6.98061    2.00000
 179.95995    0.04773   21.27695   21.04791    0.06231    0.03439   37.61637    3.44710    1.43644    4.51908    2.00000
 180.01076   -0.04630   21.89974   21.66338    0.04754    0.02624   22.79473   -4.22207    0.45149   -4.26583    2.00000
 180.03499    0.03792   22.50753   22.22492    0.05159    0.02848   14.08017    2.63144   -1.09109    2.54691    2.00000
 180.09395   -0.03018   23.53962   23.12953    0.09867    0.05446    6.26338    2.05217    5.05966    7.52618    2.00000
 180.04099   -0.10839   22.09846   21.84912    0.11587    0.06395   19.46397   -0.67725    3.63215    2.82250    2.00000
 180.05978    0.10581   21.76682   21.53836    0.12153    0.06707   25.03668   -0.60332   -2.55322   -4.52478    2.00000
 180.21802    0.50242   22.80722   22.49432    0.54768    0.30229   10.87225   -0.54283   -2.42693   -2.88401    2.00000
 180.10162   -0.09538   22.44191   22.16512    0.13937    0.07692   14.79225   -0.53123   -0.60128   -1.33898    2.00000
 179.97746    0.05220   22.96841   22.63799    0.05686    0.03138    9.73130    3.68153   -0.39429    4.34482    2.00000
 180.03848   -0.02361   23.50990   23.10437    0.04515    0.02492    6.39003    8.43135    2.03456   14.67347    2.00000
 180.06015   -0.05244   21.34976   21.12548    0.07980    0.04404   35.57606   -4.83879    2.35416   -2.13876    2.00000
 180.04082   -0.02099   22.33411   22.06590    0.04590    0.02533   15.97374   -1.86484   -0.43315   -2.96508    2.00000
 179.93237    0.13854   23.17178   22.81577    0.15416    0.08509    8.34845    1.59769    0.96915    3.01243    2.00000
 180.00499   -0.03722   22.72739   22.42295    0.03755    0.02073   11.72206    4.41516   -1.35009   -0.85630    2.00000
 179.89452    0.04833   21.04300   20.77150    0.11602    0.06404   47.44031   -1.33203   -2.69148   -4.55179    2.00000
 179.97464    0.01964   22.28213   22.01806    0.03208    0.01770   16.54342   -0.09253    3.22200    4.23275    2.00000
 179.91925    0.00814   23.77470   23.32521    0.08116    0.04479    5.27820    0.96213   -1.19825   -2.59088    2.00000
 179.99304   -0.01603   21.52220   21.30184    0.01748    0.00965   30.93708    0.77796    2.21673    3.11920    2.00000
 179.98969    0.08789   21.77211   21.54346    0.08849    0.04884   24.94517    7.47448   -0.81608    5.86506    2.00000
 180.10585    0.05548   23.08021   22.73588    0.11951    0.06596    8.96990   -1.75858   -2.55067   -3.26765    2.00000
 180.00639    0.00992   23.03460   22.69602    0.01181    0.00652    9.27994    4.92409    1.99414   10.07082    2.00000
 179.95906   -0.07487   21.44764   21.22568    0.08533    0.04710   32.94048   -1.94372    0.46897   -1.35181    2.00000
 180.05898    0.05621   22.35571   22.08580    0.08148    0.04497   15.73676   -2.52372   -2.23230   -7.70970    2.00000
 180.17245    0.13244   23.24492   22.87928    0.21744    0.12001    7.85450   -4.35370    0.17162   -1.99067    2.00000
 179.94643    0.02409   22.65844   22.36115    0.05875    0.03242   12.45802   -1.11276    0.75700   -2.15342    2.00000
 179.97243    0.02258   23.29278   22.92052    0.03564    0.01967    7.53369    2.52033   -0.15792    2.62256    2.00000
 180.04839   -0.16877   23.53692   23.12724    0.17557    0.09690    6.27489    0.22036    1.21615    2.73820    2.00000
 179.96146    0.08556   22.38452   22.11234    0.09384    0.05179   15.42078    1.03509    0.09415    0.57869    2.00000
 179.93665    0.01337   23.52611   23.11809    0.06475    0.03574    6.32095   -1.15756   -3.48061   -6.51483    2.00000
 180.01842    0.01520   21.73507   21.50774    0.02388    0.01318   25.58573   -0.45445   -0.60855   -1.05563    2.00000
 180.05228    0.00942   23.42341   23.03119    0.05312    0.02932    6.75847    3.04605   -2.08365    1.92428    2.00000
 180.00317   -0.02131   22.47003   22.19075    0.02155    0.01189   14.48707    0.60285   -1.30492   -1.06606    2.00000
 179.99811   -0.02614   22.43957   22.16298    0.02620    0.01446   14.81768   -1.31222    2.69513    1.01069    2.00000
 179.96262   -0.04384   23.58205   23.16524    0.05762    0.03180    6.08359    1.57926   -1.07612    1.93360    2.00000
 180.02534   -0.03079   22.27441   22.01097    0.03988    0.02201   16.62782   -1.53026   -0.88139   -2.66964    2.00000
 180.07912    0.06165   23.63345   23.20818    0.10030    0.05536    5.86740    3.17701   -1.02103    0.94138    2.00000
 179.95593   -0.04451   23.50990   23.10437    0.06264    0.03457    6.39003   -4.23296   -0.99608   -6.12058    2.00000
 179.99153    0.01548   22.69745   22.39619    0.01764    0.00974   12.04074   -2.45311    1.92854   -2.54614    2.00000
 179.94710    0.07682   22.27698   22.01333    0.09327    0.05148   16.59969   -0.20716    3.69830    2.29293    2.00000
 179.90240   -0.01577   23.43152   23.03805    0.09885    0.05456    6.72392   -3.62798    3.60437   -1.87234    2.00000
 180.05307    0.03085   22.88196   22.56098    0.06139    0.03388   10.33024    0.26788    1.55360    1.81627    2.00000
 179.98805    0.06503   22.22815   21.96844    0.06612    0.03649   17.32430    1.84312    0.99823    0.02023    2.00000
 180.02238   -0.02219   23.42070   23.02890    0.03152    0.01740    6.77002   -4.40874    2.49486   -4.03583    2.00000
 179.55734    0.81277   22.05577   21.80882    0.92549    0.51084   20.18674    5.24646    1.10325    6.32510    2.00000
 179.98116    0.01302   21.39548   21.17238    0.02291    0.01264   34.34245   -0.52949    0.23315    0.13553    2.00000
 179.99278    0.01673   23.16934   22.81366    0.01823    0.01006    8.36491   -5.05387    0.90240   -4.58785    2.00000
 179.94775   -0.02078   23.75565   23.30949    0.05622    0.03103    5.35737   -8.89103   -2.26887   -6.81509    2.00000
 179.91418   -0.17416   23.02740   22.68972    0.19415    0.10716    9.32889   -4.81670   -5.48950  -10.33009    2.00000
 179.99426    0.01698   23.11862   22.76944    0.01792    0.00989    8.70881   -6.60624    4.05009   -2.67618    2.00000
 180.03291   -0.04041   21.20722   20.97167    0.05211    0.02876   39.93852    5.36716   -1.53793    3.99756    2.00000
 180.00182    0.02119   21.34167   21.11686    0.02127    0.01174   35.80276   -2.77111   -3.67522   -6.32432    2.00000
 179.84448    0.03456   21.47111   21.24966    0.15931    0.08793   32.30959    0.77603    1.97924    3.44152    2.00000
 179.97502    0.02544   21.11712   20.86497    0.03565    0.01968   43.93710    1.75763   -0.32805    1.28669    2.00000
 180.00665   -0.05184   23.00396   22.66917    0.05227    0.02885    9.48874   -1.12042    1.66368    1.38961    2.00000
 180.04768   -0.04335   23.23760   22.87293    0.06444    0.03557    7.90390    1.45737   -1.09821   -2.43474    2.00000
 180.01125   -0.01373   22.28984   22.02514    0.01774    0.00979   16.45903    0.09710   -2.68870   -1.79264    2.00000
 179.92532   -0.01460   22.99642   22.66256    0.07610    0.04200    9.54019   -0.26075   -1.17795   -1.72638    2.00000
 179.99992   -0.00325   20.30455   19.83056    0.00325    0.00179   94.97015    3.80240   -1.17908    2.57822    2.00000
 180.00165   -0.01337   23.06581   22.72329    0.01347    0.00743    9.06781   -2.38738   -1.34746   -1.54771    2.00000
 180.02238   -0.03787   23.18884   22.83059    0.04400    0.02428    8.23320   -3.52896   -1.46397  -10.02246    2.00000
 179.95763   -0.00485   23.76755   23.31931    0.04265    0.02354    5.30789   -2.46381    1.75644    0.76856    2.00000
 180.03368   -0.14824   22.51456   22.23133    0.15202    0.08390   14.00388   -4.54135   -0.72554   -6.48150    2.00000
 179.97610   -0.00379   23.09461   22.74846    0.02420    0.01336    8.87199    2.42042   -0.05219    3.19081    2.00000
 179.96819   -0.06787   23.65318   23.22464    0.07496    0.04137    5.78455   -0.35295   -0.86450    4.30338    2.00000
 180.03185    0.01946   22.91065   22.58656    0.03731    0.02059   10.13134   -5.86893    1.64301   -6.87797    2.00000
 179.99086   -0.03292   23.04661   22.70651    0.03417    0.01886    9.19835    1.35999    0.96084    3.75178    2.00000
 179.99512    0.03748   23.03701   22.69811    0.03780    0.02086    9.26362   -1.30289    3.45551    0.42778    2.00000
 179.93173    0.05507   22.82723   22.51221    0.08772    0.04841   10.70962   -1.67011   -0.20027   -5.01621    2.00000
 180.02946   -0.00243   20.95538   20.64755    0.02956    0.01632   52.08529   -0.76654   -2.46390   -3.33660    2.00000
 179.96097   -0.00445   22.59323   22.30256    0.03928    0.02168   13.15569   -2.87248   -3.06991   -8.40582    2.00000
 179.93623    0.16269   22.16520   21.91061    0.17473    0.09644   18.36132    2.18144    3.91341    4.06554    2.00000
 179.97981   -0.01430   23.70183   23.26493    0.02474    0.01366    5.58168    2.89691    1.01909   -0.72863    2.00000
 179.98143    0.00290   22.42772   22.15214    0.01880    0.01037   14.94681    3.19525   -2.77864    0.13054    2.00000
 179.99245    0.06447   22.11697   21.86654    0.06491    0.03583   19.15168    3.25983   -2.98868   -0.38183    2.00000
 180.02023   -0.09382   22.23843   21.97789    0.09597    0.05297   17.15484    0.74661    0.58439    0.66231    2.00000
 180.00261    0.00883   21.35398   21.12998    0.00921    0.00508   35.45781   -4.20556   -0.93607   -4.81213    2.00000
 179.96594   -0.00801   22.48878   22.20783    0.03499    0.01931   14.28362   -0.44416    0.33199   -0.54706    2.00000
 180.20908   -0.15470   23.38532   22.99892    0.26008    0.14354    6.92390   -6.05824    1.09762   -9.82106    2.00000
 180.01685   -0.01809   20.98552   20.69195    0.02472    0.01364   50.42138   -1.92567   -2.19396   -4.18063    2.00000
 179.90100    0.06200   21.62871   21.40522    0.11681    0.06447   28.21757   -0.41482    1.18836    0.65161    2.00000
 179.96626   -0.01413   21.00527   20.72104    0.03658    0.02019   49.33129    0.06268    1.29502    1.40503    2.00000
 180.01578    0.04232   20.82376   20.43133    0.04516    0.02493   61.15389   -2.13237    0.77961   -1.53648    2.00000
 180.17934    0.02888   23.06821   22.72539    0.18165    0.10026    9.05149   -3.43135    0.82758   -3.45145    2.00000
 180.00090    0.01531   22.51222   22.22919    0.01533    0.00846   14.02931   -0.88115   -0.90524   -2.16833    2.00000
 180.04010    0.07807   22.17931   21.92356    0.08777    0.04844   18.12924   -3.25869    0.67173   -1.52600    2.00000
 180.01842    0.14152   23.30911   22.93436    0.14271    0.07876    7.42608   -3.08466    0.79136   -2.04168    2.00000
 179.96561    0.01954   22.84023   22.52379    0.03956    0.02183   10.61955    4.65700   -1.28452    4.01908    2.00000
 179.66315    0.18782   23.65880   23.22929    0.38568    0.21287    5.76114   -1.90415    0.99389    6.25338    2.00000
 180.02673   -0.01607   22.13670   21.88457    0.03120    0.01722   18.82835   -1.53815    0.00364   -1.18251    2.00000
 180.00563    0.05812   23.72990   23.28818    0.05839    0.03223    5.46464   -0.92515   -1.50763   -0.57491    2.00000
 179.97064   -0.06786   23.73738   23.29438    0.07394    0.04081    5.43343    5.91178    2.40912    2.31749    2.00000
 180.11497   -0.06096   23.81280   23.35666    0.13013    0.07182    5.11986  -10.26922    2.71424  -15.35198    2.00000
 179.97948   -0.01091   23.58687   23.16926    0.02325    0.01283    6.06332   -1.94003    0.25321    2.70880    2.00000
 179.98550   -0.13131   22.74236   22.43633    0.13211    0.07291   11.56272    1.68815    2.81323    4.67476    2.00000
 180.00827    0.02151   23.74487   23.30058    0.02305    0.01272    5.40222   -5.78425   -1.66585   -5.65223    2.00000
 180.00240    0.20776   21.02803   20.75176    0.20777    0.11468   48.17978   -2.85713   -0.62945   -3.44799    2.00000
 179.99808   -0.00961   20.69022   20.25687    0.00980    0.00541   70.14477   -3.50495   -3.48031   -7.14318    2.00000
 180.12659   -0.05609   22.36292   22.09243    0.13845    0.07641   15.65776   -2.56368   -1.74231   -2.38362    2.00000
 179.95909   -0.04431   23.62542   23.20147    0.06031    0.03329    5.90118   -4.15645    0.00530   -2.49329    2.00000
 179.95395   -0.01917   23.58365   23.16658    0.04988    0.02753    6.07684    0.05495   -1.28384   -0.20354    2.00000
 180.04994   -0.05726   20.33019   19.85780    0.07598    0.04194   93.10751   -2.72621    1.60141   -1.04082    2.00000
 180.00571   -0.12712   23.74300   23.29903    0.12725    0.07023    5.41002   -5.43060   -0.03283   -6.14207    2.00000
 180.02721   -0.00668   21.83442   21.60215    0.02802    0.01546   23.89283    2.81107   -2.27639   -0.27234    2.00000
 180.01657   -0.06800   23.71119   23.27268    0.06999    0.03863    5.54267   -3.95197   -0.40736   -9.21184    2.00000
 180.02164    0.05078   23.19616   22.83694    0.05520    0.03046    8.18380   -2.82185   -0.20898   -4.00941    2.00000
 179.96974   -0.07159   17.98971   18.02215    0.07772    0.04290  282.76105    0.08407   -1.74121   -1.66096    2.00000
 179.99997    0.01594   23.22785   22.86446    0.01594    0.00880    7.96976   -4.31389    3.72442    1.02541    2.00000
 180.01620   -0.01918   22.21787   21.95899    0.02511    0.01386   17.49376    0.37804   -0.94742    0.68035    2.00000
 180.07782   -0.00759   23.76279   23.31538    0.07819    0.04316    5.32768   -1.12996    0.57302   -1.36183    2.00000
 180.05762    0.14597   22.36292   22.09243    0.15693    0.08661   15.65776   -2.98091   -2.47880   -5.70445    2.00000
 179.96909   -0.26743   21.48155   21.26032    0.26921    0.14858   32.02920   -3.71555    0.99072   -2.03098    2.00000
 179.87852   -0.17759   21.78005   21.55112    0.21516    0.11875   24.80791   -5.36083    0.00663   -4.95904    2.00000
 180.00172    0.04481   21.07980   20.81961    0.04485    0.02475   45.63704    1.47239   -1.50388    0.13454    2.00000
 180.37325    0.02061   23.11862   22.76944    0.37382    0.20632    8.70881    3.10303    0.56798    6.96765    2.00000
 180.00890    0.06428   23.18397   22.82636    0.06489    0.03581    8.26612    4.88322   -2.76704    7.61623    2.00000
 180.02484    0.00639   22.06673   21.81902    0.02565    0.01415   20.00373   -1.67085   -1.71972   -2.76070    2.00000
 179.87222    0.09565   23.39892   23.01045    0.15962    0.08810    6.86289   -5.16156   -0.49314   -3.15723    2.00000
 179.99631   -0.01000   23.10421   22.75686    0.01065    0.00588    8.80672    3.79050   -1.75956    4.24970    2.00000
 180.01344   -0.03151   22.46535   22.18648    0.03426    0.01891   14.53793    0.32167   -3.27318   -4.46931    2.00000
 179.85155   -0.01245   23.77232   23.32325    0.14898    0.08222    5.28809    0.64094    0.65513   -3.82410    2.00000
 179.99586    0.10679   21.24419   21.01296    0.10687    0.05898   38.53584    2.97586    3.97205    6.66685    2.00000
 179.99944   -0.04512   22.31491   22.04821    0.04513    0.02491   16.18439    2.45554    1.21915    4.05875    2.00000
 180.09064   -0.10291   22.97595   22.64460    0.13713    0.07568    9.67985   -2.02929    2.57857    1.07962    2.00000
 179.97504    0.03858   17.20132   16.56903    0.04595    0.02536  590.23767   -0.89057    0.96708    0.06963    2.00000
 180.01363    0.08280   23.67751   23.24478    0.08391    0.04631    5.68312   -2.63358   -1.08747   -3.11788    2.00000
 179.94250   -0.01534   22.88196   22.56098    0.05951    0.03284   10.33024   -1.13150   -0.34003    2.93909    2.00000
 179.90256    0.03801   22.29755   22.03223    0.10460    0.05773   16.37463   -1.32895   -0.53176   -2.11272    2.00000
 179.93703    0.01893   23.11381   22.76525    0.06576    0.03630    8.74145    6.29723    2.22764   11.11654    2.00000
 179.99500    0.05074   21.59561   21.37342    0.05099    0.02814   29.05427   -4.02952    1.88524   -2.38830    2.00000
 180.05124   -0.00406   22.37252   22.10128    0.05140    0.02837   15.55244   -1.65915   -0.46769   -4.15984    2.00000
 179.94260    0.03876   22.78726   22.47648    0.06926    0.03823   11.08471    1.55264    1.67801   -0.23538    2.00000
 179.97688   -0.19990   23.23273   22.86869    0.20123    0.11106    7.93683    2.90514    0.51664    0.97518    2.00000
 180.06107   -0.01245   22.45128   22.17366    0.06232    0.03440   14.69052    0.78031   -0.45735   -0.26878    2.00000
 180.48695   -0.58064   22.89239   22.57028    0.75780    0.41827   10.25791   -5.25958   -0.19897   -8.92234    2.00000
 179.99606    0.01460   21.79088   21.56132    0.01512    0.00834   24.62489    3.98329    1.00415    4.79972    2.00000
 179.99905    0.14351   23.67002   23.23858    0.14351    0.07921    5.71433    4.55474    0.38387    0.64699    2.00000
 179.98071   -0.02564   23.56919   23.15450    0.03208    0.01770    6.13764    0.82522   -1.29605    1.23131    2.00000
 179.99478    0.06769   22.11258   21.86253    0.06789    0.03747   19.22353    5.99340    0.72230    5.46407    2.00000
 179.90024   -0.12653   22.46769   22.18861    0.16113    0.08893   14.51250   -3.50102    0.28377   -2.55542    2.00000
 180.00134   -0.00284   23.15958   22.80519    0.00315    0.00174    8.43077   -0.65388    1.97251   -0.30664    2.00000
 179.96504    0.00631   21.34976   21.12548    0.03553    0.01961   35.57606    8.09341    1.05053    9.42957    2.00000
 180.14644   -0.12562   22.66105   22.36349    0.19294    0.10649   12.43011    3.34935    1.42697    4.21988    2.00000
 180.04356   -0.02824   22.35571   22.08580    0.05191    0.02865   15.73676    1.52792    1.62680    3.50780    2.00000
 179.66510    0.20248   21.62092   21.39774    0.39135    0.21600   28.41444    2.84132   -5.40246   -2.90177    2.00000
 179.97366    0.01014   23.25467   22.88774    0.02822    0.01558    7.78864    0.99512   -1.25941    3.77453    2.00000
 179.95952   -0.02080   22.31731   22.05042    0.04551    0.02512   16.15806   -3.98261    0.25674   -1.41502    2.00000
 180.01291    0.00295   19.77121   19.27011    0.01324    0.00731  137.83846    6.30330    0.39498    6.64087    2.00000
 180.04015    0.04915   23.37443   22.98970    0.06347    0.03503    6.99564   -1.73025    3.40009    0.27047    2.00000
 179.98953   -0.00459   21.56836   21.34722    0.01143    0.00631   29.74333   -1.92625   -2.03457   -4.42673    2.00000
 179.99016   -0.05874   23.32272   22.94589    0.05956    0.03287    7.33640    0.78370    0.39102    5.31378    2.00000
 180.06697   -0.09696   22.17674   21.92119    0.11784    0.06504   18.17160   -3.28743   -3.44693   -6.61301    2.00000
 180.19255   -0.08915   22.48175   22.20143    0.21219    0.11711   14.35991   -1.55734    1.42336    0.31121    2.00000
 180.00883   -0.07328   22.10001   21.85060    0.07382    0.04074   19.43754    0.66520   -0.75563   -1.70350    2.00000
 180.03415   -0.07234   22.88978   22.56796    0.07999    0.04415   10.27600    1.64096   -1.79869    3.52452    2.00000
 180.10793    0.00158   22.99103   22.65783    0.10793    0.05957    9.57694    0.04866    0.68965   -0.73052    2.00000
 179.99300   -0.15000   22.19216   21.93537    0.15017    0.08288   17.91741   -3.08906   -3.23849   -4.71063    2.00000
 180.12138   -0.18310   23.23273   22.86869    0.21968    0.12125    7.93683    3.13269   -2.87788    4.70367    2.00000
 180.00133    0.03474   23.58687   23.16926    0.03476    0.01919    6.06332   -0.71203   -1.30392    1.25645    2.00000
 179.94437    0.03178   23.03220   22.69392    0.06407    0.03536    9.29626   -0.16362   -0.49350    0.79477    2.00000
 180.01619    0.05926   20.94677   20.63358    0.06144    0.03391   52.60910    0.56216   -0.06388    0.79805    2.00000
 179.93642   -0.04552   23.62221   23.19879    0.07819    0.04316    5.91469    0.75735   -0.52938   -8.58705    2.00000
 180.01408   -0.01256   21.66892   21.44395    0.01887    0.01042   27.19880    3.39229   -1.19988    3.28611    2.00000
 179.90552   -0.02833   22.10079   21.85134    0.09864    0.05444   19.42432   -0.94726   -2.51039   -4.83574    2.00000
 180.04036    0.01695   23.50179   23.09751    0.04377    0.02416    6.42457    9.21632    1.30262    7.78616    2.00000
 179.99886   -0.06612   23.62542   23.20147    0.06613    0.03650    5.90118    5.66380    2.93322    3.37593    2.00000
 179.97166    0.06819   23.15227   22.79884    0.07384    0.04075    8.48017    2.22750    0.29637    1.02719    2.00000
 180.02495   -0.15894   22.17417   21.91883    0.16088    0.08880   18.21397    2.90519    1.05514    3.68302    2.00000
 179.96623   -0.04018   23.71119   23.27268    0.05248    0.02897    5.54267   -2.69452   -2.17496   -4.87108    2.00000
 179.99706   -0.02995   22.07522   21.82701    0.03010    0.01661   19.86051   -2.36275   -3.26026   -4.13086    2.00000
 179.99792    0.01182   22.47472   22.19502    0.01200    0.00662   14.43621    2.14807   -0.92014    1.33297    2.00000
 179.99655    0.02904   23.24736   22.88139    0.02925    0.01614    7.83804   -0.98461   -4.44766   -7.03091    2.00000
 179.95610   -0.10616   23.32544   22.94819    0.11488    0.06341    7.31847    0.21927   -0.06903   -0.12505    2.00000
 180.06245   -0.00027   21.89430   21.65828    0.06245    0.03447   22.88624   -0.39677    3.55327    3.29066    2.00000
 179.94917    0.11247   22.46769   22.18861    0.12342    0.06812   14.51250    0.51045   -0.73589    0.49903    2.00000
 179.96439   -0.00172   20.67610   20.23986    0.03566    0.01968   71.02136    2.13294   -2.74251   -0.60886    2.00000
 180.03387   -0.02265   23.81280   23.35666    0.04075    0.02249    5.11986   -3.58462    1.01754   -1.37325    2.00000
 180.00397    0.02567   22.99965   22.66539    0.02597    0.01434    9.51814    2.74947    1.68507    7.70636    2.00000
 179.99414   -0.04453   23.62864   23.20415    0.04491    0.02479    5.88767   -1.06988   -0.81139   -9.06219    2.00000
 180.00891    0.01416   23.72241   23.28198    0.01673    0.00923    5.49585   -1.59700   -2.41056   -2.06065    2.00000
 180.03989   -0.13745   23.27661   22.90680    0.14312    0.07899    7.64046    1.76897   -2.21620   -0.52428    2.00000
 179.91499   -0.08514   22.12464   21.87355    0.12031    0.06640   19.02594   -0.83995    0.67094    0.16707    2.00000
 179.97859    0.00560   22.23586   21.97553    0.02213    0.01222   17.19721   -2.08890    0.85540   -0.14421    2.00000
 179.71721   -0.05315   22.69745   22.39619    0.28774    0.15881   12.04074    7.12109    0.80801    6.84329    2.00000
 179.85284    0.15275   23.67002   23.23858    0.21210    0.11706    5.71433   -6.47290    0.48348   -4.94887    2.00000
 179.90831    0.02613   23.81994   23.36256    0.09534    0.05262    5.09017    0.48220   -0.82808   -5.94017    2.00000
 180.03880   -0.03240   22.58019   22.29084    0.05055    0.02790   13.29522   -3.18453    2.89640    0.65727    2.00000
 180.04492    0.00602   22.04755   21.80116    0.04532    0.02501   20.32401   -7.08128    0.81298   -6.81480    2.00000
 180.09042   -0.09256   22.10699   21.85723    0.12939    0.07141   19.31857   -1.03534    0.82531    0.60801    2.00000
 180.10555    0.07069   21.51953   21.29912    0.12703    0.07011   31.00867   -1.33495   -2.09167   -4.37464    2.00000
 179.98421    0.02565   22.92891   22.60283    0.03012    0.01663   10.00477   -2.80278   -0.43081   -2.41795    2.00000
 179.93060    0.11225   23.70744   23.26958    0.13197    0.07284    5.55827   -7.65797   -2.09105   -9.97045    2.00000
 180.02106    0.02798   23.59972   23.18000    0.03502    0.01933    6.00928    1.47545   -1.07051    4.41427    2.00000
 179.94693    0.04620   23.25223   22.88563    0.07037    0.03884    7.80511   -6.48191   -2.11190   -9.84188    2.00000
 179.94936   -0.01716   23.13782   22.78623    0.05347    0.02951    8.57827    2.64117    2.08466    3.28488    2.00000
 180.38551   -0.01383   23.53152   23.12267    0.38576    0.21291    6.29792   -3.03152   -0.52001   -8.78392    2.00000
 180.02281    0.02173   21.06296   20.79780    0.03150    0.01739   46.45434    1.41115   -1.17250    0.63109    2.00000
 179.94833   -0.08163   22.52628   22.24200    0.09661    0.05332   13.87672   -2.47237    0.96560   -0.12224    2.00000
 180.01849    0.08927   22.98349   22.65122    0.09117    0.05032    9.62840   -3.65525    1.66863   -1.77040    2.00000
 179.95592    0.00233   21.75359   21.52560    0.04415    0.02437   25.26545   -5.12697    0.28310   -4.04873    2.00000
 180.11719   -0.10722   22.99534   22.66161    0.15884    0.08767    9.54754   -3.60319    0.99373   -1.83612    2.00000
 179.94112    0.02237   23.06101   22.71909    0.06300    0.03477    9.10044    2.77191    3.51459    4.84599    2.00000
 180.12544   -0.09444   22.80971   22.49655    0.15702    0.08666   10.84570    2.51433   -1.88920   -0.97561    2.00000
 179.93881   -0.05638   22.62192   22.32834    0.08320    0.04592   12.84871    0.36898   -2.00843   -0.74037    2.00000
 179.98264    0.03367   22.64279   22.34708    0.03788    0.02091   12.62546    1.94971    1.27629    0.77227    2.00000
 180.05428   -0.02224   22.94977   22.62143    0.05866    0.03238    9.86011    0.35361    3.38398    0.86786    2.00000
 180.18842   -0.14910   22.94716   22.61910    0.24028    0.13262    9.87819   -0.09869    0.55517   -0.86292    2.00000
 179.79054    0.13172   23.70932   23.27113    0.24742    0.13656    5.55047    0.62474   -1.90484   -2.18922    2.00000
 179.91437   -0.01120   21.79632   21.56643    0.08636    0.04766   24.53338   -1.49930   -1.90044   -3.21490    2.00000
 179.99702    0.10485   21.68479   21.45926    0.10489    0.05789   26.79611    1.13682    3.56238    5.35158    2.00000
 179.55537   -0.00369   22.21787   21.95899    0.44463    0.24541   17.49376   -1.08297    1.80676    2.13737    2.00000
 179.98561   -0.00187   22.94977   22.62143    0.01451    0.00801    9.86011   -0.32188    2.62165    3.23113    2.00000
 179.94769    0.03217   23.34177   22.96203    0.06140    0.03389    7.21086    2.41406   -0.13151    7.13094    2.00000
 180.02603   -0.00693   23.70557   23.26803    0.02694    0.01487    5.56608   -2.75672   -2.02798   -4.99830    2.00000
 179.94357   -0.10261   23.00934   22.67390    0.11710    0.06463    9.45199   -4.58833   -1.51283   -6.99767    2.00000
 180.00089    0.02483   21.07169   20.80931    0.02485    0.01371   46.02298   -3.10239    0.52743   -2.53684    2.00000
 179.94508    0.06620   20.80139   20.39769    0.08602    0.04747   62.88756   -0.67414   -4.53046   -5.26637    2.00000
 180.02791    0.09165   23.65693   23.22774    0.09581    0.05288    5.76894   -4.67327    0.81840   -0.41646    2.00000
 180.01103   -0.09862   22.98133   22.64933    0.09923    0.05477    9.64310   -0.08841    0.15394    1.94089    2.00000
 179.94057    0.09741   21.01680   20.73697    0.11411    0.06298   48.73439    2.50649   -2.44200    0.01033    2.00000
 179.91084   -0.04882   23.22054   22.85811    0.10165    0.05611    8.01915   -3.90334    2.49268   -0.96105    2.00000
 180.16577    0.16557   22.10079   21.85134    0.23429    0.12931   19.42432   -3.94906    2.23956   -1.83483    2.00000
 179.93671    0.04887   21.30324   21.07592    0.07997    0.04414   36.87959   -5.05286   -0.56871   -5.23536    2.00000
 179.99686    0.02261   22.54268   22.25695    0.02283    0.01260   13.69870    1.08937   -1.15989    1.19161    2.00000
 180.02782    0.01754   21.31133   21.08454    0.03289    0.01815   36.65289    1.14639   -1.62320   -0.25801    2.00000
 179.94502   -0.10303   23.54773   23.13639    0.11679    0.06446    6.22884   -5.22334    0.71241   -2.46390    2.00000
 180.03706    0.01008   22.50753   22.22492    0.03842    0.02120   14.08017   -1.84589   -0.95096   -4.10736    2.00000
 180.02847    0.01606   22.96948   22.63893    0.03270    0.01805    9.72395    4.17525   -2.80014    4.18233    2.00000
 179.97629    0.01693   22.98457   22.65216    0.02913    0.01608    9.62105    0.19223   -0.64421    0.66585    2.00000
 180.05286   -0.02389   23.68686   23.25253    0.05801    0.03202    5.64410    0.63999   -1.12761    1.53475    2.00000
 179.98621   -0.03095   23.69060   23.25563    0.03389    0.01870    5.62850    1.72224   -0.00254    6.62714    2.00000
 180.05714   -0.06033   23.27418   22.90468    0.08310    0.04586    7.65693    1.28965    1.66613    1.36205    2.00000
 179.99054    0.03653   22.22301   21.96372    0.03773    0.02083   17.40903    1.81367   -1.06302    0.07388    2.00000
 180.06105    0.03893   22.64540   22.34943    0.07241    0.03996   12.59755   -1.01401   -1.30238   -0.46675    2.00000
 179.99458   -0.01237   22.87935   22.55866    0.01351    0.00746   10.34832   -0.04952   -1.92348   -2.32483    2.00000
 179.97917   -0.11126   22.40852   22.13445    0.11320    0.06248   15.15746    1.59829   -1.02154    0.64923    2.00000
 180.01682    0.04129   20.46975   20.00795    0.04458    0.02461   82.97252   -2.18272    0.66963   -1.51544    2.00000
 180.08043   -0.04954   23.40437   23.01506    0.09446    0.05214    6.83968    4.05278   -1.09074    0.31635    2.00000
 179.96043   -0.03907   22.66105   22.36349    0.05560    0.03069   12.43011   -1.47813   -1.17931    0.20610    2.00000
 179.98036    0.01373   23.56125   23.14782    0.02396    0.01322    6.17127   -1.00820    1.38623    6.44153    2.00000
 180.01457   -0.02711   21.92970   21.69145    0.03078    0.01699   22.29143   -0.32229   -0.80578   -0.68922    2.00000
 180.02904    0.01888   23.61900   23.19610    0.03462    0.01911    5.92821   -4.78631    0.46077   -0.82062    2.00000
 180.05173    0.06006   23.32544   22.94819    0.07926    0.04374    7.31847   -1.93943    0.56081    3.30083    2.00000
 180.04134    0.05965   22.61931   22.32599    0.07257    0.04005   12.87662    4.63109   -1.18579    2.29510    2.00000
 179.78732   -0.13302   23.14262   22.79042    0.25085    0.13845    8.54564    4.88760   -0.32024   -0.00957    2.00000
 180.05508    0.06304   21.48155   21.26032    0.08372    0.04621   32.02920   11.10187    0.03679   11.23866    2.00000
 179.82454    0.13929   22.66105   22.36349    0.22402    0.12364   12.43011    1.87832   -1.94055    1.04787    2.00000
 179.94986   -0.06048   21.76946   21.54091    0.07856    0.04336   24.99092    8.01133   -2.08763    5.51094    2.00000
 179.99770   -0.03246   22.92108   22.59586    0.03254    0.01796   10.05901    1.82744   -2.60990   -1.95561    2.00000
 179.90804    0.09338   21.19694   20.95972    0.13107    0.07234   40.38617    2.17400    0.08889    1.80726    2.00000
 180.01479   -0.05866   22.50519   22.22278    0.06050    0.03339   14.10560    7.36000    1.83339   10.09138    2.00000
 180.12991    0.50597   22.36532   22.09464    0.52238    0.28832   15.63143    9.53870   -0.24085    9.53319    2.00000
 179.88341    0.05023   23.53962   23.12953    0.12694    0.07006    6.26338    9.21028    1.62558   12.63079    2.00000
 179.96924   -0.05164   23.83185   23.37239    0.06011    0.03317    5.04069   -8.32379    3.48154    1.71239    2.00000
 180.01364   -0.02386   16.49850   15.66885    0.02748    0.01517  908.58508   -2.19774   -1.17406   -3.36799    2.00000
 179.96858   -0.01806   23.63988   23.21355    0.03624    0.02000    5.84038    0.24970   -1.78488   -3.73891    2.00000
 179.99388    0.02372   23.65318   23.22464    0.02449    0.01352    5.78455    5.85006   -0.61940    3.50907    2.00000
 179.96025    0.10432   22.41332   22.13887    0.11164    0.06161   15.10480    0.01752   -0.95106   -1.06810    2.00000
 180.03217    0.02206   23.65505   23.22619    0.03900    0.02153    5.77675   -0.05258   -1.97876   -6.07652    2.00000
 179.99535   -0.05830   23.06821   22.72539    0.05848    0.03228    9.05149    0.65555    2.89444    4.42040    2.00000
 179.99951    0.01388   22.88196   22.56098    0.01389    0.00767   10.33024    0.55042   -2.84187   -1.98368    2.00000
 179.98293    0.04749   21.95163   21.71186    0.05047    0.02785   21.92540   -0.83110   -3.02964   -4.12075    2.00000
 179.89474    0.06466   22.94716   22.61910    0.12353    0.06818    9.87819   -2.65935   -0.48621   -1.93131    2.00000
 179.93909    0.01331   23.46935   23.07007    0.06235    0.03441    6.56273   -0.35134   -0.31767   -2.41126    2.00000
 180.12662    0.10585   22.21015   21.95191    0.16503    0.09109   17.62086    1.06949    1.37315    2.63456    2.00000
 179.94521    0.00954   22.06673   21.81902    0.05562    0.03070   20.00373   -2.18127    1.85342    0.55473    2.00000
 180.01273    0.04969   23.46935   23.07007    0.05129    0.02831    6.56273   -4.27671    2.19951    2.39366    2.00000
 180.00053   -0.04640   23.53692   23.12724    0.04641    0.02561    6.27489   -3.92154    0.79499   -1.32434    2.00000
 180.00179   -0.02713   23.03460   22.69602    0.02719    0.01501    9.27994    2.66773    1.65088    1.83691    2.00000
 179.97142   -0.02616   21.59561   21.37342    0.03875    0.02139   29.05427    2.00309   -2.40965   -0.53923    2.00000
 180.05351    0.00024   23.28462   22.91361    0.05351    0.02953    7.58749    3.11111   -1.81296   -0.54994    2.00000
 179.86296   -0.05086   23.63667   23.21086    0.14617    0.08068    5.85389    1.07102   -0.19048    4.58187    2.00000
 179.98334    0.05116   22.89761   22.57493    0.05380    0.02969   10.22175    0.02394    0.51364    0.91017    2.00000
 180.02068    0.11063   21.05298   20.78465    0.11255    0.06212   46.94733    3.58169   -1.18227    1.92166    2.00000
 179.92738   -0.01037   21.49377   21.27281    0.07336    0.04049   31.70071    3.62633    1.28305    4.56892    2.00000
 180.04333   -0.03499   23.46125   23.06321    0.05570    0.03074    6.59727   -1.16226    0.94582   -0.28223    2.00000
 180.24229    0.10841   17.94686   17.97414    0.26544    0.14651  290.22339    2.86287    2.11330    4.99010    2.00000
 180.11984   -0.21192   22.29755   22.03223    0.24345    0.13437   16.37463    3.96650    0.10914    2.92049    2.00000
 180.06435    0.02565   22.13560   21.88357    0.06928    0.03823   18.84631   -0.65432    1.16068   -0.35160    2.00000
 179.66185    0.03413   22.88196   22.56098    0.33987    0.18758   10.33024    3.12776    0.36599    0.92915    2.00000
 179.99393    0.01237   22.40132   22.12781    0.01379    0.00761   15.23646    3.33467   -0.70173    3.11152    2.00000
 180.02776   -0.00369   22.56715   22.27912    0.02800    0.01546   13.43476    2.99265   -1.64881    1.07742    2.00000
 179.90605   -0.04992   19.96337   19.47129    0.10639    0.05872  120.10780   -2.17799   -0.79309   -2.88071    2.00000
 179.99539    0.02347   23.46395   23.06550    0.02392    0.01320    6.58576    2.32210   -0.37851    2.30439    2.00000
 180.02824    0.00198   22.41092   22.13666    0.02831    0.01562   15.13113    1.04629    2.42038    3.38516    2.00000
 179.95830   -0.08744   22.53800   22.25268    0.09687    0.05347   13.74957    4.22238    2.22536    6.47410    2.00000
 180.01105    0.01046   22.53565   22.25055    0.01522    0.00840   13.77500    7.57002   -0.07618    8.16502    2.00000
 180.04030   -0.00244   22.86631   22.54704    0.04037    0.02228   10.43873   -4.60107    2.72473   -7.88653    2.00000
 180.04564    0.00281   22.85066   22.53309    0.04572    0.02524   10.54722    5.40699   -0.52476    2.60658    2.00000
 179.95740   -0.09053   22.41332   22.13887    0.10006    0.05522   15.10480    0.72090    2.28684    1.87249    2.00000
 179.89639    0.03960   22.54503   22.25909    0.11091    0.06122   13.67327    4.57331    0.35504    4.73099    2.00000
 179.93143    0.00925   23.19616   22.83694    0.06920    0.03819    8.18380    1.75717   -0.99488    0.37869    2.00000
 179.95995   -0.05087   23.15471   22.80096    0.06475    0.03574    8.46370   -0.55823    0.31450   -3.08844    2.00000
 179.74709   -0.06496   23.63185   23.20684    0.26112    0.14412    5.87416    5.41544   -1.94947    5.01506    2.00000
 180.04453   -0.01205   22.57497   22.28615    0.04613    0.02546   13.35104   -4.39955   -0.76405   -5.73764    2.00000
 180.01620    0.00062   21.48937   21.26831    0.01622    0.00895   31.81890    4.72097   -2.67242    1.81930    2.00000
 180.23970    0.02096   23.11622   22.76735    0.24061    0.13280    8.72513   -1.79798   -1.23368   -6.49513    2.00000
 180.00664    0.01354   23.12582   22.77574    0.01508    0.00832    8.65986   -3.67464   -0.05941   -6.85350    2.00000
 180.13245    0.00946   21.72713   21.50009    0.13279    0.07329   25.72299    9.17413   -0.61438    8.81422    2.00000
 180.00870    0.25718   20.83302   20.44588    0.25733    0.14203   60.40391    0.39301    0.26882    0.60437    2.00000
 179.97763    0.02802   20.92630   20.60018    0.03586    0.01979   53.86068   -3.57003   -2.38834   -6.42863    2.00000
 179.80829   -0.04155   17.16068   16.44615    0.19616    0.10826  626.07770   -2.58821   -2.33250   -4.91172    2.00000
 179.94940    0.00442   22.99965   22.66539    0.05080    0.02804    9.51814    1.39409   -0.14060    4.39000    2.00000
 180.01283   -0.02881   23.70183   23.26493    0.03154    0.01741    5.58168   -7.26879   -1.11671   -8.38594    2.00000
 180.12524   -0.05099   23.53152   23.12267    0.13523    0.07463    6.29792   -7.60012   -0.69271  -10.25397    2.00000
 179.94670   -0.03744   23.18640   22.82847    0.06514    0.03595    8.24966    1.30337    0.10762    0.66285    2.00000
 180.03767   -0.06348   23.71306   23.27423    0.07382    0.04074    5.53487   -2.32278    1.64944    1.67660    2.00000
 180.14668   -0.03206   21.65039   21.42609    0.15014    0.08287   27.66861   -5.97492   -0.64598   -7.10888    2.00000
 180.09792   -0.05541   21.18666   20.94778    0.11251    0.06210   40.83382   -2.49774   -1.60555   -4.77453    2.00000
 179.97935    0.00086   22.39652   22.12339    0.02066    0.01140   15.28912   -2.01149    2.10973    0.66021    2.00000
 180.05176    0.08584   22.85066   22.53309    0.10023    0.05532   10.54722   -0.86069    2.29669    2.44363    2.00000
 180.00601   -0.02315   23.34721   22.96664    0.02392    0.01320    7.17499    1.28680   -1.34187   -2.90506    2.00000
 179.99500   -0.06053   21.86436   21.63021    0.06074    0.03352   23.38953    0.07472    2.16109    2.38605    2.00000
 179.97559    0.02220   23.30911   22.93436    0.03300    0.01821    7.42608    2.55931   -2.75856    0.75952    2.00000
 179.97177    0.05662   20.90368   20.56327    0.06326    0.03492   55.24401   -2.22938   -0.87688   -3.53774    2.00000
 180.02344    0.05174   22.36772   22.09686    0.05679    0.03135   15.60510    1.00170   -0.02808    2.52225    2.00000
 180.04282   -0.02237   23.69060   23.25563    0.04831    0.02666    5.62850    0.05120    1.57767    0.59109    2.00000
 179.98869   -0.02847   22.59062   22.30021    0.03063    0.01691   13.18359    2.46362   -1.02007   -0.37027    2.00000
 180.04515   -0.04153   23.03220   22.69392    0.06135    0.03386    9.29626    5.88394    1.59071   11.53501    2.00000
 179.91602    0.01897   22.74984   22.44302    0.08611    0.04752   11.48305   -1.46011   -2.37299   -5.39205    2.00000
 179.93924    0.01317   23.16690   22.81154    0.06217    0.03431    8.38138   -6.41293    1.00683   -6.96226    2.00000
 179.97612    0.00704   22.01466   21.77055    0.02490    0.01374   20.87306    2.93271    0.10372    4.24922    2.00000
 180.00816   -0.02894   23.42611   23.03348    0.03007    0.01660    6.74695   -1.90162    2.10758    0.64543    2.00000
 179.80644    0.14329   22.63757   22.34240    0.24083    0.13292   12.68127   -3.11063   -1.79229   -5.14958    2.00000
 180.02823    0.02633   23.29278   22.92052    0.03861    0.02131    7.53369   -1.26790    3.45154    2.80849    2.00000
 180.04385   -0.00343   21.57420   21.35283    0.04400    0.02428   29.59567   -2.23108    1.58418   -0.92389    2.00000
 180.05382    0.04910   22.90022   22.57726    0.07285    0.04021   10.20367    0.21385    1.23381    2.89013    2.00000
 179.96809    0.01001   23.42881   23.03577    0.03343    0.01845    6.73544    0.85965    2.27546    1.51118    2.00000
 179.98360    0.03713   23.81994   23.36256    0.04059    0.02240    5.09017    2.77678   -1.08441    2.32374    2.00000
 180.08128   -0.08172   21.81809   21.58684    0.11526    0.06362   24.16735   -5.49653    1.53160   -4.98070    2.00000
 180.01646    0.00743   22.53331   22.24841    0.01806    0.00997   13.80043   -1.91679   -2.11209   -2.83843    2.00000
 180.04503   -0.08857   23.64955   23.22162    0.09936    0.05484    5.79973    5.01301   -1.09150   -0.32037    2.00000
 180.26326   -0.19479   23.40165   23.01276    0.32749    0.18075    6.85129   -0.61636   -1.29967   -2.94660    2.00000
 180.00224   -0.02207   23.09461   22.74846    0.02218    0.01224    8.87199   -1.33814   -1.75707   -5.90096    2.00000
 179.97040   -0.18093   22.56715   22.27912    0.18333    0.10119   13.43476    1.67867   -0.72414    1.98623    2.00000
 180.00664    0.09658   21.83442   21.60215    0.09681    0.05343   23.89283  -10.95970    4.22367   -7.25965    2.00000
 180.08762   -0.01135   23.71493   23.27578    0.08834    0.04876    5.52706    5.34226    2.06282    2.87838    2.00000
 180.00278   -0.09280   23.81518   23.35863    0.09284    0.05124    5.10997   -4.15911    0.20801   -4.28263    2.00000
 179.95583    0.00562   21.63260   21.40897    0.04453    0.02458   28.11913   -0.92492    0.49067   -1.00371    2.00000
 179.95712   -0.04489   22.47706   22.19715    0.06207    0.03426   14.41078   -4.07807   -1.09961   -6.01261    2.00000
 179.93896   -0.02003   23.32000   22.94358    0.06423    0.03545    7.35434   -2.86279   -0.98871   -0.11018    2.00000
 180.03043   -0.02025   23.49638   23.09294    0.03655    0.02017    6.44760    2.93893    0.26206    1.80346    2.00000
 179.96986    0.00253   23.60775   23.18671    0.03024    0.01669    5.97550    0.21023   -0.00629    6.27755    2.00000
 179.93655    0.01780   19.35624   18.83582    0.06590    0.03637  179.80174    5.30451   -1.62475    3.68947    2.00000
 180.01804   -0.13655   22.83762   22.52146    0.13774    0.07602   10.63763   -1.24909   -2.70080   -2.33525    2.00000
 180.00844    0.01211   22.22558   21.96608    0.01476    0.00815   17.36667    2.07397    0.63572    3.52415    2.00000
 180.04179    0.10419   23.24492   22.87928    0.11226    0.06196    7.85450   -2.27293    0.43646    3.48248    2.00000
 180.07130   -0.04286   22.82219   22.50770    0.08319    0.04591   10.74471   -0.39495    3.05833    5.17980    2.00000
 180.05986    0.07237   21.96807   21.72717    0.09392    0.05184   21.65088    2.93804    1.70303    5.11515    2.00000
 179.98703   -0.01589   22.03384   21.78841    0.02051    0.01132   20.55278    3.81655   -0.75573    4.72922    2.00000
 180.42088    0.36876   23.36354   22.98047    0.55958    0.30885    7.06738    1.23604    1.20625    1.07937    2.00000
 179.96510    0.05786   20.69649   20.26443    0.06756    0.03729   69.75517   -4.86797    0.31102   -4.50481    2.00000
 180.06795    0.05996   22.54972   22.26336    0.09062    0.05002   13.62241    1.85073   -1.03507    0.13355    2.00000
 179.89214    0.01031   23.11622   22.76735    0.10836    0.05981    8.72513   -1.31748    2.73506    0.21337    2.00000
 179.98012   -0.00460   23.07781   22.73378    0.02041    0.01126    8.98622    1.55016   -1.95425   -1.30350    2.00000
 179.94276    0.05273   22.97271   22.64177    0.07782    0.04295    9.70190    2.13802    0.23926    1.36221    2.00000
 179.98354    0.02849   22.77229   22.46309    0.03290    0.01816   11.24404    1.09611    0.65087    0.70255    2.00000
 179.82993    0.00823   22.49347   22.21210    0.17027    0.09398   14.23276    1.06273    0.60017   -0.20144    2.00000
 179.97047    0.03007   23.48827   23.08608    0.04213    0.02325    6.48214   -0.89283   -0.54675   -4.77365    2.00000
 179.92093   -0.29220   22.87153   22.55169    0.30271    0.16707   10.40257   -0.21558   -1.30197   -1.09565    2.00000
 180.00790    0.06059   22.46066   22.18220    0.06111    0.03373   14.58880    2.42201    1.08825    4.24271    2.00000
 179.93916    0.03349   23.19616   22.83694    0.06944    0.03833    8.18380   -1.07986    4.57207    6.36849    2.00000
 179.95506   -0.33131   21.91063   21.67359    0.33434    0.18453   22.61171   -5.52502    3.81072   -1.06560    2.00000
 179.95750    0.30874   22.50050   22.21851    0.31165    0.17201   14.15646   -2.85189   -2.36922   -4.23918    2.00000
 179.97359   -0.07733   22.98780   22.65500    0.08172    0.04510    9.59899   -1.80599   -0.41650   -3.06923    2.00000
 179.89516    0.03132   23.11381   22.76525    0.10942    0.06039    8.74145   -1.04625   -1.72111   -4.80561    2.00000
 179.80289    0.17241   22.86631   22.54704    0.26188    0.14454   10.43873    3.76595   -0.95824    1.47770    2.00000
 180.03632    0.02248   22.62975   22.33537    0.04270    0.02357   12.76499   -1.14307   -1.50212   -3.66095    2.00000
 180.02887    0.02673   21.51065   21.29004    0.03934    0.02171   31.24731   -3.58140   -1.70290   -5.65910    2.00000
 180.05858    0.01662   22.00096   21.75779    0.06089    0.03361   21.10183   -2.90354    0.56801   -2.83200    2.00000
 180.03529    0.00203   22.82219   22.50770    0.03536    0.01952   10.74471   -2.98799   -2.05843   -7.34995    2.00000
 180.01509    0.01830   21.31133   21.08454    0.02372    0.01309   36.65289    0.70060    1.11270    1.29593    2.00000
 179.95975   -0.04663   22.85848   22.54006    0.06160    0.03400   10.49298    0.19579   -0.51699   -2.44538    2.00000
 180.04047   -0.11975   23.34721   22.96664    0.12640    0.06976    7.17499    0.21226    0.76734    3.04576    2.00000
 179.86115   -0.06036   21.00735   20.72410    0.15140    0.08356   49.21655   -2.38763    1.53757   -0.85483    2.00000
 180.02620   -0.09421   23.78899   23.33700    0.09779    0.05397    5.21882    0.63533   -2.70194   -1.25574    2.00000
 179.96046    0.00318   22.96733   22.63704    0.03966    0.02189    9.73865    4.26260   -0.45740    3.01742    2.00000
 179.98419   -0.02293   21.40069   21.17771    0.02785    0.01537   34.20225    2.30714    0.70163    2.83413    2.00000
 180.05621    0.01741   22.94977   22.62143    0.05885    0.03248    9.86011   -4.78371   -0.80768   -4.40065    2.00000
 179.99110    0.06117   22.77479   22.46533    0.06182    0.03412   11.21749   -0.32572   -0.06185   -2.01595    2.00000
 180.01193    0.05596   23.60775   23.18671    0.05721    0.03158    5.97550    0.88452    2.97025    4.26485    2.00000
 179.97276    0.00966   22.80971   22.49655    0.02889    0.01595   10.84570   -3.89780   -4.06159   -5.26407    2.00000
 180.01395    0.00651   23.45314   23.05635    0.01538    0.00849    6.63182   -3.19665    3.67181    2.07573    2.00000
 179.96001    0.07019   20.74537   20.32472    0.08078    0.04458   66.64814   -5.48318   -0.44798   -5.83868    2.00000
 180.00829   -0.02047   21.18794   20.94927    0.02208    0.01219   40.77786   -2.93544   -1.58833   -5.07700    2.00000
 180.01357   -0.01059   22.53331   22.24841    0.01721    0.00950   13.80043   -3.07839   -0.96879   -3.56223    2.00000
 179.96324   -0.02265   20.66826   20.23041    0.04317    0.02383   71.50835    0.09196    1.39532    1.64035    2.00000
 179.96745    0.01462   20.42704   19.96178    0.03568    0.01969   85.99565   -4.38937    0.23247   -4.30400    2.00000
 180.13069   -0.30028   23.84138   23.38025    0.32749    0.18075    5.00111   -4.25684    1.09718   -4.36025    2.00000
 179.96526    0.04169   18.03096   17.86105    0.05427    0.02995  309.51102   -1.39882    2.14443    0.73650    2.00000
 179.88416   -0.16647   22.86370   22.54471    0.20282    0.11194   10.45681   -8.75833    2.36577   -3.00394    2.00000
 180.02068   -0.01161   21.92698   21.68891    0.02370    0.01308   22.33690    1.58628   -2.17450    0.09740    2.00000
 179.90280    0.02288   22.12135   21.87055    0.09985    0.05511   19.07982   -0.39683   -0.38979   -0.74548    2.00000
 179.78606    0.10804   22.46769   22.18861    0.23969    0.13229   14.51250    1.49452    1.47830    2.98493    2.00000
 179.95831   -0.02623   20.86646   20.49994    0.04926    0.02719   57.61821    0.66612    0.26621    1.33118    2.00000
 180.09747    0.07569   22.90543   22.58191    0.12341    0.06811   10.16750   -0.36372   -0.34951    0.21279    2.00000
 179.94327   -0.07918   23.41798   23.02659    0.09741    0.05376    6.78163    0.00678   -2.51972   -7.39617    2.00000
 179.93529   -0.00901   23.22785   22.86446    0.06534    0.03606    7.96976   -0.69862    0.95280   -0.92862    2.00000
 180.00639   -0.04281   22.23329   21.97317    0.04329    0.02389   17.23957    2.04406    1.10329    2.80193    2.00000
 180.07471    0.04440   23.38259   22.99661    0.08690    0.04796    6.94184   -2.26544    1.07132   -6.58366    2.00000
 180.02235    0.01086   22.41092   22.13666    0.02485    0.01371   15.13113    0.58160    0.29651    0.48922    2.00000
 179.99374    0.03169   22.73238   22.42741    0.03230    0.01783   11.66895    4.12030    3.01152    9.04675    2.00000
 179.87843   -0.14521   21.66098   21.43630    0.18938    0.10453   27.40015    2.87240   -1.28837    1.01195    2.00000
 180.03082    0.02189   23.32816   22.95050    0.03781    0.02087    7.30053   -2.94001   -2.03956   -3.66714    2.00000
 180.01146   -0.08088   22.81720   22.50324    0.08169    0.04509   10.77940   -2.64759    0.02561   -4.77082    2.00000
 180.06525   -0.05042   21.97903   21.73738    0.08245    0.04551   21.46786    0.23111   -3.17733   -2.67277    2.00000
 180.11624   -0.08399   23.45854   23.06092    0.14341    0.07915    6.60879    1.00526    0.30080    7.21802    2.00000
 180.06207    0.07620   23.17665   22.82001    0.09828    0.05424    8.31552   -2.43790    0.59724   -5.04966    2.00000
 179.89723    0.00780   22.65322   22.35646    0.10306    0.05688   12.51383    0.27825    0.00615    0.70443    2.00000
 180.15099    0.07502   22.96020   22.63073    0.16860    0.09305    9.78778   -0.05525    2.00909    4.16608    2.00000
 179.95113   -0.03190   21.68744   21.46181    0.05837    0.03221   26.72900    1.35512    0.98231    1.62485    2.00000
 179.87526    0.19456   22.53565   22.25055    0.23111    0.12756   13.77500   -3.57280   -0.21122   -3.64695    2.00000
 179.85612   -0.03401   23.53422   23.12495    0.14785    0.08160    6.28641  -10.71235   -0.60116   -9.86204    2.00000
 180.02345    0.00364   23.62060   23.19744    0.02374    0.01310    5.92145   -0.86085    2.43547    4.43096    2.00000
 179.90807    0.05976   21.08875   20.83050    0.10966    0.06052   45.22905   -3.64114    1.11130   -2.35018    2.00000
 180.00191   -0.02465   22.89761   22.57493    0.02472    0.01364   10.22175   -2.61206   -1.33027   -2.17701    2.00000
 179.97166    0.06129   22.24100   21.98026    0.06752    0.03727   17.11248    7.28187    2.22964    9.50879    2.00000
 179.83133   -0.19009   22.91065   22.58656    0.25413    0.14026   10.13134   -8.37977    0.97436   -7.03877    2.00000
 179.98103   -0.05920   22.28213   22.01806    0.06216    0.03431   16.54342    5.73989    1.15251    5.92703    2.00000
 179.98944   -0.10483   23.20835   22.84753    0.10536    0.05815    8.10148   -0.53263    0.65409    3.36883    2.00000
 179.95088    0.05212   23.55854   23.14554    0.07162    0.03953    6.18278    0.95432    1.88491   -6.11456    2.00000
 180.00229    0.00535   22.77728   22.46756    0.00582    0.00321   11.19093   -4.12210   -0.79483   -6.98415    2.00000
 179.94505   -0.02490   22.22301   21.96372    0.06033    0.03330   17.40903   -5.84248    2.13704   -4.15652    2.00000
 180.06027   -0.03851   22.24614   21.98498    0.07152    0.03947   17.02775    3.34386   -4.73971   -1.86960    2.00000
 180.12332    0.03530   23.67564   23.24323    0.12828    0.07080    5.69092   -3.20679   -3.98723  -10.66028    2.00000
 179.99199   -0.04127   23.18884   22.83059    0.04204    0.02321    8.23320    6.60329   -0.39675   12.00638    2.00000
 179.99054    0.00847   23.67377   23.24168    0.01270    0.00701    5.69872   -3.17627   -0.56733   -1.08388    2.00000
 179.31056    0.91815   23.77232   23.32325    1.14816    0.63378    5.28809   -4.84738   -0.60633   -8.51757    2.00000
 180.03169   -0.11521   22.97918   22.64744    0.11949    0.06595    9.65780    0.30690    1.95421    1.20753    2.00000
 179.91302   -0.09946   21.23739   21.00559    0.13212    0.07292   38.72973    3.11465    3.35059    7.29172    2.00000
 179.97577   -0.01543   23.35810   22.97586    0.02873    0.01586    7.10325    3.00876    3.06014    6.29505    2.00000
 179.89220   -0.03327   23.78422   23.33307    0.11282    0.06227    5.23861    5.47280   -1.91914    2.37330    2.00000
 179.88834    0.01680   23.24004   22.87504    0.11293    0.06233    7.88743    0.87692    1.34506    4.37064    2.00000
 179.97093    0.04190   23.14984   22.79673    0.05100    0.02815    8.49659   -1.11292    0.96599    1.33316    2.00000
 179.90376    0.10782   22.15643   21.90260    0.14452    0.07977   18.50502   -4.22457    2.34401   -0.76978    2.00000
 180.10110    0.00690   23.66815   23.23703    0.10134    0.05593    5.72213    0.77513   -0.48085    2.64530    2.00000
 180.00635   -0.00178   22.22301   21.96372    0.00660    0.00364   17.40903   -2.22777    0.48308   -1.41597    2.00000
 179.99403   -0.02372   23.81280   23.35666    0.02445    0.01350    5.11986   -1.93843    0.82446   -4.00796    2.00000
 179.98077    0.03287   22.83501   22.51914    0.03809    0.02102   10.65572    0.28626    2.25558    5.68993    2.00000
 179.98676   -0.01675   22.27955   22.01569    0.02136    0.01179   16.57155    2.39077   -0.48216    2.54902    2.00000
 179.99748    0.02060   22.41332   22.13887    0.02075    0.01145   15.10480   -3.49973   -0.89528   -5.47066    2.00000
 179.93336    0.04121   22.51690   22.23346    0.07834    0.04324   13.97845   -2.29093   -3.14019   -6.31138    2.00000
 180.02145   -0.08548   22.53800   22.25268    0.08813    0.04864   13.74957   -1.13962   -1.35392   -2.53740    2.00000
 180.56767    0.37347   21.26684   21.03714    0.67950    0.37505   37.89975    4.56566   -0.21133    4.12685    2.00000
 179.96335    0.04208   20.19909   19.71915    0.05581    0.03080  102.58949    0.63838    0.32373    0.84833    2.00000
 179.97096   -0.03091   21.68744   21.46181    0.04241    0.02341   26.72900   -0.80997   -2.23941   -3.60273    2.00000
 180.05161   -0.00157   22.87413   22.55401    0.05162    0.02849   10.38449   -1.29930    2.38523   -0.48448    2.00000
 180.01328   -0.12224   22.27184   22.00861    0.12296    0.06787   16.65595   -4.28537    0.18380   -2.10041    2.00000
 180.03970    0.01152   21.64039   21.41645    0.04133    0.02281   27.92226   -0.44627   -0.01465   -0.68403    2.00000
 179.93616    0.00705   22.91326   22.58888    0.06424    0.03546   10.11326   -3.08165    0.55438   -2.34762    2.00000
 179.98686    0.04587   23.71119   23.27268    0.04771    0.02633    5.54267    1.16532   -2.07252   -7.37420    2.00000
 179.94916    0.01402   23.10421   22.75686    0.05274    0.02911    8.80672   -3.61717   -3.32361   -8.31331    2.00000
 179.98376   -0.00843   21.94067   21.70166    0.01829    0.01009   22.10842   -5.21191    0.71400   -5.40623    2.00000
 179.93137   -0.15000   22.53565   22.25055    0.16496    0.09104   13.77500    1.71861   -0.38073    3.44668    2.00000
 180.06712    0.05824   23.61900   23.19610    0.08887    0.04905    5.92821   -7.03050   -2.36388   -9.49189    2.00000
 179.98550   -0.04194   22.04755   21.80116    0.04438    0.02449   20.32401   -0.38169    0.29022    1.34445    2.00000
 180.00455    0.01532   23.42341   23.03119    0.01598    0.00882    6.75847   -2.20078    0.51020   -2.47001    2.00000
 179.57043    0.28840   22.96841   22.63799    0.51740    0.28557    9.73130    5.75753    1.39585    8.39341    2.00000
 179.88560   -0.01799   23.14022   22.78832    0.11580    0.06391    8.56195   -3.38892   -0.67584   -1.50774    2.00000
 179.98137   -0.04332   22.03658   21.79096    0.04716    0.02603   20.50702   -7.61588   -1.72482   -9.38853    2.00000
 179.95610    0.06160   23.66254   23.23239    0.07564    0.04175    5.74554   -4.47669    1.48309   -5.66993    2.00000
 179.97942    0.00435   23.19616   22.83694    0.02104    0.01161    8.18380    2.14852   -1.21994   -1.05982    2.00000
 180.02106   -0.00613   18.54498   17.97169    0.02193    0.01210  290.64172   -0.06714   -0.38574   -0.48730    2.00000
 180.09335   -0.00461   21.02429   20.74683    0.09347    0.05159   48.36465    0.45575   -4.32534   -3.85076    2.00000
 180.01572   -0.01297   22.23329   21.97317    0.02038    0.01125   17.23957    3.49497    1.12925    7.41274    2.00000
 179.82857    0.04075   23.56389   23.15006    0.17621    0.09725    6.16001    1.03585    0.69362    4.42525    2.00000
 179.92059    0.00817   22.19730   21.94009    0.07981    0.04405   17.83268    1.46327    0.40635    3.00737    2.00000
 179.94128    0.11872   22.32211   22.05484    0.13245    0.07310   16.10540   -2.07096   -0.72353   -1.87178    2.00000
 179.95747   -0.01001   23.75565   23.30949    0.04368    0.02411    5.35737   -3.27771   -0.09103   -1.20012    2.00000
 179.99715    0.02731   23.17909   22.82212    0.02746    0.01516    8.29905   -1.10215   -4.82575   -8.46408    2.00000
 180.01129    0.01498   23.25955   22.89198    0.01876    0.01035    7.75571    2.13140    0.12574   -2.75327    2.00000
 179.97960   -0.14851   22.85327   22.53541    0.14990    0.08273   10.52914    0.90333    3.88580    6.95472    2.00000
 180.00346   -0.04312   20.88552   20.53260    0.04326    0.02388   56.39340    1.03349   -0.00199    1.08055    2.00000
 180.00745    0.02177   22.19987   21.94246    0.02301    0.01270   17.79032    6.42472    1.46939    7.76488    2.00000
 179.98505   -0.02061   22.91065   22.58656    0.02547    0.01406   10.13134   -5.96073    0.78108   -7.07852    2.00000
 179.98772   -0.05127   23.55314   23.14096    0.05272    0.02910    6.20581   -6.62138    0.19161   -1.70527    2.00000
 179.98566    0.02434   21.41634   21.19370    0.02826    0.01560   33.78166    6.08554   -0.91611    5.07312    2.00000
 180.01991   -0.00311   23.51260   23.10666    0.02015    0.01112    6.37852    0.59819   -3.59037   -7.30920    2.00000
 179.97624   -0.01613   23.02277   22.68567    0.02871    0.01585    9.36039    7.02543   -0.58395    6.54307    2.00000
 179.96246   -0.00295   23.02980   22.69182    0.03764    0.02078    9.31257   -2.28353   -0.10880   -0.14565    2.00000
 179.99500   -0.01016   19.38353   18.86454    0.01133    0.00625  176.62572    6.37575    1.70998    8.10011    2.00000
 180.02467    0.01262   22.06947   21.82158    0.02771    0.01530   19.95797    1.96839   -1.13793   -0.92263    2.00000
 179.90189   -0.11048   22.75982   22.45194    0.14776    0.08155   11.37683    2.34859   -0.70804   -0.37927    2.00000
 179.96227   -0.01088   20.31861   19.84542    0.03927    0.02167   93.95416   -2.23484    0.16416   -1.81117    2.00000
 179.90645    0.00713   23.28190   22.91130    0.09382    0.05178    7.60543    1.57253   -0.16247    3.11516    2.00000
 180.03064    0.02229   23.26686   22.89833    0.03788    0.02091    7.70632   -3.65614    2.21039    1.97231    2.00000
 180.03181   -0.00384   22.77229   22.46309    0.03204    0.01768   11.24404   -4.03283   -1.30996   -5.84628    2.00000
 179.95274   -0.01094   23.55854   23.14554    0.04850    0.02677    6.18278   -4.05610   -1.42647   -2.51930    2.00000
 179.95808   -0.04224   23.53692   23.12724    0.05951    0.03284    6.27489    4.55770   -4.35102    1.41631    2.00000
 179.98186    0.01484   21.61703   21.39400    0.02344    0.01294   28.51287    1.97276   -0.44488    0.53139    2.00000
 180.16798   -0.19189   22.68713   22.38693    0.25503    0.14076   12.15104   -0.03710    0.93072    2.66524    2.00000
 179.96851    0.01590   21.89158   21.65573    0.03527    0.01947   22.93199    3.10228    0.11660    2.58430    2.00000
 180.02934    0.00331   22.10079   21.85134    0.02954    0.01630   19.42432    3.46015    3.36042    6.93004    2.00000
 179.84007   -0.04950   23.55854   23.14554    0.16742    0.09240    6.18278    0.91077   -1.27557    2.50859    2.00000
 179.97450   -0.00735   20.56019   20.10612    0.02653    0.01464   77.91309    0.01026   -0.09348    0.17620    2.00000
 180.01758   -0.05003   23.34449   22.96433    0.05303    0.02927    7.19292    0.36064   -5.02155   -4.36590    2.00000
 179.96577    0.00474   21.25673   21.02637    0.03455    0.01907   38.18313   -0.86278   -2.11277   -3.39484    2.00000
 179.98232   -0.01730   23.06581   22.72329    0.02474    0.01366    9.06781    0.33376    0.48413    3.06421    2.00000
 180.01407    0.05840   23.50179   23.09751    0.06007    0.03315    6.42457  -10.19934   -1.68488   -9.59192    2.00000
 179.91415   -0.08640   21.86164   21.62766    0.12180    0.06722   23.43528    2.52655    0.97612    2.99127    2.00000
 179.99670   -0.01409   23.24492   22.87928    0.01447    0.00799    7.85450    0.01345   -1.48852   -4.43306    2.00000
 180.03374    0.02283   22.99857   22.66445    0.04074    0.02248    9.52549   -0.40242   -0.28374   -1.07256    2.00000
 179.93286    0.03426   23.58044   23.16390    0.07538    0.04160    6.09035    0.86428   -3.03121    3.51522    2.00000
 179.96869   -0.02273   22.90282   22.57958    0.03870    0.02136   10.18559   -2.63958   -4.10991   -8.31214    2.00000
 180.03464   -0.08449   22.11478   21.86454    0.09132    0.05040   19.18760    4.96231    5.74093   10.08907    2.00000
 179.86650   -0.07474   23.48287   23.08150    0.15300    0.08444    6.50517   -1.44700    0.32250   -3.58156    2.00000
 180.04813    0.30959   23.47476   23.07464    0.31331    0.17292    6.53971    0.16532    1.31513    5.54322    2.00000
 179.92964   -0.00645   21.18152   20.94181    0.07066    0.03900   41.05765   -0.62042   -1.12118   -2.19980    2.00000
 179.92497    0.05237   21.51953   21.29912    0.09150    0.05050   31.00867   -3.52857    2.96607   -1.07153    2.00000
 180.08040    0.02778   22.45831   22.18007    0.08507    0.04695   14.61423    1.23997   -2.04346   -0.83567    2.00000
 180.08594    0.04210   23.20103   22.84118    0.09569    0.05282    8.15087    6.88912   -0.34713    5.33018    2.00000
 179.96416   -0.07424   23.55854   23.14554    0.08244    0.04550    6.18278   -5.63223    0.19025   -6.51935    2.00000
 179.97954   -0.10796   23.26686   22.89833    0.10989    0.06065    7.70632   -2.54723    5.74868   -1.13491    2.00000
 180.00633   -0.02503   23.20347   22.84329    0.02582    0.01425    8.13441   -2.44696    5.59331    2.44138    2.00000
 179.97066    0.00757   23.14022   22.78832    0.03031    0.01673    8.56195   -3.69564    2.59925    2.93737    2.00000
 180.00778   -0.13752   23.14262   22.79042    0.13774    0.07602    8.54564    5.86723   -2.09168    0.05336    2.00000
 179.99573   -0.04147   20.93815   20.61951    0.04169    0.02301   53.13608   -0.94400    2.06647    1.21614    2.00000
 180.06548    0.01776   20.91445   20.58084    0.06784    0.03744   54.58528    6.12133   -2.01559    4.40497    2.00000
 179.97324   -0.06308   23.24979   22.88351    0.06853    0.03782    7.82157    3.07918   -3.42082    2.80333    2.00000
 180.00226   -0.09261   23.81042   23.35469    0.09264    0.05113    5.12976   -0.42976   -4.90565   -0.37937    2.00000
 180.03600    0.04233   21.96533   21.72462    0.05556    0.03067   21.69663   -3.34469   -0.06562   -3.79836    2.00000
 180.11218   -0.00255   21.72184   21.49498    0.11222    0.06194   25.85649    2.03269    1.16477    2.83369    2.00000
 179.96780    0.02482   23.14022   22.78832    0.04065    0.02244    8.56195   -1.72407   -2.68526   -2.02990    2.00000
 179.83624    0.04486   21.48676   21.26565    0.16979    0.09371   31.88900    0.18982    3.28863    2.95232    2.00000
 180.06058    0.04699   22.06399   21.81647    0.07666    0.04231   20.04948   -2.50516    3.56532    1.82325    2.00000
 179.98064   -0.02997   18.09854   18.08939    0.03568    0.01969  273.49973    1.35646   -0.60153    0.80081    2.00000
 180.12827   -0.22627   23.72428   23.28353    0.26009    0.14355    5.48805   -2.78105   -1.99764   -0.52057    2.00000
 180.10844   -0.03264   22.36772   22.09686    0.11325    0.06250   15.60510    3.80102   -0.62733    3.09700    2.00000
 180.00002    0.09667   22.75233   22.44525    0.09667    0.05335   11.45650   -5.39946   -0.24313   -3.80001    2.00000
 180.05594    0.21690   23.72428   23.28353    0.22400    0.12363    5.48805   -0.67258    4.16258    0.58655    2.00000
 179.95750   -0.02264   22.40372   22.13003    0.04814    0.02657   15.21013    3.90057    1.67171    4.23837    2.00000
 179.97546    0.04671   23.18640   22.82847    0.05276    0.02912    8.24966   -8.45817   -2.62124   -6.03595    2.00000
 179.95697    0.02888   22.26927   22.00624    0.05182    0.02860   16.68408   -7.03067    2.12592   -4.57472    2.00000
 180.26436    0.00111   22.64279   22.34708    0.26437    0.14591   12.62546    1.87007    1.47588    3.56765    2.00000
 180.02472    0.05250   23.70744   23.26958    0.05803    0.03203    5.55827   -0.64438    1.39782   -3.63105    2.00000
 179.96516    0.12689   22.37492   22.10349    0.13159    0.07263   15.52610   -1.90950    3.81330    3.26935    2.00000
 180.15198   -0.11567   23.05141   22.71070    0.19098    0.10541    9.16571    3.46359    0.03561    6.09317    2.00000
 180.05421    0.00421   22.02014   21.77565    0.05437    0.03001   20.78155    0.58954    2.29434    3.11222    2.00000
 180.00800    0.07899   23.34994   22.96895    0.07940    0.04382    7.15705    1.48215   -4.74769   -0.50522    2.00000
 179.81842    0.36353   22.91326   22.58888    0.40635    0.22428   10.11326   -1.13146   -0.67986   -2.03875    2.00000
 180.11331    0.08955   22.70493   22.40288    0.14442    0.07971   11.96107    4.81868    0.44362    8.45115    2.00000
 179.88029    0.00071   22.79475   22.48317    0.11972    0.06607   11.00504    1.29340    0.38618    2.19186    2.00000
 180.02740   -0.04416   23.42611   23.03348    0.05198    0.02869    6.74695    2.33592   -1.27933    1.38868    2.00000
 180.08627    0.06288   23.33905   22.95972    0.10675    0.05892    7.22879   -4.14637   -0.82248   -3.06641    2.00000
 179.98018   -0.04814   21.26482   21.03499    0.05206    0.02874   37.95643   -1.67332    0.40846   -0.91368    2.00000
 180.17039    0.01751   22.39652   22.12339    0.17129    0.09454   15.28912    0.10345    0.05074   -0.03974    2.00000
 180.00459   -0.02919   22.64018   22.34474    0.02955    0.01631   12.65337   -2.56458   -3.01689   -7.50417    2.00000
 179.97113   -0.10926   23.72428   23.28353    0.11301    0.06237    5.48805   -0.41876    0.71068    2.19393    2.00000
 180.32349   -0.13930   22.16739   21.91262    0.35220    0.19439   18.32539  -12.70128   -0.87243  -13.86484    2.00000
 180.24445    0.26925   21.69273   21.46692    0.36366    0.20072   26.59476   -0.73933    1.17954    0.60674    2.00000
 180.11201    0.06740   23.72241   23.28198    0.13074    0.07216    5.49585   -7.22670   -2.30351   -8.33247    2.00000
 179.98456   -0.03804   23.38532   22.99892    0.04106    0.02266    6.92390    2.84797    1.60261    3.74760    2.00000
 180.02391   -0.04502   23.25955   22.89198    0.05097    0.02813    7.75571   -3.89939   -0.75328   -3.24460    2.00000
 180.04111    0.04653   23.55584   23.14325    0.06208    0.03427    6.19430   -3.54072   -1.69135   -4.10045    2.00000
 179.98709   -0.01110   21.34774   21.12333    0.01702    0.00939   35.63274   -0.20294    2.10417    2.34014    2.00000
 179.97934    0.12670   21.66892   21.44395    0.12838    0.07085   27.19880    1.45633   -4.32437   -1.06466    2.00000
 180.06084   -0.00043   23.22054   22.85811    0.06083    0.03357    8.01915    3.97580    4.89352   11.45000    2.00000
 180.02719   -0.04748   17.36532   16.67935    0.05471    0.03020  561.21655    3.27270    2.09892    5.37925    2.00000
 179.99847    0.08836   22.80473   22.49209    0.08838    0.04878   10.89881    2.77665    2.55350    5.17722    2.00000
 179.96826   -0.02076   21.56641   21.34535    0.03792    0.02093   29.79255    3.65758    1.03647    4.06054    2.00000
 179.99451   -0.09968   22.85848   22.54006    0.09983    0.05510   10.49298    6.17010    3.47414    8.41920    2.00000
 180.02299   -0.10265   22.58541   22.29553    0.10519    0.05806   13.23941   -0.76950    1.40420    1.83915    2.00000
 180.12434    0.01005   22.78976   22.47871    0.12475    0.06885   11.05815   -6.14521    1.68813   -6.91822    2.00000
 179.93929   -0.02062   21.48415   21.26298    0.06411    0.03539   31.95910   -0.81572   -0.40223   -1.30319    2.00000
 180.02367    0.00835   23.53422   23.12495    0.02510    0.01385    6.28641    1.24187    5.83404    8.77203    2.00000
 179.49741   -0.39926   23.79137   23.33897    0.64187    0.35428    5.20893    2.52373    2.42986   -1.72043    2.00000
 180.10014   -0.10574   23.74674   23.30213    0.14564    0.08038    5.39442   -6.27711    1.25346   -5.51217    2.00000
 180.07445    0.04691   21.99822   21.75524    0.08800    0.04857   21.14758    3.42321   -0.08859    3.40515    2.00000
