#RA        DEC       MAG_G     MAG_I     ANGSEP    RPROJ     SNR       VTRUE       VSYS       VMEAS      VSYSERR    
 180.00552   -0.06760   21.23512   21.00313    0.06783    0.03744   38.79436    0.20341   -0.45156   -0.15553    2.00000
 180.06462   -0.04813   23.71493   23.27578    0.08058    0.04447    5.52706    5.40277   -0.70282    5.21794    2.00000
 179.90305    0.05339   23.28462   22.91361    0.11069    0.06109    7.58749   -2.13196    0.71824    2.73651    2.00000
 180.12395    0.11608   23.73551   23.29283    0.16981    0.09372    5.44123   -0.17160   -0.25295   -0.94682    2.00000
 179.96057    0.00063   23.01688   22.68051    0.03943    0.02176    9.40053   -0.84176    0.04216   -2.37272    2.00000
 179.91245    0.01753   18.77008   18.21257    0.08929    0.04928  256.53220    4.65702    2.91766    7.59030    2.00000
 179.99367   -0.00141   20.41320   19.94693    0.00649    0.00358   87.01163   -1.51186    3.39101    1.94337    2.00000
 180.02457   -0.00119   21.90791   21.67104    0.02459    0.01357   22.65746   -3.27493   -1.24390   -5.15488    2.00000
 179.98402    0.00152   22.58019   22.29084    0.01606    0.00886   13.29522   -8.05726   -2.09680   -8.72243    2.00000
 179.98956   -0.00375   22.99534   22.66161    0.01109    0.00612    9.54754    1.49523   -2.80682   -5.02056    2.00000
 180.00748   -0.03353   22.70992   22.40734    0.03436    0.01896   11.90796   -4.66765    1.70774    0.13256    2.00000
 179.99445   -0.03225   22.92369   22.59818    0.03272    0.01806   10.04093   -3.82153   -4.19350   -5.43614    2.00000
 179.80812    0.29196   22.74236   22.43633    0.34937    0.19283   11.56272    2.61908    2.05258    3.23918    2.00000
 180.09102    0.02012   22.23843   21.97789    0.09322    0.05145   17.15484    2.65144    2.59253    5.15063    2.00000
 180.05527    0.23462   23.34994   22.96895    0.24104    0.13304    7.15705   -0.66044   -1.20735    2.21823    2.00000
 180.00746    0.02600   21.97629   21.73482    0.02705    0.01493   21.51361   -4.48966   -1.72820   -5.49819    2.00000
 180.12086    0.13184   21.11115   20.85772    0.17886    0.09872   44.20909    2.43738   -0.09607    2.61958    2.00000
 179.99011   -0.01646   23.76993   23.32128    0.01920    0.01060    5.29799    2.87090   -2.61630   -1.72913    2.00000
 180.18523    0.11168   20.88869   20.53804    0.21630    0.11938   56.18940    5.98677   -0.84537    4.77710    2.00000
 180.11365   -0.03344   23.29822   22.92513    0.11846    0.06538    7.49782    2.94113   -1.19802    0.94548    2.00000
 179.97910   -0.03332   21.39026   21.16705    0.03934    0.02171   34.48264    0.70567    3.73748    3.90683    2.00000
 180.01881    0.04831   23.71867   23.27888    0.05185    0.02862    5.51146  -13.50051    2.10747  -15.21710    2.00000
 179.98007    0.13664   22.24871   21.98734    0.13808    0.07621   16.98538    5.75196    0.96272    7.33030    2.00000
 180.04013   -0.02592   19.85224   19.35460    0.04778    0.02637  130.39201    0.84089   -1.43931   -0.46727    2.00000
 179.97287    0.03505   21.91063   21.67359    0.04433    0.02447   22.61171    1.92248    2.38254    4.57926    2.00000
 180.00648   -0.07796   21.97903   21.73738    0.07823    0.04318   21.46786    0.66998   -1.23358   -0.74761    2.00000
 179.97833    0.01053   23.56759   23.15316    0.02409    0.01329    6.14439    3.70593   -1.97068   -2.00268    2.00000
 180.04610   -0.04531   23.83661   23.37632    0.06463    0.03567    5.02090   -5.51368    0.38069    1.29014    2.00000
 180.03029   -0.05078   18.00497   18.01868    0.05913    0.03263  283.23984   -4.22461   -1.51952   -5.70300    2.00000
 179.98561    0.09549   22.89239   22.57028    0.09657    0.05330   10.25791    1.77993    3.59968    3.72251    2.00000
 179.93500   -0.01798   23.55584   23.14325    0.06745    0.03723    6.19430    0.69701   -2.58534    0.08469    2.00000
 179.97826    0.01996   22.47472   22.19502    0.02951    0.01629   14.43621   -2.18019    0.18662   -1.54901    2.00000
 179.94563    0.04210   21.84259   21.60980    0.06875    0.03795   23.75556    1.84266   -2.93168   -0.40151    2.00000
 180.11044    0.01210   22.68713   22.38693    0.11110    0.06132   12.15104    0.15796   -3.61982   -3.21090    2.00000
 180.04295   -0.05475   22.40612   22.13224    0.06959    0.03841   15.18380    2.07918    2.60833    6.32648    2.00000
 179.94098    0.24988   23.65318   23.22464    0.25676    0.14171    5.78455    7.66042    0.63723   11.13183    2.00000
 179.98083    0.06013   22.30269   22.03696    0.06311    0.03483   16.31837    0.83032    0.26160    1.59349    2.00000
 180.13635    0.31849   23.12102   22.77154    0.34645    0.19122    8.69250    3.89711   -1.68307    3.46794    2.00000
 180.00137    0.04044   21.61703   21.39400    0.04046    0.02233   28.51287   -1.80600   -0.56002   -2.20907    2.00000
 179.98187    0.00971   21.39026   21.16705    0.02056    0.01135   34.48264   -2.41294    1.72556   -0.86198    2.00000
 179.97134   -0.02948   21.20851   20.97316    0.04111    0.02269   39.88256   -1.00278    0.55859   -0.59766    2.00000
 179.93971   -0.02634   23.45584   23.05863    0.06579    0.03631    6.62030    1.16074   -0.29994    2.20315    2.00000
 180.01097    0.03651   23.75088   23.30555    0.03813    0.02104    5.37716    4.59308    1.00537    4.73300    2.00000
 179.98486    0.01937   23.30911   22.93436    0.02458    0.01357    7.42608   -2.84136    2.00721   -0.29695    2.00000
 180.08136    0.11161   21.72977   21.50264    0.13812    0.07623   25.67723   -1.62748    2.76386    0.98301    2.00000
 179.96021   -0.00576   20.87837   20.52035    0.04022    0.02220   56.85238    1.19167   -1.52072   -0.51218    2.00000
 180.00189    0.00786   22.65583   22.35880    0.00808    0.00446   12.48592    0.55537   -0.12771    2.34899    2.00000
 179.92654    0.02801   22.15205   21.89859    0.07861    0.04339   18.57687   -7.31991    0.72617   -8.36770    2.00000
 179.96239    0.05306   22.99642   22.66256    0.06504    0.03590    9.54019   -3.05002    2.18833   -3.10890    2.00000
 180.02795    0.02322   21.99548   21.75269    0.03634    0.02006   21.19333   -0.96231    3.93184    3.14542    2.00000
 179.96317   -0.01785   23.63345   23.20818    0.04093    0.02259    5.86740   -6.95924   -1.87664   -5.59877    2.00000
 179.97395   -0.03601   23.07781   22.73378    0.04444    0.02453    8.98622    0.64469   -0.81239   -1.49799    2.00000
 179.96318   -0.02006   23.27661   22.90680    0.04193    0.02314    7.64046    4.63528    1.06207    0.90816    2.00000
 179.98056    0.04016   22.93934   22.61213    0.04462    0.02463    9.93244    1.91785   -0.86993    4.27297    2.00000
 180.01237   -0.05478   23.32816   22.95050    0.05616    0.03100    7.30053    5.38805    1.94839    4.86762    2.00000
 179.99849    0.01812   23.69809   23.26183    0.01819    0.01004    5.59729    0.00915    0.89961    2.58159    2.00000
 179.98479    0.01865   22.10156   21.85207    0.02407    0.01329   19.41110   -3.34186   -0.24918   -2.62247    2.00000
 179.94330    0.02492   23.17909   22.82212    0.06193    0.03418    8.29905   -1.16583   -0.48826   -2.04955    2.00000
 180.00029   -0.08652   23.39892   23.01045    0.08652    0.04775    6.86289    8.09866   -2.04163    5.47955    2.00000
 179.89047   -0.01072   22.32931   22.06148    0.11005    0.06074   16.02640   -1.12267   -0.16173   -2.51367    2.00000
 179.97180    0.14494   23.80566   23.35076    0.14766    0.08149    5.14955   -0.63328    2.52130   -2.36813    2.00000
 179.98602   -0.05663   22.87674   22.55634    0.05833    0.03219   10.36640   -2.41285    2.33829    2.99477    2.00000
 179.86659   -0.00639   20.93277   20.61073    0.13357    0.07372   53.46544    0.59870   -4.36945   -4.20209    2.00000
 179.99622    0.07017   21.02803   20.75176    0.07028    0.03879   48.17978   -0.85423    0.79604    0.13051    2.00000
 179.93283   -0.01581   22.61410   22.32131    0.06901    0.03809   12.93243   -0.38350   -2.16750   -4.07330    2.00000
 179.96729   -0.11727   22.97056   22.63988    0.12174    0.06719    9.71660    2.38724   -2.76655   -1.36986    2.00000
 179.93477   -0.14507   23.41525   23.02428    0.15906    0.08779    6.79324   -2.42483    1.87957    4.12120    2.00000
 179.99452   -0.04818   23.43422   23.04034    0.04849    0.02676    6.71241   -0.35152   -3.00888   -1.79064    2.00000
 180.04291   -0.04343   23.23760   22.87293    0.06106    0.03370    7.90390   -4.26759   -2.42649   -5.76161    2.00000
 179.88901    0.04794   21.85892   21.62511    0.12091    0.06673   23.48104   -8.63879    0.04985   -8.92268    2.00000
 180.14989   -0.04917   23.15958   22.80519    0.15775    0.08707    8.43077    0.70967    3.04028    1.29766    2.00000
 180.00916   -0.02501   23.83900   23.37828    0.02663    0.01470    5.01101    2.50590    0.13408    9.85425    2.00000
 179.96841    0.04494   21.65039   21.42609    0.05493    0.03032   27.66861   -4.78691    0.32093   -4.30640    2.00000
 180.02304   -0.02383   23.18640   22.82847    0.03314    0.01829    8.24966   -1.77401    0.66723   -2.99814    2.00000
 180.07018   -0.03702   23.06581   22.72329    0.07935    0.04379    9.06781    1.94177   -2.49884    1.13321    2.00000
 179.96771    0.04792   20.90368   20.56327    0.05778    0.03189   55.24401    0.92140   -1.27660   -0.17877    2.00000
 179.94733    0.02800   23.02500   22.68763    0.05965    0.03292    9.34521   -3.57565    2.30870   -0.49447    2.00000
 180.01578   -0.00429   21.43982   21.21768    0.01635    0.00902   33.15077   -2.89915    1.09311   -2.25830    2.00000
 179.98895    0.03953   23.79137   23.33897    0.04104    0.02265    5.20893    1.88649   -1.22127    5.47286    2.00000
 180.08946   -0.35327   23.70744   23.26958    0.36442    0.20114    5.55827   -1.91718   -0.57148   -0.75894    2.00000
 179.76067    0.07920   23.71493   23.27578    0.25210    0.13914    5.52706   -2.76482    0.00592   -3.00017    2.00000
 179.94823    0.00033   22.70743   22.40511    0.05179    0.02858   11.93451    0.64135   -2.60933   -2.88683    2.00000
 180.05031   -0.00952   23.36082   22.97817    0.05120    0.02826    7.08531   -0.24108    0.48782   -2.49836    2.00000
 179.87325   -0.15040   23.03460   22.69602    0.19669    0.10856    9.27994   -1.95169   -2.46220   -7.38005    2.00000
 179.93553   -0.01694   20.29986   19.82561    0.06666    0.03679   95.30881   -4.36260   -3.89176   -8.24624    2.00000
 179.96251   -0.00562   22.48175   22.20143    0.03791    0.02092   14.35991    1.34320    0.66850    3.51908    2.00000
 179.96967    0.04924   23.42881   23.03577    0.05783    0.03192    6.73544   -3.84295    2.40938   -2.73096    2.00000
 180.26225    0.02959   21.88613   21.65063    0.26392    0.14567   23.02350    7.69707   -0.31164    6.76172    2.00000
 180.10878   -0.24444   23.65693   23.22774    0.26755    0.14767    5.76894    2.38018    2.20106    2.89659    2.00000
 179.98537   -0.00409   22.40372   22.13003    0.01519    0.00839   15.21013    0.09170    1.05116   -0.43794    2.00000
 180.02898   -0.04746   23.45044   23.05406    0.05560    0.03069    6.64333    1.25002   -0.59285   -1.02780    2.00000
 180.00822    0.03192   23.48287   23.08150    0.03296    0.01819    6.50517   10.28282   -3.72924    3.06681    2.00000
 180.03900    0.01245   22.24871   21.98734    0.04094    0.02260   16.98538   -6.10037    4.87662   -2.25358    2.00000
 180.06232   -0.06723   23.23517   22.87081    0.09167    0.05060    7.92036   -0.56606   -2.68795   -4.78104    2.00000
 179.99052    0.06152   22.11806   21.86754    0.06225    0.03436   19.13371    0.32695   -4.26382   -3.06588    2.00000
 179.76463    0.00514   23.57883   23.16256    0.23542    0.12994    6.09710    4.31390   -1.14643    7.36919    2.00000
 180.10481    0.01584   21.51242   21.29186    0.10601    0.05851   31.19958   -7.76230    0.17709   -7.86070    2.00000
 179.98360   -0.00571   23.60775   23.18671    0.01738    0.00959    5.97550    2.59494    0.62653   10.12449    2.00000
 180.01118    0.02866   22.50987   22.22705    0.03077    0.01698   14.05474    3.08291   -1.08464    2.44746    2.00000
 179.96007   -0.00029   21.69008   21.46437    0.03993    0.02204   26.66188    3.01363   -3.06101    0.03167    2.00000
 180.04317    0.14055   23.34721   22.96664    0.14704    0.08115    7.17499   -6.18052   -0.57053   -3.45990    2.00000
 180.04243   -0.04067   22.75732   22.44971    0.05877    0.03244   11.40338    0.12671   -3.55826   -3.97633    2.00000
 179.96550   -0.06474   22.18702   21.93064    0.07336    0.04049   18.00214    3.33549    4.51779    6.60957    2.00000
 179.91014    0.00326   22.55682   22.26984    0.08992    0.04963   13.54530   -3.58604   -0.03043   -3.58220    2.00000
 180.03648   -0.02083   21.39808   21.17504    0.04201    0.02318   34.27235    0.21154    1.85872    2.33534    2.00000
 180.07077   -0.01786   22.85327   22.53541    0.07299    0.04029   10.52914    4.00224    1.77580    3.68114    2.00000
 180.18254   -0.05372   23.52071   23.11352    0.19028    0.10502    6.34397   -5.49557   -5.76124  -11.38152    2.00000
 180.04913   -0.01685   21.22469   20.99183    0.05194    0.02867   39.18295    0.54729    2.34085    3.04957    2.00000
 179.99577   -0.04173   22.53097   22.24628    0.04194    0.02315   13.82586    0.18821   -3.21804   -4.74903    2.00000
 180.08430   -0.05151   23.58365   23.16658    0.09880    0.05453    6.07684    4.80903   -2.88614   -2.12015    2.00000
 179.99158   -0.04326   23.41253   23.02198    0.04407    0.02433    6.80485    6.78890    0.36880   10.26306    2.00000
 180.02043    0.05812   23.12342   22.77364    0.06160    0.03400    8.67618    1.21373   -1.95227   -1.37574    2.00000
 179.96851   -0.02415   23.49368   23.09065    0.03969    0.02190    6.45911   -3.37469   -1.15768   -7.78970    2.00000
 180.23102    0.07572   23.66067   23.23084    0.24311    0.13418    5.75334   -1.54888    2.28958    4.24200    2.00000
 179.98143    0.08982   20.83394   20.44734    0.09172    0.05062   60.32892    2.29750    2.80081    5.21185    2.00000
 180.02931   -0.03569   21.25471   21.02421    0.04618    0.02549   38.23980   -3.58727   -1.76448   -5.08277    2.00000
 180.01189   -0.02365   22.45363   22.17580    0.02647    0.01461   14.66509   -1.40155    2.25520   -0.84221    2.00000
 180.03554    0.04587   22.58019   22.29084    0.05803    0.03203   13.29522   -4.43304    0.96048   -1.01619    2.00000
 179.89946   -0.07201   22.43488   22.15871    0.12367    0.06826   14.86854    0.15560    0.80867    3.14430    2.00000
 179.91180    0.20906   21.36939   21.14573    0.22690    0.12523   35.04343   -1.38206   -1.23202   -2.61664    2.00000
 179.97240    0.03985   21.79632   21.56643    0.04847    0.02675   24.53338  -11.57853   -0.79527  -12.30101    2.00000
 180.04272    0.04460   23.74300   23.29903    0.06177    0.03409    5.41002   -1.16955    1.01358   -2.48508    2.00000
 179.91087   -0.00804   22.36051   22.09022    0.08948    0.04939   15.68409   -2.45797    0.05307   -2.28754    2.00000
 180.00304    0.03840   23.36626   22.98278    0.03852    0.02126    7.04944   -6.60365    0.57503  -11.44667    2.00000
 180.08052   -0.06431   21.34571   21.12117    0.10305    0.05688   35.68941    2.84701   -0.40235    1.88813    2.00000
 179.89784   -0.05968   20.43626   19.97169    0.11831    0.06530   85.31832   -0.62716   -1.10166   -1.64860    2.00000
 179.99580   -0.08374   23.53962   23.12953    0.08385    0.04628    6.26338   -1.36649    1.17162    4.56655    2.00000
 179.94527   -0.01233   23.12102   22.77154    0.05610    0.03096    8.69250   -2.10049   -2.07793   -7.58145    2.00000
 179.94804    0.01006   21.31538   21.08885    0.05293    0.02921   36.53954   -2.29569    0.76897   -2.29146    2.00000
 180.08263   -0.11376   23.48017   23.07922    0.14060    0.07760    6.51668   -1.50878    1.63468   -1.69797    2.00000
 180.13528    0.00510   18.16765   17.96542    0.13538    0.07472  291.71005    4.98477   -3.48474    1.47046    2.00000
 180.03271    0.05660   23.68686   23.25253    0.06537    0.03608    5.64410    0.06094   -1.10755   -3.81149    2.00000
 180.07069    0.04526   23.09701   22.75056    0.08394    0.04633    8.85567   -3.37975   -1.44312   -5.68206    2.00000
 179.99438    0.00027   21.89158   21.65573    0.00562    0.00310   22.93199    0.01692    0.08112   -0.21291    2.00000
 180.01505    0.01598   21.50621   21.28551    0.02194    0.01211   31.36662    1.16664    3.02083    4.00906    2.00000
 180.00659   -0.02620   21.55863   21.33786    0.02701    0.01491   29.98942    5.27542   -0.94206    3.99300    2.00000
 179.92493   -0.04808   21.90246   21.66593    0.08915    0.04920   22.74897   -3.00214    0.48364   -3.33697    2.00000
 180.01357    0.04484   22.86370   22.54471    0.04685    0.02586   10.45681   -3.09073    0.77280   -3.38573    2.00000
 179.94539    0.07422   23.45044   23.05406    0.09214    0.05086    6.64333   -3.23374   -1.63444   -2.92780    2.00000
 179.97636   -0.01765   23.72990   23.28818    0.02950    0.01628    5.46464   -3.98999   -0.41046   -0.05968    2.00000
 180.02611    0.04333   23.47746   23.07693    0.05059    0.02792    6.52819    2.22661    1.34150    3.21307    2.00000
 180.24393   -0.11970   18.11702   17.50856    0.27171    0.14996  369.62985    1.52905   -2.47923   -0.92447    2.00000
 179.92393    0.00248   20.89266   20.54485    0.07610    0.04200   55.93441    0.47880    1.31765    1.61957    2.00000
 180.04279   -0.00012   21.03302   20.75834    0.04278    0.02361   47.93329    3.62066    2.47430    5.72543    2.00000
 179.99876   -0.02258   23.04901   22.70860    0.02261    0.01248    9.18203   -0.23451   -0.08331   -2.63046    2.00000
 179.95412   -0.02733   23.05621   22.71490    0.05341    0.02948    9.13308   -2.62702    0.30053   -2.01168    2.00000
 179.97629   -0.04386   23.61578   23.19342    0.04986    0.02752    5.94172    2.44218    1.04025    4.14304    2.00000
 179.99199   -0.07837   22.75732   22.44971    0.07877    0.04348   11.40338    1.04421    5.22188    7.23196    2.00000
 180.05180   -0.06252   22.90804   22.58423    0.08120    0.04481   10.14942   -1.19603    5.08235    5.00771    2.00000
 179.95578   -0.00050   21.78543   21.55622    0.04423    0.02441   24.71640    4.38051   -1.80540    2.79415    2.00000
 180.00764    0.04771   23.34721   22.96664    0.04832    0.02667    7.17499   -0.37779    4.12333    5.55445    2.00000
 179.60855   -0.03517   21.70067   21.47457    0.39302    0.21692   26.39342    3.69385    3.31865    6.14038    2.00000
 180.18976    0.49826   23.63185   23.20684    0.53317    0.29428    5.87416    4.83656   -1.48640   -3.16611    2.00000
 179.94940    0.00585   23.69622   23.26028    0.05094    0.02811    5.60509    1.62793    2.47396   -2.48579    2.00000
 180.03705    0.07533   21.75094   21.52305    0.08395    0.04633   25.31120    0.07774   -0.20845   -0.93641    2.00000
 179.98019   -0.04392   23.49908   23.09523    0.04818    0.02659    6.43608    2.60851    1.02443    9.02277    2.00000
 179.96925    0.03209   22.42772   22.15214    0.04444    0.02453   14.94681    0.99781    0.73563    2.43300    2.00000
 180.05481   -0.00824   21.71919   21.49243    0.05543    0.03059   25.92361    3.91740   -0.21707    3.31310    2.00000
 179.96555    0.00927   22.54972   22.26336    0.03569    0.01970   13.62241   -3.14471   -1.70504   -4.36600    2.00000
 180.04733    0.01798   23.34721   22.96664    0.05063    0.02794    7.17499    1.44124    4.20986    8.65124    2.00000
 180.00104   -0.09305   22.63757   22.34240    0.09306    0.05136   12.68127   -1.90350   -2.65490   -4.31349    2.00000
 179.99959   -0.01495   23.56919   23.15450    0.01495    0.00825    6.13764    1.09174    0.65967    1.59056    2.00000
 180.03362    0.05109   21.55279   21.33225    0.06116    0.03375   30.13707    0.04922    0.55032    0.43008    2.00000
 179.99962   -0.02691   18.09173   18.11186    0.02691    0.01485  270.40414   -3.15333   -0.21652   -3.42462    2.00000
 180.02983    0.06585   23.02980   22.69182    0.07229    0.03990    9.31257   -2.85927   -2.55605   -8.44827    2.00000
 180.07875   -0.08862   23.49098   23.08836    0.11855    0.06543    6.47062    2.48600    1.45824    3.00191    2.00000
 180.00391   -0.02882   23.42070   23.02890    0.02908    0.01605    6.77002   -4.78168   -1.33149   -8.29506    2.00000
 179.94122    0.08410   23.08261   22.73797    0.10261    0.05663    8.95358    2.37784   -2.97050    0.55604    2.00000
 179.99461    0.02884   23.18884   22.83059    0.02934    0.01619    8.23320   -1.30152   -5.30465   -7.44216    2.00000
 180.02739   -0.02390   22.13889   21.88657    0.03635    0.02006   18.79242    3.65803   -0.84123    3.59334    2.00000
 180.23831   -0.01620   21.43982   21.21768    0.23886    0.13183   33.15077   -5.68063   -1.97081   -7.63706    2.00000
 179.99982   -0.00389   22.59323   22.30256    0.00389    0.00215   13.15569    0.15586    2.90239    0.33749    2.00000
 180.00551    0.00091   23.50990   23.10437    0.00558    0.00308    6.39003    2.43388    2.55584   -5.09573    2.00000
 179.97437    0.05104   22.34371   22.07474    0.05711    0.03152   15.86841    0.74902   -0.32311   -0.29371    2.00000
 179.86229    0.07070   21.70331   21.47712    0.15480    0.08544   26.32630    0.91988   -2.20438   -1.49291    2.00000
 180.31210    0.13570   22.18959   21.93301    0.34033    0.18784   17.95978  -10.50653   -0.81255  -11.03151    2.00000
 180.03122   -0.02454   23.34994   22.96895    0.03971    0.02192    7.15705   -7.88362    0.11837   -6.04151    2.00000
 180.02299    0.05999   22.15753   21.90360    0.06424    0.03546   18.48706   -0.63937   -0.87015   -0.77212    2.00000
 179.98190   -0.03334   22.16191   21.90761    0.03794    0.02094   18.41520    1.70908    2.60146    5.26438    2.00000
 180.01659   -0.07281   23.64470   23.21757    0.07468    0.04122    5.82011   -1.03287   -0.82506   -2.17249    2.00000
 179.99146   -0.00114   22.10621   21.85650    0.00862    0.00476   19.33179    2.98204   -1.10160    3.12884    2.00000
 179.98563    0.01233   21.74830   21.52050    0.01894    0.01045   25.35696    2.43201    3.90296    6.38718    2.00000
 180.06561   -0.01475   21.75888   21.53070    0.06726    0.03712   25.17394   -1.45178   -0.39178   -1.42089    2.00000
 180.04448    0.03164   22.19473   21.93773    0.05459    0.03013   17.87505   -0.51837   -3.85467   -3.04187    2.00000
 180.00375    0.02542   21.53463   21.31454    0.02570    0.01418   30.60300    3.85107    2.30711    7.34929    2.00000
 180.07747   -0.05736   22.83762   22.52146    0.09639    0.05320   10.63763   -0.30835   -0.54719    1.87229    2.00000
 180.02702   -0.12890   21.21365   20.97913    0.13170    0.07269   39.65874    1.52985    1.37181    3.74682    2.00000
 179.99768    0.01176   22.52862   22.24414    0.01199    0.00662   13.85129    2.40425    0.77994    4.81743    2.00000
 180.04852    0.02938   22.56193   22.27443    0.05673    0.03131   13.49057   -4.39405    2.74690   -2.16550    2.00000
 179.91359   -0.00646   22.25385   21.99207    0.08665    0.04782   16.90065    0.93985   -2.68792   -0.26088    2.00000
 180.03806    0.02165   21.76946   21.54091    0.04378    0.02416   24.99092    4.41839    1.95326    6.43680    2.00000
 179.96468   -0.00601   23.40981   23.01967    0.03584    0.01978    6.81646    0.95582    2.25209    1.73350    2.00000
 179.98885   -0.00473   18.07946   18.09385    0.01213    0.00669  272.88559    2.17647   -1.23889    0.91390    2.00000
 179.97961    0.03086   23.33361   22.95511    0.03698    0.02041    7.26466    5.66566    2.00905    9.01676    2.00000
 180.06767    0.01759   21.90791   21.67104    0.06992    0.03859   22.65746   -0.14839    0.83343   -0.18424    2.00000
 179.92627    0.01448   23.39348   23.00584    0.07513    0.04147    6.88611   -2.21868    2.82066   -2.22699    2.00000
 179.96831   -0.01231   23.02012   22.68335    0.03400    0.01877    9.37848    3.09181    3.28349    6.39683    2.00000
 179.78241    0.02858   23.01796   22.68146    0.21946    0.12112    9.39318   -1.71344   -1.96537   -7.27812    2.00000
 180.08804    0.14071   22.49347   22.21210    0.16598    0.09161   14.23276    0.76294    1.18541    2.26455    2.00000
 180.00742   -0.00255   18.70272   18.14022    0.00784    0.00433  266.49789    5.01149    4.09517    9.08995    2.00000
 180.07091   -0.05526   22.70244   22.40065    0.08990    0.04962   11.98763   -0.72567   -1.59852   -1.51309    2.00000
 179.99004    0.01575   23.74868   23.30374    0.01863    0.01028    5.38631   -1.72679   -0.61751    0.18325    2.00000
 179.99532    0.06816   23.76993   23.32128    0.06832    0.03771    5.29799   -3.11406    1.04926   -7.43388    2.00000
 180.08025   -0.05622   22.52862   22.24414    0.09798    0.05408   13.85129   -1.42775   -2.19596   -4.62321    2.00000
 179.78481    0.07771   23.74674   23.30213    0.22879    0.12627    5.39442    0.22595   -0.64100   -4.28561    2.00000
 179.94730    0.20115   23.03701   22.69811    0.20794    0.11477    9.26362    0.17101    0.28307   -0.50638    2.00000
 179.98489    0.01912   22.65583   22.35880    0.02436    0.01345   12.48592   -1.22742    3.86737   -0.33933    2.00000
 179.98260    0.02982   21.31942   21.09316    0.03452    0.01905   36.42619   -4.14399    2.10741   -1.81234    2.00000
 179.95758    0.01139   21.35178   21.12763    0.04392    0.02424   35.51938    2.07756    2.96436    5.31628    2.00000
 180.03448    0.14502   23.75565   23.30949    0.14906    0.08227    5.35737    0.22773   -2.75913   -1.89372    2.00000
 180.03297    0.02270   22.79974   22.48763    0.04003    0.02209   10.95192   -3.16494   -0.83837   -2.10708    2.00000
 179.99948    0.03155   21.45286   21.23101    0.03156    0.01742   32.80028   -0.60014   -1.06449   -1.19696    2.00000
 179.96284   -0.08805   22.47472   22.19502    0.09557    0.05275   14.43621    3.60941   -1.15549    3.87113    2.00000
 180.01984    0.01164   22.88196   22.56098    0.02299    0.01269   10.33024   -1.11760    0.00939   -1.05874    2.00000
 180.02727   -0.00346   18.88847   18.33895    0.02748    0.01517  239.12447    3.62978   -0.46908    3.13401    2.00000
 180.08110    0.24660   22.48644   22.20570    0.25960    0.14328   14.30905   -1.14351    2.49470    1.94181    2.00000
 179.94769    0.01531   22.72739   22.42295    0.05450    0.03008   11.72206   -2.29457   -3.22871   -7.40670    2.00000
 180.01439    0.00466   22.37012   22.09907    0.01513    0.00835   15.57877   -3.48787    1.06415   -0.97472    2.00000
 179.86079    0.14671   22.41332   22.13887    0.20224    0.11162   15.10480    8.24692   -0.08616    5.79820    2.00000
 179.98994   -0.04563   22.65322   22.35646    0.04672    0.02579   12.51383   -0.58133    1.26207    2.44028    2.00000
 179.97035    0.00870   23.41253   23.02198    0.03090    0.01705    6.80485   -1.58358    1.94942    2.06278    2.00000
 179.99280   -0.00749   21.95437   21.71441    0.01039    0.00573   21.87965    0.92261   -3.52843   -2.53370    2.00000
 179.99174   -0.16676   17.46665   16.79245    0.16696    0.09215  531.46881    2.49292    2.53277    5.00544    2.00000
 179.99127   -0.00799   23.65318   23.22464    0.01183    0.00653    5.78455    2.53741    1.19519   10.95362    2.00000
 179.88977   -0.10033   20.16960   19.68807    0.14905    0.08227  104.71566   -3.88019   -1.75153   -5.68717    2.00000
 179.98093    0.08322   23.48557   23.08379    0.08538    0.04712    6.49365    0.55132    2.42417    0.27358    2.00000
 179.92537    0.04639   20.48301   20.02235    0.08787    0.04850   82.23034   -4.69051    0.83154   -3.62614    2.00000
 179.99451   -0.01091   21.76682   21.53836    0.01221    0.00674   25.03668   -1.48111   -2.68518   -3.51623    2.00000
 179.99409    0.03137   20.88155   20.52579    0.03192    0.01762   56.64839   -0.33583    1.18821    0.89224    2.00000
 179.89398   -0.06417   21.48676   21.26565    0.12393    0.06840   31.88900    2.82439   -1.07283    1.94660    2.00000
 179.99236    0.02286   23.79851   23.34487    0.02411    0.01331    5.17924    4.75930    0.91271    4.03536    2.00000
 179.94736   -0.01680   22.33411   22.06590    0.05526    0.03050   15.97374   -2.22455    0.95273   -1.77539    2.00000
 180.00195   -0.01947   20.58173   20.13027    0.01957    0.01080   76.66881    3.92654    1.97198    6.10582    2.00000
 180.03000   -0.29976   23.10901   22.76105    0.30126    0.16627    8.77409   -0.00131   -3.13409   -4.03346    2.00000
 180.16040   -0.02411   22.48644   22.20570    0.16220    0.08952   14.30905   -2.02134   -1.34492   -1.68942    2.00000
 179.96059    0.02160   23.11862   22.76944    0.04495    0.02481    8.70881    9.16716    1.66336    8.54474    2.00000
 179.97874    0.04062   23.32272   22.94589    0.04584    0.02530    7.33640   -0.29689   -2.42509   -6.54774    2.00000
 180.00488   -0.00386   23.26442   22.89621    0.00623    0.00344    7.72278    1.97946    2.07069   -0.28086    2.00000
 179.99138   -0.04644   21.59756   21.37529    0.04723    0.02607   29.00506   -4.27725    0.51422   -4.42505    2.00000
 179.92644    0.13470   23.78422   23.33307    0.15348    0.08471    5.23861   -0.35496   -1.77079   -0.85857    2.00000
 180.24706    0.13526   22.93151   22.60515    0.28165    0.15545    9.98668   -0.16692   -0.88238   -0.29519    2.00000
 180.01515   -0.07062   21.51420   21.29367    0.07223    0.03987   31.15185   -3.27869   -0.62489   -3.79012    2.00000
 179.94691   -0.01926   23.00827   22.67295    0.05648    0.03117    9.45934    2.65334    0.02958    1.03352    2.00000
 180.02319   -0.05250   23.81280   23.35666    0.05739    0.03168    5.11986    2.34702    0.02395   -2.15892    2.00000
 179.97086   -0.19009   22.72240   22.41849    0.19231    0.10614   11.77518    4.06966   -3.12309    0.54176    2.00000
 180.00050   -0.05484   22.98672   22.65405    0.05484    0.03027    9.60634   -0.19138    0.89866    1.42497    2.00000
 180.01628   -0.04048   22.33891   22.07032    0.04363    0.02408   15.92108   -3.35750    1.01612   -0.45152    2.00000
 179.87154    0.04501   23.69248   23.25718    0.13611    0.07512    5.62070   -4.00757   -0.00217   -3.60606    2.00000
 180.01654   -0.06052   17.58882   16.92858    0.06274    0.03463  495.66031   -2.27046   -2.38383   -4.62962    2.00000
 180.01385   -0.00369   21.07681   20.81598    0.01434    0.00792   45.77304   -3.48765    2.35167   -0.81787    2.00000
 179.98569    0.01450   23.41798   23.02659    0.02038    0.01125    6.78163    2.20007    0.06384    1.80596    2.00000
 179.98354   -0.01565   23.81518   23.35863    0.02272    0.01254    5.10997   -0.68890   -1.46008   -3.16162    2.00000
 180.04060   -0.00940   20.14233   19.65932    0.04168    0.02300  106.68169    4.49275   -0.07135    4.46405    2.00000
 179.87146    0.02481   23.66067   23.23084    0.13091    0.07225    5.75334   -1.60349    1.78271    0.87914    2.00000
 179.96786    0.00080   22.33411   22.06590    0.03214    0.01774   15.97374   -3.51886   -2.13403   -7.02150    2.00000
 179.98830   -0.00465   22.11697   21.86654    0.01259    0.00695   19.15168   -5.09120   -2.27933   -8.48709    2.00000
 180.00198    0.03410   23.69435   23.25873    0.03416    0.01885    5.61289    1.84938    1.48630    1.09419    2.00000
 179.94733   -0.02398   21.26280   21.03283    0.05787    0.03194   38.01310   -5.66482    4.02843   -1.75135    2.00000
 180.01997    0.02269   23.75088   23.30555    0.03022    0.01668    5.37716   -1.02430   -1.55808   -4.92319    2.00000
 179.91692   -0.13273   23.46395   23.06550    0.15660    0.08643    6.58576   -0.77448    2.92937    1.83851    2.00000
 179.94489    0.21767   23.79851   23.34487    0.22454    0.12393    5.17924   -2.15496   -1.40898   -1.13627    2.00000
 179.94447    0.05776   21.95163   21.71186    0.08012    0.04422   21.92540    2.00312   -3.40019   -0.55674    2.00000
 180.02475    0.01025   22.74236   22.43633    0.02679    0.01478   11.56272   -0.00424   -2.42129   -2.57684    2.00000
 179.97913    0.05790   22.58019   22.29084    0.06155    0.03397   13.29522   -5.85767   -5.04510   -9.60583    2.00000
 180.02998    0.00892   22.44660   22.16939    0.03128    0.01726   14.74138   -4.14486   -2.55744   -8.49461    2.00000
 179.98993   -0.06219   22.83762   22.52146    0.06300    0.03477   10.63763   -0.43883    0.81354    0.45088    2.00000
 179.99998    0.02389   23.38259   22.99661    0.02389    0.01319    6.94184   -4.49459    0.89108   -4.71272    2.00000
 180.04005   -0.00943   23.08501   22.74007    0.04116    0.02272    8.93726    0.65947    1.49781    3.09603    2.00000
 180.89146    0.72001   23.14022   22.78832    1.14590    0.63253    8.56195    1.05916   -1.65690   -1.22522    2.00000
 179.84233   -0.00950   23.82709   23.36845    0.15796    0.08718    5.06049   -1.36027   -2.04679   -0.38259    2.00000
 179.86841   -0.09110   22.91326   22.58888    0.16005    0.08833   10.11326    4.71753    2.65971   10.50565    2.00000
 179.99188    0.01325   22.18959   21.93301    0.01554    0.00858   17.95978   -2.29286   -1.08928   -3.09320    2.00000
 179.98642   -0.01237   22.66626   22.36818    0.01837    0.01014   12.37430    4.80111   -2.61649    0.38959    2.00000
 179.91023    0.11587   23.23517   22.87081    0.14658    0.08090    7.92036   -8.72247    0.78780   -4.67260    2.00000
 179.97153    0.02638   22.80971   22.49655    0.03882    0.02143   10.84570   -3.09552   -2.17162   -6.89510    2.00000
 179.99274   -0.00236   16.54024   15.72010    0.00765    0.00422  887.53455   -0.34158    2.55340    2.20793    2.00000
 179.95799   -0.10187   22.70992   22.40734    0.11019    0.06082   11.90796    2.54375    0.46076    0.06066    2.00000
 180.02304   -0.03818   23.54773   23.13639    0.04459    0.02461    6.22884   -2.29672    1.96235   -4.24781    2.00000
 179.92125    0.13231   21.23104   20.99871    0.15397    0.08498   38.92512   -1.98531   -0.69863   -2.62300    2.00000
 179.95792    0.00632   23.68125   23.24788    0.04256    0.02349    5.66751    1.72607    2.63155    4.98505    2.00000
 180.01927   -0.02822   22.38212   22.11012    0.03417    0.01886   15.44711    2.30511   -2.75965    0.00940    2.00000
 180.01578   -0.11317   23.46395   23.06550    0.11426    0.06306    6.58576   -2.59101    0.21847   -0.30294    2.00000
 180.03021   -0.05881   22.99426   22.66067    0.06612    0.03649    9.55489   -5.78968    2.17888   -3.20063    2.00000
 179.99750    0.04603   22.71242   22.40957    0.04610    0.02545   11.88140    5.56633   -1.30875    6.91518    2.00000
 179.98724    0.08730   23.80089   23.34683    0.08822    0.04869    5.16934   -2.46411   -1.48427   -3.13757    2.00000
 180.14331   -0.85813   23.10181   22.75476    0.87002    0.48022    8.82304   -1.30980   -0.11962   -0.50959    2.00000
 179.97902   -0.04759   19.62333   19.11523    0.05201    0.02871  151.48859    0.87136   -0.41454    0.40930    2.00000
 180.23964   -0.11107   17.03233   16.29938    0.26413    0.14578  674.27344   -0.67904    0.28629   -0.38257    2.00000
 180.03247   -0.01055   23.33088   22.95280    0.03414    0.01884    7.28260    0.56910   -1.85336   -5.51568    2.00000
 180.13693    0.01969   23.42070   23.02890    0.13833    0.07635    6.77002   -0.10710    1.18774    2.46994    2.00000
 179.99667    0.01695   21.93245   21.69400    0.01727    0.00953   22.24568   -4.17413    1.59029   -2.45938    2.00000
 180.00221    0.07229   22.35811   22.08801    0.07232    0.03991   15.71042   -0.29817    2.41289    1.71093    2.00000
 180.06833    0.00332   22.87153   22.55169    0.06841    0.03776   10.40257   -4.23573    0.38089   -2.55467    2.00000
 179.98793    0.02197   22.98349   22.65122    0.02506    0.01383    9.62840    1.11840   -2.20021    3.01504    2.00000
 179.99332    0.06248   23.77232   23.32325    0.06283    0.03468    5.28809   -2.82840    2.48476    3.43536    2.00000
 179.97357    0.01888   20.89107   20.54212    0.03248    0.01793   56.03641   -1.70668   -1.25341   -2.78588    2.00000
 180.00847    0.06749   23.65505   23.22619    0.06802    0.03754    5.77675    0.48036    1.66266    3.00776    2.00000
 180.05618    0.04420   23.83423   23.37435    0.07148    0.03945    5.03080    2.31686   -0.07296   -1.29376    2.00000
 179.95831   -0.18534   22.01740   21.77310    0.18997    0.10485   20.82730   -1.40164    3.32299    2.92832    2.00000
 179.94292   -0.06280   22.86109   22.54239    0.08488    0.04684   10.47490    2.32297    0.68847    4.70252    2.00000
 180.08829   -0.02185   22.11587   21.86554    0.09095    0.05020   19.16964    2.02330    2.41419    5.56897    2.00000
 180.11099   -0.11067   23.51800   23.11123    0.15674    0.08651    6.35549    0.24345    1.83234    7.84665    2.00000
 180.02264   -0.04602   23.64149   23.21489    0.05129    0.02831    5.83362   -1.29812   -2.91937   -2.75947    2.00000
 179.97249   -0.02060   22.76980   22.46086    0.03437    0.01897   11.27060    0.57705    0.35531    1.12064    2.00000
 180.05884    0.13710   22.75233   22.44525    0.14919    0.08234   11.45650    7.75752   -1.88810    7.24465    2.00000
 179.96819   -0.01389   22.23329   21.97317    0.03471    0.01916   17.23957    1.29882    1.34266    2.62498    2.00000
 179.91168   -0.18938   23.27418   22.90468    0.20897    0.11533    7.65693   -4.63811    1.99231   -1.35854    2.00000
 180.00797   -0.02536   22.08452   21.83586    0.02658    0.01467   19.70189   -8.20003    0.74064   -7.76175    2.00000
 180.13969   -0.10923   23.41253   23.02198    0.17733    0.09788    6.80485    2.49445    1.51700   -1.20767    2.00000
 180.01939    0.01780   23.71119   23.27268    0.02632    0.01453    5.54267   -1.14938    0.93781    4.08019    2.00000
 180.07806    0.13929   21.54305   21.32290    0.15967    0.08812   30.38316   -1.14106   -1.63695   -2.59430    2.00000
 179.91362   -0.93186   22.99965   22.66539    0.93586    0.51657    9.51814   -1.27445    0.95116    3.36199    2.00000
 179.97682    0.00620   23.05861   22.71700    0.02400    0.01324    9.11676    4.83612   -0.57435    7.68968    2.00000
 179.98245    0.03072   23.07541   22.73168    0.03537    0.01952    9.00254   -0.93267   -3.32154   -6.46897    2.00000
 179.98660    0.02830   23.79851   23.34487    0.03131    0.01728    5.17924   -4.28874    1.33574   -6.33005    2.00000
 179.94543   -0.09880   21.75888   21.53070    0.11287    0.06229   25.17394   -5.05056   -0.14792   -5.14230    2.00000
 180.21675   -0.21207   23.77470   23.32521    0.30324    0.16737    5.27820   -2.55209    0.38690    0.61990    2.00000
 180.05881   -0.04922   23.33361   22.95511    0.07668    0.04232    7.26466   -3.69692   -2.16076  -10.10507    2.00000
 180.11720   -0.43355   22.23586   21.97553    0.44911    0.24788   17.19721    7.78092    1.69890    9.20213    2.00000
 179.83870   -0.10209   22.63235   22.33771    0.19089    0.10536   12.73709    2.46134   -2.64723   -0.65665    2.00000
 179.99068   -0.13808   22.94456   22.61678    0.13840    0.07638    9.89627   -0.81006    1.64643   -1.33467    2.00000
 179.92432    0.05117   23.01796   22.68146    0.09136    0.05042    9.39318   -3.90415    1.33089   -1.57999    2.00000
 180.04535    0.01193   21.63455   21.41084    0.04689    0.02588   28.06991   -3.82254   -0.02436   -4.35960    2.00000
 180.02243   -0.21824   22.60366   22.31193    0.21939    0.12109   13.04406    1.97227   -1.96730    0.42052    2.00000
 180.00487    0.01739   22.25128   21.98971    0.01806    0.00997   16.94302    1.43398    0.07121    2.64800    2.00000
 180.02805    0.00636   22.54503   22.25909    0.02877    0.01588   13.67327   -1.12748    0.63709   -2.53733    2.00000
 180.04572    0.00473   23.48017   23.07922    0.04596    0.02537    6.51668   -4.40761    2.23351    0.50284    2.00000
 179.95877   -0.01805   23.83185   23.37239    0.04501    0.02484    5.04069    1.37927    2.55014   -2.01977    2.00000
 180.06857    0.07071   23.31728   22.94128    0.09851    0.05437    7.37227   -0.90429   -5.57242   -5.93634    2.00000
 180.03020   -0.00004   22.65844   22.36115    0.03019    0.01666   12.45802    1.14011   -0.55013   -1.02933    2.00000
 179.99641    0.03746   22.39892   22.12560    0.03763    0.02077   15.26279    0.86469    3.50320    8.03098    2.00000
 179.91908    0.01916   23.07301   22.72958    0.08315    0.04589    9.01885    1.90670    1.81363    3.48149    2.00000
 179.97641    0.03714   17.84202   17.20940    0.04400    0.02428  432.56998   -1.27472    1.19222   -0.06969    2.00000
 180.00587   -0.12017   22.02562   21.78075    0.12031    0.06640   20.69004   -1.07690   -3.18695   -4.94531    2.00000
 180.03435    0.03008   21.23603   21.00411    0.04566    0.02520   38.76851   -0.66907    1.09852   -0.15063    2.00000
 179.92172    0.01664   21.18666   20.94778    0.08003    0.04417   40.83382   -2.15891    3.25260    0.85097    2.00000
 179.95979    0.10440   22.95760   22.62840    0.11188    0.06175    9.80587   -0.14054    0.37090    2.74274    2.00000
 180.00339   -0.01192   23.11381   22.76525    0.01239    0.00684    8.74145   -5.35635    0.19277   -5.09724    2.00000
 179.87338    0.01252   23.66254   23.23239    0.12724    0.07022    5.74554    1.87288   -1.18963   -7.57949    2.00000
 180.15816    0.09654   21.75359   21.52560    0.18530    0.10227   25.26545    0.00494    0.86357    1.65906    2.00000
 179.91425    0.01339   23.11862   22.76944    0.08680    0.04791    8.70881    1.02070    0.29159   -1.18193    2.00000
 180.03465   -0.06914   22.31731   22.05042    0.07734    0.04269   16.15806    1.86303    1.91729    3.64718    2.00000
 180.01814    0.02945   22.71491   22.41180    0.03460    0.01910   11.85484    2.03112    0.04556    5.07377    2.00000
 179.93027    0.07841   22.17931   21.92356    0.10494    0.05792   18.12924   -6.34814   -0.08758   -6.58905    2.00000
 180.10608    0.01721   23.49368   23.09065    0.10746    0.05931    6.45911    3.36524   -0.12721    4.56346    2.00000
 180.00990    0.04453   22.31971   22.05263    0.04562    0.02518   16.13173    2.07123    3.41337    2.68120    2.00000
 180.04395    0.02212   23.48557   23.08379    0.04920    0.02715    6.49365    0.50593   -0.92553   -0.78313    2.00000
 179.94856   -0.02985   22.50519   22.22278    0.05947    0.03282   14.10560    2.81492   -0.34662    1.96685    2.00000
 180.01729    0.05741   23.70183   23.26493    0.05995    0.03309    5.58168   -4.23917    3.53674   -4.79112    2.00000
 180.00215   -0.02284   23.43962   23.04491    0.02294    0.01266    6.68938    2.31736    1.82268    3.23175    2.00000
 179.95673    0.01250   23.48827   23.08608    0.04504    0.02486    6.48214    6.10058    3.28234    3.40004    2.00000
 179.90746   -0.05705   23.49368   23.09065    0.10872    0.06000    6.45911   -0.22689   -0.90704   -1.78762    2.00000
 180.01109   -0.02282   21.39287   21.16971    0.02538    0.01401   34.41255    4.08862    2.35088    5.79058    2.00000
 180.00897   -0.12078   23.13782   22.78623    0.12111    0.06684    8.57827    3.25566    1.81913    5.75664    2.00000
 179.94566    0.10962   23.03220   22.69392    0.12234    0.06752    9.29626    2.00513   -3.60734   -1.80537    2.00000
 179.97168   -0.03766   22.83501   22.51914    0.04712    0.02601   10.65572    4.29095    0.55988    3.18640    2.00000
 179.88354    0.17142   21.19308   20.95524    0.20724    0.11438   40.55404    5.36928    1.08375    6.48706    2.00000
 180.04797    0.00785   22.33891   22.07032    0.04861    0.02683   15.92108    2.85334   -1.44991    2.00113    2.00000
 179.92654   -0.03155   23.12822   22.77783    0.07994    0.04412    8.64354   -3.54763   -2.42378   -5.52360    2.00000
 179.92551    0.02283   22.69496   22.39396    0.07791    0.04300   12.06724    4.44830    0.49517    6.65896    2.00000
 180.11330    0.03098   22.34851   22.07917    0.11745    0.06482   15.81575   -0.83468    2.78343    3.00461    2.00000
 179.92867    0.04595   21.79632   21.56643    0.08486    0.04684   24.53338   -0.33688   -2.53659   -2.85117    2.00000
 180.00687   -0.01704   20.90045   20.55799    0.01838    0.01014   55.44163    2.97564    0.94946    4.16615    2.00000
 180.00835   -0.00060   20.62142   20.17563    0.00836    0.00461   74.33123   -1.80232   -1.33732   -3.19513    2.00000
 179.97475    0.02437   22.27441   22.01097    0.03509    0.01937   16.62782   -8.50537    0.17330   -7.84780    2.00000
 179.99336    0.04269   22.01740   21.77310    0.04320    0.02384   20.82730   -3.96452    1.99193   -1.44656    2.00000
 180.02589   -0.00255   21.11862   20.86679    0.02601    0.01436   43.86910   -4.04048    1.27375   -2.56212    2.00000
 180.00575    0.07977   23.50719   23.10209    0.07998    0.04414    6.40154    0.24907    0.43014    2.33602    2.00000
 179.87762    0.01297   22.38212   22.11012    0.12305    0.06791   15.44711   -5.06175   -4.22285  -10.72345    2.00000
 179.97226    0.09971   21.74830   21.52050    0.10349    0.05712   25.35696   -3.24283    0.43260   -3.22488    2.00000
 180.00560    0.00323   22.84023   22.52379    0.00647    0.00357   10.61955    0.57580   -0.14506    0.54659    2.00000
 180.05423    0.07987   23.39348   23.00584    0.09654    0.05328    6.88611   -1.23913   -1.78223   -4.67920    2.00000
 179.95911   -0.07422   23.25467   22.88774    0.08474    0.04677    7.78864    3.19899    0.74516    6.30247    2.00000
 180.01334    0.04509   19.46490   18.94987    0.04702    0.02595  167.18855    6.25525    1.00121    7.33696    2.00000
 180.04271   -0.01919   21.64039   21.41645    0.04683    0.02584   27.92226   -0.80956    1.13076    1.15377    2.00000
 180.02246   -0.10532   21.79088   21.56132    0.10769    0.05944   24.62489   -5.43270   -0.61248   -6.86404    2.00000
 179.98541    0.03265   21.47894   21.25765    0.03575    0.01973   32.09929   -5.75275    3.43452   -1.90144    2.00000
 179.97096   -0.07899   23.05621   22.71490    0.08415    0.04645    9.13308   -6.26816   -1.40823   -6.78106    2.00000
 179.97359    0.00114   23.43152   23.03805    0.02644    0.01460    6.72392    1.55923   -0.48698    5.63854    2.00000
 179.97556    0.01582   23.52341   23.11581    0.02912    0.01607    6.33246    1.37152    3.64289    2.77973    2.00000
 180.02480    0.05936   22.22301   21.96372    0.06433    0.03550   17.40903   -2.87753   -1.13758   -4.27641    2.00000
 180.12968    0.00093   23.41525   23.02428    0.12968    0.07158    6.79324   -0.17294   -0.90578   -3.72507    2.00000
 180.07964   -0.00301   20.29049   19.81571    0.07969    0.04398   95.98613   -1.68760   -0.08457   -1.75640    2.00000
 180.04391   -0.10896   22.85066   22.53309    0.11747    0.06483   10.54722   -1.67601   -3.53297   -5.09534    2.00000
 179.99771   -0.00587   23.75088   23.30555    0.00630    0.00348    5.37716   -1.16357    0.82397   -3.91002    2.00000
 179.96173    0.17538   23.76279   23.31538    0.17950    0.09907    5.32768   -0.11786   -1.73299   -5.30386    2.00000
 180.01105   -0.04661   22.82219   22.50770    0.04790    0.02644   10.74471    1.86110    1.18449    0.13289    2.00000
 180.01331    0.01355   23.12102   22.77154    0.01899    0.01048    8.69250   -4.47017   -3.60149   -3.51512    2.00000
 180.03214    0.00849   23.69435   23.25873    0.03323    0.01834    5.61289   -1.68778    0.09984    0.62564    2.00000
 180.02629   -0.00026   23.31728   22.94128    0.02629    0.01451    7.37227   -5.23000   -3.18675   -9.50521    2.00000
 180.00517    0.02532   22.60366   22.31193    0.02585    0.01427   13.04406    3.27974    1.74499    2.88428    2.00000
 179.80606   -0.35935   21.90246   21.66593    0.40835    0.22538   22.74897    3.20170    0.38499    2.08738    2.00000
 179.85725    0.01745   22.43012   22.15435    0.14380    0.07937   14.92048    3.25646   -2.36840    2.56582    2.00000
 179.96533    0.04409   18.05248   18.02781    0.05608    0.03095  281.98172    2.32643    2.48857    4.86468    2.00000
 180.03127   -0.07764   22.22815   21.96844    0.08370    0.04619   17.32430   -1.34379    0.25621   -0.61334    2.00000
 179.95911    0.00099   22.33891   22.07032    0.04090    0.02258   15.92108   -1.15693   -2.50395   -4.18311    2.00000
 180.00426    0.05370   23.55314   23.14096    0.05387    0.02973    6.20581    6.70821   -1.84018    6.18452    2.00000
 180.12466    0.13915   23.06341   22.72119    0.18683    0.10312    9.08412   -3.02153    0.10751   -0.30538    2.00000
 179.97697   -0.01928   22.24100   21.98026    0.03003    0.01658   17.11248    4.36389   -1.87721    2.85131    2.00000
 179.99612    0.06031   22.86892   22.54936    0.06043    0.03336   10.42065   -5.38813    0.80352   -6.70140    2.00000
 179.85341   -0.02835   23.81756   23.36059    0.14931    0.08240    5.10007   -0.56724   -0.06998   -0.86823    2.00000
 180.03467    0.00527   23.48827   23.08608    0.03507    0.01936    6.48214   -4.29472   -3.59185   -6.65118    2.00000
 179.97498    0.06252   23.83900   23.37828    0.06735    0.03717    5.01101    1.03671   -0.92729   -1.74031    2.00000
 180.14131   -0.02317   23.52071   23.11352    0.14319    0.07903    6.34397   -2.96107   -1.39064   -2.48231    2.00000
 180.23734    0.03052   23.04181   22.70231    0.23928    0.13206    9.23099    1.97351   -1.32464   -2.08200    2.00000
 179.98601   -0.00069   22.73986   22.43410    0.01400    0.00773   11.58928   -4.60197    3.44080   -1.31027    2.00000
 180.04262   -0.04864   22.02836   21.78330    0.06467    0.03569   20.64429    0.55519   -2.05758   -1.25695    2.00000
 179.96483    0.06421   21.39287   21.16971    0.07321    0.04040   34.41255    1.16822   -1.10751    0.78939    2.00000
 180.11163   -0.02465   22.66105   22.36349    0.11433    0.06310   12.43011    3.01480   -4.64955   -2.33090    2.00000
 179.92630    0.07324   22.47238   22.19288    0.10390    0.05734   14.46164   -4.20325    0.71749   -3.36692    2.00000
 179.99739    0.00850   21.14997   20.90489    0.00889    0.00491   42.44115    4.97435    1.99954    6.64933    2.00000
 179.83614    0.08192   22.56715   22.27912    0.18319    0.10111   13.43476   11.24581   -1.62270    8.98900    2.00000
 180.11858   -0.00535   22.18188   21.92592    0.11870    0.06551   18.08687   -0.04063   -0.07092    0.37452    2.00000
 179.99174   -0.06611   19.51057   18.99760    0.06662    0.03677  161.91005   -2.81638   -0.05457   -3.00026    2.00000
 180.01060   -0.01243   21.83714   21.60470    0.01634    0.00902   23.84707   -0.56763   -0.56128   -2.18841    2.00000
 180.26082   -0.20014   21.22007   20.98660    0.32876    0.18145   39.37895   -5.38099    3.03102   -2.71845    2.00000
 180.00711    0.02236   22.41572   22.14108    0.02346    0.01295   15.07847    0.89276   -2.33789   -1.96241    2.00000
 179.98006   -0.05192   21.75359   21.52560    0.05562    0.03070   25.26545   -3.17197    1.16688   -2.40351    2.00000
 180.02991   -0.02090   22.96948   22.63893    0.03649    0.02014    9.72395   -1.88928    1.64946   -0.45678    2.00000
 179.93591    0.03879   23.63024   23.20550    0.07491    0.04134    5.88091   -2.58739    0.15780   -6.39532    2.00000
 180.00853   -0.01038   23.33633   22.95742    0.01343    0.00741    7.24673   -4.22646   -0.49825   -8.22013    2.00000
 179.80846    0.29949   21.99822   21.75524    0.35551    0.19621   21.14758    4.28283    0.72259    5.63827    2.00000
 179.95499   -0.01410   21.20722   20.97167    0.04718    0.02604   39.93852    0.86870    3.12976    4.13924    2.00000
 180.08778    0.02365   23.60454   23.18403    0.09091    0.05018    5.98901    2.76672    1.11930    8.25259    2.00000
 180.04977   -0.01710   23.22298   22.86023    0.05263    0.02905    8.00269   -0.49149    0.09265   -4.59265    2.00000
 180.00398   -0.04528   21.68215   21.45671    0.04546    0.02509   26.86323    3.66756    1.43589    5.30291    2.00000
 179.96947   -0.01963   22.96281   22.63305    0.03630    0.02003    9.76970    3.03727    2.36599    3.26351    2.00000
 179.85374   -0.00415   22.56976   22.28146    0.14631    0.08075   13.40685   -3.87559    0.28313   -3.36317    2.00000
 180.07130    0.05961   22.90022   22.57726    0.09294    0.05130   10.20367   -0.30140   -2.07890   -3.41879    2.00000
 179.98424   -0.20358   22.33651   22.06811    0.20419    0.11269   15.94741   -0.66659    2.54040    3.52427    2.00000
 179.99216    0.00550   23.32816   22.95050    0.00958    0.00529    7.30053    0.39203    0.68827   -0.80731    2.00000
 180.00981   -0.01060   23.62703   23.20281    0.01445    0.00797    5.89443   -0.54758    0.99442    6.71828    2.00000
 180.00270    0.02312   22.31251   22.04600    0.02327    0.01285   16.21072    2.31431   -0.66963    1.43075    2.00000
 179.89590   -0.06534   23.16690   22.81154    0.12290    0.06783    8.38138   -1.24690    5.07529    5.36340    2.00000
 180.01669   -0.09666   23.24248   22.87716    0.09809    0.05414    7.87097    3.55471    1.91921    2.99412    2.00000
 179.97687   -0.01350   19.55105   19.03978    0.02679    0.01478  158.13824   -2.86392   -1.75343   -4.69863    2.00000
 180.01761    0.00948   23.57723   23.16121    0.02000    0.01104    6.10386   -3.09526   -1.65315   -8.42223    2.00000
 180.02742    0.14133   23.54233   23.13182    0.14397    0.07946    6.25187    3.56182    1.26809    8.11343    2.00000
 179.86021    0.15160   17.28911   16.59362    0.20620    0.11381  583.76740    4.12599    1.43819    5.57790    2.00000
 180.01607    0.07543   23.70557   23.26803    0.07713    0.04257    5.56608    7.02125    1.31664    3.59141    2.00000
 180.60178   -0.22993   23.61096   23.18939    0.64420    0.35556    5.96198   -2.80663   -1.68481   -3.30067    2.00000
 179.98383    0.02198   21.67156   21.44651    0.02729    0.01506   27.13169    0.75134    0.78989    0.49899    2.00000
 179.96622   -0.00517   23.18153   22.82424    0.03418    0.01887    8.28259    0.61060    0.22412    1.42730    2.00000
 180.00101    0.01283   23.59651   23.17732    0.01287    0.00711    6.02279   -0.13480    1.21708   -2.06610    2.00000
 180.00470    0.00952   21.01057   20.72875    0.01062    0.00586   49.04222   -2.73400   -0.63339   -3.17223    2.00000
 180.00598   -0.20349   23.83661   23.37632    0.20358    0.11236    5.02090   -1.89279    1.05483   -8.69084    2.00000
 179.98393   -0.04640   23.38532   22.99892    0.04910    0.02710    6.92390   -2.98652   -1.41156   -6.16136    2.00000
 180.08806   -0.02418   23.14502   22.79252    0.09132    0.05040    8.52932    3.64372   -2.68274   -4.88429    2.00000
 180.01773   -0.01561   23.60132   23.18134    0.02363    0.01304    6.00252    2.81024   -3.46995    0.63702    2.00000
 180.03664    0.00745   23.78184   23.33111    0.03738    0.02063    5.24851   -3.92197    0.99759   -3.28331    2.00000
 180.38075    0.80604   23.13782   22.78623    0.89144    0.49205    8.57827   -0.48975   -0.85012    0.86364    2.00000
 180.01715    0.03698   22.24614   21.98498    0.04076    0.02250   17.02775   -1.03977   -1.46867   -3.74662    2.00000
 180.03374   -0.04521   22.91847   22.59353    0.05641    0.03114   10.07709    1.68032    0.60524    0.59976    2.00000
 180.02724   -0.00418   17.94353   17.95593    0.02755    0.01520  293.32901   -0.23175   -1.72868   -1.91182    2.00000
 179.97908   -0.02029   23.14502   22.79252    0.02915    0.01609    8.52932   -0.56573    0.12330   -3.87258    2.00000
 180.04605    0.24467   23.36082   22.97817    0.24897    0.13741    7.08531    1.58565    3.30883    2.32811    2.00000
 179.95474    0.01993   22.62714   22.33302    0.04945    0.02729   12.79290    1.03350   -0.70064    0.77892    2.00000
 180.20874   -0.11790   22.75982   22.45194    0.23974    0.13232   11.37683   -2.30523    3.09907    1.36089    2.00000
 180.31367   -0.16256   22.93934   22.61213    0.35330    0.19500    9.93244   -0.94574   -0.08888   -0.75270    2.00000
 179.90868    0.07424   23.51800   23.11123    0.11769    0.06495    6.35549    1.04540   -1.48820    2.37544    2.00000
 180.00397    0.03797   21.94341   21.70421    0.03818    0.02107   22.06266    1.94927   -1.81462    1.08579    2.00000
 180.03661   -0.00019   22.65844   22.36115    0.03660    0.02020   12.45802   -1.42291    0.19009   -0.79985    2.00000
 180.00928    0.00587   22.59323   22.30256    0.01098    0.00606   13.15569   -6.43038   -2.22186   -8.55736    2.00000
 180.00630   -0.00352   23.01796   22.68146    0.00722    0.00398    9.39318    0.11911    3.74737    1.67830    2.00000
 179.97580    0.06142   23.69809   23.26183    0.06602    0.03644    5.59729    0.07544   -2.58334   -1.58148    2.00000
 179.98618   -0.00287   23.82471   23.36649    0.01412    0.00779    5.07038   -1.37131    1.79496   -6.69122    2.00000
 179.96890   -0.09997   21.97355   21.73227    0.10470    0.05779   21.55937   -0.64220   -0.87865   -1.24211    2.00000
 179.90456    0.24507   21.88613   21.65063    0.26300    0.14515   23.02350    1.48247   -0.04104    1.15453    2.00000
 180.00137   -0.04301   22.27184   22.00861    0.04303    0.02375   16.65595   -1.46932    2.19870    1.19317    2.00000
 180.07271    0.08474   23.66254   23.23239    0.11166    0.06163    5.74554    3.41139    1.84079    1.85238    2.00000
 180.00954   -0.06851   23.26686   22.89833    0.06917    0.03818    7.70632   -0.55429   -0.48057   -1.72308    2.00000
 179.89812    0.08383   23.28734   22.91591    0.13194    0.07282    7.56956   -6.66994   -2.69943   -4.23355    2.00000
 180.00797   -0.03326   23.67189   23.24013    0.03419    0.01887    5.70652    5.71072    3.95805   11.71129    2.00000
 180.07959    0.00718   21.88613   21.65063    0.07992    0.04411   23.02350    4.91684    1.46042    7.00516    2.00000
 179.97787   -0.07061   23.40709   23.01737    0.07399    0.04084    6.82807   -0.57605    0.22949   -1.65817    2.00000
 179.96259    0.03753   23.62060   23.19744    0.05300    0.02925    5.92145    1.53008   -0.05558    3.35469    2.00000
 179.99348   -0.06507   21.29920   21.07161    0.06539    0.03609   36.99295    1.51339   -0.65377    1.43386    2.00000
 179.97581    0.01749   22.18959   21.93301    0.02984    0.01647   17.95978   -1.06353    0.54709   -0.11821    2.00000
 180.10201    0.06832   21.26280   21.03283    0.12277    0.06776   38.01310   -0.30310   -2.95396   -2.80721    2.00000
 180.06657    0.01479   22.60888   22.31662    0.06820    0.03764   12.98825    2.12918   -3.74263   -3.38550    2.00000
 179.87367   -0.00527   23.76517   23.31735    0.12642    0.06978    5.31778   -9.52711   -2.03764  -10.30104    2.00000
 180.01492    0.04022   23.23517   22.87081    0.04289    0.02367    7.92036    4.89415    1.02429    8.08676    2.00000
 179.96008    0.03051   21.58199   21.36032    0.05024    0.02773   29.39880    3.85424    0.47083    4.04231    2.00000
 179.98904   -0.00653   23.65131   23.22309    0.01275    0.00704    5.79235    1.88404   -1.23248   -2.46204    2.00000
 180.04050    0.02485   22.83762   22.52146    0.04751    0.02622   10.63763    0.75774    0.51883    1.91644    2.00000
 180.01523    0.51836   21.41634   21.19370    0.51859    0.28623   33.78166   -5.28734    0.98531   -4.27439    2.00000
 179.98438    0.01418   22.40132   22.12781    0.02110    0.01165   15.23646   -0.38316   -4.36213   -4.27432    2.00000
 179.98183   -0.02806   20.95538   20.64755    0.03343    0.01845   52.08529    2.71584   -0.30022    2.13322    2.00000
 180.07741   -0.00159   23.23273   22.86869    0.07743    0.04274    7.93683    4.34376   -2.16114    2.46436    2.00000
 180.00436    0.06935   23.39348   23.00584    0.06949    0.03835    6.88611    3.64600    2.29585    4.67249    2.00000
 180.12009   -0.11903   23.81518   23.35863    0.16908    0.09332    5.10997    4.38877    0.55795    8.27762    2.00000
 180.08279   -0.03324   23.32272   22.94589    0.08921    0.04924    7.33640   -2.70608    2.40308   -1.31065    2.00000
 180.04095   -0.05161   23.68873   23.25408    0.06589    0.03637    5.63630    0.43711   -2.23434   -1.93254    2.00000
 180.02765    0.01139   22.88717   22.56563    0.02991    0.01651   10.29408    9.90263    2.02218   13.91231    2.00000
 180.05769   -0.02599   22.64018   22.34474    0.06328    0.03492   12.65337   -3.24762    1.35826   -1.03424    2.00000
 180.08411   -0.07573   23.33088   22.95280    0.11318    0.06247    7.28260    6.82174    0.59073    7.52673    2.00000
 179.70065    0.36805   23.21322   22.85176    0.47441    0.26184    8.06855   -3.23220    1.33831   -4.06697    2.00000
 180.03120   -0.03776   23.34449   22.96433    0.04898    0.02703    7.19292    0.57243    0.41214   -2.96561    2.00000
 179.99416    0.01914   23.18884   22.83059    0.02001    0.01105    8.23320   -2.18119    2.85746   -1.08234    2.00000
 180.04787    0.00094   22.47472   22.19502    0.04787    0.02642   14.43621    2.89251   -3.72299    0.15936    2.00000
 179.98775   -0.02397   21.67156   21.44651    0.02691    0.01485   27.13169   -0.04095   -0.89167   -0.59741    2.00000
 180.06015    0.01952   23.74300   23.29903    0.06324    0.03490    5.41002    6.59701    4.80694    6.95225    2.00000
 180.00684    0.02654   23.13302   22.78203    0.02741    0.01513    8.61091    3.70206    0.26629   -0.96237    2.00000
 179.94853   -0.05005   22.87674   22.55634    0.07180    0.03963   10.36640   -5.63045    1.54703   -6.72587    2.00000
 179.97913    0.08576   23.83661   23.37632    0.08826    0.04871    5.02090    4.08550    1.65995    7.94023    2.00000
 179.92226   -0.03445   21.60340   21.38090    0.08503    0.04693   28.85740    1.31679    0.93702    2.64949    2.00000
 180.02151   -0.00716   23.29006   22.91822    0.02268    0.01252    7.55162   -0.85725    1.44142    1.91984    2.00000
 179.90341   -0.03379   21.30527   21.07808    0.10233    0.05648   36.82292    0.83168   -1.49064   -0.25847    2.00000
 179.93143   -0.01631   22.65583   22.35880    0.07049    0.03891   12.48592    7.05042    2.83171   11.97234    2.00000
 179.96056   -0.11440   22.41572   22.14108    0.12101    0.06679   15.07847    5.63048    1.24689    6.08579    2.00000
 179.96088    0.09165   22.19987   21.94246    0.09965    0.05500   17.79032    3.46231    0.38483    4.35566    2.00000
 179.99876    0.00112   22.61410   22.32131    0.00166    0.00092   12.93243    2.07880   -1.08380    1.15236    2.00000
 180.01176    0.05852   23.78422   23.33307    0.05969    0.03294    5.23861    1.14643   -1.47517    3.77988    2.00000
 180.01212   -0.01663   22.97702   22.64555    0.02057    0.01135    9.67250    3.53790    0.03292    2.12741    2.00000
 180.03288    0.09868   23.63827   23.21221    0.10401    0.05741    5.84713   -1.84075    0.75158    0.22989    2.00000
 179.99319   -0.02338   22.42052   22.14550    0.02435    0.01344   15.02581   -1.54717   -5.69484   -8.89775    2.00000
 179.95795    0.09775   23.43422   23.04034    0.10641    0.05873    6.71241    3.17305    0.71268    1.13444    2.00000
 180.08517   -0.07378   20.75255   20.33407    0.11269    0.06220   66.16601   -2.67878   -0.38952   -2.73337    2.00000
 180.07692    0.16327   22.44660   22.16939    0.18048    0.09961   14.74138    0.20326   -1.08628   -2.08714    2.00000
 179.93451   -0.01038   23.70183   23.26493    0.06631    0.03660    5.58168   -4.87408   -0.76408   -8.52644    2.00000
 179.88069   -0.12646   22.96625   22.63610    0.17386    0.09596    9.74600    1.27471   -0.18068    1.97875    2.00000
 180.02518    0.08631   22.07909   21.83070    0.08991    0.04962   19.79442    4.57252   -2.38932    1.14145    2.00000
 179.93245   -0.07561   22.64800   22.35177    0.10139    0.05596   12.56964   -2.04917   -2.47708   -3.66429    2.00000
 180.01031   -0.06042   22.44894   22.17153    0.06130    0.03383   14.71595   -1.08033   -0.76922   -0.89473    2.00000
 179.98425    0.05860   23.61578   23.19342    0.06068    0.03349    5.94172    4.36816   -0.50113   -2.08463    2.00000
 179.99992    0.04433   23.72803   23.28663    0.04433    0.02447    5.47245   -1.03224    1.65218    2.23223    2.00000
 179.97069   -0.05942   22.24871   21.98734    0.06626    0.03657   16.98538    0.42887    1.44605    0.42440    2.00000
 179.87431   -0.06278   22.66887   22.37052    0.14049    0.07754   12.34639    2.87457    2.64730    5.21304    2.00000
 179.96989    0.02229   21.14699   20.90126    0.03747    0.02068   42.57715   -2.00621    1.88211    0.09813    2.00000
 180.04816    0.06447   18.07678   17.65964    0.08047    0.04442  343.86298   -1.36575    1.45391    0.11033    2.00000
 179.99715   -0.01922   21.50532   21.28460    0.01943    0.01072   31.39049    0.41579   -0.52125   -0.39319    2.00000
 180.00999    0.01461   23.70370   23.26648    0.01771    0.00977    5.57388    2.88388    0.21362   -4.76758    2.00000
 180.09689   -0.00583   21.84803   21.61490    0.09706    0.05357   23.66405    2.66297    2.39222    4.29278    2.00000
 179.98296    0.00968   22.32211   22.05484    0.01961    0.01082   16.10540   -3.95761   -0.79004   -2.64057    2.00000
 180.23383   -0.16766   21.14400   20.89763    0.28772    0.15880   42.71314   -1.18301   -2.76190   -3.88537    2.00000
 180.02357   -0.05664   23.40709   23.01737    0.06135    0.03386    6.82807   -0.72987    1.80811   -0.63007    2.00000
 179.99963    0.00302   22.59584   22.30490    0.00304    0.00168   13.12778   -2.48235    0.77220   -2.31881    2.00000
 180.00693   -0.05728   23.68873   23.25408    0.05770    0.03184    5.63630   -0.79745   -2.84185    3.12017    2.00000
 180.06207    0.00031   23.13542   22.78413    0.06208    0.03427    8.59459    0.03303   -0.08614   -3.27562    2.00000
 179.86440    0.01198   21.84531   21.61235    0.13614    0.07514   23.70981   -0.61439   -1.51567   -2.83996    2.00000
 180.01112   -0.00851   22.23329   21.97317    0.01400    0.00773   17.23957    0.19238    1.39807    0.67129    2.00000
 179.96333    0.02831   21.85075   21.61746    0.04632    0.02556   23.61830   -2.53511    3.08247   -1.30383    2.00000
 180.02982    0.01107   23.33633   22.95742    0.03181    0.01756    7.24673   -8.17285    2.39210   -4.82055    2.00000
 179.99635   -0.02814   22.98241   22.65027    0.02837    0.01566    9.63575    0.36486   -0.18932   -2.13125    2.00000
 180.01132   -0.04835   23.33633   22.95742    0.04965    0.02741    7.24673    0.07335    2.31214    5.14417    2.00000
 179.98248    0.05847   23.15715   22.80307    0.06103    0.03368    8.44724    1.57504   -2.54688   -1.30616    2.00000
 180.05974    0.01467   23.22785   22.86446    0.06151    0.03395    7.96976   -2.95314    3.28908    0.13227    2.00000
 180.05046   -0.03189   22.46769   22.18861    0.05969    0.03294   14.51250   -4.58813    2.11166   -3.68154    2.00000
 179.90549   -0.04100   22.98026   22.64838    0.10302    0.05686    9.65045   -0.83897   -2.71231   -3.76738    2.00000
 179.98593   -0.01281   22.87674   22.55634    0.01902    0.01050   10.36640    6.60562   -1.12943    4.40430    2.00000
 179.97084    0.00306   23.02012   22.68335    0.02932    0.01618    9.37848   -9.37335   -3.05499  -13.22087    2.00000
 180.01788   -0.22908   21.92424   21.68635    0.22978    0.12682   22.38294   -4.23084   -0.27556   -5.90258    2.00000
 180.07671   -0.13893   22.66365   22.36583    0.15870    0.08759   12.40220    1.57593    0.37839    2.83695    2.00000
 180.03641   -0.03158   17.91498   17.94610    0.04820    0.02660  295.00629   -5.05827    0.75865   -4.37786    2.00000
 179.99246   -0.03658   22.87935   22.55866    0.03735    0.02062   10.34832   -6.60439   -0.93139   -6.30947    2.00000
 180.09012    0.01137   20.97201   20.67205    0.09084    0.05013   51.16723   -1.17933    2.03791    0.54447    2.00000
 179.97816   -0.07764   22.58019   22.29084    0.08065    0.04451   13.29522    5.03943   -2.32376    2.48994    2.00000
 179.99339   -0.02492   22.35571   22.08580    0.02578    0.01423   15.73676   -2.31966   -0.41740   -4.18440    2.00000
 179.91716   -0.01160   22.61410   22.32131    0.08364    0.04617   12.93243   -5.05664   -0.57636   -5.98265    2.00000
 179.95668    0.12041   23.81042   23.35469    0.12796    0.07062    5.12976    3.33518    2.31455    2.46414    2.00000
 180.00954    0.00814   22.05851   21.81137    0.01254    0.00692   20.14099    2.46429   -6.29024   -4.63878    2.00000
 180.03957    0.01324   21.29516   21.06731    0.04173    0.02303   37.10630    0.89032    3.48222    4.07601    2.00000
 180.08022    0.18739   20.88313   20.52852    0.20384    0.11251   56.54639    6.01925   -0.54201    4.89006    2.00000
 179.98355   -0.09239   18.51414   17.93842    0.09384    0.05179  296.31503   -0.38162   -1.02515   -1.42489    2.00000
 180.00075   -0.06615   21.10219   20.84683    0.06615    0.03651   44.61708   -1.52930    0.53045   -1.08403    2.00000
 180.00249    0.05066   23.83423   23.37435    0.05072    0.02799    5.03080    1.87435    0.29244    9.65702    2.00000
 180.03217   -0.09946   23.23029   22.86658    0.10453    0.05769    7.95329   -4.05976    1.18479   -1.13446    2.00000
 180.10587    0.09083   23.23760   22.87293    0.13949    0.07699    7.90390   -1.67532   -1.23983   -3.02848    2.00000
 179.98869   -0.01627   23.76755   23.31931    0.01981    0.01093    5.30789   -1.75327    2.07707   -0.96103    2.00000
 179.99347    0.00958   21.60340   21.38090    0.01159    0.00640   28.85740   -3.99374   -1.15858   -5.14190    2.00000
 180.01408    0.07504   22.33171   22.06369    0.07635    0.04214   16.00007   -1.20245    1.25431   -0.14359    2.00000
 180.01801   -0.01283   21.06919   20.80603    0.02211    0.01220   46.14623   -1.56334    1.39601   -0.52435    2.00000
 180.02632   -0.05909   22.96493   22.63494    0.06468    0.03570    9.75504    2.80456   -1.01682    2.23039    2.00000
 180.30759    0.21668   23.09941   22.75266    0.37624    0.20766    8.83936    2.78095   -0.52704    4.67542    2.00000
 179.96875   -0.00207   23.50990   23.10437    0.03131    0.01728    6.39003   -2.39759    1.98899   -0.15833    2.00000
 179.95332   -0.00700   21.54695   21.32664    0.04719    0.02605   30.28473   -2.47739   -3.72171   -5.59969    2.00000
 180.04388   -0.05979   22.08452   21.83586    0.07417    0.04094   19.70189    1.13504   -4.05680   -2.87739    2.00000
 180.01266   -0.05901   23.67377   23.24168    0.06036    0.03331    5.69872   -2.94467    2.30864   -4.14920    2.00000
 180.16174    0.09889   23.27918   22.90900    0.18957    0.10463    7.62329    1.26372    2.94982    7.65404    2.00000
 179.93671   -0.06043   23.78422   23.33307    0.08751    0.04830    5.23861   -1.29058    1.09574   -1.35166    2.00000
 179.88187   -0.05872   22.85066   22.53309    0.13193    0.07281   10.54722    5.00963   -3.33283   -1.26504    2.00000
 179.91257    0.01163   23.22785   22.86446    0.08820    0.04868    7.96976   -2.03846    3.15253    0.78233    2.00000
 180.00987   -0.01336   23.03220   22.69392    0.01661    0.00917    9.29626    0.19874   -4.70966   -0.87461    2.00000
 180.12947   -0.01810   22.30771   22.04157    0.13072    0.07215   16.26338   -1.45012   -0.75171   -1.50794    2.00000
 179.99849    0.08472   21.73771   21.51029    0.08474    0.04677   25.53997    7.71017    1.71570    9.33344    2.00000
 179.80614   -0.04344   21.25471   21.02421    0.19868    0.10966   38.23980   -1.75730   -1.54541   -3.72843    2.00000
 179.97392   -0.02397   23.72803   23.28663    0.03542    0.01955    5.47245    1.63459   -2.63879   -2.10364    2.00000
 180.14606   -0.09598   23.75565   23.30949    0.17476    0.09645    5.35737   -5.20506   -2.30846   -2.46241    2.00000
 179.97472    0.01750   22.24100   21.98026    0.03076    0.01698   17.11248    0.49278    1.65009    2.74126    2.00000
 179.97498   -0.94758   21.07169   20.80931    0.94791    0.52322   46.02298   -0.54872    0.96953    0.58058    2.00000
 179.97884   -0.00564   21.98177   21.73993    0.02190    0.01209   21.42210   -1.94578    1.92244   -0.27542    2.00000
 179.90654   -0.09430   21.42938   21.20702    0.13277    0.07328   33.43117    0.14527    1.53788    1.50099    2.00000
 180.06279    0.11794   20.59364   20.14388    0.13362    0.07375   75.96753   -0.20901   -0.23798   -0.34109    2.00000
 180.00887   -0.01598   21.04674   20.77643    0.01828    0.01009   47.25544    3.67690   -0.67292    3.03599    2.00000
 180.00813    0.01753   23.80566   23.35076    0.01933    0.01067    5.14955    2.55655    3.18162    6.43154    2.00000
 179.85609    0.08174   20.89583   20.55029    0.16550    0.09134   55.73042    5.38339    2.71852    7.86750    2.00000
 180.00716   -0.01907   23.33633   22.95742    0.02037    0.01124    7.24673   -2.88671    2.25407   -2.04526    2.00000
 180.10715   -0.07262   22.87153   22.55169    0.12943    0.07144   10.40257    0.71702   -2.26404   -2.54961    2.00000
 179.99149    0.03237   22.05577   21.80882    0.03347    0.01847   20.18674    3.60042   -2.14624    1.85997    2.00000
 180.07846    0.00265   21.90518   21.66849    0.07851    0.04333   22.70322    0.98191   -3.63483   -3.22124    2.00000
 179.96579    0.03452   21.62092   21.39774    0.04860    0.02682   28.41444   -3.06771   -2.35300   -5.78987    2.00000
 179.76611   -0.21139   23.52881   23.12038    0.31525    0.17400    6.30943    2.40969    0.55660   -0.27051    2.00000
 180.14432    0.00910   22.96493   22.63494    0.14460    0.07981    9.75504   -3.17440   -0.92449   -2.15943    2.00000
 179.93729    0.06668   22.44660   22.16939    0.09155    0.05053   14.74138    1.64152   -3.55201   -1.27801    2.00000
 180.05116    0.03941   23.24004   22.87504    0.06458    0.03564    7.88743   -3.88507   -1.37414   -3.01623    2.00000
 179.96677   -0.06371   21.96807   21.72717    0.07185    0.03966   21.65088    4.92066   -0.01906    5.84734    2.00000
 179.98961   -0.02541   21.61119   21.38838    0.02745    0.01515   28.66053   -0.11660    0.98211    1.86553    2.00000
 180.00813   -0.03101   23.75327   23.30752    0.03206    0.01770    5.36726   -3.12709   -0.30806   -7.35940    2.00000
 179.93475    0.02541   22.25385   21.99207    0.07002    0.03865   16.90065   -1.17926    0.76385   -1.08181    2.00000
 180.46898   -0.43626   22.47003   22.19075    0.64051    0.35353   14.48707    1.02589    1.53342    3.97326    2.00000
 180.02988   -0.02025   22.61410   22.32131    0.03608    0.01992   12.93243    1.58628   -1.89709   -0.91762    2.00000
 179.92055    0.11093   23.66628   23.23548    0.13644    0.07531    5.72993    0.02178   -2.89293   -0.42849    2.00000
 180.01161   -0.01208   22.13780   21.88557    0.01675    0.00925   18.81038   -1.72578    0.97945   -1.95256    2.00000
 179.95805    0.01570   21.74300   21.51540    0.04478    0.02472   25.44846   -5.20846   -2.64854   -7.90093    2.00000
 179.98213    0.01473   22.43012   22.15435    0.02316    0.01278   14.92048    4.46957   -1.80437    3.85321    2.00000
 180.01717   -0.01374   18.06327   17.45064    0.02198    0.01213  381.53201   -3.77843   -1.19974   -4.97870    2.00000
 179.98990    0.00702   23.78422   23.33307    0.01230    0.00679    5.23861   -0.68726   -0.15885    3.47474    2.00000
 180.10918    0.01189   21.02928   20.75341    0.10982    0.06061   48.11816    2.64170    0.23222    2.66842    2.00000
 179.96960    0.11531   20.10457   19.61952    0.11925    0.06581  109.40390   -0.14560    5.22568    5.08840    2.00000
 180.05859   -0.02750   22.77728   22.46756    0.06473    0.03573   11.19093    2.77065   -0.00489    3.86006    2.00000
 180.07468    0.01762   23.57241   23.15719    0.07672    0.04234    6.12413    5.14288    0.66196   10.58018    2.00000
 179.93411    0.02864   23.55314   23.14096    0.07184    0.03965    6.20581    1.98747    1.46435    6.35541    2.00000
 179.99435   -0.04010   23.08501   22.74007    0.04050    0.02235    8.93726   -6.62683    1.08595   -6.88380    2.00000
 179.97459    0.01198   23.70183   23.26493    0.02808    0.01550    5.58168    3.56518    2.64500   11.91565    2.00000
 180.00015   -0.00550   21.05921   20.79287    0.00550    0.00304   46.63921   -2.43200    1.72139   -0.38055    2.00000
 180.06351    0.02038   22.58802   22.29787    0.06670    0.03681   13.21150    0.38578    0.54821    1.80204    2.00000
 179.87468    0.20749   22.70743   22.40511    0.24240    0.13379   11.93451    3.96225   -3.38287    0.70371    2.00000
 180.11182    0.06391   21.69802   21.47202    0.12878    0.07108   26.46053   -1.00674   -1.92210   -3.02176    2.00000
 179.95680    0.06334   21.16352   20.92090    0.07667    0.04232   41.84103    2.67396   -0.59252    2.04792    2.00000
 179.95514   -0.01370   21.46851   21.24699    0.04690    0.02589   32.37969   -0.85063    5.40198    4.56173    2.00000
 180.06151   -0.06196   23.37715   22.99200    0.08731    0.04819    6.97770   -0.12543   -0.91605   -1.48196    2.00000
 180.06664   -0.06835   23.62703   23.20281    0.09545    0.05268    5.89443   -3.99296    2.73979   -0.28146    2.00000
 179.93860    0.13334   23.75088   23.30555    0.14679    0.08102    5.37716    5.00684    1.52269    7.05009    2.00000
 180.02824    0.02671   23.09701   22.75056    0.03887    0.02146    8.85567    1.22871    3.06490    3.68456    2.00000
 179.86287    0.17835   23.39620   23.00814    0.22497    0.12417    6.87450   -4.78601    0.11295   -4.20840    2.00000
 179.99358    0.04378   23.71119   23.27268    0.04425    0.02442    5.54267   -1.59605   -0.48545    2.54669    2.00000
 179.97008    0.04217   22.49816   22.21638    0.05171    0.02854   14.18190   -2.14937    0.02288   -0.77286    2.00000
 179.98325    0.00495   22.95238   22.62375    0.01746    0.00964    9.84203   -5.81030   -0.89246   -6.99535    2.00000
 180.03218    0.05998   21.71125   21.48478    0.06807    0.03757   26.12496    6.21423   -1.51264    4.20665    2.00000
 179.91367   -0.00647   22.75732   22.44971    0.08657    0.04778   11.40338   -3.09386   -0.70069   -1.92989    2.00000
 179.98914    0.07264   22.92630   22.60050    0.07345    0.04054   10.02285    2.58131   -1.18969    0.15731    2.00000
 180.05385   -0.06143   22.30771   22.04157    0.08169    0.04509   16.26338    4.96992   -0.17271    4.75429    2.00000
 179.91914   -0.15761   23.56389   23.15006    0.17714    0.09777    6.16001    3.94286   -1.29903    1.70640    2.00000
 180.01436    0.03586   21.00735   20.72410    0.03863    0.02132   49.21655   -1.14377    1.26148    0.21371    2.00000
 180.00015   -0.03938   23.38259   22.99661    0.03938    0.02174    6.94184    0.05609    1.57723    4.22400    2.00000
 179.96567   -0.08102   22.93412   22.60748    0.08800    0.04857    9.96860    3.24037   -2.01817   -3.60346    2.00000
 179.97377    0.01557   21.31336   21.08670    0.03050    0.01684   36.59622   -3.21910    2.06705   -1.41537    2.00000
 180.03368    0.04372   23.20103   22.84118    0.05518    0.03046    8.15087   -3.68444   -0.04685   -4.18507    2.00000
 179.87685    0.10584   23.22298   22.86023    0.16238    0.08962    8.00269    2.61713   -1.36667    2.54169    2.00000
 180.03413   -0.09879   22.77479   22.46533    0.10452    0.05769   11.21749    1.21438   -3.11437   -0.21479    2.00000
 180.13107    0.03116   22.62975   22.33537    0.13473    0.07436   12.76499    4.64606   -1.27814    7.03817    2.00000
 179.98457    0.07323   21.10070   20.84501    0.07484    0.04131   44.68507    0.15008   -1.60452   -1.74198    2.00000
 179.99500   -0.00397   22.85588   22.53774    0.00639    0.00353   10.51106    0.68318    0.43578    0.45158    2.00000
 180.03427    0.01929   23.18397   22.82636    0.03933    0.02171    8.26612   -3.55449   -1.72352   -6.99314    2.00000
 180.04848   -0.03919   20.44319   19.97913    0.06234    0.03441   84.80958    0.44972    1.43975    1.97901    2.00000
 179.97630    0.00886   22.08452   21.83586    0.02529    0.01396   19.70189   -5.15951   -5.75373  -11.14589    2.00000
 179.96263    0.10533   23.56919   23.15450    0.11176    0.06168    6.13764   -2.04506   -2.86638   -8.31841    2.00000
 179.95880   -0.04542   23.57883   23.16256    0.06132    0.03385    6.09710   -3.15101   -0.97549   -0.78210    2.00000
 179.96635    0.00225   22.46535   22.18648    0.03371    0.01861   14.53793    4.82948    0.27286    5.92979    2.00000
 180.04372    0.02781   22.23843   21.97789    0.05181    0.02860   17.15484   -0.21284   -1.83266   -1.11147    2.00000
 179.94617   -0.00157   23.76041   23.31342    0.05385    0.02972    5.33757   -0.03180   -1.18636   -8.01722    2.00000
 179.89389   -0.07615   23.54503   23.13410    0.13061    0.07209    6.24035   -3.74781    2.18512   -5.16249    2.00000
 179.83636   -0.02425   22.46535   22.18648    0.16543    0.09130   14.53793   -4.53662    1.08139   -2.73391    2.00000
 180.00658    0.02362   22.90022   22.57726    0.02452    0.01353   10.20367    3.09661   -0.03379    3.51257    2.00000
 179.94904   -0.05713   22.35331   22.08359    0.07656    0.04225   15.76309    0.90785   -0.58626    1.80169    2.00000
 179.98969    0.09796   23.25223   22.88563    0.09850    0.05436    7.80511    2.74487    1.77305    9.54361    2.00000
 180.03732    0.00891   22.95499   22.62608    0.03838    0.02118    9.82395    5.26804   -0.12205    3.78261    2.00000
 180.29877    0.11063   22.43957   22.16298    0.31859    0.17584   14.81768    6.79906    0.77703    7.95560    2.00000
 179.94496    0.02447   23.69435   23.25873    0.06023    0.03324    5.61289   -1.91025   -0.20412    3.32828    2.00000
 179.91412   -0.07890   22.39172   22.11897    0.11662    0.06437   15.34178    1.83006   -1.00809   -0.11745    2.00000
 179.96564   -0.04791   23.21810   22.85599    0.05896    0.03254    8.03562   -0.53545   -0.63930   -0.20617    2.00000
 180.00938    0.12895   23.67751   23.24478    0.12929    0.07136    5.68312    3.01940   -1.36684   -6.24041    2.00000
 180.00096    0.00372   23.50719   23.10209    0.00384    0.00212    6.40154    2.86463   -0.96402    3.60515    2.00000
 180.03949   -0.02517   23.39620   23.00814    0.04683    0.02584    6.87450    4.38243    0.98402    4.82408    2.00000
 180.01033    0.06243   23.63506   23.20952    0.06328    0.03492    5.86065   -1.47736   -1.15455   -1.44684    2.00000
 179.97682    0.01834   22.67930   22.37990    0.02955    0.01631   12.23476   -4.57393    0.02773   -4.34591    2.00000
 179.99554    0.01764   21.79904   21.56898    0.01819    0.01004   24.48763    1.38887    1.16961    2.82507    2.00000
 179.98328   -0.00088   23.05141   22.71070    0.01674    0.00924    9.16571   -4.89313   -4.99541  -12.03170    2.00000
 179.96455    0.03646   21.15581   20.91194    0.05085    0.02806   42.17677   -2.32654   -2.42587   -5.06640    2.00000
 180.10075    0.00876   23.25955   22.89198    0.10113    0.05582    7.75571    1.10600    1.29935    1.66298    2.00000
